1 22.910027959674 23.153627482088
2 24.607072496008 23.119740789756
3 24.72606853654 15.478260342762
4 26.498216296216 16.239198798624
5 27.522879273163 23.531585745982
6 29.372495505136 25.126919572575
7 29.924380155518 28.571276615248
8 30.716510937065 6.9227991956009
9 31.948555166722 19.155232850307
10 32.30659456108 30.198936663868
11 33.356723168358 24.739842947005
12 37.157868991739 23.765879215839
13 37.362321397026 27.930918237515
14 37.435874985695 20.552816693014
15 38.368726125368 14.035863438758
16 42.425998084342 19.870431801363
17 42.486989893752 25.819072628036
18 44.310042961861 20.014641316664
19 46.918519225251 22.831085775133
20 47.378559576302 20.18217657622
21 49.041353624239 21.531336343125
22 50.171701019587 28.797253093173
23 50.226990483875 15.989687906113
24 57.537853345824 22.988974684043
25 61.282168357901 22.620557853009
26 65.315351246883 58.261116506679
27 91.559000839327 95.399677314336
28 98.558813150316 45.318236821183
29 99.955074895482 48.69794805722
30 120.67585610182 56.451733071579
31 126.72950334864 102.55580422708
32 127.81322339898 233.39698112478
33 144.8197858449 173.73780102473
34 150.46017655613 130.66134418596
35 151.378497426 54.710410020166
36 152.90851798996 190.52115781931
37 154.92808140376 43.549417132889
38 165.80444689688 158.84089889863
39 180.05734455802 185.26706949406
40 181.96126919738 53.415529664773
41 187.36017639792 129.13950315908
42 192.8908493008 89.414003452358
43 196.94682892882 149.17374607773
44 198.14675737685 59.445708764245
45 202.44241273456 45.463067916965
46 205.95220447328 827.78958766477
47 208.79247736725 110.14489009461
48 217.87094055177 39.337426220721
49 233.67834865471 49.022563294971
50 235.98339031727 102.08778090809
51 240.91956672986 143.26956872464
52 243.18774470532 237.16232660147
53 243.81147684251 41.53090790166
54 243.95732661824 51.687173543625
55 245.18764315629 211.19014050711
56 250.66865130281 127.48733524377
57 254.80159209865 212.99621419172
58 255.85407673581 36.135278380037
59 260.9099306133 151.29020164294
60 261.06691313943 73.189633079676
61 263.64726176569 149.82165576475
62 270.15142988701 174.81415319482
63 275.05838704383 131.83113762954
64 277.73575265903 120.70803351826
65 282.1216416465 93.134405657016
66 282.30453838389 91.244303892223
67 283.12703658559 188.38220130515
68 285.48343835951 59.112395800014
69 288.20724172575 170.762115368
70 289.5851521697 118.47779853306
71 289.87548759272 117.4994010491
72 291.98460435616 120.67112962719
73 296.77892681644 63.670862700274
74 296.884970966 46.758381958985
75 304.72792436713 55.859258472133
76 305.05144738417 122.67837899706
77 308.36342761686 129.14292721383
78 313.1530861545 149.36397610278
79 316.14455033325 148.77677822247
80 317.17647099168 133.60421391273
81 317.88814720981 956.43753590394
82 318.30140372506 196.79730668038
83 320.32474505215 163.91204596543
84 321.54567239413 52.677773392766
85 322.91803534855 157.02234283609
86 331.98400334208 208.19746038451
87 333.37486889312 108.73815095191
88 335.61298328057 119.48323933361
89 337.00461832778 734.93105834579
90 337.70621994138 238.79017913819
91 340.55527684965 859.34415498825
92 343.57181231995 55.05354991402
93 347.23266591246 160.2687601062
94 347.36149186135 64.242878034068
95 349.48569562608 1161.0224619001
96 349.59704126453 158.52626906848
97 352.37195510848 505.6167847614
98 353.73852377289 97.920589345005
99 355.41132861906 80.907896176419
100 359.55394509781 51.877260475625
101 361.95053195918 806.11300932134
102 363.86070049021 85.822880046694
103 369.154646072 116.61172694482
104 370.5437153272 123.08669051735
105 373.16123515482 91.663619556827
106 374.9018797344 631.0242290913
107 375.38178362137 128.15760223182
108 375.92753751887 873.48837936786
109 380.6771940364 52.423843418141
110 381.83318310494 118.78714661491
111 382.45678996693 156.46635065662
112 384.48121993159 40.055419901173
113 392.66240665797 677.01700702201
114 398.77146768481 170.06521638061
115 399.54582092659 69.528086225668
116 404.98099881717 844.08934351448
117 408.05736266585 154.64408902951
118 409.16544205138 192.42844263156
119 413.50171320926 793.32623140569
120 416.13865347871 764.1398528547
121 419.88371158955 1087.4164597387
122 421.40322727766 76.976588875027
123 422.84236980875 957.72169765482
124 425.45414296295 118.95017343329
125 425.84712959589 114.982780027
126 428.93727868115 116.07494693885
127 436.73372841388 800.10530979865
128 438.98292640314 114.69466378664
129 454.50342491191 1191.0517326274
130 456.51641076255 149.25620065492
131 472.64411859649 911.77754502128
132 480.16241978691 18.745526672917
133 495.25210896316 919.42644545995
134 502.38372144906 1004.7924950892
135 506.49978393341 1034.7959371217
136 513.00220343023 1244.2646682824
137 518.6805634057 1196.4664403241
138 521.62637166371 914.68464076121
139 522.66936378519 1021.8880429104
140 522.694507696 1071.0841228214
141 524.57997986145 993.15887862237
142 526.19983945928 187.94345845315
143 531.39197841432 76.583091721637
144 533.31497148556 1063.8541554069
145 535.37124078445 1143.4840842326
146 539.61562564986 1174.3453484352
147 546.87554197642 1048.238787013
148 551.90604703785 1260.0349706108
149 552.97269431281 1206.4117893881
150 553.5746657475 946.36910949893
151 568.16875595964 122.58527551004
152 571.43356952904 1702.5167813681
153 572.08292635052 1157.1651574636
154 577.25408588543 909.63711985534
155 578.68682714767 1216.2085802906
156 581.81129567369 1157.0715815198
157 583.04702835724 922.06971136418
158 585.92331816388 1503.3132927534
159 587.77583475245 1057.702019206
160 589.82779411696 1381.8351960543
161 594.07988424751 2048.4461370953
162 599.77519691254 1375.1052466033
163 605.67310356193 2129.1781807183
164 611.01614901177 1458.7913381292
165 613.38204640189 1275.3059987839
166 621.548059047 1683.8268752147
167 622.37526445956 1437.2419767266
168 622.69473724903 951.86949947512
169 626.32530557543 1205.1634169727
170 627.4607555167 1287.5776748116
171 629.78361553532 1312.8725918849
172 632.72712359735 1521.2054352912
173 635.08082375889 1350.3777369953
174 637.43007278622 1067.4853553002
175 641.91945127952 1211.7103137253
176 648.44824239976 1279.8549628682
177 651.81451314925 1098.4577222214
178 653.19662630325 1078.8802509113
179 658.52525153663 1452.8482920808
180 659.0769661682 1486.3723770903
181 663.49025691018 1449.4308938349
182 664.21893738238 1007.1082032355
183 666.97509715498 1367.7144476262
184 668.90414846623 1166.1912165473
185 669.50962787769 1637.4869295201
186 669.52153623717 1346.1675132935
187 670.561397721 1590.50920895
188 679.35255622095 1437.5769873878
189 680.64033287857 1566.5435010074
190 684.22267804835 1628.6528768865
191 688.14646860957 1491.0270026552
192 689.6196605067 1172.6885578864
193 690.77287578912 1514.4055589018
194 691.79706241025 1314.3941876887
195 693.72332831857 1157.8948836449
196 695.64751264476 1384.6844227047
197 699.87324527474 1110.428553339
198 700.13276982431 1399.8465420041
199 700.33175495922 1445.318486336
200 704.83183507517 1207.5001097991
201 705.67690088043 1689.8133669348
202 706.56940917139 1567.4910971875
203 716.25649323455 1437.8864329299
204 716.85048073361 1571.2044551588
205 717.75944493249 1345.7726390974
206 721.17314644201 1285.4057008102
207 724.66909822446 1793.105558341
208 725.34711964956 1466.9525665635
209 726.53763469586 1409.5919214654
210 730.5361420335 1464.1584397971
211 733.55750395963 1357.4182554211
212 733.71389351248 1448.3694065528
213 733.87462764303 1556.8051759815
214 736.15532385238 1305.2134947311
215 737.84967216122 1199.5547419472
216 737.95388121102 1293.4383237518
217 741.39678706036 1338.4770581913
218 744.99840127698 1537.210175959
219 746.56372020597 2002.776865415
220 746.73328107684 1569.2453809582
221 746.9698145844 1629.0164411423
222 748.45610192206 1226.8530602412
223 749.01778335974 1491.2531859226
224 749.27997534672 1823.9527001216
225 752.07433554346 1433.662919004
226 753.38601863587 1566.7518921312
227 753.4445901568 1476.1717783329
228 753.67202735634 1696.8297034844
229 754.29450276956 1574.4527461465
230 755.00394984801 1297.8886335638
231 755.05541188766 1411.4605513573
232 756.17795365904 1486.5952268206
233 756.81830461404 1731.5143721304
234 758.35454807651 1285.6418542737
235 763.02020618457 1608.1621255647
236 763.91508324448 1401.6344603784
237 764.48832735812 1388.1643083297
238 764.98549774021 1332.1371584032
239 766.31630693091 1593.4554570231
240 767.69858919664 1368.2117924005
241 770.16985890578 1429.6640342491
242 771.4146484127 1317.9778670767
243 774.23270763167 1984.5611727631
244 776.02841474681 1490.6839441338
245 776.64357339827 1545.8330765918
246 781.71046632992 1523.9355066381
247 782.09537759784 1237.2808041288
248 783.00171541399 1392.8864623362
249 783.35882583043 1309.2787863003
250 784.63756612397 1481.257673194
251 785.31157998196 1275.306081907
252 790.47499370846 1494.0094542852
253 791.84691485369 1492.0748316724
254 795.23383556745 1382.9670350892
255 796.46732587185 1276.5542976454
256 798.24542670357 1645.2541819952
257 798.84879153876 1609.9104436288
258 804.48980652421 1244.1339139279
259 805.6284912278 1341.7158407448
260 809.08410710375 1503.2145410205
261 809.53946247363 1636.017120491
262 812.63327760462 1447.1173221603
263 812.72128107682 1650.8961226107
264 814.21638343241 1316.4170380792
265 814.47031956967 1462.3645565538
266 818.32411448175 1809.891006651
267 818.33842707268 1480.6777036049
268 823.04035122651 1692.0358285039
269 824.86219682428 1494.561217246
270 828.40201125562 1636.7351998311
271 831.4855528567 1459.0116698175
272 832.30619962403 1534.7718490223
273 833.95714472304 1312.9474840147
274 834.40941130319 1359.6818947713
275 834.42584895838 1523.6759447363
276 838.75933695058 1499.034549353
277 838.82038035514 1256.0055708448
278 840.76814736924 1593.9854621898
279 841.16190313165 1505.5730504601
280 844.90500502662 1499.6374033629
281 845.29745220276 1572.2481096662
282 845.76129675868 1588.1894892454
283 846.44704183894 1903.2868469584
284 846.60877181599 1470.1474008723
285 847.54824473612 1681.6674562892
286 849.7402212576 1556.1758766198
287 849.933905675 1668.8303396002
288 851.02875876268 1464.435610948
289 852.98832237672 1740.5539010213
290 854.47042736932 1801.8828672828
291 859.45563961558 1736.5886395161
292 861.53994379069 1621.0372756333
293 862.15325223213 1589.5521798298
294 862.75834980231 1615.8336809517
295 869.62461857547 1570.9780525686
296 870.53961174891 1744.3803365081
297 870.97700349442 1432.2845649781
298 872.91443302186 1583.7595693603
299 875.22082039291 1518.4211341697
300 875.41520939382 1523.7876897647
301 880.56092143371 1631.7519376306
302 881.86183861466 1921.2657732191
303 882.22875552179 1576.8838087315
304 882.74329455139 1415.0818016019
305 885.12341210921 1946.6328715879
306 886.56279654902 1689.5393127602
307 887.79383271658 1722.8365132382
308 887.88990753605 1526.9818068509
309 890.13251791713 1713.1291205451
310 892.3762060667 1524.2187777266
311 892.716868251 1283.5586232691
312 892.82222606818 1566.9018688323
313 893.69100811793 1655.6844958079
314 893.7016391539 1477.7400126705
315 894.43656328483 1356.6396152845
316 895.75649010172 1863.5778554336
317 896.53949852247 1473.3332176579
318 900.3169540011 1760.5492388027
319 901.12563234013 1911.1640449985
320 901.79230446578 1599.6976286774
321 905.18201960165 1407.5565511283
322 905.53579899235 1755.2409876017
323 912.79509824951 1677.1112329057
324 914.86278660321 2057.1568177616
325 916.13989465145 1386.6060562699
326 918.37858951783 1592.7291269594
327 920.02995170813 1282.0943430668
328 921.24953093783 1689.3413357093
329 921.25618707466 1618.5732940488
330 921.91020481389 1637.4773851815
331 922.4095979035 1611.6580341384
332 924.09160454324 1680.897205112
333 925.22917879513 1554.578302765
334 925.81275372377 1737.6275245269
335 927.6219014292 1767.5679509419
336 930.57385053288 1626.2077905689
337 933.35895043624 1595.69491987
338 934.68622798328 1840.0446556698
339 935.04869100365 1717.5334390249
340 935.48055241423 1761.9253697074
341 938.27922419421 1598.6192630693
342 940.14906741835 1659.2953422713
343 940.19945654912 1667.2353024695
344 943.39158833117 1919.7292733252
345 946.50776166015 1584.6203228271
346 946.61414225882 1607.1368826475
347 948.89052935786 1367.2855958755
348 949.52477060627 1717.0308923581
349 950.37763010669 1557.8621904416
350 952.25361982247 1232.3874750077
351 952.51859980995 1836.6231076782
352 952.875744381 1726.6600249389
353 955.84516025295 1206.7590404215
354 956.12146849295 1908.7202365479
355 956.38312343185 1555.1073396227
356 956.58585251028 1568.299794242
357 958.93625133658 1836.5053694394
358 959.00100390424 1681.2628274209
359 960.20470403094 1589.1246934603
360 960.83101241914 1704.3274339154
361 964.12819461418 1764.810577288
362 964.65792790983 1497.5480437297
363 965.5487753391 1489.0169864681
364 966.4013308019 1625.15599846
365 966.57401088374 1942.6030606885
366 968.56742743811 1543.2058461731
367 969.87120245187 1694.5544968195
368 969.88956748842 1775.923651912
369 970.67038328516 1603.8858766267
370 971.73341982404 1835.3392329645
371 972.71196916811 1666.958151975
372 972.72319922533 1675.1728118805
373 973.13411358483 1763.2922938829
374 981.90106618554 1524.6652906369
375 983.6186861282 1753.1723861791
376 985.94760477861 1874.7276139554
377 986.48203850751 1697.9251777175
378 989.12459818203 1721.8553633557
379 992.89356577168 1569.0380684873
380 993.26156143232 1713.0842792759
381 993.29189712675 1489.4892158692
382 993.5415548539 1782.2347345134
383 994.74102288889 1834.8338487928
384 995.50762865788 1735.2255786169
385 1001.9566152824 1811.8922620662
386 1003.0261880429 1628.7150021965
387 1004.2531341148 1691.5886988944
388 1004.6496490851 1839.3943260296
389 1005.7444728948 1796.4548994454
390 1006.0486824624 1717.8791674065
391 1007.6402366485 1632.2105272744
392 1007.9016277822 1623.0161289542
393 1010.4903867009 1612.5139053707
394 1011.1074869497 1822.8452892629
395 1011.1659061027 1711.083319078
396 1011.5897463438 1826.9146770607
397 1012.1716357393 1674.2528391105
398 1015.1826765717 1741.4908523402
399 1015.2946460277 1657.6606695581
400 1015.5216021263 1810.3763126221
401 1016.0221342254 1815.275392751
402 1016.1245114233 1790.3882289844
403 1018.3923128163 1712.7116223131
404 1018.5891011172 1753.939257067
405 1019.4580766497 1698.6924962706
406 1021.4162473422 1701.1887577665
407 1022.7822074931 1897.472869701
408 1025.4349590189 1744.9214494234
409 1026.2150608571 1766.5991667666
410 1029.7591418714 1704.2549802467
411 1031.0150239962 1811.7995314162
412 1031.546660019 1866.4814425816
413 1035.4267651587 1478.7168729679
414 1037.7545141236 1745.5524174245
415 1037.8017270437 1847.7288530459
416 1039.3207299797 1886.5220592293
417 1040.6507347669 1834.9401622451
418 1041.955826235 1719.6626518395
419 1042.8441897468 1853.1789834183
420 1043.1354830763 1978.2137114313
421 1043.3663807985 1676.2632226659
422 1044.2816362541 1769.2090303833
423 1045.7424748694 1959.7802290526
424 1045.8329771657 1876.5332986009
425 1045.8432441274 1818.6682224564
426 1046.2577520826 2159.2909956202
427 1047.2157390921 1754.3805034022
428 1047.6903449036 1894.5844378466
429 1048.893788921 1591.6694727238
430 1050.1702799922 1852.1208984025
431 1052.9258751454 1794.9412715616
432 1055.7405951468 1812.1232534334
433 1056.5412294692 1807.2777593074
434 1056.9625699649 1902.0161946042
435 1057.3357833799 1884.2079422533
436 1057.5819764047 2080.928445666
437 1058.7244364138 1758.3405589487
438 1060.136430628 1858.3016382858
439 1061.0448129044 1936.8829173575
440 1062.3163801311 1812.0527319754
441 1070.8507501813 1885.9887631147
442 1072.1747621776 1809.0325784203
443 1072.5767445566 2003.9340913318
444 1073.8470733139 1855.3263347843
445 1076.4302270954 1878.3673676988
446 1076.8904625408 1777.2700327235
447 1078.1166036721 1608.9301259624
448 1079.0963530278 1855.6103052985
449 1080.766136164 1782.027993671
450 1081.7361468245 1837.3760872952
451 1081.7646152272 1961.1829693256
452 1084.8293054806 1733.5203384321
453 1085.159599325 1696.7547382293
454 1086.0567388957 1792.1403521449
455 1087.1209913115 1780.3959003325
456 1087.9428227511 1736.4288102631
457 1089.2921317437 1814.425369871
458 1090.4413639821 1815.7409119986
459 1090.5100607526 1710.4493869446
460 1091.6631140512 1811.8552857955
461 1092.0175201725 1715.070464623
462 1092.0954251966 1791.0487029648
463 1093.9358257924 1978.4998909225
464 1094.0878557232 1842.8238811986
465 1094.8717680607 1805.2531701113
466 1094.9044459455 1866.1249881902
467 1094.9424068516 1902.0842369126
468 1095.0779947798 1733.4569416458
469 1095.2130243608 1868.9360576105
470 1095.2265024344 1747.1124879996
471 1096.6510723743 1758.5783824223
472 1096.8026718288 1861.4800095063
473 1097.2908830562 1813.2981699926
474 1097.600828242 1952.206416691
475 1098.6325770866 2060.5825750424
476 1098.6385491241 1729.4656191459
477 1098.9179064366 1730.6594432732
478 1102.6374901249 1832.260885317
479 1103.5486155903 1908.8040000067
480 1105.5999854886 1813.210517358
481 1106.2814083297 1882.9864387533
482 1107.145752168 1805.9511459977
483 1108.9866614841 1839.8128256779
484 1109.0217498929 1825.1174738647
485 1109.7304509498 2075.4233564135
486 1109.8355765919 1793.2335809381
487 1109.9739086895 1783.2981050607
488 1110.0651791531 1838.5282766269
489 1111.7714325048 1842.1434925228
490 1116.63406474 1783.8998238163
491 1116.7737248942 1831.5595306078
492 1117.1244916876 1857.3556818456
493 1119.1883012907 1872.6329693589
494 1119.5795905313 1862.1251263982
495 1119.8749916698 2085.7342381823
496 1121.4974499711 1764.9499645155
497 1121.7067596519 1770.0947092269
498 1123.2802037949 1739.4652278661
499 1125.5716198783 1924.6690110519
500 1125.6732958763 1931.2180951888
501 1127.5612469985 1785.5184112305
502 1128.6342824926 2006.3526144079
503 1129.8849436727 1815.0624998468
504 1130.3227185825 2093.7248927294
505 1132.8424554696 1701.0320071015
506 1132.9215636938 1821.6589263242
507 1134.4069560084 1744.0886317589
508 1138.8624367657 1866.9336033758
509 1139.4337414244 1815.4908501924
510 1141.2491673191 2030.6785134043
511 1142.7199567719 1716.8197538981
512 1143.4542985178 1857.7822547249
513 1143.4692703092 1831.5683546963
514 1144.4618441225 1783.2397239402
515 1145.797278654 1810.4701420559
516 1146.8836142486 2007.6276476332
517 1147.0599887613 1809.6075835316
518 1148.0528112777 2192.7429521279
519 1150.3365885289 1834.6394706921
520 1151.3769560312 2067.8218238517
521 1152.5776437706 1797.267950728
522 1153.5757259853 1968.470242225
523 1156.1373510954 1851.292302956
524 1156.9531009354 2142.8155941184
525 1158.2078859608 1870.6613418338
526 1159.5825844857 1937.9991704675
527 1159.7001099258 1895.8073829891
528 1160.4988050159 2550.5883988432
529 1164.3357519751 1907.9064495475
530 1167.4556760094 1749.5760448807
531 1168.6139865648 2003.9151648119
532 1169.2324928429 2038.4614246925
533 1169.3786302474 1833.8550295336
534 1170.0950933369 1954.0758457064
535 1177.5017471945 1922.96428126
536 1177.5730516367 1825.0334161153
537 1178.7265663591 1564.5412665782
538 1178.8736579351 1711.0164107408
539 1179.3758975674 1921.2430650767
540 1179.8321255805 1998.4362854353
541 1185.0919576084 2132.071259522
542 1186.4424455739 1879.9037688908
543 1186.6249008489 1792.607560356
544 1187.1963957364 1817.4508386497
545 1187.2217016095 1854.522511306
546 1188.1846368252 1880.5368043156
547 1188.5300083298 1867.1618791212
548 1189.7809601591 2004.0712859765
549 1190.1800611963 1857.4144040908
550 1190.8456968656 1952.2971604494
551 1195.6872011902 1869.9300669723
552 1195.8416481427 2273.6233265623
553 1198.3946355103 1905.0204400371
554 1201.3639096606 1811.9435793492
555 1203.7788045003 1868.5725452395
556 1208.965825613 1858.3438439412
557 1210.543423006 1852.9479752082
558 1211.030111747 1910.7920462744
559 1213.3976173556 2290.3612597238
560 1213.7391005777 1937.467480174
561 1214.3019423068 1687.161740804
562 1215.645123816 1635.0914687312
563 1216.8623446402 1944.7016100495
564 1217.3459215748 1773.7545961926
565 1219.551278161 1696.6696050037
566 1220.3081801413 1971.8962176243
567 1221.1554886693 1795.3469945732
568 1222.0252455368 2130.6414362484
569 1222.3662376283 2048.4973897031
570 1222.8339357965 1985.5086465834
571 1224.6944559235 1983.4120382287
572 1225.0896301452 1885.9470919064
573 1227.0605703375 2043.9519486604
574 1228.7560393124 1667.6998834209
575 nan -0
576 1229.1898138988 1939.0496700496
577 1229.7600547639 1964.0184355416
578 1230.9265492218 1951.1387033531
579 1231.5312701487 1922.8446004212
580 1232.555068223 1848.6098826644
581 1235.1299873298 1965.3823663921
582 1236.3420041406 1985.9138886711
583 1237.2256684871 1855.059889708
584 1240.9838069754 1970.6318602383
585 1242.0821182911 2153.9453716003
586 1243.5474118836 2058.9537120914
587 1245.782568226 2007.1914910689
588 1247.8036939101 1940.4466402344
589 1248.2182849642 2294.7690521693
590 1248.4030078083 2047.3267667456
591 1248.662026904 1863.6605916459
592 1248.6746651012 2095.8736149076
593 1251.3546689422 2080.6081863736
594 1252.0513513698 2418.6871373858
595 1252.5982010449 1958.7063113049
596 1255.2739831495 1998.356041286
597 1255.2927927938 2085.4457014646
598 1258.8824491393 2155.3954726222
599 1259.783562095 1933.7765501493
600 1260.6934759768 2249.3244015244
601 1262.2081143422 2427.8915292766
602 1262.7427833174 1978.6142694472
603 1265.0301119366 1986.2032000183
604 1265.5546511536 2008.1964511595
605 1267.2723899169 2027.9330169859
606 1267.7739885447 1982.5935280434
607 1270.2277252348 2009.9414235853
608 1270.2766963636 2385.0258777215
609 1272.7542586104 1987.8860213507
610 1277.9650384826 2059.2345859821
611 1287.0964824579 2090.7908600818
612 1291.9872637405 1967.0741484177
613 1292.5313388086 2279.123670269
614 1296.0264266465 2105.2359740247
615 1297.6460487183 2005.8620003936
616 1298.5361584413 1825.2267893499
617 1298.9938555403 1888.8749393084
618 1299.034773755 1992.6668805698
619 1301.4682586598 1881.2883569132
620 1303.4147998895 2234.0086227335
621 1304.1491364591 2304.7852115815
622 1304.499049135 2025.7564912911
623 1305.2044307332 1855.6079086128
624 1305.2232894017 2143.8775262292
625 1305.26685588 2037.1884380202
626 1307.5605404542 2082.4276800703
627 1307.8055602522 1984.5925299162
628 1309.5625699257 2029.2827691212
629 1310.4689749555 1996.2837023443
630 1310.9356997433 1904.9077351026
631 1311.697345426 2152.2155559011
632 1312.7349520057 2035.6448466437
633 1312.9806763146 1811.5655381269
634 1316.3476895922 2052.6417721688
635 1317.6046713139 2067.7826188738
636 1318.0352684351 1987.9223987432
637 1318.2383302297 1940.4062082963
638 1318.9993296078 1892.1390780146
639 1319.3206063409 1953.5871732417
640 1319.8860276989 1908.6083743889
641 1321.7265533394 2111.9523158963
642 1322.5031475686 1956.6929464011
643 1322.7554200573 1929.6094417644
644 1325.4405501969 1950.0133803573
645 1327.7368156807 2000.6424866157
646 1329.5461122525 1980.432316184
647 1331.6618249348 1954.9664517891
648 1332.3566936576 1862.2756258248
649 1333.5888315051 2006.180213007
650 1333.9036360661 1988.217679173
651 1336.5885027174 1977.6585129823
652 1338.3406876529 2078.1770880644
653 1338.4154749684 1845.1756045855
654 1338.8871269431 2148.8870721638
655 1339.2322629018 1956.8796568732
656 1340.4572630273 1968.8269790551
657 1341.0019668556 1945.0404458025
658 1342.2448994633 1877.4849059753
659 1344.0758803857 1961.8670381706
660 1344.3368850114 2075.8366056407
661 1345.2868647197 1977.6329588285
662 1345.5639789157 2117.5817321699
663 1345.7619750212 2068.2006713738
664 1346.1027587373 1927.3208828889
665 1347.8856415633 2049.8346015296
666 1348.6301989128 2027.5876783119
667 1349.4960127754 1974.7908129571
668 1350.732018256 1927.2763405583
669 1351.2412354991 2193.6385972279
670 1353.1124643565 2025.7809862347
671 1354.4860035418 2083.8831224748
672 1354.7918498172 2256.0915401491
673 1356.8764679484 1857.404159882
674 1358.3385246791 1984.5039248179
675 1359.2920935434 2619.7941975436
676 1360.9562026299 2023.7729629035
677 1361.2720556563 1945.2311846087
678 1361.7739552686 2030.750579309
679 1363.211478889 2102.0468430286
680 1363.754544048 1843.4855093607
681 1364.25124756 2130.2990432852
682 1368.6435439597 1940.6875221795
683 1372.1743882646 2132.1409722471
684 1372.7308499877 1435.4136283487
685 1373.2705751745 2163.8379201548
686 1375.5050316077 2234.8007035746
687 1375.6853146369 1984.3785125651
688 1380.922011141 2126.863823475
689 1382.0864680987 2128.4351437683
690 1382.9520352349 1952.9892878884
691 1383.9083850026 2003.5862808382
692 1389.1454354195 1969.2183995268
693 1395.2491119303 2004.9834755226
694 1395.9653858872 2146.1295549845
695 1396.036752741 1979.494485541
696 1397.2186289445 2277.6890712841
697 1397.9693106521 2079.56825532
698 1401.1339420351 2599.4124706412
699 1401.5613434972 1989.3212830344
700 1402.111918912 2004.6520027613
701 1404.7106393307 1961.1936701136
702 1407.5618654784 2076.528796612
703 1410.4063641856 2345.303633128
704 1410.804820383 2252.3371537953
705 1411.0598666204 2107.7531989491
706 1411.8599160147 2067.273713315
707 1413.9119185259 2023.9532067624
708 1418.3196409124 1876.9363595912
709 1420.1938913374 2122.1013966516
710 1420.3925767053 2226.8982177079
711 1421.3253755264 2942.4033555838
712 1421.3892537549 2151.8212546455
713 1423.4834910366 2136.6322436777
714 1424.006142969 2092.4217239652
715 1432.7246961066 1969.2554715062
716 1433.6420700183 2624.4328453937
717 1435.2284203083 2109.141904178
718 1436.098628002 2580.7173464139
719 1440.9772663465 2126.9477929871
720 1443.5664071377 2001.8674565785
721 1443.6678243309 2051.1535263769
722 1451.3007520298 2139.2712352846
723 1458.7808566085 2118.4649606711
724 1461.3135141216 2237.7048344531
725 1461.3869086803 2267.5531286284
726 1462.2842311142 1988.1979247273
727 1464.12077887 2121.4146317483
728 1464.1317838144 1947.0239566744
729 1465.6491616343 2055.806194127
730 1465.7583219805 2068.9470217999
731 1468.863274 2429.6412608969
732 1469.2893286982 2002.2826458972
733 1472.0010261239 2045.5634939969
734 1472.9708890087 2087.5478637675
735 1474.441753761 2124.689669811
736 1475.033967034 2445.785566841
737 1475.965850823 2048.9194864339
738 1478.4224321732 2335.8551270391
739 1479.6897306234 1986.38357011
740 1480.2793815614 1944.9237172999
741 1481.9956758897 2003.1218573276
742 1483.1634387068 2198.6557203779
743 1483.6886696128 2012.568485516
744 1484.1111232505 2072.4559928781
745 1484.2083783004 2071.6311676718
746 1484.7768397274 1917.465947595
747 1487.4592962176 2091.9412474969
748 1487.5263606044 2033.1509149942
749 1489.3966567001 2129.4515870383
750 1489.8632769975 2133.1191318462
751 1494.2534828813 2170.6314006006
752 1494.5889639558 2330.9499024961
753 1494.8849656985 2120.1932616575
754 1498.4240243099 2129.3663792791
755 1500.9699164985 2134.7706433165
756 1503.4310205091 2102.0187948852
757 1506.0417991037 2226.120643086
758 1507.502935778 2123.8668225348
759 1507.9216900059 2124.5722143989
760 1509.4281060981 2165.6060993128
761 1510.395761138 2216.0528966724
762 1514.9670258407 1998.3369765196
763 1515.6423932521 2193.418378341
764 1515.9048560855 2102.0809477818
765 1516.5434211407 2046.818712315
766 1524.3978685082 2247.8578775449
767 1527.2543424656 2772.652348731
768 1528.6654015842 2143.1444965918
769 1528.8386620997 2068.3238922081
770 1528.9950104403 2000.6434403731
771 1529.4040233356 1919.8871784479
772 1529.6278687723 2168.7794820141
773 1529.9583092416 1882.9266681557
774 1535.2031105395 2192.2128100205
775 1536.1424602297 2009.3376902606
776 1537.0965132812 2144.6270046132
777 1537.6538722885 1944.8410116139
778 1538.0681158946 2030.5840343388
779 1538.4990095685 2034.977233589
780 1541.9590333587 2074.2665457578
781 1543.1744656264 1818.4227842456
782 1545.1456116765 2419.8412578845
783 1545.9789800717 2222.4078472668
784 1546.515371709 2312.5684050681
785 1547.9595485872 2116.891169527
786 1551.7285705538 2225.9606674901
787 1554.0261020217 2064.1892692852
788 1558.9336561914 2015.8054881896
789 1559.4897271286 2170.9944994235
790 1562.101472804 2098.4495967271
791 1565.3263163403 2287.3852215611
792 1567.6295240435 2166.6064363671
793 1568.7993796573 2219.9518037416
794 1569.0362297409 2207.3395460091
795 1582.6656322517 1846.0791448838
796 1583.5878290879 2198.478427743
797 1585.2170880531 2210.0304960403
798 1586.8956672965 2045.4954724031
799 1589.4783824828 2168.728182257
800 1591.479391381 2104.37039998
801 1592.4139534737 1983.8936571151
802 1594.5381287809 2102.6117559759
803 1595.3275954635 2160.4522405751
804 1599.9505069618 2141.5058487252
805 1600.6832507086 2096.2737036537
806 1602.7413426558 1920.144083397
807 1605.7510071889 2486.4905670477
808 1611.8985130433 2023.0964004919
809 1615.9872479479 2157.6776985739
810 1619.3561620112 2182.4518187253
811 1626.8861260726 2472.9110057029
812 1629.4032250168 2296.8746017728
813 1632.2002678758 2105.1558993987
814 1632.3198927319 2289.9942733273
815 1635.8813165697 2227.1858389657
816 1637.4699128617 2055.3765904824
817 1637.6280571194 2170.1133042437
818 1640.7276615527 2238.9584783818
819 1645.9207656295 2291.6233740054
820 1650.3204747619 2323.7911385693
821 1651.5055009071 2103.8345542229
822 1653.2724198286 2234.6960941443
823 1658.1540728587 2214.3353302711
824 1659.1659439539 2349.8340945781
825 1659.8468893997 2528.4111380806
826 1663.0527305397 1989.9836474482
827 1667.9643619792 2908.7147546317
828 1676.0154864939 2228.4638893851
829 1676.2276743212 2324.9037574396
830 1677.5188776431 2352.550029776
831 1683.4561504791 2320.7879549742
832 1686.858683389 2615.2428338851
833 1688.2088031713 2560.6647801131
834 1691.7477702898 2441.1603094272
835 1698.2787934957 2244.6240262675
836 1700.7037195213 1964.1636170188
837 1702.8681051215 2256.2910569235
838 1709.4929636977 2150.4387524794
839 1710.202330166 2347.0647354295
840 1710.5993416263 2153.1705451133
841 1710.7057209396 2198.9292369708
842 1711.5140974482 2283.1397995621
843 1712.3307711335 2133.2850495826
844 1715.9959870842 2282.1476279297
845 1717.6814258947 2747.1188647247
846 1719.7402387013 2712.8185797982
847 1720.3141851304 2220.2445755937
848 1720.9080141609 2360.6849570986
849 1726.9589103763 2297.4040956807
850 1738.591431606 2166.9427903505
851 1742.2425637815 2171.4410782849
852 1742.6794031487 2224.0875954751
853 1749.2488110576 2185.0317027921
854 1752.2499401956 2234.9915506893
855 1753.5173837972 1867.9562678045
856 1754.1397336587 2517.1771582152
857 1755.0973420278 2377.9516818867
858 1757.3519937616 2256.1490609476
859 1759.2206646096 2713.8833944217
860 1763.2324128932 2589.4993825708
861 1764.305590723 2391.5284149677
862 1765.7010001231 2405.5857674302
863 1767.3357375473 2476.3972341389
864 1769.1222512092 2441.1782274265
865 1770.950265607 2361.2710327529
866 1778.4970847335 2526.8525802348
867 1780.1662872981 2228.5044145698
868 1783.3190317971 2132.6951396965
869 1787.5974227456 2163.5873655692
870 1788.1883735724 2522.0972924673
871 1791.9340536036 2303.7228971822
872 1793.8247759913 2212.1368957482
873 1794.12775879 2322.0241508799
874 1802.1331242915 2433.9725027453
875 1803.9849893132 2002.9582452735
876 1805.3010252234 2501.132180784
877 1811.418756783 2500.2082449947
878 1822.1544915408 2326.1242791303
879 1824.4434729008 2373.032280257
880 1827.5285178965 2517.4580244611
881 1832.2453207878 2409.986958147
882 1832.6007586634 2162.2225174041
883 1833.4245297816 2160.0541088251
884 1834.9031378835 2269.209002931
885 1835.8731589562 2453.8280540995
886 1836.1722946222 2046.9596464707
887 1844.2357131139 2494.1173531277
888 1863.932657298 2330.8132422721
889 1865.9805512625 2602.6203047094
890 1866.0342549812 2249.331668743
891 1869.4761090528 2336.727465442
892 1871.0029816865 2072.1122682877
893 1872.0196560945 2182.7355809953
894 1873.4138744616 2069.4420817886
895 1878.0664739885 2449.7661451922
896 1883.7186467506 2104.4279412258
897 1890.6735164459 2568.8897616453
898 1894.287622634 2232.747686049
899 1918.7631718633 2313.3026696505
900 1918.7781887554 2266.1876831089
901 1924.0288098688 2257.8976107011
902 1935.2177067764 2202.4452018785
903 1941.6184078353 2714.3252292562
904 1955.3902700111 2228.8231198579
905 1970.333228877 2054.7287201116
906 1973.8948083901 2598.3263638781
907 1978.1214982244 2273.2242957629
908 1978.9179694521 2407.8187104101
909 1984.6195993825 2128.3116704615
910 2005.7827271638 2600.9649067401
911 2013.4258617646 2325.0079185666
912 2013.9561020795 2538.6411279288
913 2020.8980429994 2797.5759197106
914 2028.0022563173 2517.3362153153
915 2031.7368474415 2329.7961397187
916 2049.6410910416 2640.8085319126
917 2052.4414982262 2205.2006723841
918 2053.3801064609 2985.1980549975
919 2061.4421483245 2522.3724238895
920 2061.8439906242 2470.4275966357
921 2084.1071625788 2243.6228149626
922 2102.6631345323 3015.5449660553
923 2106.5118332443 2259.2643295855
924 2125.0150028571 2265.3154726738
925 2128.5524482041 2586.6617103143
926 2135.973141883 2455.5213578784
927 2160.8673221844 2319.0429274494
928 2166.0573888713 2956.5708430887
929 2172.3056309784 2267.4371927938
930 2186.0187121455 2538.0088540107
931 2187.5302465796 2804.8907561504
932 2195.3664931266 2510.7245699036
933 2203.99225912 2378.7038511207
934 2204.0109749204 3018.1471117027
935 2209.2585897192 2716.3989666192
936 2212.3581523778 2257.7700070496
937 2219.8477011805 1990.3302884417
938 2223.2846737234 2740.1436099459
939 2228.7677038909 2487.1964534329
940 2233.4833931807 2450.6282005138
941 2239.9083799775 2941.6184104781
942 2248.0624927415 2671.0571692999
943 2300.5507955038 2691.9719984518
944 2304.3132136869 2407.8293309822
945 2327.7149831445 2516.6712989725
946 2339.0692009332 2279.2815990872
947 2342.9591826868 2738.0312584864
948 2344.3143043951 2604.6448222569
949 2348.8015362172 2464.7427156506
950 2354.0974226694 2377.7523969
951 2359.9635459123 2454.6017503394
952 2374.8416978716 2748.4523592707
953 2377.6357248805 2254.6423738133
954 2404.6555482097 2404.1505241647
955 2406.6687928025 2700.1339609977
956 2408.5791407036 2622.7611716571
957 2415.3594238855 2567.7580053175
958 2419.7251445895 2439.8194457222
959 2437.7625035634 2278.1510354474
960 2441.5285969642 2706.018639006
961 2451.0893860949 2322.1762243174
962 2452.3190107613 2833.8531513327
963 2486.2880071804 2353.6893716201
964 2487.1725355647 2266.6650247349
965 2489.1915837112 2817.540108234
966 2500.8160355872 2595.0949781716
967 2509.4671735112 2371.6163508577
968 2512.5260399292 1957.9239272904
969 2531.4968452098 2723.5264721066
970 2540.9946999581 2525.5295509495
971 2546.1607087124 1868.6362446386
972 2559.2472597387 3279.7467633964
973 2585.1027417891 1503.9958058197
974 2594.343063767 1394.4535220529
975 2617.0004802107 2621.1580349874
976 2636.1582863935 2416.8539977288
977 2656.8722026345 2346.0052057485
978 2680.394409048 2367.6940320006
979 2702.9313771822 3289.2157211031
980 2725.4298866579 2778.373748741
981 2746.792286106 2033.1456754371
982 2751.4728869998 2750.3290691736
983 2760.0702185807 3256.5983645861
984 2771.1268073979 2585.9231566488
985 2804.6308244068 3577.8793975703
986 2836.0064282177 2510.6924554457
987 2878.2251225103 2255.563169076
988 2884.2805132934 3516.5263102145
989 2913.147820467 2395.3210253654
990 2950.176071143 2104.0758021725
991 2985.7534706522 2842.3581120162
992 2998.7679778317 2405.2308462335
993 3050.5643876217 3334.3670690723
994 3085.2381444624 2793.6126360275
995 3112.3717758716 2211.2414662747
996 3122.887803757 2810.5094635558
997 3124.3641045189 2667.0003215477
998 3144.9924047122 2583.9627866707
999 3171.4092205229 1874.9862831331
1000 3174.3777543258 1232.4491963806
1001 3236.7784060911 2926.1361218609
1002 3295.3510024326 2842.8008324293
1003 3298.0897126523 2545.7540241335
1004 3323.869626999 2838.8178210401
1005 3348.1898755611 1897.9322539058
1006 3489.5465514651 2034.9497825487
1007 3576.0393884661 2943.3398612191
1008 3627.8247803631 1989.9770222144
1009 3648.4655314316 2051.6385076012
1010 3736.2882255636 1836.7121606837
1011 3811.2968246213 2076.2202296044
1012 3965.8743799429 1310.0686428754
1013 3975.8737062327 1638.978049881
1014 4028.6579195079 1938.7225671338
1015 4051.6315453219 2201.9930816663
1016 4063.4691334105 971.69262521858
1017 4225.0769660099 1189.6049521762
1018 4396.0508272568 1744.338890411
1019 4434.1901854462 4.8580291271018
1020 4519.9491210479 2416.5486906931
1021 4613.1661035836 2552.0683098511
1022 5341.7819810257 1556.9337942442
1023 5560.5442949383 1937.1187647474
1024 5615.7264792623 nan
