1 975.17982919149 1825.8224069499
2 992.87284136589 1778.3321852778
3 1015.438672488 1766.5111527089
4 1017.0543324379 1857.6455846167
5 1034.1297876304 1814.2890319303
6 1045.4823873584 1769.7642293752
7 1060.1614414507 1823.6036955006
8 1060.5206576923 1846.8762311643
9 1062.8268586619 1807.419131764
10 1071.382568392 1839.7224198806
11 1072.086767075 1854.9899692992
12 1079.4987125228 1781.8849233248
13 1087.3896241924 1861.9642518016
14 1090.2064757109 1879.6690607249
15 1099.7074375252 1895.2550861678
16 1108.3213855973 1840.565013223
17 1124.5557988694 1828.3533946492
18 1124.9026929046 1853.5732144184
19 1125.5537454533 1908.7038248096
20 1130.9779921948 1907.1248944666
21 1134.0647935003 1863.0051430924
22 1137.5292229057 1830.5995133012
23 1152.9537559008 1845.2069641292
24 1158.9870872917 1891.2887337337
25 1159.1782848918 1870.5192444411
26 1159.9515049611 1838.080914849
27 1164.8031692976 1922.2639462991
28 1165.5703895698 1904.7237091438
29 1166.137559602 1935.1248044525
30 1167.3688810663 1945.0442003514
31 1174.4017909066 1901.8375137186
32 1180.0403035832 1862.8623191119
33 1192.6354528553 1885.5923706428
34 1194.6275444589 1905.4154719296
35 1195.5280596937 1885.1141172181
36 1197.369572151 1913.7844163685
37 1206.1077356887 1966.3264867785
38 1215.7592224297 1947.9887081824
39 1218.0294555842 1871.5697240504
40 1218.8790999112 1943.4886176673
41 1224.5840011498 1872.4629420582
42 1225.3692838667 1929.478938742
43 1228.852467276 1938.859796541
44 1235.095124664 1949.5373610116
45 1235.4996773303 1899.9356347351
46 1238.4244036104 1924.0597881586
47 1242.9018672788 1973.5994910145
48 1248.8382556319 1929.1251606869
49 1249.6556568347 1957.2174060444
50 1256.2364914819 1913.3374080478
51 1256.6863594526 1957.4424127629
52 1259.7413216235 1906.3646267177
53 1263.7501047087 1900.5227524597
54 1264.0073329896 1920.8054793535
55 1271.2488132545 1958.2767313685
56 1275.0584441054 1989.0920584352
57 1276.4409124488 1924.0613861742
58 1282.8130425353 1975.6744637942
59 1293.4750402146 1948.0519239729
60 1296.1672516151 1937.4742155325
61 1312.0820382856 1952.747736612
62 1321.2161149027 2020.0247200536
63 1358.932210718 2011.0137340159
64 1427.2993680692 2102.2341563014
