1 462.83573645106 1306.9569381069
2 564.94054871785 1352.7804273541
3 613.19285990763 1344.6246052056
4 622.48724055762 1328.3463923254
5 624.05557494454 1432.7983994017
6 646.4021541439 1591.8255874874
7 647.10479726586 1339.5591969272
8 665.93341897894 1439.4552615674
9 671.15716838681 1503.7580710278
10 672.18444930724 1445.3341918221
11 683.95075508039 1479.4698640992
12 693.16412448191 1588.3772217982
13 710.69607859265 1640.8557666835
14 715.1466395154 1519.5377917338
15 724.33552244312 1457.021088136
16 724.4960136586 1391.2736057755
17 724.50336422386 1487.0550869805
18 736.07358366439 1732.6290336183
19 739.80921999702 1440.5790437604
20 741.85037399442 1569.3701264622
21 753.07045014676 1540.5041203732
22 754.9837316658 1466.642800547
23 765.83019410353 1738.6825989822
24 773.53086159088 1489.9593091912
25 782.06029782072 1537.1301969024
26 784.43372751881 1496.7259054776
27 787.37795384738 1666.0811905898
28 792.19042921274 1753.5228752321
29 795.69384879784 1500.900274537
30 795.93734823176 1829.8900808575
31 796.91827507435 1516.8609861917
32 802.59523475749 1836.7584757355
33 821.21897594752 1585.3334050853
34 822.91251764296 1544.5076844389
35 823.20963135161 1649.7350209754
36 840.06733239073 1820.3420638282
37 840.09689959311 1549.4022311354
38 841.18612853681 1641.6094569193
39 849.99818894892 1728.6966678931
40 853.82600604794 1635.4882510695
41 855.85445774944 1593.6991063333
42 856.63778740077 1634.0588885817
43 860.68439594621 1723.2135944847
44 861.02877895563 1695.2002148444
45 861.66034400812 1570.187517898
46 864.60689029794 1780.5489830972
47 867.56428598047 1557.8579538421
48 871.43266717884 1648.1801715223
49 871.57284991488 1844.3290328775
50 877.08620285858 1866.2155168927
51 881.34447109826 1646.7245874663
52 883.86320605556 2079.4623581754
53 884.40140454105 1694.8578517013
54 887.85130482022 1606.2138528276
55 888.15495982236 1631.550921577
56 889.20321665621 1683.3927786519
57 889.55765648917 1726.4798376938
58 892.12215290918 1747.274336801
59 894.6575553877 1619.0448279595
60 895.16308187096 1644.3371429471
61 905.23401949953 1694.2880350968
62 911.07270051199 1726.1312730428
63 912.03820261464 1694.6432587531
64 912.49684376166 1626.9216020563
65 912.66688372005 1644.2580191909
66 917.24115816188 1760.9352222007
67 920.25888501111 1763.1943094024
68 922.05908895379 1735.3757888563
69 925.40324150501 1670.7198029782
70 926.09166325631 1749.678664455
71 926.1061996141 1665.5893580526
72 926.52559811908 1810.3266501204
73 928.11277107374 1683.9910838438
74 929.57109835868 1734.1988628564
75 929.97449017311 1637.7803418919
76 932.41159423375 1633.0500282784
77 932.69618721597 1715.1675171749
78 935.00021115639 1772.487935593
79 938.15163865555 1768.349068023
80 940.9846867327 1651.1402775187
81 941.32351046969 1677.5344958112
82 942.07795426146 1678.2542882391
83 942.25472491187 1643.7556275231
84 942.36050670923 1624.6643354769
85 943.48695648383 1796.8451725809
86 943.7065892658 1678.7758212759
87 944.08623245326 1968.228760958
88 945.11613300822 1699.4288684046
89 945.41694637786 1800.7795409422
90 946.24113706534 1682.679868439
91 946.59653791531 1718.1364454152
92 947.16541512037 1690.3138337391
93 947.60089719084 1622.7673742467
94 949.28344876396 1709.1887900908
95 950.33904518704 1713.7747255589
96 955.69918140459 1610.0495339347
97 955.70769522165 1789.5644679494
98 958.16520112146 1769.4409709152
99 958.56368959324 1671.0343272376
100 960.35542444266 1840.0857289669
101 961.01836451592 1807.1766000084
102 963.04920437245 1697.3859801985
103 966.75354768908 1898.6158484801
104 967.38664855945 1706.0143283547
105 968.19336381392 1697.6359531206
106 971.7421154513 1760.9042706445
107 972.08555867847 1879.5294122631
108 974.44052740768 1720.9636055402
109 977.31008839747 1786.7962927378
110 980.19565941564 1863.8844211011
111 982.3384312746 1785.9374457269
112 987.39207710668 1999.8517262078
113 988.94070894334 1672.4517419174
114 989.14722122911 1890.6174291638
115 990.34566593294 1678.8502153382
116 990.40299525548 1830.3581461074
117 991.56879729121 1736.2162592425
118 992.92742623163 1775.9562264597
119 993.32406293833 1695.0942829787
120 994.62490634037 1751.4191181329
121 995.46150288796 1740.8824810031
122 998.51771485736 1707.922543295
123 998.85105948472 1825.5250995685
124 1001.5669559597 1730.9621779606
125 1003.6539492823 1707.2223705424
126 1005.1425924374 1838.7988823632
127 1005.436559703 1763.5361015113
128 1009.8526332659 2006.1595592607
129 1009.8653740296 1743.3375199568
130 1009.9777498668 1862.6680357821
131 1010.5373391478 1662.058423508
132 1011.652034303 1732.0509995628
133 1012.4288980356 1627.4136023677
134 1012.5908810398 1757.3028083334
135 1018.4697906767 1897.0127132188
136 1018.9724880122 1691.4175859745
137 1019.076090362 1688.341462844
138 1019.5347853048 1754.6930133429
139 1019.6800166464 1816.8721866435
140 1024.1055126309 1903.252481028
141 1025.2133544703 1708.7323082715
142 1025.6838321435 1778.9070777171
143 1026.8656965399 1737.2593339434
144 1026.9973135033 1776.6124800299
145 1033.6547357793 1820.5081763251
146 1034.3339140249 1698.4738643547
147 1034.4646131282 1663.9961716794
148 1035.9809533888 1725.5752920822
149 1036.2608184557 2172.0065425257
150 1036.5238690241 1911.7785190293
151 1039.9639725911 1834.9600938266
152 1041.7280453273 1869.4691229204
153 1041.7893891052 1731.2054702323
154 1044.0947529703 1821.1399523125
155 1044.5925905122 1948.7686359472
156 1050.8623321342 1843.2548312546
157 1050.9208306561 1895.1066061944
158 1051.3991984126 1807.0554772613
159 1052.896419018 1865.7499319995
160 1052.927589133 1890.66015727
161 1053.675960045 1746.021390758
162 1054.3083405911 1894.479589212
163 1056.4961545946 1857.3384465346
164 1059.6441775883 1755.4463655213
165 1059.7157284573 1914.4351215778
166 1061.8658568602 1774.7049754375
167 1062.0906916528 2009.8819295188
168 1065.5705499859 1826.2763235598
169 1067.5345231921 1870.1856671299
170 1072.1315150398 1883.634165148
171 1076.1144799331 1971.6642613505
172 1078.5680886446 1783.4816161177
173 1079.9358891816 1967.1066562135
174 1081.1917397063 1783.7621847356
175 1081.2991925707 1823.0163523096
176 1081.6222295019 1767.5354869489
177 1081.9723463244 1936.3520657544
178 1083.0019092435 1747.0604171069
179 1083.2511604358 1767.2115878984
180 1084.6426722535 1835.9444325386
181 1087.5526099177 1797.7462247052
182 1088.3730568759 1924.9183294804
183 1088.440980516 1683.7724783017
184 1091.6033649937 1791.5074964734
185 1092.7723213162 1819.9819771608
186 1093.2864148508 1756.8942465203
187 1093.656115314 1860.8282246524
188 1094.0090501735 1913.1275156191
189 1094.2332192928 1859.2290044984
190 1095.1415382073 1821.8555547147
191 1099.0388833462 1814.7736115814
192 1099.8442574106 1906.2192678892
193 1100.6712148375 1801.6450971598
194 1102.5460351411 1778.5347379308
195 1103.5284293662 1809.0536060767
196 1104.306903431 1807.9845534334
197 1104.5119326174 1773.9947945891
198 1106.236628392 1825.3456181134
199 1106.4606366717 1962.5754869962
200 1107.723438564 1748.3351935344
201 1107.9487357152 1736.5322689343
202 1108.2918710872 2019.4281826382
203 1108.549552655 1863.703906963
204 1108.8128907616 1924.4022728859
205 1109.5198936044 1789.0845537407
206 1110.5257861135 1841.1287090132
207 1113.0412636021 1912.8281287623
208 1113.6248047766 2050.1349838669
209 1115.1424040034 1797.1858623141
210 1115.3536357544 1822.2133638871
211 1115.7532584082 1831.7373018366
212 1117.9811969969 1847.2666979717
213 1118.3569602891 1862.4747820253
214 1121.3736090076 1860.1575192452
215 1122.2824897809 1946.2190174519
216 1123.825018149 1934.5875232595
217 1124.3328054273 1922.4026286847
218 1125.7053550276 1928.4095196584
219 1128.7942793788 1822.412445104
220 1130.0350044269 1927.0585949459
221 1130.3221339379 1749.3134280707
222 1130.6571304895 1805.8431356864
223 1131.7060217711 1923.8492150315
224 1132.7460584406 2032.9619691156
225 1135.6859545184 1965.8769540132
226 1135.8982010667 1782.9230616031
227 1136.4549315847 1897.4136726452
228 1136.7584656349 1918.090138797
229 1138.0177807671 2021.0340523074
230 1138.932565615 1831.7596889735
231 1139.5804695539 2002.0403187313
232 1140.4988490866 1856.6065618815
233 1142.3939572565 1828.7800485284
234 1142.5343919843 1902.0269764769
235 1144.0222456338 1792.4474817591
236 1144.2381351228 1883.3756732839
237 1145.1469705936 1983.2428083223
238 1147.2410197623 1943.3468859697
239 1148.1529718209 1942.1550953893
240 1148.3149444071 1954.4198378905
241 1151.0076567439 2006.2804337023
242 1153.047535012 2138.995804148
243 1154.5008669187 1954.3988934858
244 1155.3426428145 2027.772606689
245 1158.618107738 1724.2907932966
246 1159.3286148051 1815.5155235046
247 1160.7962010209 1765.7261385514
248 1162.7483605498 1970.5498504999
249 1163.1362740764 2023.9466524972
250 1163.3318572391 1780.3962044115
251 1164.0877459659 1912.7433618393
252 1164.7547468001 1840.8945145504
253 1165.6927257982 1870.0915283582
254 1167.2933440486 1894.1916862093
255 1168.3379184849 1947.1725920744
256 1168.8079163982 1816.1284097734
257 1169.2260560622 2053.3758343897
258 1169.2700234366 1958.1138659867
259 1169.6465745149 1800.4989554899
260 1173.3826777246 1862.0752396344
261 1176.348082104 1869.9072221062
262 1179.1021203791 1869.1887253996
263 1179.5555547082 1832.0363171164
264 1179.6655749424 1918.0003031589
265 1179.7917015248 1989.1374731263
266 1182.9769361 1921.8197728113
267 1185.8657401126 1875.7341016807
268 1186.767986441 2014.9861706237
269 1187.9725937459 1855.2866761571
270 1189.6094050473 1878.238807923
271 1191.1108423737 1794.5746883672
272 1193.4980722792 1847.380264627
273 1193.8501736369 1864.5479322705
274 1196.5241438924 1839.0233161254
275 1196.9919224703 1940.0304358767
276 1197.9011772429 1832.8795364142
277 1198.0623608332 1869.9994568545
278 1198.362644208 1813.3620207584
279 1200.775623737 1940.0338939043
280 1201.5745464926 2034.4568698101
281 1203.5017775005 1918.2614177723
282 1203.8645495211 1843.6403789158
283 1206.4233523746 1777.1690115537
284 1207.3623892855 2051.6608305044
285 1209.539737407 2194.8297468788
286 1210.0906433273 2125.1464878473
287 1213.0783337156 1850.612622315
288 1213.6601790967 2132.0827320544
289 1214.708594992 1911.9973483226
290 1214.8749269284 1880.0770504658
291 1215.4295112177 1850.710362858
292 1215.7299090753 1840.8407083839
293 1215.9493956134 2032.849707163
294 1216.6916433286 1883.5282357223
295 1217.9518087522 1841.3960471983
296 1218.6409681742 2003.540175429
297 1218.8302550706 1881.4878591108
298 1219.8576024263 1990.9398185458
299 1221.8671845846 1901.7053878174
300 1222.4271189893 1872.1217035312
301 1222.9118277745 2062.9248089439
302 1223.3950752759 1906.829716278
303 1223.8332766682 1805.2297202426
304 1224.3586169735 2031.426994832
305 1229.1757480682 1920.1112735785
306 1230.3006899915 1888.2510275568
307 1231.2055278174 1986.8218006007
308 1231.9361163542 1882.04159371
309 1232.6116128492 1843.0504100882
310 1232.8822041219 1872.022395052
311 1233.1987700118 1855.7275918472
312 1236.1367689377 1924.3060128284
313 1236.9419368626 2037.9710091778
314 1238.3322722801 1932.8016626274
315 1239.8853688248 1928.9443592098
316 1240.8036149235 1906.1571468844
317 1241.1781669493 1927.1112203887
318 1241.9426749721 2050.9426496065
319 1242.2002530165 1972.6857300924
320 1243.8902463881 1889.9748800382
321 1244.4820130608 1909.2564054993
322 1247.3409534845 1907.9132629195
323 1247.4798768285 1885.8315117122
324 1249.5948942072 2045.4877323347
325 1250.6960454704 1899.0939656914
326 1251.3386718589 2000.0722027589
327 1252.0152438598 2017.3936180366
328 1253.4548566638 2025.0259916187
329 1254.882846355 1873.2777225781
330 1255.0447494542 2031.9131611824
331 1256.5776157564 1947.4645646689
332 1259.5095544915 1904.6119983715
333 1259.980816476 1952.2941201592
334 1260.2417918702 2000.0447975108
335 1260.5288952686 2049.0384227453
336 1261.4407036848 1879.0410471078
337 1267.4613992389 1849.5384295792
338 1269.9215470503 1877.2293421727
339 1271.5557171647 1960.3783748953
340 1272.702735636 1922.6030058312
341 1272.8732728373 1992.9739272451
342 1273.1091888941 1938.963960353
343 1275.6061747247 1930.1352484736
344 1276.9043348365 1963.7007895702
345 1278.0413771012 2069.2096115646
346 1278.7089730919 1962.1373226679
347 1279.2542527638 1988.1614517636
348 1279.3422850566 1951.3395289292
349 1288.4267625376 1910.7149464179
350 1288.447383226 1958.0855865129
351 1289.9093886226 1808.4427510933
352 1290.1694926442 2174.2411120075
353 1290.9077950837 1970.2487254174
354 1291.9146504845 1854.7197648201
355 1298.0815490851 1995.5276146966
356 1299.5563488848 1953.3514665442
357 1300.0454895744 2055.2844447093
358 1302.6336094937 1938.7343286012
359 1304.7289240185 1913.5005147014
360 1305.9537021395 1831.7917086655
361 1307.1916130792 2012.1649964196
362 1307.6442421296 1948.7296225809
363 1308.6797690466 1886.652356989
364 1309.336986929 1970.5638355158
365 1310.2111193278 2011.0858807119
366 1310.9141173187 1920.1597380261
367 1311.1058465812 1912.6488255258
368 1311.6588564173 2027.8329494024
369 1312.9487626902 1868.5548276148
370 1313.7740843826 1864.4304054488
371 1314.5343610095 2013.7076394246
372 1315.138538202 2139.7822255618
373 1315.1702713452 1993.6467698516
374 1315.6210899342 1879.859086692
375 1316.3915091327 1916.0361051095
376 1317.4821208135 1995.4721665633
377 1318.8478771845 1963.9040980286
378 1321.468447996 1967.4775035799
379 1327.5363552605 2120.6024441266
380 1328.2475010342 2036.7948094678
381 1328.5828026892 1946.1998392192
382 1332.3586837867 1931.6972721006
383 1332.9239167909 2051.7581928917
384 1333.2213787434 2082.9184057808
385 1333.7822770801 2026.3233690553
386 1334.5254292485 1996.0239790978
387 1335.0621526678 1923.8529571678
388 1335.9066620893 1866.6369776599
389 1337.1536584764 1974.5009888613
390 1337.462285933 1971.6139671441
391 1338.6942708549 2072.1698136598
392 1340.486088179 2098.2129963484
393 1341.6283655855 2027.2792173132
394 1342.6701272789 1865.3677093168
395 1343.8198973608 2036.1290780347
396 1344.4613967729 1978.130498418
397 1347.1654729791 2152.8818824516
398 1348.1196380222 2147.5945209529
399 1351.9718308345 1971.862511923
400 1352.0437793991 2010.9955758773
401 1353.5577227095 1989.8297789918
402 1354.5089305365 1950.7561898635
403 1355.4485528763 2096.8912496848
404 1356.6951843823 1939.0024337627
405 1357.0780922586 2069.5105140456
406 1358.6931952943 2022.4835893877
407 1359.6465049075 2045.0855979962
408 1363.4205644689 2182.233238789
409 1370.5964942902 1944.3035072968
410 1371.8700750112 1957.955236062
411 1382.9502206799 1998.8998367234
412 1387.3797929647 2045.8640780281
413 1389.0451708028 2129.1781145899
414 1389.9028870974 1984.6982951628
415 1391.2528389731 2023.769560749
416 1396.8565485493 2095.7283686243
417 1399.6599396397 1985.7656055174
418 1399.9518577763 1996.5801104957
419 1400.5055540969 1921.421755592
420 1401.6316145075 2059.5589125082
421 1403.8719156201 2068.3088023249
422 1405.9912951569 1983.5805270837
423 1406.6950387899 2091.0077417623
424 1407.0960869746 1974.708328282
425 1408.4594995903 2015.2433648563
426 1410.9367986025 2117.5914086222
427 1412.3442743102 1981.4381884333
428 1416.5448075561 2001.2514381526
429 1418.1342412035 2042.7135786923
430 1419.6472593389 2082.7124676924
431 1422.2925229343 2059.9706138419
432 1422.8213767484 2004.8552699081
433 1424.9843585893 2062.1918480546
434 1425.5726832906 2009.0686425007
435 1426.2904081544 1958.9982355754
436 1426.5548037924 2270.6029155923
437 1428.8205624648 1967.6595489565
438 1429.8869162118 2057.7540582099
439 1430.1386091016 2090.6255642702
440 1430.4050627388 2142.1851635423
441 1430.7771853669 2011.0703446223
442 1433.4321620943 1979.3224070354
443 1437.1842519652 2064.3175507601
444 1441.4076262617 2024.4854597705
445 1442.9153371234 2086.3666048225
446 1446.3607091498 2006.6193103873
447 1450.2273373608 2023.7219300137
448 1450.3846647632 2033.3471498689
449 1452.494802969 2255.4290345707
450 1453.9706980933 1996.7024927478
451 1455.4714965158 2022.8750161982
452 1460.4313293736 1912.6699456474
453 1466.2492277025 2058.8942228814
454 1471.8551733103 1994.2953529492
455 1473.8773121223 1993.1729376176
456 1475.9454214733 1953.5284151222
457 1478.2218022865 1976.943116295
458 1480.6466623664 1948.2399720343
459 1485.0311649885 2277.6040910031
460 1492.2215290785 2061.3999305652
461 1497.028121148 2097.9236751388
462 1502.382778847 2024.7636231233
463 1503.4261050054 2060.4774306687
464 1507.2526110989 1950.9399757743
465 1507.6279008523 1933.3515250804
466 1509.4758950465 2026.8725031644
467 1510.1431235646 1987.3670567928
468 1513.0559967869 2058.6747556082
469 1521.0441445913 2114.9066960035
470 1524.6501235469 2006.4676592407
471 1524.9360988861 2069.3658205181
472 1526.3909409183 2015.7111875847
473 1528.063646656 2039.3379665822
474 1535.0707108321 2175.8159725967
475 1535.6653225959 2046.2476501492
476 1550.7426601481 2095.8360007218
477 1556.6984091199 2112.1626702244
478 1557.5223195138 2098.6997346634
479 1565.3771824015 2084.2231054908
480 1567.3068905819 1943.2342952767
481 1571.6782789023 2243.8407376256
482 1572.1281104207 2124.7004275266
483 1577.4061466601 1996.8292140487
484 1577.4168299981 1987.3654603454
485 1578.8163356526 2047.6770075414
486 1583.0819438256 2099.6245042752
487 1584.8239204676 2013.4983641865
488 1592.841627403 2046.336259093
489 1599.9156858112 2167.6729373499
490 1601.0163906065 1996.4770334898
491 1602.6377563973 2049.2423504919
492 1608.8584094284 2087.4968848865
493 1618.8863589489 1977.831502054
494 1622.6520467068 2139.9585111297
495 1634.2081098857 2028.4539726793
496 1635.1051483038 2101.7886069615
497 1638.1283899687 2123.6272559789
498 1640.7821035985 2089.7791313101
499 1649.5580057511 2193.4342296848
500 1667.9639133449 2116.3825005025
501 1679.753141339 2221.7433766764
502 1683.0867048352 2069.8571386146
503 1684.3852287631 2127.238258894
504 1719.0237296148 2085.880137263
505 1725.8967356548 2233.2727756248
506 1751.7703270842 2156.8271583848
507 1784.4710336656 2128.4549967971
508 1785.8123005786 2071.8814318929
509 1813.8732230252 2346.9586449302
510 1879.2525225366 2132.5037737775
511 1985.3079423305 2199.2595167873
512 2052.1719614419 2219.7663664398
