0.001390591774163 1 1 1004 0.00099601593625498 0.00099601593625498
0.016241314054342 1 2 1004 0.00099601593625498 0.00199203187250996
0.018533196035004 1 3 1004 0.00099601593625498 0.00298804780876494
0.026719538073396 1 4 1004 0.00099601593625498 0.00398406374501992
0.040371362593513 1 5 1004 0.00099601593625498 0.0049800796812749
0.041140397164437 1 6 1004 0.00099601593625498 0.00597609561752988
0.052820251394499 1 7 1004 0.00099601593625498 0.00697211155378486
0.053319061543322 1 8 1004 0.00099601593625498 0.00796812749003984
0.059366164528468 1 9 1004 0.00099601593625498 0.00896414342629482
0.083021673431043 1 10 1004 0.00099601593625498 0.0099601593625498
0.10204477970493 1 11 1004 0.00099601593625498 0.0109561752988048
0.10950130054876 1 12 1004 0.00099601593625498 0.0119521912350598
0.11694103317555 1 13 1004 0.00099601593625498 0.0129482071713147
0.12174520979633 1 14 1004 0.00099601593625498 0.0139442231075697
0.13474841053764 1 15 1004 0.00099601593625498 0.0149402390438247
0.14544733740864 1 16 1004 0.00099601593625498 0.0159362549800797
0.14589840094014 1 17 1004 0.00099601593625498 0.0169322709163347
0.15779397068741 1 18 1004 0.00099601593625498 0.0179282868525896
0.16876723559343 1 19 1004 0.00099601593625498 0.0189243027888446
0.17548123606286 1 20 1004 0.00099601593625498 0.0199203187250996
0.17857770864769 1 21 1004 0.00099601593625498 0.0209163346613546
0.18434937822258 1 22 1004 0.00099601593625498 0.0219123505976096
0.21302572650299 1 23 1004 0.00099601593625498 0.0229083665338645
0.22968560492151 1 24 1004 0.00099601593625498 0.0239043824701195
0.23246638712602 1 25 1004 0.00099601593625498 0.0249003984063745
0.23509900283794 1 26 1004 0.00099601593625498 0.0258964143426295
0.2604024342753 1 27 1004 0.00099601593625498 0.0268924302788845
0.26456924744176 1 28 1004 0.00099601593625498 0.0278884462151394
0.27252358702282 1 29 1004 0.00099601593625498 0.0288844621513944
0.29127025615814 1 30 1004 0.00099601593625498 0.0298804780876494
0.30263638427415 1 31 1004 0.00099601593625498 0.0308764940239044
0.31264412648138 1 32 1004 0.00099601593625498 0.0318725099601594
0.32870095085608 1 33 1004 0.00099601593625498 0.0328685258964143
0.34689917849246 1 34 1004 0.00099601593625498 0.0338645418326693
0.36249599465082 1 35 1004 0.00099601593625498 0.0348605577689243
0.36342374187622 1 36 1004 0.00099601593625498 0.0358565737051793
0.37439934283278 1 37 1004 0.00099601593625498 0.0368525896414343
0.3787341624501 1 38 1004 0.00099601593625498 0.0378486055776892
0.38531239034703 1 39 1004 0.00099601593625498 0.0388446215139442
0.39539077248047 1 40 1004 0.00099601593625498 0.0398406374501992
0.41906833285463 1 41 1004 0.00099601593625498 0.0408366533864542
0.42030776849285 1 42 1004 0.00099601593625498 0.0418326693227092
0.42147216484396 1 43 1004 0.00099601593625498 0.0428286852589641
0.45911414613941 1 44 1004 0.00099601593625498 0.0438247011952191
0.50682941512283 1 45 1004 0.00099601593625498 0.0448207171314741
0.50960734402485 1 46 1004 0.00099601593625498 0.0458167330677291
0.51069752267166 1 47 1004 0.00099601593625498 0.0468127490039841
0.51759023384232 1 48 1004 0.00099601593625498 0.047808764940239
0.52875460910608 1 49 1004 0.00099601593625498 0.048804780876494
0.53059934797964 1 50 1004 0.00099601593625498 0.049800796812749
0.53362589311475 1 51 1004 0.00099601593625498 0.050796812749004
0.54754554551252 1 52 1004 0.00099601593625498 0.051792828685259
0.56047392817861 1 53 1004 0.00099601593625498 0.0527888446215139
0.56431304581544 1 54 1004 0.00099601593625498 0.0537848605577689
0.58456439684597 1 55 1004 0.00099601593625498 0.0547808764940239
0.59951809493235 1 56 1004 0.00099601593625498 0.0557768924302789
0.60106436041365 1 57 1004 0.00099601593625498 0.0567729083665339
0.62415293698264 1 58 1004 0.00099601593625498 0.0577689243027888
0.66925924584941 1 59 1004 0.00099601593625498 0.0587649402390438
0.67321665701069 1 60 1004 0.00099601593625498 0.0597609561752988
0.68760120991729 1 61 1004 0.00099601593625498 0.0607569721115538
0.70146454711276 1 62 1004 0.00099601593625498 0.0617529880478088
0.70543354392388 1 63 1004 0.00099601593625498 0.0627490039840637
0.70870947162766 1 64 1004 0.00099601593625498 0.0637450199203187
0.7184807366859 1 65 1004 0.00099601593625498 0.0647410358565737
0.73392960852275 1 66 1004 0.00099601593625498 0.0657370517928287
0.74051040971619 1 67 1004 0.00099601593625498 0.0667330677290837
0.75944372686515 1 68 1004 0.00099601593625498 0.0677290836653386
0.77510287211529 1 69 1004 0.00099601593625498 0.0687250996015936
0.77978702500488 1 70 1004 0.00099601593625498 0.0697211155378486
0.80883976442658 1 71 1004 0.00099601593625498 0.0707171314741036
0.81486967651302 1 72 1004 0.00099601593625498 0.0717131474103586
0.82507029909276 1 73 1004 0.00099601593625498 0.0727091633466136
0.82668908630232 1 74 1004 0.00099601593625498 0.0737051792828685
0.84809875682414 1 75 1004 0.00099601593625498 0.0747011952191235
0.86777199048277 1 76 1004 0.00099601593625498 0.0756972111553785
0.88151038276824 1 77 1004 0.00099601593625498 0.0766932270916335
0.88539566450459 1 78 1004 0.00099601593625498 0.0776892430278884
0.90796830149799 1 79 1004 0.00099601593625498 0.0786852589641434
0.91650933990578 1 80 1004 0.00099601593625498 0.0796812749003984
0.93715064996029 1 81 1004 0.00099601593625498 0.0806772908366534
0.94797970301648 1 82 1004 0.00099601593625498 0.0816733067729084
0.97002696659323 1 83 1004 0.00099601593625498 0.0826693227091633
0.98208400011678 1 84 1004 0.00099601593625498 0.0836653386454183
0.98513835647151 1 85 1004 0.00099601593625498 0.0846613545816733
0.98768336876422 1 86 1004 0.00099601593625498 0.0856573705179283
0.98884652543886 1 87 1004 0.00099601593625498 0.0866533864541833
0.99168727811622 1 88 1004 0.00099601593625498 0.0876494023904383
0.99260884264212 1 89 1004 0.00099601593625498 0.0886454183266932
1.0056703023003 1 90 1004 0.00099601593625498 0.0896414342629482
1.0065154146236 1 91 1004 0.00099601593625498 0.0906374501992032
1.010280366162 1 92 1004 0.00099601593625498 0.0916334661354582
1.0144827919585 1 93 1004 0.00099601593625498 0.0926294820717131
1.0189563752089 1 94 1004 0.00099601593625498 0.0936254980079681
1.0240044317536 1 95 1004 0.00099601593625498 0.0946215139442231
1.0256963906325 1 96 1004 0.00099601593625498 0.0956175298804781
1.0338755302586 1 97 1004 0.00099601593625498 0.0966135458167331
1.0460116082952 1 98 1004 0.00099601593625498 0.097609561752988
1.0517740040689 1 99 1004 0.00099601593625498 0.098605577689243
1.0774070004477 1 100 1004 0.00099601593625498 0.099601593625498
1.0870269033736 1 101 1004 0.00099601593625498 0.100597609561753
1.1131979660843 1 102 1004 0.00099601593625498 0.101593625498008
1.1146702568253 1 103 1004 0.00099601593625498 0.102589641434263
1.1187490114516 1 104 1004 0.00099601593625498 0.103585657370518
1.1199141977313 1 105 1004 0.00099601593625498 0.104581673306773
1.1213804846094 1 106 1004 0.00099601593625498 0.105577689243028
1.124549429637 1 107 1004 0.00099601593625498 0.106573705179283
1.1339748003766 1 108 1004 0.00099601593625498 0.107569721115538
1.1368525993686 1 109 1004 0.00099601593625498 0.108565737051793
1.148491355904 1 110 1004 0.00099601593625498 0.109561752988048
1.1520444698572 1 111 1004 0.00099601593625498 0.110557768924303
1.1618062208894 1 112 1004 0.00099601593625498 0.111553784860558
1.1623546695386 1 113 1004 0.00099601593625498 0.112549800796813
1.1701343388761 1 114 1004 0.00099601593625498 0.113545816733068
1.1708083552132 1 115 1004 0.00099601593625498 0.114541832669323
1.198969953465 1 116 1004 0.00099601593625498 0.115537848605578
1.2193028866392 1 117 1004 0.00099601593625498 0.116533864541833
1.243237143506 1 118 1004 0.00099601593625498 0.117529880478088
1.2454259030449 1 119 1004 0.00099601593625498 0.118525896414343
1.2520858204045 1 120 1004 0.00099601593625498 0.119521912350598
1.252208717685 1 121 1004 0.00099601593625498 0.120517928286853
1.2801128815353 1 122 1004 0.00099601593625498 0.121513944223108
1.2834426546361 1 123 1004 0.00099601593625498 0.122509960159363
1.2872336320962 1 124 1004 0.00099601593625498 0.123505976095618
1.322111749883 1 125 1004 0.00099601593625498 0.124501992031873
1.3319234568856 1 126 1004 0.00099601593625498 0.125498007968127
1.3381704115968 1 127 1004 0.00099601593625498 0.126494023904382
1.3418574323894 1 128 1004 0.00099601593625498 0.127490039840637
1.3467842559527 1 129 1004 0.00099601593625498 0.128486055776892
1.3470630825179 1 130 1004 0.00099601593625498 0.129482071713147
1.3488637082382 1 131 1004 0.00099601593625498 0.130478087649402
1.3528394860663 1 132 1004 0.00099601593625498 0.131474103585657
1.3529286732011 1 133 1004 0.00099601593625498 0.132470119521912
1.3549807060516 1 134 1004 0.00099601593625498 0.133466135458167
1.3717542205774 1 135 1004 0.00099601593625498 0.134462151394422
1.3880003330958 1 136 1004 0.00099601593625498 0.135458167330677
1.3917315416628 1 137 1004 0.00099601593625498 0.136454183266932
1.3965468172873 1 138 1004 0.00099601593625498 0.137450199203187
1.415873051825 1 139 1004 0.00099601593625498 0.138446215139442
1.4162371111605 1 140 1004 0.00099601593625498 0.139442231075697
1.4171958172099 1 141 1004 0.00099601593625498 0.140438247011952
1.4175075409733 1 142 1004 0.00099601593625498 0.141434262948207
1.4409362757363 1 143 1004 0.00099601593625498 0.142430278884462
1.4481570008153 1 144 1004 0.00099601593625498 0.143426294820717
1.4573163942418 1 145 1004 0.00099601593625498 0.144422310756972
1.457740414829 1 146 1004 0.00099601593625498 0.145418326693227
1.461997870601 1 147 1004 0.00099601593625498 0.146414342629482
1.4641029888712 1 148 1004 0.00099601593625498 0.147410358565737
1.4676890249162 1 149 1004 0.00099601593625498 0.148406374501992
1.473259171917 1 150 1004 0.00099601593625498 0.149402390438247
1.4773541999616 1 151 1004 0.00099601593625498 0.150398406374502
1.4849622437891 1 152 1004 0.00099601593625498 0.151394422310757
1.4864476636411 1 153 1004 0.00099601593625498 0.152390438247012
1.5049552455606 1 154 1004 0.00099601593625498 0.153386454183267
1.5132986178172 1 155 1004 0.00099601593625498 0.154382470119522
1.5295702090647 1 156 1004 0.00099601593625498 0.155378486055777
1.5443492999578 1 157 1004 0.00099601593625498 0.156374501992032
1.556730540535 1 158 1004 0.00099601593625498 0.157370517928287
1.5646065852283 1 159 1004 0.00099601593625498 0.158366533864542
1.5672328643507 1 160 1004 0.00099601593625498 0.159362549800797
1.5787459914784 1 161 1004 0.00099601593625498 0.160358565737052
1.5859300506251 1 162 1004 0.00099601593625498 0.161354581673307
1.6043542184495 1 163 1004 0.00099601593625498 0.162350597609562
1.6124899815637 1 164 1004 0.00099601593625498 0.163346613545817
1.6136205609131 1 165 1004 0.00099601593625498 0.164342629482072
1.6213565372959 1 166 1004 0.00099601593625498 0.165338645418327
1.6521968118916 1 167 1004 0.00099601593625498 0.166334661354582
1.6530731784227 1 168 1004 0.00099601593625498 0.167330677290837
1.6537620706398 1 169 1004 0.00099601593625498 0.168326693227092
1.6538042804477 1 170 1004 0.00099601593625498 0.169322709163347
1.656777671882 1 171 1004 0.00099601593625498 0.170318725099602
1.6602403889997 1 172 1004 0.00099601593625498 0.171314741035857
1.6681793578109 1 173 1004 0.00099601593625498 0.172310756972112
1.6696783482094 1 174 1004 0.00099601593625498 0.173306772908367
1.7019639285318 1 175 1004 0.00099601593625498 0.174302788844622
1.7259322653377 1 176 1004 0.00099601593625498 0.175298804780877
1.7299628472949 1 177 1004 0.00099601593625498 0.176294820717131
1.7518079909756 1 178 1004 0.00099601593625498 0.177290836653386
1.754546493604 1 179 1004 0.00099601593625498 0.178286852589641
1.7571660110357 1 180 1004 0.00099601593625498 0.179282868525896
1.759597045309 1 181 1004 0.00099601593625498 0.180278884462151
1.7657399627443 1 182 1004 0.00099601593625498 0.181274900398406
1.7750405226665 1 183 1004 0.00099601593625498 0.182270916334661
1.7817796272059 1 184 1004 0.00099601593625498 0.183266932270916
1.7888319395351 1 185 1004 0.00099601593625498 0.184262948207171
1.7902450719441 1 186 1004 0.00099601593625498 0.185258964143426
1.796458384906 1 187 1004 0.00099601593625498 0.186254980079681
1.805149495079 1 188 1004 0.00099601593625498 0.187250996015936
1.810474822557 1 189 1004 0.00099601593625498 0.188247011952191
1.8312640289571 1 190 1004 0.00099601593625498 0.189243027888446
1.8318657549994 1 191 1004 0.00099601593625498 0.190239043824701
1.8375754118002 1 192 1004 0.00099601593625498 0.191235059760956
1.8542614986378 1 193 1004 0.00099601593625498 0.192231075697211
1.8668703772007 1 194 1004 0.00099601593625498 0.193227091633466
1.8735011035563 1 195 1004 0.00099601593625498 0.194223107569721
1.8775702142549 1 196 1004 0.00099601593625498 0.195219123505976
1.8793111601642 1 197 1004 0.00099601593625498 0.196215139442231
1.8931442080182 1 198 1004 0.00099601593625498 0.197211155378486
1.911226529306 1 199 1004 0.00099601593625498 0.198207171314741
1.9155399915582 1 200 1004 0.00099601593625498 0.199203187250996
1.9373635315825 1 201 1004 0.00099601593625498 0.200199203187251
1.9384651939302 1 202 1004 0.00099601593625498 0.201195219123506
1.9426058877875 1 203 1004 0.00099601593625498 0.202191235059761
1.9431347198441 1 204 1004 0.00099601593625498 0.203187250996016
1.9488071067042 1 205 1004 0.00099601593625498 0.204183266932271
1.9716711088437 1 206 1004 0.00099601593625498 0.205179282868526
1.9848569199354 1 207 1004 0.00099601593625498 0.206175298804781
1.9933330852376 1 208 1004 0.00099601593625498 0.207171314741036
1.9976038881709 1 209 1004 0.00099601593625498 0.208167330677291
2.0162251286497 1 210 1004 0.00099601593625498 0.209163346613546
2.0213899033643 1 211 1004 0.00099601593625498 0.210159362549801
2.0240306222063 1 212 1004 0.00099601593625498 0.211155378486056
2.0369844102944 1 213 1004 0.00099601593625498 0.212151394422311
2.0401983026021 1 214 1004 0.00099601593625498 0.213147410358566
2.0515675400684 1 215 1004 0.00099601593625498 0.214143426294821
2.0598097009293 1 216 1004 0.00099601593625498 0.215139442231076
2.1002856406699 1 217 1004 0.00099601593625498 0.216135458167331
2.1106218355447 1 218 1004 0.00099601593625498 0.217131474103586
2.1152304669664 1 219 1004 0.00099601593625498 0.218127490039841
2.1430007434765 1 220 1004 0.00099601593625498 0.219123505976096
2.1441108147487 1 221 1004 0.00099601593625498 0.220119521912351
2.1533113188577 1 222 1004 0.00099601593625498 0.221115537848606
2.1617375307608 1 223 1004 0.00099601593625498 0.222111553784861
2.1813154809612 1 224 1004 0.00099601593625498 0.223107569721116
2.2111657353709 1 225 1004 0.00099601593625498 0.224103585657371
2.2162652273459 1 226 1004 0.00099601593625498 0.225099601593625
2.2275899849899 1 227 1004 0.00099601593625498 0.22609561752988
2.2322456818961 1 228 1004 0.00099601593625498 0.227091633466135
2.2345555040575 1 229 1004 0.00099601593625498 0.22808764940239
2.2426840268955 1 230 1004 0.00099601593625498 0.229083665338645
2.2606923466493 1 231 1004 0.00099601593625498 0.2300796812749
2.2640871614434 1 232 1004 0.00099601593625498 0.231075697211155
2.2778604236709 1 233 1004 0.00099601593625498 0.23207171314741
2.2801162039766 1 234 1004 0.00099601593625498 0.233067729083665
2.3102998538838 1 235 1004 0.00099601593625498 0.23406374501992
2.3141577900497 1 236 1004 0.00099601593625498 0.235059760956175
2.3173238879275 1 237 1004 0.00099601593625498 0.23605577689243
2.3232666597981 1 238 1004 0.00099601593625498 0.237051792828685
2.3303385184776 1 239 1004 0.00099601593625498 0.23804780876494
2.3381842852387 1 240 1004 0.00099601593625498 0.239043824701195
2.3502776736309 1 241 1004 0.00099601593625498 0.24003984063745
2.3556382776993 1 242 1004 0.00099601593625498 0.241035856573705
2.3561802600023 1 243 1004 0.00099601593625498 0.24203187250996
2.3848148469927 1 244 1004 0.00099601593625498 0.243027888446215
2.4077823482772 1 245 1004 0.00099601593625498 0.24402390438247
2.4152177543507 1 246 1004 0.00099601593625498 0.245019920318725
2.4214333463047 1 247 1004 0.00099601593625498 0.24601593625498
2.4233747056834 1 248 1004 0.00099601593625498 0.247011952191235
2.4294139954114 1 249 1004 0.00099601593625498 0.24800796812749
2.4588877502786 1 250 1004 0.00099601593625498 0.249003984063745
2.4673232188183 1 251 1004 0.00099601593625498 0.25
2.4715286613581 1 252 1004 0.00099601593625498 0.250996015936255
2.4844428834046 1 253 1004 0.00099601593625498 0.25199203187251
2.5162567855909 1 254 1004 0.00099601593625498 0.252988047808765
2.523060189102 1 255 1004 0.00099601593625498 0.25398406374502
2.5300590154085 1 256 1004 0.00099601593625498 0.254980079681275
2.5449593940561 1 257 1004 0.00099601593625498 0.25597609561753
2.5492787362752 1 258 1004 0.00099601593625498 0.256972111553785
2.5630631497442 1 259 1004 0.00099601593625498 0.25796812749004
2.5729085570265 1 260 1004 0.00099601593625498 0.258964143426295
2.5824648485538 1 261 1004 0.00099601593625498 0.25996015936255
2.5851071323678 1 262 1004 0.00099601593625498 0.260956175298805
2.5957414133463 1 263 1004 0.00099601593625498 0.26195219123506
2.6094028050561 1 264 1004 0.00099601593625498 0.262948207171315
2.6170901331926 1 265 1004 0.00099601593625498 0.26394422310757
2.6177006120259 1 266 1004 0.00099601593625498 0.264940239043825
2.6325464353199 1 267 1004 0.00099601593625498 0.26593625498008
2.634554050761 1 268 1004 0.00099601593625498 0.266932270916335
2.6395768843748 1 269 1004 0.00099601593625498 0.26792828685259
2.6472552581895 1 270 1004 0.00099601593625498 0.268924302788845
2.6519160212599 1 271 1004 0.00099601593625498 0.2699203187251
2.6643578186903 1 272 1004 0.00099601593625498 0.270916334661355
2.693987102451 1 273 1004 0.00099601593625498 0.27191235059761
2.7003750314413 1 274 1004 0.00099601593625498 0.272908366533865
2.7044359142346 1 275 1004 0.00099601593625498 0.27390438247012
2.706688748566 1 276 1004 0.00099601593625498 0.274900398406374
2.7215587806714 1 277 1004 0.00099601593625498 0.275896414342629
2.7370185675178 1 278 1004 0.00099601593625498 0.276892430278884
2.7401211460476 1 279 1004 0.00099601593625498 0.277888446215139
2.7436212252994 1 280 1004 0.00099601593625498 0.278884462151394
2.7552383667086 1 281 1004 0.00099601593625498 0.279880478087649
2.7627173222113 1 282 1004 0.00099601593625498 0.280876494023904
2.7721974216979 1 283 1004 0.00099601593625498 0.281872509960159
2.774823609445 1 284 1004 0.00099601593625498 0.282868525896414
2.7929626301274 1 285 1004 0.00099601593625498 0.283864541832669
2.7993722887938 1 286 1004 0.00099601593625498 0.284860557768924
2.808402305705 1 287 1004 0.00099601593625498 0.285856573705179
2.8545759534305 1 288 1004 0.00099601593625498 0.286852589641434
2.8591062366548 1 289 1004 0.00099601593625498 0.287848605577689
2.8702175285769 1 290 1004 0.00099601593625498 0.288844621513944
2.8829911479174 1 291 1004 0.00099601593625498 0.289840637450199
2.9071584132836 1 292 1004 0.00099601593625498 0.290836653386454
2.9147738947321 1 293 1004 0.00099601593625498 0.291832669322709
2.9489072432987 1 294 1004 0.00099601593625498 0.292828685258964
2.9553309557293 1 295 1004 0.00099601593625498 0.293824701195219
2.9914358652732 1 296 1004 0.00099601593625498 0.294820717131474
2.9924750953119 1 297 1004 0.00099601593625498 0.295816733067729
2.9988815651398 1 298 1004 0.00099601593625498 0.296812749003984
3.0219389827664 1 299 1004 0.00099601593625498 0.297808764940239
3.0437695081513 1 300 1004 0.00099601593625498 0.298804780876494
3.0439606407925 1 301 1004 0.00099601593625498 0.299800796812749
3.0782507046028 1 302 1004 0.00099601593625498 0.300796812749004
3.0791611655012 1 303 1004 0.00099601593625498 0.301792828685259
3.1018770277685 1 304 1004 0.00099601593625498 0.302788844621514
3.109577651447 1 305 1004 0.00099601593625498 0.303784860557769
3.1414664162602 1 306 1004 0.00099601593625498 0.304780876494024
3.1675162810277 1 307 1004 0.00099601593625498 0.305776892430279
3.1882012842045 1 308 1004 0.00099601593625498 0.306772908366534
3.1887472224036 1 309 1004 0.00099601593625498 0.307768924302789
3.1889182864308 1 310 1004 0.00099601593625498 0.308764940239044
3.1958481147693 1 311 1004 0.00099601593625498 0.309760956175299
3.206421504292 1 312 1004 0.00099601593625498 0.310756972111554
3.2246818340484 1 313 1004 0.00099601593625498 0.311752988047809
3.2361816701847 1 314 1004 0.00099601593625498 0.312749003984064
3.2387283014662 1 315 1004 0.00099601593625498 0.313745019920319
3.26661365187 1 316 1004 0.00099601593625498 0.314741035856574
3.2800355592445 1 317 1004 0.00099601593625498 0.315737051792829
3.2826051166037 1 318 1004 0.00099601593625498 0.316733067729084
3.2865603671497 1 319 1004 0.00099601593625498 0.317729083665339
3.31522454117 1 320 1004 0.00099601593625498 0.318725099601594
3.3190498830265 1 321 1004 0.00099601593625498 0.319721115537849
3.3260825428853 1 322 1004 0.00099601593625498 0.320717131474104
3.3376347463095 1 323 1004 0.00099601593625498 0.321713147410359
3.3474691281696 1 324 1004 0.00099601593625498 0.322709163346614
3.3900616285963 1 325 1004 0.00099601593625498 0.323705179282869
3.3966867604786 1 326 1004 0.00099601593625498 0.324701195219123
3.4025116100883 1 327 1004 0.00099601593625498 0.325697211155378
3.4075433512617 1 328 1004 0.00099601593625498 0.326693227091633
3.4386060254951 1 329 1004 0.00099601593625498 0.327689243027888
3.4395137502487 1 330 1004 0.00099601593625498 0.328685258964143
3.4489058620176 1 331 1004 0.00099601593625498 0.329681274900398
3.464659253374 1 332 1004 0.00099601593625498 0.330677290836653
3.4678919218995 1 333 1004 0.00099601593625498 0.331673306772908
3.4730337344656 1 334 1004 0.00099601593625498 0.332669322709163
3.4764107228623 1 335 1004 0.00099601593625498 0.333665338645418
3.4920360186976 1 336 1004 0.00099601593625498 0.334661354581673
3.5047338495076 1 337 1004 0.00099601593625498 0.335657370517928
3.5190179428252 1 338 1004 0.00099601593625498 0.336653386454183
3.5389595292483 1 339 1004 0.00099601593625498 0.337649402390438
3.5510870600075 1 340 1004 0.00099601593625498 0.338645418326693
3.5568238621542 1 341 1004 0.00099601593625498 0.339641434262948
3.5665892116589 1 342 1004 0.00099601593625498 0.340637450199203
3.5681368818934 1 343 1004 0.00099601593625498 0.341633466135458
3.5709797574151 1 344 1004 0.00099601593625498 0.342629482071713
3.5731131780357 1 345 1004 0.00099601593625498 0.343625498007968
3.5743223709053 1 346 1004 0.00099601593625498 0.344621513944223
3.5919763113485 1 347 1004 0.00099601593625498 0.345617529880478
3.6456775277532 1 348 1004 0.00099601593625498 0.346613545816733
3.6515077976597 1 349 1004 0.00099601593625498 0.347609561752988
3.6658904366683 1 350 1004 0.00099601593625498 0.348605577689243
3.6715901681868 1 351 1004 0.00099601593625498 0.349601593625498
3.6795228853715 1 352 1004 0.00099601593625498 0.350597609561753
3.7275087185093 1 353 1004 0.00099601593625498 0.351593625498008
3.7341818000256 1 354 1004 0.00099601593625498 0.352589641434263
3.7368270103246 1 355 1004 0.00099601593625498 0.353585657370518
3.7374414614585 1 356 1004 0.00099601593625498 0.354581673306773
3.7410565264729 1 357 1004 0.00099601593625498 0.355577689243028
3.7413880709641 1 358 1004 0.00099601593625498 0.356573705179283
3.7748505877139 1 359 1004 0.00099601593625498 0.357569721115538
3.7756733571972 1 360 1004 0.00099601593625498 0.358565737051793
3.8189246686514 1 361 1004 0.00099601593625498 0.359561752988048
3.8472085988677 1 362 1004 0.00099601593625498 0.360557768924303
3.8541840400829 1 363 1004 0.00099601593625498 0.361553784860558
3.8866553456277 1 364 1004 0.00099601593625498 0.362549800796813
3.8960053325187 1 365 1004 0.00099601593625498 0.363545816733068
3.9164117904042 1 366 1004 0.00099601593625498 0.364541832669323
3.9178969044451 1 367 1004 0.00099601593625498 0.365537848605578
3.9285041849609 1 368 1004 0.00099601593625498 0.366533864541833
3.9370517657349 1 369 1004 0.00099601593625498 0.367529880478088
3.9654413939569 1 370 1004 0.00099601593625498 0.368525896414343
3.9871335883125 1 371 1004 0.00099601593625498 0.369521912350598
4.0003255925118 1 372 1004 0.00099601593625498 0.370517928286853
4.0510068191473 1 373 1004 0.00099601593625498 0.371513944223108
4.0586141834778 1 374 1004 0.00099601593625498 0.372509960159363
4.0757264882624 1 375 1004 0.00099601593625498 0.373505976095618
4.0786647962128 1 376 1004 0.00099601593625498 0.374501992031873
4.111041703533 1 377 1004 0.00099601593625498 0.375498007968127
4.1334700543283 1 378 1004 0.00099601593625498 0.376494023904382
4.1671634015288 1 379 1004 0.00099601593625498 0.377490039840637
4.1707493427753 1 380 1004 0.00099601593625498 0.378486055776892
4.1818567412553 1 381 1004 0.00099601593625498 0.379482071713147
4.1874560379316 1 382 1004 0.00099601593625498 0.380478087649402
4.1952990396086 1 383 1004 0.00099601593625498 0.381474103585657
4.2239598937434 1 384 1004 0.00099601593625498 0.382470119521912
4.2252785361975 1 385 1004 0.00099601593625498 0.383466135458167
4.2332492542108 1 386 1004 0.00099601593625498 0.384462151394422
4.2342255877302 1 387 1004 0.00099601593625498 0.385458167330677
4.2446778216407 1 388 1004 0.00099601593625498 0.386454183266932
4.2707827741781 1 389 1004 0.00099601593625498 0.387450199203187
4.2708781481764 1 390 1004 0.00099601593625498 0.388446215139442
4.2739362546464 1 391 1004 0.00099601593625498 0.389442231075697
4.27890403636 1 392 1004 0.00099601593625498 0.390438247011952
4.2892579504653 1 393 1004 0.00099601593625498 0.391434262948207
4.3232637614172 1 394 1004 0.00099601593625498 0.392430278884462
4.3868616557691 1 395 1004 0.00099601593625498 0.393426294820717
4.4090932981815 1 396 1004 0.00099601593625498 0.394422310756972
4.4171441263066 1 397 1004 0.00099601593625498 0.395418326693227
4.4230046967642 1 398 1004 0.00099601593625498 0.396414342629482
4.4315976628131 1 399 1004 0.00099601593625498 0.397410358565737
4.4338389729442 1 400 1004 0.00099601593625498 0.398406374501992
4.4535973836331 1 401 1004 0.00099601593625498 0.399402390438247
4.4675359758914 1 402 1004 0.00099601593625498 0.400398406374502
4.471485846057 1 403 1004 0.00099601593625498 0.401394422310757
4.487413750373 1 404 1004 0.00099601593625498 0.402390438247012
4.4937135835506 1 405 1004 0.00099601593625498 0.403386454183267
4.5125671389703 1 406 1004 0.00099601593625498 0.404382470119522
4.51988117686 1 407 1004 0.00099601593625498 0.405378486055777
4.5204937625227 1 408 1004 0.00099601593625498 0.406374501992032
4.5208190188021 1 409 1004 0.00099601593625498 0.407370517928287
4.5226743805216 1 410 1004 0.00099601593625498 0.408366533864542
4.5355830580599 1 411 1004 0.00099601593625498 0.409362549800797
4.536155735895 1 412 1004 0.00099601593625498 0.410358565737052
4.5394772465194 1 413 1004 0.00099601593625498 0.411354581673307
4.5406524153932 1 414 1004 0.00099601593625498 0.412350597609562
4.590103845061 1 415 1004 0.00099601593625498 0.413346613545817
4.6532111932884 1 416 1004 0.00099601593625498 0.414342629482072
4.6753703168879 1 417 1004 0.00099601593625498 0.415338645418327
4.6879875958762 1 418 1004 0.00099601593625498 0.416334661354582
4.6890636796994 1 419 1004 0.00099601593625498 0.417330677290837
4.7334848604824 1 420 1004 0.00099601593625498 0.418326693227092
4.758325265688 1 421 1004 0.00099601593625498 0.419322709163347
4.7597971353191 1 422 1004 0.00099601593625498 0.420318725099602
4.79213043771 1 423 1004 0.00099601593625498 0.421314741035857
4.7930497740913 1 424 1004 0.00099601593625498 0.422310756972112
4.8094344868553 1 425 1004 0.00099601593625498 0.423306772908367
4.8433929167401 1 426 1004 0.00099601593625498 0.424302788844622
4.8442711505807 1 427 1004 0.00099601593625498 0.425298804780877
4.8628916735749 1 428 1004 0.00099601593625498 0.426294820717131
4.8693400209457 1 429 1004 0.00099601593625498 0.427290836653386
4.8707415964645 1 430 1004 0.00099601593625498 0.428286852589641
4.903626518775 1 431 1004 0.00099601593625498 0.429282868525896
4.9138950841996 1 432 1004 0.00099601593625498 0.430278884462151
4.9143438315444 1 433 1004 0.00099601593625498 0.431274900398406
4.9176326786722 1 434 1004 0.00099601593625498 0.432270916334661
4.9239974219298 1 435 1004 0.00099601593625498 0.433266932270916
4.9403010832639 1 436 1004 0.00099601593625498 0.434262948207171
4.9499150836762 1 437 1004 0.00099601593625498 0.435258964143426
4.956141521966 1 438 1004 0.00099601593625498 0.436254980079681
4.9721581931878 1 439 1004 0.00099601593625498 0.437250996015936
4.9731413279422 1 440 1004 0.00099601593625498 0.438247011952191
4.9931194932539 1 441 1004 0.00099601593625498 0.439243027888446
5.041692660228 1 442 1004 0.00099601593625498 0.440239043824701
5.0423282457051 1 443 1004 0.00099601593625498 0.441235059760956
5.0433866102786 1 444 1004 0.00099601593625498 0.442231075697211
5.0514490285521 1 445 1004 0.00099601593625498 0.443227091633466
5.1145673493532 1 446 1004 0.00099601593625498 0.444223107569721
5.1384713442998 1 447 1004 0.00099601593625498 0.445219123505976
5.1395006254434 1 448 1004 0.00099601593625498 0.446215139442231
5.1504990070583 1 449 1004 0.00099601593625498 0.447211155378486
5.1532140375326 1 450 1004 0.00099601593625498 0.448207171314741
5.1662380140345 1 451 1004 0.00099601593625498 0.449203187250996
5.2053056095982 1 452 1004 0.00099601593625498 0.450199203187251
5.2064980975568 1 453 1004 0.00099601593625498 0.451195219123506
5.2101699401468 1 454 1004 0.00099601593625498 0.452191235059761
5.2149884630062 1 455 1004 0.00099601593625498 0.453187250996016
5.2181377836035 1 456 1004 0.00099601593625498 0.454183266932271
5.220669515995 1 457 1004 0.00099601593625498 0.455179282868526
5.2226723293138 1 458 1004 0.00099601593625498 0.456175298804781
5.2355783324131 1 459 1004 0.00099601593625498 0.457171314741036
5.2435065706421 1 460 1004 0.00099601593625498 0.458167330677291
5.254032604091 1 461 1004 0.00099601593625498 0.459163346613546
5.2798326582055 1 462 1004 0.00099601593625498 0.460159362549801
5.2949542280267 1 463 1004 0.00099601593625498 0.461155378486056
5.3176026671399 1 464 1004 0.00099601593625498 0.462151394422311
5.338832439968 1 465 1004 0.00099601593625498 0.463147410358566
5.3520249075795 1 466 1004 0.00099601593625498 0.464143426294821
5.3592814674931 1 467 1004 0.00099601593625498 0.465139442231076
5.3744285367071 1 468 1004 0.00099601593625498 0.466135458167331
5.3762908354241 1 469 1004 0.00099601593625498 0.467131474103586
5.3886875544982 1 470 1004 0.00099601593625498 0.468127490039841
5.4074586954696 1 471 1004 0.00099601593625498 0.469123505976096
5.4180908689585 1 472 1004 0.00099601593625498 0.470119521912351
5.4301433718966 1 473 1004 0.00099601593625498 0.471115537848606
5.4380758813696 1 474 1004 0.00099601593625498 0.472111553784861
5.4536160908077 1 475 1004 0.00099601593625498 0.473107569721116
5.453919579107 1 476 1004 0.00099601593625498 0.474103585657371
5.4877597656049 1 477 1004 0.00099601593625498 0.475099601593626
5.4923256481173 1 478 1004 0.00099601593625498 0.47609561752988
5.5201799863199 1 479 1004 0.00099601593625498 0.477091633466135
5.5222442144138 1 480 1004 0.00099601593625498 0.47808764940239
5.5268928263349 1 481 1004 0.00099601593625498 0.479083665338645
5.5535360641328 1 482 1004 0.00099601593625498 0.4800796812749
5.5595979514228 1 483 1004 0.00099601593625498 0.481075697211155
5.5603161199557 1 484 1004 0.00099601593625498 0.48207171314741
5.5863408532377 1 485 1004 0.00099601593625498 0.483067729083665
5.5925560510593 1 486 1004 0.00099601593625498 0.48406374501992
5.5960337342406 1 487 1004 0.00099601593625498 0.485059760956175
5.6095390285833 1 488 1004 0.00099601593625498 0.48605577689243
5.6531537150756 1 489 1004 0.00099601593625498 0.487051792828685
5.6641806561676 1 490 1004 0.00099601593625498 0.48804780876494
5.6817536442715 1 491 1004 0.00099601593625498 0.489043824701195
5.6842620586158 1 492 1004 0.00099601593625498 0.49003984063745
5.6965547547833 1 493 1004 0.00099601593625498 0.491035856573705
5.6990525853605 1 494 1004 0.00099601593625498 0.49203187250996
5.7174779003889 1 495 1004 0.00099601593625498 0.493027888446215
5.728632741607 1 496 1004 0.00099601593625498 0.49402390438247
5.7629390707044 1 497 1004 0.00099601593625498 0.495019920318725
5.7809686476807 1 498 1004 0.00099601593625498 0.49601593625498
5.7894362685326 1 499 1004 0.00099601593625498 0.497011952191235
5.808443225454 1 500 1004 0.00099601593625498 0.49800796812749
5.820439704341 1 501 1004 0.00099601593625498 0.499003984063745
5.8318083385078 1 502 1004 0.00099601593625498 0.5
5.8321137672015 1 503 1004 0.00099601593625498 0.500996015936255
5.8761997043248 1 504 1004 0.00099601593625498 0.50199203187251
5.8791882488514 1 505 1004 0.00099601593625498 0.502988047808765
5.8969640444225 1 506 1004 0.00099601593625498 0.50398406374502
5.9070005971549 1 507 1004 0.00099601593625498 0.504980079681275
5.923160771621 1 508 1004 0.00099601593625498 0.50597609561753
5.9535635900018 1 509 1004 0.00099601593625498 0.506972111553785
5.9762100854959 1 510 1004 0.00099601593625498 0.50796812749004
5.9868241418474 1 511 1004 0.00099601593625498 0.508964143426295
5.9898771238446 1 512 1004 0.00099601593625498 0.50996015936255
5.9935301792687 1 513 1004 0.00099601593625498 0.510956175298805
6.0028468887049 1 514 1004 0.00099601593625498 0.51195219123506
6.0129171894339 1 515 1004 0.00099601593625498 0.512948207171315
6.0161566781888 1 516 1004 0.00099601593625498 0.51394422310757
6.0249159672056 1 517 1004 0.00099601593625498 0.514940239043825
6.0432312623635 1 518 1004 0.00099601593625498 0.51593625498008
6.0633967474739 1 519 1004 0.00099601593625498 0.516932270916335
6.0908515109091 1 520 1004 0.00099601593625498 0.51792828685259
6.0948689417659 1 521 1004 0.00099601593625498 0.518924302788845
6.0951327732141 1 522 1004 0.00099601593625498 0.5199203187251
6.0961842765574 1 523 1004 0.00099601593625498 0.520916334661355
6.1030189431494 1 524 1004 0.00099601593625498 0.52191235059761
6.1121577320337 1 525 1004 0.00099601593625498 0.522908366533865
6.1206862081804 1 526 1004 0.00099601593625498 0.52390438247012
6.1340901979934 1 527 1004 0.00099601593625498 0.524900398406374
6.1539859211694 1 528 1004 0.00099601593625498 0.525896414342629
6.15441848618 1 529 1004 0.00099601593625498 0.526892430278884
6.1793146565833 1 530 1004 0.00099601593625498 0.527888446215139
6.2178580703336 1 531 1004 0.00099601593625498 0.528884462151394
6.2450678870652 1 532 1004 0.00099601593625498 0.529880478087649
6.2468446450133 1 533 1004 0.00099601593625498 0.530876494023904
6.268883451765 1 534 1004 0.00099601593625498 0.531872509960159
6.2737459319462 1 535 1004 0.00099601593625498 0.532868525896414
6.2752759389786 1 536 1004 0.00099601593625498 0.533864541832669
6.2898444569705 1 537 1004 0.00099601593625498 0.534860557768924
6.3093145762213 1 538 1004 0.00099601593625498 0.535856573705179
6.3117741818362 1 539 1004 0.00099601593625498 0.536852589641434
6.3676807645606 1 540 1004 0.00099601593625498 0.537848605577689
6.395247268123 1 541 1004 0.00099601593625498 0.538844621513944
6.3969362933919 1 542 1004 0.00099601593625498 0.539840637450199
6.3974888733251 1 543 1004 0.00099601593625498 0.540836653386454
6.3980009151483 1 544 1004 0.00099601593625498 0.541832669322709
6.3982856142593 1 545 1004 0.00099601593625498 0.542828685258964
6.4407504540451 1 546 1004 0.00099601593625498 0.543824701195219
6.4548779557418 1 547 1004 0.00099601593625498 0.544820717131474
6.4672047733271 1 548 1004 0.00099601593625498 0.545816733067729
6.4703280182136 1 549 1004 0.00099601593625498 0.546812749003984
6.4967269062304 1 550 1004 0.00099601593625498 0.547808764940239
6.5028540192149 1 551 1004 0.00099601593625498 0.548804780876494
6.514875225246 1 552 1004 0.00099601593625498 0.549800796812749
6.5158937097527 1 553 1004 0.00099601593625498 0.550796812749004
6.5166758105125 1 554 1004 0.00099601593625498 0.551792828685259
6.5558130710367 1 555 1004 0.00099601593625498 0.552788844621514
6.5603052420327 1 556 1004 0.00099601593625498 0.553784860557769
6.5872091771961 1 557 1004 0.00099601593625498 0.554780876494024
6.6014043049636 1 558 1004 0.00099601593625498 0.555776892430279
6.6080587408562 1 559 1004 0.00099601593625498 0.556772908366534
6.6083549732878 1 560 1004 0.00099601593625498 0.557768924302789
6.6436397617036 1 561 1004 0.00099601593625498 0.558764940239044
6.6445002916859 1 562 1004 0.00099601593625498 0.559760956175299
6.6706443957878 1 563 1004 0.00099601593625498 0.560756972111554
6.6759909831734 1 564 1004 0.00099601593625498 0.561752988047809
6.6834982246108 1 565 1004 0.00099601593625498 0.562749003984064
6.6874448867798 1 566 1004 0.00099601593625498 0.563745019920319
6.6883437988791 1 567 1004 0.00099601593625498 0.564741035856574
6.6984703346775 1 568 1004 0.00099601593625498 0.565737051792829
6.7124036676651 1 569 1004 0.00099601593625498 0.566733067729084
6.7172023141625 1 570 1004 0.00099601593625498 0.567729083665339
6.7201493526378 1 571 1004 0.00099601593625498 0.568725099601594
6.7243901883051 1 572 1004 0.00099601593625498 0.569721115537849
6.7503553848727 1 573 1004 0.00099601593625498 0.570717131474104
6.7536796401287 1 574 1004 0.00099601593625498 0.571713147410359
6.7690394920632 1 575 1004 0.00099601593625498 0.572709163346614
6.7890397158214 1 576 1004 0.00099601593625498 0.573705179282869
6.7904431915587 1 577 1004 0.00099601593625498 0.574701195219124
6.7908679254871 1 578 1004 0.00099601593625498 0.575697211155379
6.82810958406 1 579 1004 0.00099601593625498 0.576693227091634
6.829880169049 1 580 1004 0.00099601593625498 0.577689243027888
6.8382296054107 1 581 1004 0.00099601593625498 0.578685258964143
6.8414415441798 1 582 1004 0.00099601593625498 0.579681274900398
6.8428651973126 1 583 1004 0.00099601593625498 0.580677290836653
6.8461407370412 1 584 1004 0.00099601593625498 0.581673306772908
6.8483036537545 1 585 1004 0.00099601593625498 0.582669322709163
6.8575990345005 1 586 1004 0.00099601593625498 0.583665338645418
6.8667186752585 1 587 1004 0.00099601593625498 0.584661354581673
6.8976898426378 1 588 1004 0.00099601593625498 0.585657370517928
6.902264612116 1 589 1004 0.00099601593625498 0.586653386454183
6.9280189797963 1 590 1004 0.00099601593625498 0.587649402390438
6.9286494394422 1 591 1004 0.00099601593625498 0.588645418326693
6.9292166929764 1 592 1004 0.00099601593625498 0.589641434262948
6.9328904009312 1 593 1004 0.00099601593625498 0.590637450199203
6.9403423318731 1 594 1004 0.00099601593625498 0.591633466135458
6.9529752302708 1 595 1004 0.00099601593625498 0.592629482071713
6.9793538227823 1 596 1004 0.00099601593625498 0.593625498007968
6.9858010283378 1 597 1004 0.00099601593625498 0.594621513944223
6.9898252891599 1 598 1004 0.00099601593625498 0.595617529880478
6.9957499837837 1 599 1004 0.00099601593625498 0.596613545816733
7.0123838155767 1 600 1004 0.00099601593625498 0.597609561752988
7.013856948238 1 601 1004 0.00099601593625498 0.598605577689243
7.022906952185 1 602 1004 0.00099601593625498 0.599601593625498
7.0277298573618 1 603 1004 0.00099601593625498 0.600597609561753
7.0788600892027 1 604 1004 0.00099601593625498 0.601593625498008
7.1018056737801 1 605 1004 0.00099601593625498 0.602589641434263
7.1200645428282 1 606 1004 0.00099601593625498 0.603585657370518
7.1209945035401 1 607 1004 0.00099601593625498 0.604581673306773
7.1415617293272 1 608 1004 0.00099601593625498 0.605577689243028
7.1707997362442 1 609 1004 0.00099601593625498 0.606573705179283
7.1850449284968 1 610 1004 0.00099601593625498 0.607569721115538
7.218293202685 1 611 1004 0.00099601593625498 0.608565737051793
7.2215785643664 1 612 1004 0.00099601593625498 0.609561752988048
7.2287144233591 1 613 1004 0.00099601593625498 0.610557768924303
7.2305511106799 1 614 1004 0.00099601593625498 0.611553784860558
7.279581600549 1 615 1004 0.00099601593625498 0.612549800796813
7.2950599783673 1 616 1004 0.00099601593625498 0.613545816733068
7.2998216033366 1 617 1004 0.00099601593625498 0.614541832669323
7.3130683788501 1 618 1004 0.00099601593625498 0.615537848605578
7.3413811597915 1 619 1004 0.00099601593625498 0.616533864541833
7.3673341012978 1 620 1004 0.00099601593625498 0.617529880478088
7.3775770320487 1 621 1004 0.00099601593625498 0.618525896414343
7.3937460361236 1 622 1004 0.00099601593625498 0.619521912350598
7.4029764515464 1 623 1004 0.00099601593625498 0.620517928286853
7.4051017183505 1 624 1004 0.00099601593625498 0.621513944223108
7.4118035362322 1 625 1004 0.00099601593625498 0.622509960159363
7.5180867137126 1 626 1004 0.00099601593625498 0.623505976095618
7.5354715601792 1 627 1004 0.00099601593625498 0.624501992031873
7.549128090002 1 628 1004 0.00099601593625498 0.625498007968127
7.5563938381582 1 629 1004 0.00099601593625498 0.626494023904382
7.5600576870308 1 630 1004 0.00099601593625498 0.627490039840637
7.565097012361 1 631 1004 0.00099601593625498 0.628486055776892
7.6003906163267 1 632 1004 0.00099601593625498 0.629482071713147
7.6062721183585 1 633 1004 0.00099601593625498 0.630478087649402
7.6117675938944 1 634 1004 0.00099601593625498 0.631474103585657
7.6191441195995 1 635 1004 0.00099601593625498 0.632470119521912
7.6342826619907 1 636 1004 0.00099601593625498 0.633466135458167
7.6367547267309 1 637 1004 0.00099601593625498 0.634462151394422
7.6407864349459 1 638 1004 0.00099601593625498 0.635458167330677
7.6567822367746 1 639 1004 0.00099601593625498 0.636454183266932
7.6652324810635 1 640 1004 0.00099601593625498 0.637450199203187
7.6727721150447 1 641 1004 0.00099601593625498 0.638446215139442
7.6784561873116 1 642 1004 0.00099601593625498 0.639442231075697
7.7155077156782 1 643 1004 0.00099601593625498 0.640438247011952
7.729183469811 1 644 1004 0.00099601593625498 0.641434262948207
7.7310098021522 1 645 1004 0.00099601593625498 0.642430278884462
7.733743865972 1 646 1004 0.00099601593625498 0.643426294820717
7.7359840085894 1 647 1004 0.00099601593625498 0.644422310756972
7.7394967817957 1 648 1004 0.00099601593625498 0.645418326693227
7.7425090062815 1 649 1004 0.00099601593625498 0.646414342629482
7.7665925905982 1 650 1004 0.00099601593625498 0.647410358565737
7.768342317127 1 651 1004 0.00099601593625498 0.648406374501992
7.8161065353183 1 652 1004 0.00099601593625498 0.649402390438247
7.8304798574318 1 653 1004 0.00099601593625498 0.650398406374502
7.8371453353125 1 654 1004 0.00099601593625498 0.651394422310757
7.8518902797012 1 655 1004 0.00099601593625498 0.652390438247012
7.9105639713774 1 656 1004 0.00099601593625498 0.653386454183267
7.9222303977409 1 657 1004 0.00099601593625498 0.654382470119522
7.9325747234472 1 658 1004 0.00099601593625498 0.655378486055777
7.9461328262505 1 659 1004 0.00099601593625498 0.656374501992032
7.9650209291475 1 660 1004 0.00099601593625498 0.657370517928287
7.9720744430792 1 661 1004 0.00099601593625498 0.658366533864542
7.9903225786221 1 662 1004 0.00099601593625498 0.659362549800797
8.0143588371334 1 663 1004 0.00099601593625498 0.660358565737052
8.0651336457167 1 664 1004 0.00099601593625498 0.661354581673307
8.0683872886783 1 665 1004 0.00099601593625498 0.662350597609562
8.0759987384661 1 666 1004 0.00099601593625498 0.663346613545817
8.0762991855933 1 667 1004 0.00099601593625498 0.664342629482072
8.0868711363716 1 668 1004 0.00099601593625498 0.665338645418327
8.0903653266457 1 669 1004 0.00099601593625498 0.666334661354582
8.1121724039611 1 670 1004 0.00099601593625498 0.667330677290837
8.1192839114223 1 671 1004 0.00099601593625498 0.668326693227092
8.135818679185 1 672 1004 0.00099601593625498 0.669322709163347
8.145598830566 1 673 1004 0.00099601593625498 0.670318725099602
8.1522698262586 1 674 1004 0.00099601593625498 0.671314741035857
8.1538224364352 1 675 1004 0.00099601593625498 0.672310756972112
8.1605534662608 1 676 1004 0.00099601593625498 0.673306772908366
8.1646029271533 1 677 1004 0.00099601593625498 0.674302788844621
8.1707436330827 1 678 1004 0.00099601593625498 0.675298804780876
8.1725996069368 1 679 1004 0.00099601593625498 0.676294820717131
8.1758846691897 1 680 1004 0.00099601593625498 0.677290836653386
8.2142518981012 1 681 1004 0.00099601593625498 0.678286852589641
8.2638958082494 1 682 1004 0.00099601593625498 0.679282868525896
8.2724749571421 1 683 1004 0.00099601593625498 0.680278884462151
8.2757017206678 1 684 1004 0.00099601593625498 0.681274900398406
8.2844776580262 1 685 1004 0.00099601593625498 0.682270916334661
8.2868096698362 1 686 1004 0.00099601593625498 0.683266932270916
8.2882473901232 1 687 1004 0.00099601593625498 0.684262948207171
8.298510505118 1 688 1004 0.00099601593625498 0.685258964143426
8.3105604449699 1 689 1004 0.00099601593625498 0.686254980079681
8.3307555886583 1 690 1004 0.00099601593625498 0.687250996015936
8.3309776235205 1 691 1004 0.00099601593625498 0.688247011952191
8.3384152347034 1 692 1004 0.00099601593625498 0.689243027888446
8.3537694762786 1 693 1004 0.00099601593625498 0.690239043824701
8.3567690735464 1 694 1004 0.00099601593625498 0.691235059760956
8.358175498213 1 695 1004 0.00099601593625498 0.692231075697211
8.3657853730541 1 696 1004 0.00099601593625498 0.693227091633466
8.3690551330705 1 697 1004 0.00099601593625498 0.694223107569721
8.3730375062487 1 698 1004 0.00099601593625498 0.695219123505976
8.3737940413138 1 699 1004 0.00099601593625498 0.696215139442231
8.382816560672 1 700 1004 0.00099601593625498 0.697211155378486
8.4015325923541 1 701 1004 0.00099601593625498 0.698207171314741
8.4206959176227 1 702 1004 0.00099601593625498 0.699203187250996
8.425927302907 1 703 1004 0.00099601593625498 0.700199203187251
8.4275826449764 1 704 1004 0.00099601593625498 0.701195219123506
8.4276871863547 1 705 1004 0.00099601593625498 0.702191235059761
8.433886300465 1 706 1004 0.00099601593625498 0.703187250996016
8.4484199917882 1 707 1004 0.00099601593625498 0.704183266932271
8.449948585088 1 708 1004 0.00099601593625498 0.705179282868526
8.4589869595895 1 709 1004 0.00099601593625498 0.706175298804781
8.4677900488497 1 710 1004 0.00099601593625498 0.707171314741036
8.4694327800696 1 711 1004 0.00099601593625498 0.708167330677291
8.49369220642 1 712 1004 0.00099601593625498 0.709163346613546
8.4996758734242 1 713 1004 0.00099601593625498 0.710159362549801
8.5013888599306 1 714 1004 0.00099601593625498 0.711155378486056
8.5038665068045 1 715 1004 0.00099601593625498 0.712151394422311
8.5042023286548 1 716 1004 0.00099601593625498 0.713147410358566
8.5144356402347 1 717 1004 0.00099601593625498 0.714143426294821
8.5219409402256 1 718 1004 0.00099601593625498 0.715139442231076
8.5466543553725 1 719 1004 0.00099601593625498 0.716135458167331
8.5794307627608 1 720 1004 0.00099601593625498 0.717131474103586
8.6091418124658 1 721 1004 0.00099601593625498 0.718127490039841
8.6253916107927 1 722 1004 0.00099601593625498 0.719123505976096
8.628870878087 1 723 1004 0.00099601593625498 0.720119521912351
8.6436100728566 1 724 1004 0.00099601593625498 0.721115537848606
8.645232712309 1 725 1004 0.00099601593625498 0.722111553784861
8.6537755334533 1 726 1004 0.00099601593625498 0.723107569721116
8.6742453353385 1 727 1004 0.00099601593625498 0.724103585657371
8.6814636309013 1 728 1004 0.00099601593625498 0.725099601593626
8.6855172480614 1 729 1004 0.00099601593625498 0.72609561752988
8.697059100341 1 730 1004 0.00099601593625498 0.727091633466135
8.7033081891073 1 731 1004 0.00099601593625498 0.72808764940239
8.7093868021515 1 732 1004 0.00099601593625498 0.729083665338645
8.7101311396146 1 733 1004 0.00099601593625498 0.7300796812749
8.7388314690173 1 734 1004 0.00099601593625498 0.731075697211155
8.7566053402343 1 735 1004 0.00099601593625498 0.73207171314741
8.7737737687676 1 736 1004 0.00099601593625498 0.733067729083665
8.7747716134718 1 737 1004 0.00099601593625498 0.73406374501992
8.7835944480714 1 738 1004 0.00099601593625498 0.735059760956175
8.7938851208947 1 739 1004 0.00099601593625498 0.73605577689243
8.8005957014983 1 740 1004 0.00099601593625498 0.737051792828685
8.8224527681291 1 741 1004 0.00099601593625498 0.73804780876494
8.8252422825284 1 742 1004 0.00099601593625498 0.739043824701195
8.8317295339443 1 743 1004 0.00099601593625498 0.74003984063745
8.8364153668444 1 744 1004 0.00099601593625498 0.741035856573705
8.8519865534774 1 745 1004 0.00099601593625498 0.74203187250996
8.8640864229083 1 746 1004 0.00099601593625498 0.743027888446215
8.8674848574003 1 747 1004 0.00099601593625498 0.74402390438247
8.8823393105417 1 748 1004 0.00099601593625498 0.745019920318725
8.8835993133159 1 749 1004 0.00099601593625498 0.74601593625498
8.8836898162134 1 750 1004 0.00099601593625498 0.747011952191235
8.9133434115169 1 751 1004 0.00099601593625498 0.74800796812749
8.9243387823091 1 752 1004 0.00099601593625498 0.749003984063745
8.9258865452876 1 753 1004 0.00099601593625498 0.75
8.9549282243349 1 754 1004 0.00099601593625498 0.750996015936255
8.9823201794858 1 755 1004 0.00099601593625498 0.75199203187251
8.9877748918929 1 756 1004 0.00099601593625498 0.752988047808765
9.0278771156356 1 757 1004 0.00099601593625498 0.75398406374502
9.0342899679098 1 758 1004 0.00099601593625498 0.754980079681275
9.0658422546465 1 759 1004 0.00099601593625498 0.75597609561753
9.0957461422755 1 760 1004 0.00099601593625498 0.756972111553785
9.103630580274 1 761 1004 0.00099601593625498 0.75796812749004
9.1106434013018 1 762 1004 0.00099601593625498 0.758964143426295
9.1247098439695 1 763 1004 0.00099601593625498 0.75996015936255
9.1277307767106 1 764 1004 0.00099601593625498 0.760956175298805
9.1360081306109 1 765 1004 0.00099601593625498 0.76195219123506
9.1775272143047 1 766 1004 0.00099601593625498 0.762948207171315
9.1980966294358 1 767 1004 0.00099601593625498 0.76394422310757
9.2134523817132 1 768 1004 0.00099601593625498 0.764940239043825
9.2274914445698 1 769 1004 0.00099601593625498 0.76593625498008
9.2432177061527 1 770 1004 0.00099601593625498 0.766932270916335
9.2512350354618 1 771 1004 0.00099601593625498 0.76792828685259
9.2768960674929 1 772 1004 0.00099601593625498 0.768924302788845
9.2970058951115 1 773 1004 0.00099601593625498 0.7699203187251
9.3360035823097 1 774 1004 0.00099601593625498 0.770916334661355
9.3453249543389 1 775 1004 0.00099601593625498 0.77191235059761
9.3529396931668 1 776 1004 0.00099601593625498 0.772908366533865
9.3534740448919 1 777 1004 0.00099601593625498 0.77390438247012
9.3766240661832 1 778 1004 0.00099601593625498 0.774900398406374
9.3796614835076 1 779 1004 0.00099601593625498 0.775896414342629
9.3810463406371 1 780 1004 0.00099601593625498 0.776892430278884
9.3950555255825 1 781 1004 0.00099601593625498 0.777888446215139
9.4042917791499 1 782 1004 0.00099601593625498 0.778884462151394
9.4055312143193 1 783 1004 0.00099601593625498 0.779880478087649
9.4401855242655 1 784 1004 0.00099601593625498 0.780876494023904
9.4554950939507 1 785 1004 0.00099601593625498 0.781872509960159
9.4713176575265 1 786 1004 0.00099601593625498 0.782868525896414
9.4725819409358 1 787 1004 0.00099601593625498 0.783864541832669
9.4756783762521 1 788 1004 0.00099601593625498 0.784860557768924
9.4909704335691 1 789 1004 0.00099601593625498 0.785856573705179
9.5017284885835 1 790 1004 0.00099601593625498 0.786852589641434
9.5125113885692 1 791 1004 0.00099601593625498 0.787848605577689
9.5349361788556 1 792 1004 0.00099601593625498 0.788844621513944
9.5423005311586 1 793 1004 0.00099601593625498 0.789840637450199
9.5455095201743 1 794 1004 0.00099601593625498 0.790836653386454
9.5481312904156 1 795 1004 0.00099601593625498 0.791832669322709
9.5536887142002 1 796 1004 0.00099601593625498 0.792828685258964
9.581346598265 1 797 1004 0.00099601593625498 0.793824701195219
9.5839578088911 1 798 1004 0.00099601593625498 0.794820717131474
9.6025307127715 1 799 1004 0.00099601593625498 0.795816733067729
9.6237834215868 1 800 1004 0.00099601593625498 0.796812749003984
9.6259178423642 1 801 1004 0.00099601593625498 0.797808764940239
9.6269774138235 1 802 1004 0.00099601593625498 0.798804780876494
9.6302827973499 1 803 1004 0.00099601593625498 0.799800796812749
9.6384889888839 1 804 1004 0.00099601593625498 0.800796812749004
9.6386612507106 1 805 1004 0.00099601593625498 0.801792828685259
9.64114397419 1 806 1004 0.00099601593625498 0.802788844621514
9.6437295780928 1 807 1004 0.00099601593625498 0.803784860557769
9.6712081247283 1 808 1004 0.00099601593625498 0.804780876494024
9.6806857787251 1 809 1004 0.00099601593625498 0.805776892430279
9.6825867041157 1 810 1004 0.00099601593625498 0.806772908366534
9.7317803144089 1 811 1004 0.00099601593625498 0.807768924302789
9.7328200385564 1 812 1004 0.00099601593625498 0.808764940239044
9.7459633091583 1 813 1004 0.00099601593625498 0.809760956175299
9.7592223736241 1 814 1004 0.00099601593625498 0.810756972111554
9.7648765922572 1 815 1004 0.00099601593625498 0.811752988047809
9.8017000647803 1 816 1004 0.00099601593625498 0.812749003984064
9.8261576952893 1 817 1004 0.00099601593625498 0.813745019920319
9.8281614574416 1 818 1004 0.00099601593625498 0.814741035856574
9.828819488564 1 819 1004 0.00099601593625498 0.815737051792829
9.8604507364711 1 820 1004 0.00099601593625498 0.816733067729084
9.8707070535262 1 821 1004 0.00099601593625498 0.817729083665339
9.8708115523074 1 822 1004 0.00099601593625498 0.818725099601594
9.8992142457436 1 823 1004 0.00099601593625498 0.819721115537849
9.9158695388815 1 824 1004 0.00099601593625498 0.820717131474104
9.9445601266174 1 825 1004 0.00099601593625498 0.821713147410359
9.9632745787113 1 826 1004 0.00099601593625498 0.822709163346614
9.9694657757639 1 827 1004 0.00099601593625498 0.823705179282869
9.9860962190259 1 828 1004 0.00099601593625498 0.824701195219124
9.9904707718903 1 829 1004 0.00099601593625498 0.825697211155379
10.020608282376 1 830 1004 0.00099601593625498 0.826693227091634
10.043153892429 1 831 1004 0.00099601593625498 0.827689243027888
10.044813709767 1 832 1004 0.00099601593625498 0.828685258964143
10.064147269967 1 833 1004 0.00099601593625498 0.829681274900398
10.083992839354 1 834 1004 0.00099601593625498 0.830677290836653
10.086676757959 1 835 1004 0.00099601593625498 0.831673306772908
10.087933266492 1 836 1004 0.00099601593625498 0.832669322709163
10.093673334615 1 837 1004 0.00099601593625498 0.833665338645418
10.113613226487 1 838 1004 0.00099601593625498 0.834661354581673
10.114565194485 1 839 1004 0.00099601593625498 0.835657370517928
10.123010429043 1 840 1004 0.00099601593625498 0.836653386454183
10.125997735637 1 841 1004 0.00099601593625498 0.837649402390438
10.173494645649 1 842 1004 0.00099601593625498 0.838645418326693
10.201290089717 1 843 1004 0.00099601593625498 0.839641434262948
10.222161908361 1 844 1004 0.00099601593625498 0.840637450199203
10.232507997758 1 845 1004 0.00099601593625498 0.841633466135458
10.234910236173 1 846 1004 0.00099601593625498 0.842629482071713
10.247966324215 1 847 1004 0.00099601593625498 0.843625498007968
10.250035971507 1 848 1004 0.00099601593625498 0.844621513944223
10.281903334005 1 849 1004 0.00099601593625498 0.845617529880478
10.303099490707 1 850 1004 0.00099601593625498 0.846613545816733
10.307678320984 1 851 1004 0.00099601593625498 0.847609561752988
10.310512564337 1 852 1004 0.00099601593625498 0.848605577689243
10.324590840809 1 853 1004 0.00099601593625498 0.849601593625498
10.389279857238 1 854 1004 0.00099601593625498 0.850597609561753
10.427801455957 1 855 1004 0.00099601593625498 0.851593625498008
10.444933864564 1 856 1004 0.00099601593625498 0.852589641434263
10.484010501338 1 857 1004 0.00099601593625498 0.853585657370518
10.49329188435 1 858 1004 0.00099601593625498 0.854581673306773
10.498269763481 1 859 1004 0.00099601593625498 0.855577689243028
10.508965082207 1 860 1004 0.00099601593625498 0.856573705179283
10.534568604928 1 861 1004 0.00099601593625498 0.857569721115538
10.559197725733 1 862 1004 0.00099601593625498 0.858565737051793
10.561616055449 1 863 1004 0.00099601593625498 0.859561752988048
10.591606901689 1 864 1004 0.00099601593625498 0.860557768924303
10.596705772166 1 865 1004 0.00099601593625498 0.861553784860558
10.605624477908 1 866 1004 0.00099601593625498 0.862549800796813
10.673629928719 1 867 1004 0.00099601593625498 0.863545816733068
10.718337213914 1 868 1004 0.00099601593625498 0.864541832669323
10.733421564821 1 869 1004 0.00099601593625498 0.865537848605578
10.736731787198 1 870 1004 0.00099601593625498 0.866533864541833
10.740545436775 1 871 1004 0.00099601593625498 0.867529880478088
10.74125887608 1 872 1004 0.00099601593625498 0.868525896414343
10.758788620273 1 873 1004 0.00099601593625498 0.869521912350598
10.780670988062 1 874 1004 0.00099601593625498 0.870517928286853
10.785960210486 1 875 1004 0.00099601593625498 0.871513944223108
10.786394911428 1 876 1004 0.00099601593625498 0.872509960159363
10.7950079576 1 877 1004 0.00099601593625498 0.873505976095618
10.808941431416 1 878 1004 0.00099601593625498 0.874501992031873
10.834636353512 1 879 1004 0.00099601593625498 0.875498007968127
10.840783493849 1 880 1004 0.00099601593625498 0.876494023904382
10.842970088502 1 881 1004 0.00099601593625498 0.877490039840637
10.846322402115 1 882 1004 0.00099601593625498 0.878486055776892
10.852178990133 1 883 1004 0.00099601593625498 0.879482071713147
10.870145164551 1 884 1004 0.00099601593625498 0.880478087649402
10.890108859836 1 885 1004 0.00099601593625498 0.881474103585657
10.921474000848 1 886 1004 0.00099601593625498 0.882470119521912
10.92840779808 1 887 1004 0.00099601593625498 0.883466135458167
10.985094685487 1 888 1004 0.00099601593625498 0.884462151394422
11.008155958378 1 889 1004 0.00099601593625498 0.885458167330677
11.020287609074 1 890 1004 0.00099601593625498 0.886454183266932
11.063256898926 1 891 1004 0.00099601593625498 0.887450199203187
11.072032703715 1 892 1004 0.00099601593625498 0.888446215139442
11.08233870175 1 893 1004 0.00099601593625498 0.889442231075697
11.095168854979 1 894 1004 0.00099601593625498 0.890438247011952
11.096258184327 1 895 1004 0.00099601593625498 0.891434262948207
11.098648790153 1 896 1004 0.00099601593625498 0.892430278884462
11.106605546659 1 897 1004 0.00099601593625498 0.893426294820717
11.108718941268 1 898 1004 0.00099601593625498 0.894422310756972
11.115688340907 1 899 1004 0.00099601593625498 0.895418326693227
11.144782148685 1 900 1004 0.00099601593625498 0.896414342629482
11.148213671993 1 901 1004 0.00099601593625498 0.897410358565737
11.234210759328 1 902 1004 0.00099601593625498 0.898406374501992
11.256624276505 1 903 1004 0.00099601593625498 0.899402390438247
11.282437348808 1 904 1004 0.00099601593625498 0.900398406374502
11.289677934567 1 905 1004 0.00099601593625498 0.901394422310757
11.297275123192 1 906 1004 0.00099601593625498 0.902390438247012
11.298866191744 1 907 1004 0.00099601593625498 0.903386454183267
11.301203029473 1 908 1004 0.00099601593625498 0.904382470119522
11.30493885115 1 909 1004 0.00099601593625498 0.905378486055777
11.3594977296 1 910 1004 0.00099601593625498 0.906374501992032
11.360452140809 1 911 1004 0.00099601593625498 0.907370517928287
11.364280258262 1 912 1004 0.00099601593625498 0.908366533864542
11.397258357802 1 913 1004 0.00099601593625498 0.909362549800797
11.413072156424 1 914 1004 0.00099601593625498 0.910358565737052
11.418593146735 1 915 1004 0.00099601593625498 0.911354581673307
11.454181206165 1 916 1004 0.00099601593625498 0.912350597609562
11.456835981043 1 917 1004 0.00099601593625498 0.913346613545817
11.508501692836 1 918 1004 0.00099601593625498 0.914342629482072
11.522709015716 1 919 1004 0.00099601593625498 0.915338645418327
11.537180635499 1 920 1004 0.00099601593625498 0.916334661354582
11.538109479771 1 921 1004 0.00099601593625498 0.917330677290837
11.557829643437 1 922 1004 0.00099601593625498 0.918326693227092
11.56699861782 1 923 1004 0.00099601593625498 0.919322709163347
11.600204428976 1 924 1004 0.00099601593625498 0.920318725099602
11.606481176901 1 925 1004 0.00099601593625498 0.921314741035857
11.649488371571 1 926 1004 0.00099601593625498 0.922310756972112
11.678598448089 1 927 1004 0.00099601593625498 0.923306772908366
11.683453309721 1 928 1004 0.00099601593625498 0.924302788844621
11.700378006819 1 929 1004 0.00099601593625498 0.925298804780876
11.707040141589 1 930 1004 0.00099601593625498 0.926294820717131
11.739309749348 1 931 1004 0.00099601593625498 0.927290836653386
11.740269533076 1 932 1004 0.00099601593625498 0.928286852589641
11.741861032658 1 933 1004 0.00099601593625498 0.929282868525896
11.748602276909 1 934 1004 0.00099601593625498 0.930278884462151
11.80695495038 1 935 1004 0.00099601593625498 0.931274900398406
11.810047492072 1 936 1004 0.00099601593625498 0.932270916334661
11.818367109552 1 937 1004 0.00099601593625498 0.933266932270916
11.824260244286 1 938 1004 0.00099601593625498 0.934262948207171
11.882051541571 1 939 1004 0.00099601593625498 0.935258964143426
11.882694144853 1 940 1004 0.00099601593625498 0.936254980079681
11.902189191631 1 941 1004 0.00099601593625498 0.937250996015936
11.931601989521 1 942 1004 0.00099601593625498 0.938247011952191
11.97554050341 1 943 1004 0.00099601593625498 0.939243027888446
11.989719026884 1 944 1004 0.00099601593625498 0.940239043824701
11.99622383895 1 945 1004 0.00099601593625498 0.941235059760956
12.009708769555 1 946 1004 0.00099601593625498 0.942231075697211
12.021321507488 1 947 1004 0.00099601593625498 0.943227091633466
12.028760574613 1 948 1004 0.00099601593625498 0.944223107569721
12.048081089304 1 949 1004 0.00099601593625498 0.945219123505976
12.063725030803 1 950 1004 0.00099601593625498 0.946215139442231
12.066702104779 1 951 1004 0.00099601593625498 0.947211155378486
12.073758049784 1 952 1004 0.00099601593625498 0.948207171314741
12.079190381555 1 953 1004 0.00099601593625498 0.949203187250996
12.079823950512 1 954 1004 0.00099601593625498 0.950199203187251
12.102134673793 1 955 1004 0.00099601593625498 0.951195219123506
12.149253293436 1 956 1004 0.00099601593625498 0.952191235059761
12.183942694063 1 957 1004 0.00099601593625498 0.953187250996016
12.199604265471 1 958 1004 0.00099601593625498 0.954183266932271
12.203625606253 1 959 1004 0.00099601593625498 0.955179282868526
12.225411805932 1 960 1004 0.00099601593625498 0.956175298804781
12.247642433527 1 961 1004 0.00099601593625498 0.957171314741036
12.296201976251 1 962 1004 0.00099601593625498 0.958167330677291
12.321161835143 1 963 1004 0.00099601593625498 0.959163346613546
12.32584767048 1 964 1004 0.00099601593625498 0.960159362549801
12.358789918733 1 965 1004 0.00099601593625498 0.961155378486056
12.363433271222 1 966 1004 0.00099601593625498 0.962151394422311
12.368636030987 1 967 1004 0.00099601593625498 0.963147410358566
12.373218502387 1 968 1004 0.00099601593625498 0.964143426294821
12.378578383877 1 969 1004 0.00099601593625498 0.965139442231076
12.381293457785 1 970 1004 0.00099601593625498 0.966135458167331
12.437767661366 1 971 1004 0.00099601593625498 0.967131474103586
12.444945124263 1 972 1004 0.00099601593625498 0.968127490039841
12.46022833957 1 973 1004 0.00099601593625498 0.969123505976096
12.461693265542 1 974 1004 0.00099601593625498 0.970119521912351
12.515730393223 1 975 1004 0.00099601593625498 0.971115537848606
12.540497301877 1 976 1004 0.00099601593625498 0.972111553784861
12.569727080955 1 977 1004 0.00099601593625498 0.973107569721116
12.570610497473 1 978 1004 0.00099601593625498 0.974103585657371
12.571008087361 1 979 1004 0.00099601593625498 0.975099601593626
12.577042410303 1 980 1004 0.00099601593625498 0.97609561752988
12.61077562485 1 981 1004 0.00099601593625498 0.977091633466135
12.613558048952 1 982 1004 0.00099601593625498 0.97808764940239
12.648837107933 1 983 1004 0.00099601593625498 0.979083665338645
12.680579930869 1 984 1004 0.00099601593625498 0.9800796812749
12.717406108246 1 985 1004 0.00099601593625498 0.981075697211155
12.729105076692 1 986 1004 0.00099601593625498 0.98207171314741
12.763816428141 1 987 1004 0.00099601593625498 0.983067729083665
12.798130533982 1 988 1004 0.00099601593625498 0.98406374501992
12.844049866288 1 989 1004 0.00099601593625498 0.985059760956175
12.948266237488 1 990 1004 0.00099601593625498 0.98605577689243
12.982586469522 1 991 1004 0.00099601593625498 0.987051792828685
13.01021996856 1 992 1004 0.00099601593625498 0.98804780876494
13.061344940623 1 993 1004 0.00099601593625498 0.989043824701195
13.107102746845 1 994 1004 0.00099601593625498 0.99003984063745
13.113087431655 1 995 1004 0.00099601593625498 0.991035856573705
13.201005790447 1 996 1004 0.00099601593625498 0.99203187250996
13.216191799708 1 997 1004 0.00099601593625498 0.993027888446215
13.235161174663 1 998 1004 0.00099601593625498 0.99402390438247
13.24927309092 1 999 1004 0.00099601593625498 0.995019920318725
13.447611590425 1 1000 1004 0.00099601593625498 0.99601593625498
13.491591278329 1 1001 1004 0.00099601593625498 0.997011952191235
13.713538507172 1 1002 1004 0.00099601593625498 0.99800796812749
13.742081482716 1 1003 1004 0.00099601593625498 0.999003984063745
13.871597669153 1 1004 1004 0.00099601593625498 1.0
