3341.0 1 1 32 0.03125 0.03125
3348.0 1 2 32 0.03125 0.0625
3351.0 1 3 32 0.03125 0.09375
3363.0 1 4 32 0.03125 0.125
3364.0 1 5 32 0.03125 0.15625
3373.0 2 7 32 0.0625 0.21875
3374.0 1 8 32 0.03125 0.25
3376.0 2 10 32 0.0625 0.3125
3382.0 1 11 32 0.03125 0.34375
3383.0 1 12 32 0.03125 0.375
3386.0 1 13 32 0.03125 0.40625
3391.0 1 14 32 0.03125 0.4375
3405.0 1 15 32 0.03125 0.46875
3406.0 1 16 32 0.03125 0.5
3412.0 1 17 32 0.03125 0.53125
3415.0 1 18 32 0.03125 0.5625
3420.0 1 19 32 0.03125 0.59375
3431.0 1 20 32 0.03125 0.625
3441.0 1 21 32 0.03125 0.65625
3447.0 1 22 32 0.03125 0.6875
3451.0 1 23 32 0.03125 0.71875
3452.0 1 24 32 0.03125 0.75
3454.0 1 25 32 0.03125 0.78125
3455.0 1 26 32 0.03125 0.8125
3467.0 1 27 32 0.03125 0.84375
3473.0 1 28 32 0.03125 0.875
3474.0 1 29 32 0.03125 0.90625
3522.0 1 30 32 0.03125 0.9375
3529.0 1 31 32 0.03125 0.96875
3546.0 1 32 32 0.03125 1.0
