28.83439033346 1 1 451 0.00221729490022173 0.00221729490022173
30.154418939725 1 2 451 0.00221729490022173 0.00443458980044346
37.873782100855 1 3 451 0.00221729490022173 0.00665188470066519
47.622697679342 1 4 451 0.00221729490022173 0.00886917960088692
68.053852853824 1 5 451 0.00221729490022173 0.0110864745011086
83.52611069272 1 6 451 0.00221729490022173 0.0133037694013304
112.25197512264 1 7 451 0.00221729490022173 0.0155210643015521
112.36049565986 1 8 451 0.00221729490022173 0.0177383592017738
119.20039472927 1 9 451 0.00221729490022173 0.0199556541019956
126.02220038536 1 10 451 0.00221729490022173 0.0221729490022173
126.44085100005 1 11 451 0.00221729490022173 0.024390243902439
143.88572947279 1 12 451 0.00221729490022173 0.0266075388026608
150.06218534803 1 13 451 0.00221729490022173 0.0288248337028825
160.96070616622 1 14 451 0.00221729490022173 0.0310421286031042
168.35188964848 1 15 451 0.00221729490022173 0.0332594235033259
179.51138391055 1 16 451 0.00221729490022173 0.0354767184035477
189.94645466609 1 17 451 0.00221729490022173 0.0376940133037694
201.5345865501 1 18 451 0.00221729490022173 0.0399113082039911
210.64594887019 1 19 451 0.00221729490022173 0.0421286031042129
211.90886174996 1 20 451 0.00221729490022173 0.0443458980044346
215.75840443143 1 21 451 0.00221729490022173 0.0465631929046563
220.68684052909 1 22 451 0.00221729490022173 0.0487804878048781
224.51416847847 1 23 451 0.00221729490022173 0.0509977827050998
233.86538977093 1 24 451 0.00221729490022173 0.0532150776053215
237.52070236092 1 25 451 0.00221729490022173 0.0554323725055432
240.35752205876 1 26 451 0.00221729490022173 0.057649667405765
249.67969800608 1 27 451 0.00221729490022173 0.0598669623059867
251.49101124048 1 28 451 0.00221729490022173 0.0620842572062084
281.33977032891 1 29 451 0.00221729490022173 0.0643015521064302
289.04879832961 1 30 451 0.00221729490022173 0.0665188470066519
300.1925797976 1 31 451 0.00221729490022173 0.0687361419068736
303.33279905772 1 32 451 0.00221729490022173 0.0709534368070953
310.48224834644 1 33 451 0.00221729490022173 0.0731707317073171
310.78138930816 1 34 451 0.00221729490022173 0.0753880266075388
319.57050961938 1 35 451 0.00221729490022173 0.0776053215077605
330.84790131111 1 36 451 0.00221729490022173 0.0798226164079823
348.04827518404 1 37 451 0.00221729490022173 0.082039911308204
359.11132776018 1 38 451 0.00221729490022173 0.0842572062084257
361.20572371601 1 39 451 0.00221729490022173 0.0864745011086474
362.23291636892 1 40 451 0.00221729490022173 0.0886917960088692
363.65513209572 1 41 451 0.00221729490022173 0.0909090909090909
364.84777756591 1 42 451 0.00221729490022173 0.0931263858093126
367.01995120594 1 43 451 0.00221729490022173 0.0953436807095344
369.24086298771 1 44 451 0.00221729490022173 0.0975609756097561
369.81198040449 1 45 451 0.00221729490022173 0.0997782705099778
371.0357805696 1 46 451 0.00221729490022173 0.1019955654102
378.59710979785 1 47 451 0.00221729490022173 0.104212860310421
379.15104152909 1 48 451 0.00221729490022173 0.106430155210643
384.29901023351 1 49 451 0.00221729490022173 0.108647450110865
396.99325038343 1 50 451 0.00221729490022173 0.110864745011086
397.69066582328 1 51 451 0.00221729490022173 0.113082039911308
403.01026123203 1 52 451 0.00221729490022173 0.11529933481153
411.04242772148 1 53 451 0.00221729490022173 0.117516629711752
411.356075255 1 54 451 0.00221729490022173 0.119733924611973
413.24547938146 1 55 451 0.00221729490022173 0.121951219512195
413.46185035913 1 56 451 0.00221729490022173 0.124168514412417
414.70423250518 1 57 451 0.00221729490022173 0.126385809312639
417.90061574716 1 58 451 0.00221729490022173 0.12860310421286
419.83333641242 1 59 451 0.00221729490022173 0.130820399113082
420.6710031552 1 60 451 0.00221729490022173 0.133037694013304
421.84333389238 1 61 451 0.00221729490022173 0.135254988913525
427.58296256708 1 62 451 0.00221729490022173 0.137472283813747
427.63765866169 1 63 451 0.00221729490022173 0.139689578713969
433.55789301012 1 64 451 0.00221729490022173 0.141906873614191
437.58220842142 1 65 451 0.00221729490022173 0.144124168514412
438.33152645065 1 66 451 0.00221729490022173 0.146341463414634
442.46673632724 1 67 451 0.00221729490022173 0.148558758314856
442.89387074841 1 68 451 0.00221729490022173 0.150776053215078
445.58776536096 1 69 451 0.00221729490022173 0.152993348115299
447.50005904377 1 70 451 0.00221729490022173 0.155210643015521
449.98213262326 1 71 451 0.00221729490022173 0.157427937915743
452.88416034243 1 72 451 0.00221729490022173 0.159645232815965
461.11178739751 1 73 451 0.00221729490022173 0.161862527716186
469.46882953282 1 74 451 0.00221729490022173 0.164079822616408
472.73370687399 1 75 451 0.00221729490022173 0.16629711751663
473.07005315404 1 76 451 0.00221729490022173 0.168514412416851
473.63541090233 1 77 451 0.00221729490022173 0.170731707317073
475.77244780948 1 78 451 0.00221729490022173 0.172949002217295
476.83800847593 1 79 451 0.00221729490022173 0.175166297117517
478.47913301973 1 80 451 0.00221729490022173 0.177383592017738
483.0223138867 1 81 451 0.00221729490022173 0.17960088691796
483.51006696157 1 82 451 0.00221729490022173 0.181818181818182
485.94502571572 1 83 451 0.00221729490022173 0.184035476718404
488.55619842014 1 84 451 0.00221729490022173 0.186252771618625
499.10175829304 1 85 451 0.00221729490022173 0.188470066518847
522.83916955976 1 86 451 0.00221729490022173 0.190687361419069
532.47952429147 1 87 451 0.00221729490022173 0.19290465631929
532.49994433672 1 88 451 0.00221729490022173 0.195121951219512
548.31302982644 1 89 451 0.00221729490022173 0.197339246119734
559.01241309992 1 90 451 0.00221729490022173 0.199556541019956
561.25925908505 1 91 451 0.00221729490022173 0.201773835920177
584.830514677 1 92 451 0.00221729490022173 0.203991130820399
594.50518341204 1 93 451 0.00221729490022173 0.206208425720621
603.98678413447 1 94 451 0.00221729490022173 0.208425720620843
611.13744054062 1 95 451 0.00221729490022173 0.210643015521064
617.72565314159 1 96 451 0.00221729490022173 0.212860310421286
664.15630272466 1 97 451 0.00221729490022173 0.215077605321508
668.94910147869 1 98 451 0.00221729490022173 0.217294900221729
674.59586231848 1 99 451 0.00221729490022173 0.219512195121951
680.29319998214 1 100 451 0.00221729490022173 0.221729490022173
683.91671272192 1 101 451 0.00221729490022173 0.223946784922395
684.54493000581 1 102 451 0.00221729490022173 0.226164079822616
687.14531493385 1 103 451 0.00221729490022173 0.228381374722838
688.35686015495 1 104 451 0.00221729490022173 0.23059866962306
688.78707215756 1 105 451 0.00221729490022173 0.232815964523282
690.38207469402 1 106 451 0.00221729490022173 0.235033259423503
690.88252716586 1 107 451 0.00221729490022173 0.237250554323725
692.08934122171 1 108 451 0.00221729490022173 0.239467849223947
692.15712819085 1 109 451 0.00221729490022173 0.241685144124169
692.55181632237 1 110 451 0.00221729490022173 0.24390243902439
692.85736702716 1 111 451 0.00221729490022173 0.246119733924612
693.84581767623 1 112 451 0.00221729490022173 0.248337028824834
693.96917693736 1 113 451 0.00221729490022173 0.250554323725055
694.48730028879 1 114 451 0.00221729490022173 0.252771618625277
695.39900165631 1 115 451 0.00221729490022173 0.254988913525499
696.05022146738 1 116 451 0.00221729490022173 0.257206208425721
696.20867434736 1 117 451 0.00221729490022173 0.259423503325942
696.54816168656 1 118 451 0.00221729490022173 0.261640798226164
696.61946036793 1 119 451 0.00221729490022173 0.263858093126386
696.73839482377 1 120 451 0.00221729490022173 0.266075388026608
697.6930060474 1 121 451 0.00221729490022173 0.268292682926829
699.94082283705 1 122 451 0.00221729490022173 0.270509977827051
700.34652537824 1 123 451 0.00221729490022173 0.272727272727273
701.06617312858 1 124 451 0.00221729490022173 0.274944567627494
701.61788336862 1 125 451 0.00221729490022173 0.277161862527716
701.71727272022 1 126 451 0.00221729490022173 0.279379157427938
701.80060976996 1 127 451 0.00221729490022173 0.28159645232816
702.75408845069 1 128 451 0.00221729490022173 0.283813747228381
703.01305215376 1 129 451 0.00221729490022173 0.286031042128603
703.46978408517 1 130 451 0.00221729490022173 0.288248337028825
703.71685602334 1 131 451 0.00221729490022173 0.290465631929047
704.24058129536 1 132 451 0.00221729490022173 0.292682926829268
704.27343581377 1 133 451 0.00221729490022173 0.29490022172949
705.19710740097 1 134 451 0.00221729490022173 0.297117516629712
705.54668749345 1 135 451 0.00221729490022173 0.299334811529933
705.6165101537 1 136 451 0.00221729490022173 0.301552106430155
705.64843868541 1 137 451 0.00221729490022173 0.303769401330377
707.3098129634 1 138 451 0.00221729490022173 0.305986696230599
707.97835387832 1 139 451 0.00221729490022173 0.30820399113082
708.99061582511 1 140 451 0.00221729490022173 0.310421286031042
709.30278628554 1 141 451 0.00221729490022173 0.312638580931264
710.01584070147 1 142 451 0.00221729490022173 0.314855875831486
710.09699924965 1 143 451 0.00221729490022173 0.317073170731707
711.00629142043 1 144 451 0.00221729490022173 0.319290465631929
711.26840842848 1 145 451 0.00221729490022173 0.321507760532151
711.3386521995 1 146 451 0.00221729490022173 0.323725055432373
711.59372786669 1 147 451 0.00221729490022173 0.325942350332594
711.99644185335 1 148 451 0.00221729490022173 0.328159645232816
713.0084229246 1 149 451 0.00221729490022173 0.330376940133038
713.4100801221 1 150 451 0.00221729490022173 0.332594235033259
713.5742563284 1 151 451 0.00221729490022173 0.334811529933481
713.95901707603 1 152 451 0.00221729490022173 0.337028824833703
714.66256503306 1 153 451 0.00221729490022173 0.339246119733925
714.66992715339 1 154 451 0.00221729490022173 0.341463414634146
714.76270079664 1 155 451 0.00221729490022173 0.343680709534368
714.77829460221 1 156 451 0.00221729490022173 0.34589800443459
715.08222763617 1 157 451 0.00221729490022173 0.348115299334812
715.3460262624 1 158 451 0.00221729490022173 0.350332594235033
716.15341544792 1 159 451 0.00221729490022173 0.352549889135255
717.55415939864 1 160 451 0.00221729490022173 0.354767184035477
718.11540710188 1 161 451 0.00221729490022173 0.356984478935698
719.15562227549 1 162 451 0.00221729490022173 0.35920177383592
720.12323332397 1 163 451 0.00221729490022173 0.361419068736142
720.44037253502 1 164 451 0.00221729490022173 0.363636363636364
721.11948137818 1 165 451 0.00221729490022173 0.365853658536585
721.59478241538 1 166 451 0.00221729490022173 0.368070953436807
722.34620200029 1 167 451 0.00221729490022173 0.370288248337029
722.90167919507 1 168 451 0.00221729490022173 0.372505543237251
722.90385643946 1 169 451 0.00221729490022173 0.374722838137472
723.03009159159 1 170 451 0.00221729490022173 0.376940133037694
723.11041573916 1 171 451 0.00221729490022173 0.379157427937916
723.67014479236 1 172 451 0.00221729490022173 0.381374722838137
724.17389099252 1 173 451 0.00221729490022173 0.383592017738359
725.23089958046 1 174 451 0.00221729490022173 0.385809312638581
725.79993957957 1 175 451 0.00221729490022173 0.388026607538803
725.88568592677 1 176 451 0.00221729490022173 0.390243902439024
725.93341123315 1 177 451 0.00221729490022173 0.392461197339246
726.48359308471 1 178 451 0.00221729490022173 0.394678492239468
727.93440823185 1 179 451 0.00221729490022173 0.39689578713969
728.23647817456 1 180 451 0.00221729490022173 0.399113082039911
728.29548098476 1 181 451 0.00221729490022173 0.401330376940133
728.29942115748 1 182 451 0.00221729490022173 0.403547671840355
728.75014049136 1 183 451 0.00221729490022173 0.405764966740576
730.78013187743 1 184 451 0.00221729490022173 0.407982261640798
730.93001635287 1 185 451 0.00221729490022173 0.41019955654102
736.07899681295 1 186 451 0.00221729490022173 0.412416851441242
736.12994363635 1 187 451 0.00221729490022173 0.414634146341463
736.31086731449 1 188 451 0.00221729490022173 0.416851441241685
736.41839889063 1 189 451 0.00221729490022173 0.419068736141907
736.42480759894 1 190 451 0.00221729490022173 0.421286031042129
738.40395624841 1 191 451 0.00221729490022173 0.42350332594235
738.662566319 1 192 451 0.00221729490022173 0.425720620842572
739.67838761986 1 193 451 0.00221729490022173 0.427937915742794
739.98090043242 1 194 451 0.00221729490022173 0.430155210643016
740.33971646173 1 195 451 0.00221729490022173 0.432372505543237
740.40938393985 1 196 451 0.00221729490022173 0.434589800443459
740.49823445332 1 197 451 0.00221729490022173 0.436807095343681
741.57153129872 1 198 451 0.00221729490022173 0.439024390243902
741.68079822571 1 199 451 0.00221729490022173 0.441241685144124
742.01827263493 1 200 451 0.00221729490022173 0.443458980044346
742.09656713735 1 201 451 0.00221729490022173 0.445676274944568
742.33414370166 1 202 451 0.00221729490022173 0.447893569844789
743.0981595483 1 203 451 0.00221729490022173 0.450110864745011
743.19370656962 1 204 451 0.00221729490022173 0.452328159645233
743.2900628041 1 205 451 0.00221729490022173 0.454545454545455
743.54834027029 1 206 451 0.00221729490022173 0.456762749445676
744.00516713681 1 207 451 0.00221729490022173 0.458980044345898
744.25409902427 1 208 451 0.00221729490022173 0.46119733924612
744.49705257629 1 209 451 0.00221729490022173 0.463414634146341
744.86574048985 1 210 451 0.00221729490022173 0.465631929046563
745.67571687865 1 211 451 0.00221729490022173 0.467849223946785
746.42002333715 1 212 451 0.00221729490022173 0.470066518847007
746.77633576105 1 213 451 0.00221729490022173 0.472283813747228
747.0113202849 1 214 451 0.00221729490022173 0.47450110864745
747.3240033606 1 215 451 0.00221729490022173 0.476718403547672
748.05994001759 1 216 451 0.00221729490022173 0.478935698447894
748.23108667353 1 217 451 0.00221729490022173 0.481152993348115
749.16829163428 1 218 451 0.00221729490022173 0.483370288248337
749.4780271481 1 219 451 0.00221729490022173 0.485587583148559
750.10840229711 1 220 451 0.00221729490022173 0.48780487804878
750.72814307393 1 221 451 0.00221729490022173 0.490022172949002
751.86050895381 1 222 451 0.00221729490022173 0.492239467849224
754.21764221184 1 223 451 0.00221729490022173 0.494456762749446
754.4319036019 1 224 451 0.00221729490022173 0.496674057649667
754.89734628464 1 225 451 0.00221729490022173 0.498891352549889
754.91475208206 1 226 451 0.00221729490022173 0.501108647450111
755.32633990409 1 227 451 0.00221729490022173 0.503325942350333
756.06314111599 1 228 451 0.00221729490022173 0.505543237250554
756.787499095 1 229 451 0.00221729490022173 0.507760532150776
756.79861987692 1 230 451 0.00221729490022173 0.509977827050998
757.23957827928 1 231 451 0.00221729490022173 0.51219512195122
757.62103437849 1 232 451 0.00221729490022173 0.514412416851441
758.16009621462 1 233 451 0.00221729490022173 0.516629711751663
759.43319624663 1 234 451 0.00221729490022173 0.518847006651885
761.23454324902 1 235 451 0.00221729490022173 0.521064301552106
761.65293761962 1 236 451 0.00221729490022173 0.523281596452328
762.13006493552 1 237 451 0.00221729490022173 0.52549889135255
762.18907094772 1 238 451 0.00221729490022173 0.527716186252772
762.62011465215 1 239 451 0.00221729490022173 0.529933481152993
763.660065608 1 240 451 0.00221729490022173 0.532150776053215
763.82591379438 1 241 451 0.00221729490022173 0.534368070953437
763.92867557363 1 242 451 0.00221729490022173 0.536585365853659
764.12268956425 1 243 451 0.00221729490022173 0.53880266075388
765.69905726064 1 244 451 0.00221729490022173 0.541019955654102
767.23868935449 1 245 451 0.00221729490022173 0.543237250554324
767.31133489792 1 246 451 0.00221729490022173 0.545454545454545
767.44438838828 1 247 451 0.00221729490022173 0.547671840354767
767.54380192347 1 248 451 0.00221729490022173 0.549889135254989
767.65878399491 1 249 451 0.00221729490022173 0.552106430155211
767.96380048873 1 250 451 0.00221729490022173 0.554323725055432
768.76173163033 1 251 451 0.00221729490022173 0.556541019955654
768.80246168553 1 252 451 0.00221729490022173 0.558758314855876
769.90642823761 1 253 451 0.00221729490022173 0.560975609756098
769.93113262622 1 254 451 0.00221729490022173 0.563192904656319
770.41000116548 1 255 451 0.00221729490022173 0.565410199556541
771.41651624264 1 256 451 0.00221729490022173 0.567627494456763
771.72121250938 1 257 451 0.00221729490022173 0.569844789356984
772.02408018019 1 258 451 0.00221729490022173 0.572062084257206
772.03670681688 1 259 451 0.00221729490022173 0.574279379157428
772.91571516507 1 260 451 0.00221729490022173 0.57649667405765
773.97594138353 1 261 451 0.00221729490022173 0.578713968957871
773.98240567567 1 262 451 0.00221729490022173 0.580931263858093
775.32488263428 1 263 451 0.00221729490022173 0.583148558758315
775.89544684163 1 264 451 0.00221729490022173 0.585365853658537
776.03791348669 1 265 451 0.00221729490022173 0.587583148558758
776.21818611021 1 266 451 0.00221729490022173 0.58980044345898
776.2800082649 1 267 451 0.00221729490022173 0.592017738359202
776.34920121217 1 268 451 0.00221729490022173 0.594235033259424
776.81573395549 1 269 451 0.00221729490022173 0.596452328159645
777.12490888262 1 270 451 0.00221729490022173 0.598669623059867
777.60917876408 1 271 451 0.00221729490022173 0.600886917960089
777.67820433575 1 272 451 0.00221729490022173 0.60310421286031
779.00314309546 1 273 451 0.00221729490022173 0.605321507760532
779.43768768313 1 274 451 0.00221729490022173 0.607538802660754
779.61453765294 1 275 451 0.00221729490022173 0.609756097560976
780.02319539192 1 276 451 0.00221729490022173 0.611973392461197
782.36255454956 1 277 451 0.00221729490022173 0.614190687361419
782.45379991645 1 278 451 0.00221729490022173 0.616407982261641
782.69487933091 1 279 451 0.00221729490022173 0.618625277161863
783.59351862063 1 280 451 0.00221729490022173 0.620842572062084
783.72498764233 1 281 451 0.00221729490022173 0.623059866962306
783.92197602894 1 282 451 0.00221729490022173 0.625277161862528
784.27356472465 1 283 451 0.00221729490022173 0.627494456762749
784.32712577268 1 284 451 0.00221729490022173 0.629711751662971
785.10255219183 1 285 451 0.00221729490022173 0.631929046563193
785.60823348779 1 286 451 0.00221729490022173 0.634146341463415
785.84213417893 1 287 451 0.00221729490022173 0.636363636363636
786.84553647925 1 288 451 0.00221729490022173 0.638580931263858
787.06471287457 1 289 451 0.00221729490022173 0.64079822616408
787.39330762417 1 290 451 0.00221729490022173 0.643015521064302
789.34522331112 1 291 451 0.00221729490022173 0.645232815964523
789.40288492728 1 292 451 0.00221729490022173 0.647450110864745
789.52591706097 1 293 451 0.00221729490022173 0.649667405764967
790.25761321843 1 294 451 0.00221729490022173 0.651884700665188
790.64216522677 1 295 451 0.00221729490022173 0.65410199556541
790.69660627403 1 296 451 0.00221729490022173 0.656319290465632
791.06470293427 1 297 451 0.00221729490022173 0.658536585365854
791.2382261383 1 298 451 0.00221729490022173 0.660753880266075
791.51113527295 1 299 451 0.00221729490022173 0.662971175166297
791.88166033245 1 300 451 0.00221729490022173 0.665188470066519
792.43955975245 1 301 451 0.00221729490022173 0.667405764966741
793.22277197002 1 302 451 0.00221729490022173 0.669623059866962
793.44247759244 1 303 451 0.00221729490022173 0.671840354767184
794.14399297241 1 304 451 0.00221729490022173 0.674057649667406
795.01326022342 1 305 451 0.00221729490022173 0.676274944567627
795.62994640673 1 306 451 0.00221729490022173 0.678492239467849
795.69214977176 1 307 451 0.00221729490022173 0.680709534368071
795.70310675005 1 308 451 0.00221729490022173 0.682926829268293
795.93387620591 1 309 451 0.00221729490022173 0.685144124168514
796.56333534724 1 310 451 0.00221729490022173 0.687361419068736
796.88885793928 1 311 451 0.00221729490022173 0.689578713968958
798.90550233529 1 312 451 0.00221729490022173 0.69179600886918
798.97109704678 1 313 451 0.00221729490022173 0.694013303769401
799.17968039318 1 314 451 0.00221729490022173 0.696230598669623
799.59520456786 1 315 451 0.00221729490022173 0.698447893569845
799.91914878356 1 316 451 0.00221729490022173 0.700665188470067
800.04106566191 1 317 451 0.00221729490022173 0.702882483370288
800.57050937665 1 318 451 0.00221729490022173 0.70509977827051
800.77043013987 1 319 451 0.00221729490022173 0.707317073170732
800.9695035635 1 320 451 0.00221729490022173 0.709534368070953
801.19473913439 1 321 451 0.00221729490022173 0.711751662971175
801.49911666703 1 322 451 0.00221729490022173 0.713968957871397
801.62662449416 1 323 451 0.00221729490022173 0.716186252771619
802.61128962416 1 324 451 0.00221729490022173 0.71840354767184
802.69588573376 1 325 451 0.00221729490022173 0.720620842572062
803.12183361013 1 326 451 0.00221729490022173 0.722838137472284
803.38663175306 1 327 451 0.00221729490022173 0.725055432372506
803.8029316233 1 328 451 0.00221729490022173 0.727272727272727
804.65983106427 1 329 451 0.00221729490022173 0.729490022172949
805.0596450513 1 330 451 0.00221729490022173 0.731707317073171
805.38172644609 1 331 451 0.00221729490022173 0.733924611973392
806.16101190764 1 332 451 0.00221729490022173 0.736141906873614
806.27697077617 1 333 451 0.00221729490022173 0.738359201773836
806.92710189616 1 334 451 0.00221729490022173 0.740576496674058
806.99937989358 1 335 451 0.00221729490022173 0.742793791574279
807.14170606445 1 336 451 0.00221729490022173 0.745011086474501
807.18862610257 1 337 451 0.00221729490022173 0.747228381374723
807.92939753124 1 338 451 0.00221729490022173 0.749445676274945
808.19901105451 1 339 451 0.00221729490022173 0.751662971175166
808.47505184246 1 340 451 0.00221729490022173 0.753880266075388
808.54952234477 1 341 451 0.00221729490022173 0.75609756097561
808.86701899592 1 342 451 0.00221729490022173 0.758314855875831
808.90064576743 1 343 451 0.00221729490022173 0.760532150776053
808.99552293733 1 344 451 0.00221729490022173 0.762749445676275
809.72432995382 1 345 451 0.00221729490022173 0.764966740576497
810.35974732425 1 346 451 0.00221729490022173 0.767184035476718
811.11919894186 1 347 451 0.00221729490022173 0.76940133037694
811.22535157806 1 348 451 0.00221729490022173 0.771618625277162
812.7055676421 1 349 451 0.00221729490022173 0.773835920177384
813.15047506624 1 350 451 0.00221729490022173 0.776053215077605
813.53826339299 1 351 451 0.00221729490022173 0.778270509977827
814.38708725062 1 352 451 0.00221729490022173 0.780487804878049
814.87225793315 1 353 451 0.00221729490022173 0.782705099778271
815.23336702101 1 354 451 0.00221729490022173 0.784922394678492
815.81840890365 1 355 451 0.00221729490022173 0.787139689578714
817.53642861617 1 356 451 0.00221729490022173 0.789356984478936
817.71421042843 1 357 451 0.00221729490022173 0.791574279379157
818.01571732169 1 358 451 0.00221729490022173 0.793791574279379
818.25727292975 1 359 451 0.00221729490022173 0.796008869179601
818.59362549664 1 360 451 0.00221729490022173 0.798226164079823
818.73807019646 1 361 451 0.00221729490022173 0.800443458980044
818.78695131483 1 362 451 0.00221729490022173 0.802660753880266
819.97010425094 1 363 451 0.00221729490022173 0.804878048780488
820.03963373751 1 364 451 0.00221729490022173 0.80709534368071
820.31723550068 1 365 451 0.00221729490022173 0.809312638580931
820.59246705447 1 366 451 0.00221729490022173 0.811529933481153
821.43540142955 1 367 451 0.00221729490022173 0.813747228381375
821.90239252859 1 368 451 0.00221729490022173 0.815964523281596
822.6116590254 1 369 451 0.00221729490022173 0.818181818181818
822.79741208383 1 370 451 0.00221729490022173 0.82039911308204
823.20327541025 1 371 451 0.00221729490022173 0.822616407982262
824.97274439863 1 372 451 0.00221729490022173 0.824833702882483
825.49027570327 1 373 451 0.00221729490022173 0.827050997782705
826.56299600246 1 374 451 0.00221729490022173 0.829268292682927
829.12757347889 1 375 451 0.00221729490022173 0.831485587583149
829.27160681732 1 376 451 0.00221729490022173 0.83370288248337
829.8020071282 1 377 451 0.00221729490022173 0.835920177383592
830.10064732737 1 378 451 0.00221729490022173 0.838137472283814
830.50502723563 1 379 451 0.00221729490022173 0.840354767184035
830.95776833141 1 380 451 0.00221729490022173 0.842572062084257
831.44515755313 1 381 451 0.00221729490022173 0.844789356984479
831.56949311414 1 382 451 0.00221729490022173 0.847006651884701
831.71162676771 1 383 451 0.00221729490022173 0.849223946784922
833.67264957644 1 384 451 0.00221729490022173 0.851441241685144
833.92983250059 1 385 451 0.00221729490022173 0.853658536585366
834.92208516499 1 386 451 0.00221729490022173 0.855875831485588
834.96132269343 1 387 451 0.00221729490022173 0.858093126385809
835.80755713227 1 388 451 0.00221729490022173 0.860310421286031
836.11699182022 1 389 451 0.00221729490022173 0.862527716186253
836.64535463471 1 390 451 0.00221729490022173 0.864745011086475
837.28018252288 1 391 451 0.00221729490022173 0.866962305986696
837.99605056694 1 392 451 0.00221729490022173 0.869179600886918
838.11280298701 1 393 451 0.00221729490022173 0.87139689578714
838.32749389861 1 394 451 0.00221729490022173 0.873614190687361
838.57819348282 1 395 451 0.00221729490022173 0.875831485587583
838.82238410932 1 396 451 0.00221729490022173 0.878048780487805
838.91875719911 1 397 451 0.00221729490022173 0.880266075388027
839.11275606266 1 398 451 0.00221729490022173 0.882483370288248
839.97388564353 1 399 451 0.00221729490022173 0.88470066518847
840.23073054121 1 400 451 0.00221729490022173 0.886917960088692
840.77353449199 1 401 451 0.00221729490022173 0.889135254988914
841.419899273 1 402 451 0.00221729490022173 0.891352549889135
841.55714113349 1 403 451 0.00221729490022173 0.893569844789357
841.83616999184 1 404 451 0.00221729490022173 0.895787139689579
842.11429819411 1 405 451 0.00221729490022173 0.8980044345898
843.28754004565 1 406 451 0.00221729490022173 0.900221729490022
843.4198457122 1 407 451 0.00221729490022173 0.902439024390244
844.21881578444 1 408 451 0.00221729490022173 0.904656319290466
844.46200965217 1 409 451 0.00221729490022173 0.906873614190687
846.22504016514 1 410 451 0.00221729490022173 0.909090909090909
849.75607163505 1 411 451 0.00221729490022173 0.911308203991131
871.97400451602 1 412 451 0.00221729490022173 0.913525498891353
1119.138012026 1 413 451 0.00221729490022173 0.915742793791574
1161.5916682734 1 414 451 0.00221729490022173 0.917960088691796
1496.884959426 1 415 451 0.00221729490022173 0.920177383592018
5874.1737285951 1 416 451 0.00221729490022173 0.922394678492239
5882.521179977 1 417 451 0.00221729490022173 0.924611973392461
6070.082322188 1 418 451 0.00221729490022173 0.926829268292683
6165.6645681538 1 419 451 0.00221729490022173 0.929046563192905
6181.0789537054 1 420 451 0.00221729490022173 0.931263858093126
6188.499816225 1 421 451 0.00221729490022173 0.933481152993348
6197.0863685451 1 422 451 0.00221729490022173 0.93569844789357
6283.7543877615 1 423 451 0.00221729490022173 0.937915742793792
6378.0391298743 1 424 451 0.00221729490022173 0.940133037694013
6411.8284335187 1 425 451 0.00221729490022173 0.942350332594235
6433.2378254805 1 426 451 0.00221729490022173 0.944567627494457
6493.3118618613 1 427 451 0.00221729490022173 0.946784922394678
6569.7864669942 1 428 451 0.00221729490022173 0.9490022172949
6641.9154878131 1 429 451 0.00221729490022173 0.951219512195122
6644.4177002069 1 430 451 0.00221729490022173 0.953436807095344
6748.4459788769 1 431 451 0.00221729490022173 0.955654101995565
6920.6982422961 1 432 451 0.00221729490022173 0.957871396895787
7147.2737574551 1 433 451 0.00221729490022173 0.960088691796009
7184.8455547637 1 434 451 0.00221729490022173 0.962305986696231
7193.2945083085 1 435 451 0.00221729490022173 0.964523281596452
7247.9094433438 1 436 451 0.00221729490022173 0.966740576496674
7264.1332406434 1 437 451 0.00221729490022173 0.968957871396896
7297.5891720844 1 438 451 0.00221729490022173 0.971175166297118
7308.7673146929 1 439 451 0.00221729490022173 0.973392461197339
8097.6818411936 1 440 451 0.00221729490022173 0.975609756097561
8325.8459125501 1 441 451 0.00221729490022173 0.977827050997783
9030.3295683268 1 442 451 0.00221729490022173 0.980044345898004
9357.0672294028 1 443 451 0.00221729490022173 0.982261640798226
9385.4972389648 1 444 451 0.00221729490022173 0.984478935698448
9427.0494989732 1 445 451 0.00221729490022173 0.98669623059867
9455.4622189351 1 446 451 0.00221729490022173 0.988913525498891
9460.3397719724 1 447 451 0.00221729490022173 0.991130820399113
9491.4809287008 1 448 451 0.00221729490022173 0.993348115299335
9496.2061175162 1 449 451 0.00221729490022173 0.995565410199557
9511.5427246922 1 450 451 0.00221729490022173 0.997782705099778
9530.8085115432 1 451 451 0.00221729490022173 1.0
