43.673585693221 12.409580966669
43.711498615219 12.327969306322
43.72094450461 12.370028510417
43.641213161259 12.436257413813
43.684290924915 12.421243393545
43.727748594607 12.354075076244
43.639268576952 12.372645114743
43.718147827668 12.385738924812
43.661343696856 12.380979489734
43.688711754854 12.383460141918
43.704821414198 12.34895603284
43.646035495536 12.360630208815
43.674184287302 12.397518782617
43.730757070601 12.348494564832
43.70965286752 12.368823620218
43.683991199699 12.376270683213
43.68560437799 12.436788804122
43.638473452387 12.382041969535
43.639388647715 12.353972399327
43.638005885614 12.422814217614
43.705070936936 12.351330669781
43.722465435726 12.425698659141
43.714887432177 12.413940372159
43.726056814553 12.346044369224
43.707849675674 12.434295106437
43.679190435784 12.358475520463
43.734228404602 12.412255509038
43.735298268395 12.370929762449
43.645995141329 12.425350695602
43.724595058136 12.353729006089
43.679647240194 12.419062837243
43.663965158495 12.351889280787
43.682977089532 12.398222048508
43.659543383263 12.411382463042
43.707907365986 12.349259837714
43.701150957842 12.421858564237
43.741531203867 12.371334388115
43.667237473518 12.350924732814
43.689523181754 12.367638183019
43.643184505724 12.417798489548
43.714469332136 12.327015959831
43.688881185713 12.359244250881
43.704952179338 12.433440821468
43.725898570274 12.437975696979
43.681864461269 12.343859710912
43.708159278032 12.43124351207
43.697452272634 12.447016122514
43.687520800965 12.379676849313
43.685072986283 12.441417318995
43.649309003583 12.35985243805
43.703353072865 12.432502802218
43.684766159733 12.347713791948
43.735638160156 12.360910607691
43.631038478891 12.371825223051
43.66722029667 12.385315969787
43.709413335079 12.354742159788
43.692141899717 12.359195713608
43.711321633196 12.368957726943
43.719866551815 12.354272091947
43.657870978444 12.379062695161
43.695202645725 12.368433919928
43.720592831152 12.417625475425
43.718321053667 12.32854966697
43.664138111616 12.375843874841
43.627469748572 12.357218939067
43.728461233794 12.422318749347
43.661224773017 12.422080008531
43.720647126327 12.374603558527
43.710838744769 12.397573249621
43.717207083368 12.366092757979
43.651469858222 12.407752889419
43.631926588564 12.370740788251
43.735221621012 12.359320339469
43.715665564295 12.349970649646
43.645208091797 12.437963359749
43.632424628678 12.365574663231
43.723971307636 12.431720048411
43.687799487139 12.43345565604
43.710475413946 12.362158590652
43.705351860612 12.366037448594
43.707267879859 12.35218781391
43.72155583965 12.352544941193
43.662890674876 12.379611195729
43.713989488203 12.361572602487
43.712434102203 12.409243609502
43.646528834333 12.360973177201
43.633024281207 12.368120029761
43.680963518436 12.394847583231
43.663539630691 12.424223540104
43.700533849069 12.376377320579
43.706789058983 12.398223906031
43.666743118647 12.366035492817
43.678935850376 12.434933576025
43.689701706979 12.410419855945
43.717921786366 12.458859380569
43.704123746021 12.340823556942
43.655083969561 12.407215681138
43.709107587931 12.356445716881
43.650744102754 12.36438784488
43.679534876591 12.355803995114
43.670541667247 12.404521691822
43.696570121097 12.422101265503
43.683831836902 12.421969130853
43.701012499978 12.341633900714
43.651939071108 12.380899555248
43.663415814614 12.401326291005
43.683344215494 12.400663340672
43.742379649909 12.364430623785
43.656399121835 12.441372157301
43.677282162347 12.37275718172
43.650273179959 12.397999240757
43.709184599926 12.373967023762
43.659836276297 12.378782809909
43.703985330066 12.422197960535
43.723387957443 12.422749577774
43.687580076853 12.40847295311
43.699458090935 12.423025383366
43.689230536453 12.422134543987
43.6528910588 12.420651005332
43.639152772112 12.373640650613
43.715842971001 12.346519442458
43.7264394638 12.404780120798
43.717668783741 12.438375537509
43.685177848549 12.446905359389
43.69770007522 12.349980160312
43.684950398621 12.421834948224
43.657652382135 12.426026317976
43.71862954775 12.385433853339
43.687512258409 12.440400335698
43.65501784333 12.43082095146
43.713565641902 12.450953876831
43.645147318342 12.434693924375
43.695472810762 12.432197958453
43.713152706976 12.346883380502
43.64604704347 12.355022046436
43.727264679397 12.423513454603
43.695598967253 12.346171999998
43.73910460192 12.360673784002
43.639550099003 12.361294129587
43.687989429446 12.432747634816
43.724465857153 12.433813844565
43.646158840829 12.368231270655
43.697995509833 12.384132821778
43.693414577627 12.349622092394
43.704698596033 12.440578792936
43.682860226244 12.384610033794
43.684193812185 12.363885074579
43.653894824767 12.379125452332
43.692043590237 12.353952922578
43.676217127462 12.367219883675
43.73093359907 12.425311795655
43.65609831349 12.353294667973
43.642825100891 12.387291995544
43.688871705315 12.337073057602
43.687525987035 12.443330298871
43.718446438091 12.332176449884
43.664844747032 12.360790077786
43.712211307491 12.400905131104
43.680607540405 12.377758143667
43.685502528553 12.381811477443
43.676554533989 12.374376048995
43.642339578684 12.39363725597
43.67507238999 12.369501169964
43.684406963517 12.388278209806
43.654204710247 12.40109866692
43.651279392045 12.388472571705
43.644010114339 12.41863863052
43.731657212962 12.410964510616
43.681012832432 12.411545433782
43.636060656831 12.407500708686
43.683038857639 12.436776010078
43.699957880073 12.361926992613
43.679585801309 12.383292658454
43.630987161154 12.362229752544
43.666198355943 12.346712750565
43.696504787887 12.436853328013
43.631042146439 12.380205807474
43.734270422617 12.363017986719
43.717392458936 12.356473056787
43.735652090414 12.407978304873
43.643588849198 12.394060227293
43.720055955818 12.411247164224
43.695376643325 12.353129708859
43.671495223286 12.425002675722
43.67661479056 12.384590323283
43.725653589596 12.416015511593
43.684220625967 12.349451523765
43.697617890659 12.454209547722
43.710423763262 12.402081642508
43.738616353731 12.389230834522
43.667466300406 12.418755604636
43.712969019896 12.400483274574
43.676788695958 12.413768164562
43.684345708568 12.395081714466
43.681258963759 12.403631117404
43.715069756266 12.371446373135
43.699517784987 12.330887734599
43.697087568111 12.448076485886
43.649419051918 12.428993928001
43.648370124723 12.399826969693
43.705239135656 12.376102205562
43.63729556868 12.375621074541
43.703277427586 12.351573295145
43.700779622768 12.389484298152
43.669535306615 12.374602778545
43.704574759002 12.33688201028
43.729685755342 12.39310595367
43.700596190871 12.360376289769
43.727677749364 12.381625389413
43.659794357468 12.410471457735
43.648969366538 12.418701478496
43.656406782894 12.38168162593
43.692108813551 12.382118861856
43.710286660937 12.415355694229
43.647186176708 12.410021063152
43.668043115508 12.429044876468
43.708623368178 12.451597540871
43.705352009158 12.405483030924
43.712330776154 12.460592484803
43.650445697687 12.409785748671
43.707270223066 12.454037877498
43.68341680231 12.421785372061
43.676852117629 12.361636429749
43.695316443099 12.426843069248
43.725303640482 12.379182982456
43.694763258444 12.399956684301
43.707161148429 12.339381380186
43.711974026522 12.401617998465
