54.145183187234 -112.51039043046
43.422576250261 13.355433779955
42.339212374009 12.653768724622
43.417211156088 12.623443879033
42.954007454216 12.647461043528
43.604205613793 12.621751443328
43.218765375327 11.956854843535
51.057045486317 9.951599684987
42.815307317702 12.421076292855
42.064688175968 12.455458950484
42.105384724285 12.074730524849
43.539951868162 12.417910059198
42.390442107076 12.257868192765
42.541209473548 12.643136944011
42.049891612705 -84.141344241893
42.884811582011 11.878322270198
42.328802977397 12.912823706846
43.443264829222 12.849106804884
42.95306721609 13.020360834927
41.942334630986 12.370809944075
43.222465357868 12.467419518397
43.355755288806 13.63020132886
51.066082746287 8.7879998510648
42.387749904037 13.132445573424
41.988101276585 11.98203269347
41.921934657715 11.841321138147
39.827569692085 16.394902824005
43.130716963753 13.726258010031
34.368955274321 -106.27487643042
42.147791796454 13.321580269079
42.112442444152 13.414999255193
44.869836668379 9.3186068788025
42.890116196096 12.972631354359
42.877025973016 12.717972717603
43.643651920226 13.276717035715
43.029858137516 11.99554259006
43.814778204942 13.162382950637
44.025725397715 10.199914695069
43.463326613656 13.402267695613
51.390469606216 8.7571231549406
43.537758151806 11.99171887107
42.646050421377 12.486693144092
43.554890767951 11.980364252825
42.802891148183 13.821972571251
43.359021754192 13.25347122238
42.482472554561 12.839842079154
42.528426264214 13.262979821445
51.779788443716 8.1939596264595
42.34508528532 12.738612362549
41.918955855986 12.081290050003
43.664540130975 11.857206235129
44.671196496476 10.594853773289
29.522751398925 -95.613224262401
42.645993762506 12.908741387517
43.703451594221 13.078548011893
42.194801156986 12.166838029498
42.354085203446 13.814356162147
50.972704922069 0.30497929230099
53.139117030259 6.0124980664172
41.238230474078 13.098671343966
41.975841990682 12.144098202786
41.952237512449 13.388707955104
45.813384853217 2.054831385638
42.446120084958 11.923952265163
42.846914693663 13.815787414955
42.534362003943 11.9614534569
50.737599268899 8.1444947873915
42.619498012897 13.376941362592
42.877965837216 12.34403847502
42.701024054431 13.49449670433
43.826431001011 12.033080498259
43.003346332837 12.623602165221
51.56319577506 9.7957109398189
43.236917139628 12.81621893908
42.468483934884 13.666208456602
48.872967982722 15.961585026449
42.365672379458 13.385249169744
43.010301591854 13.565729549439
41.860354741526 12.984230476445
42.710956994331 11.843410037872
42.007845724492 12.821018719983
51.981010179958 8.1448728303168
42.443877806649 12.800369155056
42.473965407591 13.298380269363
44.735708017061 9.0810496686614
46.397893140532 13.87794217813
42.49253408729 12.789798186549
50.980920885448 -0.26382048166069
50.033487710652 9.5952202303313
42.332138726663 13.308207144194
46.943566487123 9.4767409257273
42.062545884916 12.257283729176
43.23346276394 11.951249266512
50.610586065385 0.51448923181952
43.311716624236 12.776464089668
42.686328928327 12.766650436824
43.444216776867 13.497105574488
43.362595406551 12.073314388338
50.404632760866 8.8791549507897
42.022078230543 12.511622775605
41.969048168982 12.998688886428
42.44791078963 12.672096904236
42.546203806806 13.492718350393
45.388803207497 2.1504119165011
36.78805557634 -78.252029244996
42.795983440634 13.231930258347
42.607845572127 13.484745560461
41.973337139943 12.85868519447
42.141668696509 12.163513685208
42.801270938873 12.816082375991
43.744161169412 12.199157108667
42.050702482972 12.344091052836
43.109479139165 12.728978726908
51.333206654914 0.55463016892068
42.79765553672 13.473803565148
42.987022274189 12.154985362757
50.563077235391 9.7267143608661
42.572557980017 12.85286090658
52.124674141232 0.45843765714599
41.98928593287 13.605397447315
42.308926433955 12.195814330243
41.919254933467 13.599345967474
42.147024871405 13.66560275001
45.351457986236 9.9748632854665
43.090025960065 13.327429856347
43.779213490814 13.68347678414
43.042605467182 13.792459956295
41.909019516294 12.052592074544
41.914250934012 12.075103051085
44.818440084168 10.866374238819
43.086974075591 12.165823572879
42.572031212792 13.555715371669
46.874136435741 8.6541758438825
43.632428000997 12.768912930421
19.201328104339 -66.346078836287
43.420128194366 12.509480947887
51.813757089346 8.5615855946958
41.961908921603 13.679969423788
45.879181633044 12.335350938481
37.135649019724 -121.59536777509
42.24846340357 13.034102628976
43.116846064181 12.915809801296
42.045690438752 11.905112110055
43.608248567047 13.272158239185
42.290464934584 13.102742789382
42.027713883702 12.041105165186
43.696032718635 13.350100867634
50.243755802626 8.0418828302258
43.189100759213 12.886367790369
43.515094159432 13.785556384749
45.622171293768 2.8721811482088
42.719637440874 13.524491987456
50.076197562309 9.6135513035644
50.321966591769 7.8952851776966
42.703990560839 12.858223748348
42.724628176899 13.123160687819
42.832101887035 12.575128379567
43.667408299499 12.23949556485
46.419926735794 8.6532384674313
41.840069118834 13.305236117612
42.007801658499 12.268588944019
42.46326950449 13.190207970438
33.050185842775 -118.98856562168
42.073308338932 12.135179487141
41.923837768365 13.170454343881
42.099000877768 12.440291501342
43.400971577245 12.700839931493
46.831906064801 2.7992371203374
42.304290731135 13.779378551442
51.193227497951 9.5972901422518
46.647515384782 1.4524076313024
43.798354041224 12.240068535919
41.873035808056 12.108057085496
45.403041056545 1.8047732938103
41.551851713235 -71.019120597091
43.538698318686 12.11822233543
42.659771863699 12.32327228662
43.256574139605 13.813518317816
53.321427283725 6.2557357808136
43.809018899619 12.957099236549
42.916228824743 13.251787691981
61.596336130796 15.965659015796
42.486989792684 12.790509392896
42.751345509103 13.056161727803
45.214680701173 7.8108836763799
35.563477486739 -78.41967985623
42.087944108589 12.853208898985
43.775109586688 13.343539254455
42.724294039779 12.077406030671
42.354567638785 13.772008502771
46.266018275295 7.5526166123117
45.409331767079 1.8292813789236
42.069259780047 13.210623862807
43.015582987136 12.65370922056
42.42625521611 12.149876839572
