51.560838878649 5.1451853767015
43.788003341683 12.670327733138
42.137871424753 11.878614972776
42.743013407475 10.728616685503
41.92415014327 12.675187854897
43.369729908376 13.772967182015
43.284051686679 11.901587384262
43.099492532734 13.799306607267
50.534405546977 8.9494147938441
50.295385157827 8.0080865770616
43.147037139252 13.364025881704
43.418513943191 13.154573291167
41.913720905762 12.213118219403
43.732779945609 12.226861929648
51.741832572847 8.2688473073155
43.285311460649 13.730939001672
43.647696090719 12.322795075536
43.511049298829 11.887133532172
45.118525211287 9.6459476689114
41.911771815716 13.149507554804
42.643603091449 13.310809868554
43.447061353131 11.814293170285
51.160393278655 8.6740454573529
43.679944238497 12.749322913957
50.785085727826 8.4540708365171
42.319144098723 13.071221093701
42.701606381101 12.043074486353
45.251250984262 10.017522692598
45.378345606557 9.9382018874134
42.591828444804 13.513829952832
43.711424664015 12.71256653441
43.588446845596 12.592142667918
51.428006613826 8.1857458284058
43.703650319832 12.521584010481
42.644127689623 12.355627425667
43.208418174299 13.522888278853
42.055566347251 12.617353806115
43.402692599896 13.267749176041
42.131128147327 13.758033692745
42.324680227959 12.079552609532
42.239617786037 13.049330561
43.241224535409 12.120551786463
44.643278220898 11.457777876478
41.85912063434 13.7188121992
45.453881119149 11.093539684563
42.436616829821 12.562814536322
42.129939331289 12.802334965136
41.899695959848 13.542701206444
42.402204490941 12.568990780327
52.140244996008 0.53826380028775
43.236262186561 11.846780090542
43.451885537476 13.559577257188
43.68901084677 13.346775273044
45.391664907519 1.2758836570549
42.705783357262 13.242334770173
42.844779745624 12.829606576764
42.850169932421 12.47207703512
51.410713332431 9.8460076692728
42.525272544739 12.956984491554
43.711677505987 12.113587286863
43.685177848549 12.446905359389
43.152083472441 13.588034746532
43.288857545394 12.76444247263
43.227706671354 12.13537271143
43.456120697549 12.210741298858
43.160290862064 12.651161734805
42.01981065891 13.016598906862
43.190686869079 12.000837304651
41.449050543763 -82.781499315446
42.134238206399 12.619554674097
42.394713042509 12.858800688248
43.095848182282 12.668717041944
42.891305831697 12.081230171549
41.859466437206 12.968110355089
43.526507747626 12.71398726793
42.464200358144 13.072474298122
43.783018998256 13.345696596611
45.264368736471 7.8792235880783
43.294102614438 13.086465708973
46.969081246999 12.388922969314
46.540929279831 12.03192910598
42.820840686032 13.648895904745
42.12472408459 12.974007163671
62.854082306313 15.142362550899
42.846663962534 13.477601820381
46.143206691436 1.1781214448521
43.67889367264 13.064967568549
43.155421754904 11.908381191992
42.69852668361 12.939189157907
41.894019346656 13.267566457071
25.515976874847 -79.82235633182
42.031709717157 13.57542957115
42.661448153996 11.842256785318
44.503770861755 10.671711818514
42.074918645956 13.653940324531
43.000126085265 11.858323273204
42.293448411086 12.831743468007
43.595467627347 12.51877911648
43.134220245378 12.591071795968
42.326934684707 13.355690972135
41.904159217118 12.832635345346
43.434457049928 13.199930022119
42.701787003198 13.351647177896
43.558769498767 12.527110080036
42.734455687357 12.0072081364
42.386793165203 12.493853451935
43.74107476733 12.395894438234
43.411311375655 13.096398834205
43.759505112564 13.63002253914
50.185797836718 9.8094059740237
42.335342842797 11.861057108224
42.916056640894 12.090431701455
42.173200938487 12.067645695579
43.519501171338 13.571014276061
45.259705184265 11.574880762622
42.872130058667 13.324019999415
