42.045397011605 13.667930543289
43.20550010691 13.71041355131
43.573558398345 12.436494314802
42.577443574379 13.368714452448
43.395978040267 12.301966912275
43.440065219293 12.428981586115
43.212342881252 13.096579190875
43.677326269319 13.421597950843
42.866829351481 13.741708896024
43.280066173209 12.855408180924
43.293995565427 13.390500629058
43.677171198522 13.759692818767
43.516208916233 12.990423649566
42.679009486793 12.969881132718
43.669021849387 13.333741252487
42.886364137722 13.349272402653
43.39012963671 13.113579424638
42.314023897219 12.400499102867
25.648220242752 -80.199305459759
43.639083689397 12.530662841897
42.482250216663 13.79293343231
44.904376186132 11.775733593377
42.905470135599 12.856909071515
43.00635602607 12.778243447572
45.104325424742 10.46435691277
45.687310404072 11.662036384139
42.406016347674 12.917648075131
45.124733118727 9.4625714463706
42.039344392291 13.815974391932
51.465673302517 8.9188240877906
42.45825164742 13.615396304364
37.174861908506 -97.854132070138
42.42940654488 12.528877182665
45.362687182593 9.9129168326538
42.079252190015 13.7168555687
51.935904060926 9.6502518573079
42.207224351471 13.54424117859
41.405482403404 -80.47407822497
42.871670652142 12.315152827818
42.190403494162 12.265552688535
42.767408164131 12.089069421931
50.850191371213 0.089012172063357
43.520845901485 12.112514922469
43.09150531615 11.86078263582
43.402335853059 13.115950391237
42.040155584964 12.963659869045
43.595892963764 12.508475784004
43.190451571828 12.650572682123
42.490438346069 12.899985303145
42.030112159008 13.211345975872
50.332339710711 8.5356009735426
43.116073511616 12.728982389799
42.769331771328 13.155423150491
40.888065523182 -74.235831727636
42.446474426189 13.115062497631
43.425349024344 13.404941017483
42.500819433735 12.089852540817
42.118034386618 13.074614288341
42.797637152878 12.212458330792
43.137502878524 11.975797571717
43.718997605966 13.617376717116
41.925077391774 13.23923427718
52.037632989948 -0.8360382900322
42.572975497981 12.304579502134
42.730281131703 12.359440161104
45.924530187612 8.9545456992251
42.807632134693 13.477169460395
42.758746338917 13.811618495666
42.922289154943 13.534065403314
37.949722542584 -122.31057574047
43.365743395132 13.451731603824
42.765886358829 12.909147428793
42.707617711161 11.998519256731
43.180273555324 13.269896403567
45.041428643114 9.112216269205
43.640212258177 12.883138537374
50.910417715744 0.42111483323906
42.270709485894 13.390435910055
42.771236190953 11.918723837921
42.439451162929 12.513300935998
51.984577425748 9.4980522852848
41.962741036903 11.963304159701
42.675123229027 13.599942851646
42.796093206313 12.522090848799
42.050348259553 13.671033784149
42.260900207006 12.88672335303
51.172294922253 8.9350763507816
51.148253237898 8.7098056104546
50.823583646595 9.3556690995375
34.601879520196 -84.204523352908
43.16914974163 13.226872514594
42.681509469974 13.598197195979
43.041655165184 12.99900448464
41.870644177271 12.606607241394
43.419699393895 12.029390277376
43.411264538512 13.762591818258
43.679709837178 12.320353903978
42.619260495372 13.198850606682
43.410293423317 11.910442500355
42.843631193921 13.408689456272
43.591194726357 12.289713987771
42.842023101583 12.541670323157
43.599637534304 13.653849825589
42.373764203125 12.186644130494
51.229767157803 8.8875241069531
43.279576809297 12.004289260623
43.044927525842 12.775927729356
42.227000885304 13.225500935349
54.13594935813 -113.94763801897
42.596890092195 12.260017576304
42.071520467343 12.662937911091
46.953879892805 7.2360738158394
42.047718075147 13.665971490886
