45.804142028165 7.4793938481874
45.922488369175 7.9988790147257
43.284878032901 12.54657110646
42.557924911661 12.186236498054
43.645391791915 12.701305397668
41.973688240172 13.7341054337
34.650997778883 -117.33810718495
42.456241082168 13.535599374948
46.823307724893 -122.71498585572
41.909677945056 13.7853960734
43.148164002315 12.378290707443
43.391090978606 12.261683805523
42.228116966446 12.927164191367
44.014994105375 8.3255472131868
44.619678781819 7.4111461098613
44.300164281228 8.0359987372024
42.570011491242 12.903446701331
42.090785064332 13.172299527199
45.689642951235 11.203914396232
42.406862158073 12.251974798877
44.224021547953 10.964416235154
43.710064328627 12.876606410333
42.141792214097 12.82489423634
42.650458551802 12.22591815529
42.042377094779 13.425427944153
43.274169699903 13.090022286929
43.728577588579 12.075195416398
42.761720755513 11.923661648281
42.841016092285 12.92270970669
41.921413484945 12.433453425057
42.224301169286 12.486711396618
42.308637151659 12.107223939222
42.624751938353 12.191159513889
43.816494658059 13.68405700928
50.965061350244 9.7896458407816
51.860165797575 8.1488530729659
45.917161975136 11.941710885655
43.052888350141 11.949657076502
41.991012825182 13.269588795171
42.78133748324 13.693870868412
50.663089731086 8.8977540092998
42.151008476129 12.737208085965
42.489257381546 13.147570763339
42.705789245083 13.078541487979
50.618113220026 8.7369903725279
42.38257645894 12.082792684286
42.811744762984 13.77677106849
39.902817673156 -73.86374683033
42.430524278188 12.523286258601
52.25454555161 -0.70299949395144
43.564107953389 13.437983484698
45.889564482488 7.9839673729749
41.908072387778 12.977437201432
-0.60168279316355 -0.81788836038573
43.323251656894 13.112339995409
51.184144731231 9.8065433873825
51.104334902067 8.5592636822533
41.94038532208 11.852023742579
42.985958810444 13.325649130331
42.648182328182 13.274407227207
42.334550720816 12.007318200568
43.615870773169 12.82233969116
43.649309003583 12.35985243805
51.775677476108 0.07829846047918
26.463141945389 -79.331198453401
50.342575621485 9.0196816367189
51.653219738814 9.3731106721671
33.726644385984 -84.108409343245
43.194854537137 11.928493754926
45.024047734018 8.6544808110243
50.224840226222 9.1126618180949
45.496630344934 8.8629224889063
43.196651871429 13.189740678405
42.771218454845 13.759150958995
43.04896636591 12.421900715431
42.113993655033 11.931463260193
41.951275230502 12.986989996201
42.386858810872 12.77046135851
42.13774913977 12.397759636605
41.989106514507 12.852093432982
41.974295492759 12.758189484385
46.008967765611 7.8239735541046
43.771275412671 13.083543560528
42.903970424993 11.936335962257
41.927824786386 12.404343581502
43.228011636656 11.985615446712
51.053960780173 9.8154867728313
42.621574812414 12.750233827529
43.585476095151 13.602783239283
44.849017236337 9.6687064059399
43.559057951255 13.827741839864
42.501768544571 12.409645942252
44.425248986818 6.7300288986299
43.44476052443 13.725404680134
33.684775038322 -117.8218739868
43.497961760286 13.070811041219
44.340527410475 7.2819088724147
26.580871100325 -79.976117178596
43.659618138198 11.992562899849
42.7417835853 12.863227614159
51.902112941678 9.8265405855265
50.557283144937 0.24054126354426
42.148862587378 13.388518329446
43.295701861075 13.678401920816
51.512792528846 8.728960231286
46.843607443778 8.2606515638813
45.724441028 9.7783148041825
44.521452331155 10.107099210986
42.806935037417 12.462891279025
42.097750111084 12.856798831328
43.230573659425 11.965954984078
42.491751690645 12.10276464892
43.032964381891 13.824485307964
42.160941768068 11.8510826644
33.305993257738 -83.915040174832
42.080572573992 12.923962256391
41.933252597683 12.752079514692
42.022065760133 13.736943698387
41.931329311792 12.091045905899
43.522951497961 13.443016829196
43.456409944921 13.679114981426
41.848629773079 13.365613548742
43.543582612457 13.647481834838
43.620149890736 13.644666891401
46.047274985699 8.2233963158812
51.74011075601 5.3414659069811
34.217523851721 -118.741560051
42.392161641474 13.501513605261
43.066637170553 13.186238155342
34.204040191885 -117.15050839397
43.522809749734 13.077230473106
33.660118197494 -117.34827235249
42.895889379057 12.399522688913
43.793287020101 12.293391237193
42.622115250056 13.65866518845
41.880053047522 12.573466231869
42.337412600584 13.459400002614
41.879443286883 12.28524437469
51.927131783416 5.6262742154655
51.705907846431 6.5582916125694
42.308153276031 13.448102446968
45.476414096927 7.8731322047897
43.303398342965 13.316939554346
42.293217598618 12.022445697369
42.835851702318 13.580961845641
45.317366930848 8.1073124784755
43.780624084559 13.502840343187
42.714229183625 13.33742821281
51.369416438681 8.4989472955926
43.529599175125 11.961440297312
40.625485917531 -74.667431111424
42.534965807842 13.048310613303
42.020771176585 13.547147150427
42.498353335328 13.338201582145
44.212590098643 8.0675786712777
42.20902486297 13.610278244436
42.562021662298 11.842672572419
44.780835257879 8.6222076228248
43.231288924011 13.24245089399
43.041938358027 12.967939327477
42.250738861643 13.448500953845
51.348359706974 9.968998115961
40.434748165962 -74.931477211431
43.79283017937 13.17384860442
43.485688850065 11.966328942222
45.540370198728 7.7295475487479
42.270893700102 13.436059837919
42.432804097644 12.091811682627
42.808237358859 12.036520306059
