12.407673050627 46.730502839794
13.188514825298 46.668198042183
12.528676783607 46.281157725063
13.045678225155 46.810830315275
12.575852472391 46.720024492249
12.40404475009 46.251878557646
13.047137427939 46.604502393887
12.829037999443 46.902458190195
13.337391067242 46.52308631645
13.263315445189 46.821955726187
12.937211255768 46.638576674361
13.253792242858 46.042550707861
13.223471164935 46.551207336994
12.819055181505 46.514835235577
12.424135566675 47.180446427653
12.335965552312 46.470128805849
12.924764971002 46.434744939664
13.288494731222 46.482443958999
12.744913017512 46.655407019053
12.875023901658 47.262300684027
13.047160982896 46.451335328164
13.017832600774 47.131887456717
12.49879225071 46.403038866635
13.113676301976 46.895544112865
12.924533275268 46.648680356447
13.125328364163 46.663732542754
13.013033468179 46.079444272277
12.847298399192 46.163804185981
12.869163660629 46.122007828954
12.470765983628 46.619249959611
13.167005027669 46.71056759948
12.867166746996 46.248247000367
12.405339912954 46.39580653512
12.493761460781 46.97492118204
13.022093604017 47.023266187104
13.320965521907 46.983736176756
12.59259498638 46.458280207591
12.517025578007 46.505112254692
12.98967990956 47.084710130296
12.681406281994 47.110578420412
13.322810253998 46.984267897685
12.988177448239 46.830032976787
12.440937980166 46.646154590726
12.454016121212 46.579478434353
12.527198664878 47.136946043317
12.381710687737 46.526883521153
12.921334792239 46.779280393561
12.652162246125 46.10980906324
12.6273979904 46.333944528307
13.075490606772 46.805708464864
12.495485143131 46.184113766267
13.312400415473 46.772078623677
13.031799516444 46.931432251575
12.343308510118 46.710708314607
12.343042985018 46.971184319591
12.540227046276 46.968256913365
12.234169668792 46.724646484074
12.733238631617 46.096534894638
12.366574125235 46.667291303665
12.526891212944 46.509170963454
13.104524932606 46.161373596981
13.372488741725 46.464472451717
12.775796575109 46.303009169697
12.643587209792 46.444810662074
12.583675563828 46.376706932183
12.737209885978 46.766188930399
12.712936847591 46.661300604328
12.639593652536 46.702427166629
13.044248959432 46.311435780429
12.572183068896 46.437231382813
12.529908815948 46.22101917743
13.105592704681 46.568478636031
12.365843084599 46.336019077283
13.012808059706 46.797009843533
12.866464593733 47.043161279356
13.226830204377 46.360818693836
12.314084079428 46.987740466088
12.364181489553 46.577137277453
13.379410147632 46.40474119361
12.736221792275 46.426163743716
13.014185716124 46.367959096326
12.906925117807 46.847488128297
13.332811073809 46.783698409949
12.275292544635 46.662244633894
12.59968651335 47.238088455907
13.308592239327 46.411635135746
12.593744637014 46.210442073044
12.792550495517 46.971711273546
12.591357777518 46.151158296853
12.849159448829 46.370134564093
13.202039988366 46.242286266675
12.466262417385 47.078454837028
12.517148921295 47.013313211295
13.089639054907 46.418787843065
12.543441337109 47.225368625843
12.747874958577 46.498407688478
12.334350902184 46.500118032587
12.44449516525 46.985744441641
12.416716084798 47.081738143986
13.150634112626 46.336314178482
13.238967971776 46.775050777625
13.434263944151 46.536250552666
12.529744724778 47.27837295822
12.786665736386 46.50767372877
12.862127235442 46.485053528606
12.567952899408 46.73714047267
12.902345753949 46.492387373949
12.225261529221 46.591079254258
12.359534880568 47.058293919826
12.772293917144 46.30030915509
12.679796973814 46.589717397995
12.615909017232 47.076237453903
12.388922969314 46.969081246999
12.365894960782 46.435905238607
12.816414368973 46.903870158107
12.305404591926 46.689697397003
12.751041596767 46.817689755521
12.502264739036 47.014263429008
12.542551287025 46.927157652319
12.373703178308 46.362221015049
13.255377334503 46.420831724007
12.456440026873 47.033818112025
12.492558255739 46.30327490345
12.690681642893 46.395811216953
12.81671365081 46.351830040131
12.747736164435 46.392938689374
12.333877459042 46.376943481193
12.604698638897 46.353441061945
12.855426228256 46.256267621629
13.083795075598 46.998292686671
12.44610460335 47.216897883342
12.661174783579 46.966472155653
12.731639751828 46.536895736624
13.271353280519 46.352264633834
12.96681882284 46.57559003449
13.21855813347 46.805814325973
13.043096265564 46.786665865375
12.903727436055 46.785393198992
13.014865766879 46.086941346706
13.067017433519 46.957781654085
13.123381605217 46.990156529721
12.440321626546 46.158842224758
12.41389935974 47.184904719112
12.624547532373 46.787314883588
12.728012567513 47.227802248566
12.514648840325 46.762793779051
12.653556875442 46.112341750794
12.478678543998 46.340797233042
12.874095523146 46.242125846781
12.34109376645 46.857591967286
13.413856874201 46.495851045028
13.00283896157 46.555041260133
12.388559403798 46.673322651171
12.621985073745 46.546755934643
12.458894731479 46.544392034919
12.516556666727 47.252074813376
12.871041892407 46.630116281365
12.438773243357 46.375482766063
12.607989139926 47.340831154439
13.078027165785 46.358976846982
12.595501435986 46.64387324694
12.388907089333 46.336851560921
13.063272667401 46.962712068347
12.400842869257 47.021191558159
12.585079999631 46.260963763094
12.62814033731 46.285415657791
12.864500822657 46.40115345734
12.777149713213 46.336837214903
12.913221953743 46.664813500952
12.966877151985 46.560917920017
13.009606378136 46.092418198806
12.596849091055 46.869175424965
13.242449722493 46.758024016422
12.395909179548 46.708036752544
12.897524234579 46.453360676765
12.492614649254 46.358260884836
12.748399887836 46.474420351451
13.332753824945 46.883840635153
13.309353624403 46.555519218138
13.194893625444 47.158008981358
13.315495476527 46.577175271289
13.018536975404 47.18835003196
12.501426165014 47.219870366978
12.941250155906 47.238614201911
