43.715423346851 12.782775622712
42.80620731779 12.986734064311
52.047669616783 0.24047971848887
50.770408105231 -0.27323240292409
43.058553255677 13.31873867864
44.765460321568 9.0096011938595
42.718333728967 12.796643590015
43.473074423856 13.515906876214
45.206378295648 2.5486107582918
42.664294006633 12.77454627064
51.586533762322 8.4411704141838
42.877386474946 13.821149653693
42.759021298869 13.430778024008
51.526176203986 -0.86875815967971
42.939608897075 13.005585352914
41.195947519734 11.811228917635
42.792943455669 13.741945477103
42.967745440552 13.130255249411
44.631253793247 8.2213735264593
42.168498300115 13.543828249252
51.556509997722 0.54751108653728
50.630122685866 -1.0395782292586
42.827751656004 13.685194486627
42.0677716062 12.178032350365
43.565132828248 12.447616644433
41.854987849435 13.163908156198
43.076757432018 13.563581249029
43.141496889846 13.033502687737
41.996793865246 13.538043498799
43.137623922053 12.174685425227
42.837217035183 12.344668746642
42.652753297565 13.559895279633
46.024008747201 1.1561016827617
43.818532725267 13.226027815263
42.427569878973 13.797094975059
42.435478411373 13.138281647201
41.98338740786 12.926277900101
42.646280940944 13.107877827321
42.989594614149 12.784090800131
42.51411853943 12.282559569146
46.619249959611 12.470765983628
44.774110873858 11.961849486659
42.428751415447 13.22072330714
42.835178744923 13.773359926799
42.591241102496 13.178317233558
42.739639272813 13.066941164952
42.782955912327 13.534289886979
42.358123876342 13.682395091619
37.576841681533 -97.375400196936
42.793243245146 12.031896576321
43.217874061439 13.597140508537
42.232154850977 13.488678447219
43.071931821814 12.546985543143
44.657031600227 11.274973412452
42.616870355868 -82.150533922294
43.562199349798 12.503189970063
43.352776049356 12.44195061386
42.187428774886 12.96928974847
42.2273415794 12.090727190085
43.031728510315 13.693224310753
42.973642732491 12.527527300908
43.213013701727 13.277271320728
43.015661141398 12.009036212253
42.863518550018 12.392507896497
43.027619474136 13.675323655233
42.175299084848 12.483504944727
42.492171551817 12.491754994046
50.063063156355 9.2059699754258
43.038629918864 13.791521785239
50.770606828281 9.300222260086
40.101835574932 13.669365206507
43.815797800599 13.69947864243
44.442657689989 12.577679581539
40.938475014765 -75.313319282884
43.607486702806 13.480817298184
42.832048151585 13.026072189245
42.990552974881 12.597673722842
43.144410306676 13.178087229479
42.169526992466 12.250558819294
50.478292594887 9.1645738101399
50.21471286156 9.9674252476392
51.715755560769 9.2512602732756
41.950219722444 -112.48480226691
50.80003487845 -0.12871593248039
42.352103250286 12.139895435974
43.255961558922 12.734148534378
42.139124480628 12.148871817251
43.178019543748 13.788665450101
35.229668758021 -106.900934578
40.83522380244 -74.402376470475
42.438163757084 12.226563922722
51.856499701904 -0.19386146231734
42.719509251772 13.772963190832
42.314465590454 12.8594512478
42.010842053246 12.531857728761
46.346207414941 9.1673316315596
43.335747021893 13.451956155941
42.600458445328 12.966797103645
39.736352110968 -73.621328664642
43.254719093116 12.572027426966
42.266722210362 13.039030678609
42.464101879163 12.946986391205
43.608084495018 12.681791700296
42.665973688807 12.414779604161
51.781632401879 9.3471748532481
50.788954695123 8.95452101154
42.842208312772 11.964889836502
40.573944258044 -73.921954666025
46.464325723455 8.6500827491517
42.518425340561 12.00447126294
46.667687017782 8.3980993439435
42.349611441323 12.782544564375
43.721476086772 12.566444644989
43.46416062606 13.263890174361
43.248121294795 12.295531133348
45.620143112084 2.9984474629157
42.448161304692 11.976748800381
42.779964801308 12.302387248421
40.160104204196 -75.021814171366
43.556187247206 12.679825269955
42.911599913592 13.421834878375
43.432015726565 11.891643731825
42.676388322246 12.588737493676
43.70321965299 12.24494821778
46.189021803527 8.9823709665716
43.190944548806 11.855777037749
42.080373115896 12.767229016783
43.584651731248 13.204131086939
43.513666884303 12.778591826942
43.542998382164 13.050032714892
42.734814457493 12.975903596739
43.739047348399 13.603336225566
43.084855170515 13.261859543764
46.603778839392 2.9983230838544
40.662924221246 -74.301882448878
43.465164110302 13.725053900746
42.378938393399 11.87268125262
43.374009106038 12.4687266748
43.648005186903 12.301319192791
43.812990182479 12.594701983798
42.818601013563 11.979583434306
42.80163347062 12.061823263349
42.092947340169 13.766870565625
42.21931815346 11.850369722534
43.229132133664 13.352166258915
42.816930761962 12.242635576188
43.709230512266 13.392392739857
45.226014719261 11.073977833902
48.039120197568 13.275995965964
43.568221162359 13.166003691131
42.574225386893 13.680260815064
45.484551334979 2.9984484822482
26.632582410051 -80.413848612926
42.401309952813 12.977858970884
43.128870733629 12.254344820184
41.031358556117 -80.555049837137
44.71990104987 9.5907862232955
46.197869028082 9.4686852720886
41.973337139943 12.85868519447
42.817231781251 12.741176115715
44.634012469267 10.883082566544
43.147189998623 12.313624878115
42.379830469575 13.35395490909
38.955567560778 -76.773217995505
42.755176378321 12.346751514073
43.48276252557 13.459736975611
50.343819648188 9.2671368882373
45.463067843329 1.348175243171
51.309788928511 8.2812837684906
42.051697817676 12.762424485668
42.085745845982 13.630443352589
51.331716212366 -0.94467778925536
41.85388463079 12.541139190358
43.644923203015 13.199077380003
41.94352384563 13.593212063256
29.386353497191 -80.795329499156
42.615230606711 13.001976144522
41.909088541732 12.030466324219
42.205500668031 13.453151736175
50.39147547511 9.6909463474019
42.869991696866 13.041701130144
42.704065691563 12.37819084638
42.785218912299 -87.115395254524
43.511027023921 13.669370639471
42.94092219136 13.135654185517
42.189373239984 11.960024187809
43.590277901681 12.568504270918
51.276556820039 -1.0268450719942
43.669359556266 12.498141560491
47.862554898422 8.707793789314
42.351997169385 11.910991905702
45.095428398855 2.271829121407
46.754905376469 1.8104220949162
42.507761155047 13.120592642653
45.649480021673 9.2825087716233
43.300701049783 13.753663595206
26.748679937195 -80.302281776394
45.013428794692 1.124393840844
42.917651911249 12.966931555891
42.165454621525 12.255020980397
50.621699459209 8.5432182715941
45.961542404239 2.938571382751
51.546869557838 -0.15091080463533
42.78717425644 11.935986130955
42.566624673368 12.540848863118
42.879311892867 -82.638653724028
45.31788750287 1.5273242432286
42.770936780524 13.783358666966
45.495915351666 1.4449088724539
41.855904687616 13.070522016899
42.541335987666 12.916415803582
43.146011970095 12.215456095645
43.558979984188 12.60534033489
42.737084306675 13.762960106045
43.773737863087 12.288634630076
41.842208876688 13.672628395128
43.239834498747 12.072719977292
47.601947791901 12.043901413257
43.082597849019 13.810030468672
42.827868569583 13.492725381878
41.890357024472 12.02821429636
43.435298120361 13.779807386838
43.61694295968 12.996073313542
42.642582031287 13.534249270605
51.410648611565 9.8034470150263
43.242287553515 12.850350467439
43.425766335554 13.493003490632
42.183151880851 13.676757947412
43.549605165885 12.92669643181
43.668102821202 13.618137475878
59.696050914794 99.473177995753
43.296008267133 11.860524299511
42.083470595595 13.550191515868
41.974898881288 13.583281609522
42.779851051897 13.757411423513
45.102620691386 10.823209693827
38.248738526017 -97.072493550401
42.211698297531 13.517115588562
42.856119892514 12.013269440764
42.540378953603 12.314925539009
43.528518616489 13.635453672
43.583077217745 12.556325688773
41.56064172094 -82.263982431362
46.523744840233 10.357150990589
42.450599008471 13.708104682506
43.35046121869 12.810615369983
52.200716058119 0.86535065283783
41.496507321402 -73.724634903021
43.669120588672 11.9287230824
42.917544019857 13.319107724989
42.750928532703 12.098045473985
43.754581500683 12.528823499369
43.163577564624 12.527156927424
42.177676484558 12.058611345526
59.337035068933 100.98130491189
43.223776694047 12.453749827807
39.756054667039 16.012065146029
43.30290947731 12.869275425987
39.74036962746 14.693678125035
43.394731221925 12.623551579038
43.075026367381 13.649190834115
43.224801962855 13.27481881218
43.242106758657 13.777952730573
42.53103349245 13.817921996519
41.12163692239 15.764836101588
42.985251208781 12.296915063794
43.248001679449 12.670247044747
46.34632127648 10.692178109913
42.279587501346 11.901464294617
50.944190263024 -0.97900807535695
43.296955546523 11.878851665148
41.913434923607 12.332832399
42.001979224406 12.748442237169
50.314806217474 8.667803030772
42.233587491921 12.785402538176
56.288364022173 10.966004036817
43.261437425533 13.716848197282
43.261555488364 12.122021560635
41.876077664979 13.26661936022
43.138635726731 12.396323156749
41.062049045862 12.903297792421
