42.421020167631 12.527231710764
42.421249614314 12.536196857496
42.37568500611 12.488191359925
42.406978530088 12.465996293123
42.398699188812 12.477257833128
42.4467715139 12.476532749143
42.400306363332 12.500037182376
42.444283883781 12.539292674318
42.413045617499 12.493117749942
42.441125939827 12.534473969405
42.449460648696 12.49776044001
42.397936021184 12.511647879405
42.424183612908 12.519479539043
42.416263929436 12.500482528981
42.424247590978 12.509073492959
42.381219027297 12.500798139044
42.391490929032 12.501161114101
42.425642997246 12.473671374618
42.379953624413 12.506088678516
42.436788097714 12.50360465215
42.40928266824 12.463969705863
42.411665326663 12.495317607438
42.390018106175 12.497941254891
42.462894661123 12.503070425032
42.442152164172 12.51198387917
42.390363453159 12.473148506842
42.407821064095 12.469141791814
42.418982268527 12.470402424464
42.385385880913 12.513550226371
42.410292324822 12.458515269916
42.451961498008 12.529730323038
42.406799406489 12.482720202081
42.450717034981 12.52627808441
42.398164324203 12.463805346521
42.430524278188 12.523286258601
42.408946653108 12.506036842964
42.403524280735 12.519666421956
42.437868266591 12.476182007008
42.409952560652 12.489850066386
42.451645689782 12.522576144695
42.426193665001 12.485040075858
42.402918199286 12.511508683933
42.422088969251 12.530862702791
42.445408081399 12.541276753687
42.453506383811 12.531816489798
42.429696676542 12.542393146822
42.42940654488 12.528877182665
42.410735397346 12.480093399307
42.449029039356 12.541913030942
42.437269888577 12.497653521384
42.380914115545 12.477886510791
42.440227223786 12.497188997707
42.401367953721 12.509480989331
42.409410590983 12.472826091348
42.428820758813 12.4636778764
42.442843467224 12.513825274333
42.370146276623 12.497008665252
42.38104222595 12.496471517972
42.41353417349 12.468152763095
42.370036971483 12.500460031696
42.404666292225 12.49973591815
42.371407859687 12.487241987387
42.407879104583 12.470593744198
42.464997185166 12.505676008086
42.404360715043 12.509325033312
42.432607543877 12.517587604729
42.447481509062 12.536727999142
42.443751072273 12.475948110931
42.428798424301 12.516745165718
42.389351279677 12.516858028975
42.406913073013 12.462192584531
42.438871809507 12.511107039431
42.431966319437 12.484096490093
42.458931595322 12.50408121969
42.437323780024 12.497413118157
42.417850229639 12.503603802318
42.411839518909 12.49341726235
42.418741171464 12.517515723856
42.42953141242 12.518305560836
42.412164949094 12.465887842938
42.451781376031 12.529436453047
42.449204629983 12.547990479783
42.45868997765 12.491947375022
42.412400311538 12.530913560454
42.402512861159 12.523054947876
42.419999416203 12.513345847632
42.408171016934 12.484611567822
42.436314852667 12.491043786302
42.447191182753 12.540416591142
42.421304801231 12.474083068557
42.389903547445 12.492066790134
42.424996933653 12.499485876199
42.441537859145 12.546487532832
42.380373919581 12.488297573073
42.404956367076 12.46564172884
42.447362383591 12.539765214354
42.395776996594 12.503055733418
42.398237456308 12.473433230779
42.399483094665 12.478262742759
42.394233268425 12.50391089057
42.376157075829 12.499374952421
42.429058344324 12.490104189392
42.41805418742 12.52865935656
42.40056231499 12.508365649988
42.376928099162 12.507470881358
42.4518983562 12.531809262269
42.427488981966 12.467259853386
42.436890719217 12.53828006684
42.45158913615 12.521281733441
42.460749623601 12.495020735329
42.44560427195 12.516026079916
42.439451162929 12.513300935998
42.429534074606 12.519840375318
42.415828243578 12.487608732438
42.382756790345 12.500876867932
42.392323249689 12.485999268727
42.441173207707 12.540735017781
42.376569002132 12.484455337995
42.43505228892 12.482228634659
42.463315384699 12.500044411302
42.432389503567 12.526743024854
42.44451217283 12.545316497139
42.434278536346 12.531156398624
42.449150639351 12.530682008516
42.393991544582 12.50116134926
42.37199639269 12.49385355019
42.446852823948 12.552796003687
42.413096305196 12.51289492173
42.397924402469 12.512295919264
42.421074059078 12.526991307536
42.413630167702 12.457027324244
42.425479223705 12.502043634908
42.445401670174 12.529009598575
42.383123087896 12.492710469075
42.373766834577 12.506684927527
42.386793165203 12.493853451935
42.368884852814 12.492698888079
42.423982299617 12.497522849842
42.422157559296 12.520905038605
42.458200823284 12.4908545979
42.425652141436 12.481217141974
42.411127353765 12.467129265197
42.369064387127 12.492304121394
42.44256593496 12.518243099825
42.397941345555 12.514717508368
42.402805785857 12.500224194743
