42.672233535311 13.551910439784
43.555370425619 13.105677132565
43.605866478128 12.555074763298
42.589524937623 13.278100431582
42.711836895792 13.438697126919
51.395626685068 -0.25441803567317
51.657524170893 -0.52652518760251
38.884938275096 -76.713685253927
43.295172786033 13.074269418195
42.086629092289 13.410018285017
43.774430472785 12.191759705188
42.119741073891 11.912144097857
42.06765885377 13.25936190705
42.460055513543 12.58339241316
43.524909630218 13.339812767405
25.636753041111 -79.461138117617
52.771788522728 5.1171538854796
43.611126159158 13.820087562718
43.322184389628 13.525720935115
42.863136951536 -83.847846800132
45.239486307646 8.6010686639026
44.078310969019 6.6899014111351
43.475337529797 12.930140265718
50.499611870153 8.4247382005792
42.658014658235 13.394531121217
41.863105719401 11.842627143901
42.129113135941 12.065562045719
46.802318032739 1.9248888562084
42.878516672144 12.110603830384
42.369660784218 11.909081845989
25.536779947812 -80.261048730394
42.852397147518 13.333735219845
45.909134501575 8.2015304512351
42.071874715908 13.552096692192
43.740293977682 12.146021093797
43.328565774659 12.815188166155
25.077862588242 -80.675876271104
42.595632453747 12.52638761493
51.855562900824 5.695497625482
43.435897988957 13.810795718737
42.924786726464 11.995055453405
47.217686484204 7.1706738877905
42.235192611944 13.203139400225
42.017670846108 12.49593436976
42.107331543301 12.260963524834
43.606533554686 13.728400695498
43.005466794153 12.785397307403
42.885404585828 13.689193255144
42.635674403832 12.346892602924
43.687456695704 13.137318421706
42.461361266443 12.458982267186
43.531915698469 12.45291564078
43.783054344276 11.945094396356
43.542230645934 12.099416711435
43.507647803776 12.048982452179
42.196631527618 12.566852279758
41.833524146992 12.855901710643
43.757470021864 12.789006455724
43.15666594552 11.854535017116
43.08598797821 12.269053609722
46.72867180115 1.5308306452496
42.503245524852 12.78223834365
50.89061598009 9.2607182787083
42.973986480394 13.41351546741
43.164222979084 11.916648100578
43.762609816067 13.524909471427
43.696145313206 12.137015055484
43.109821788107 13.782884023538
51.609865557919 5.5797481862035
52.063212394511 -0.50936976942204
45.678414014673 10.92811569119
46.838561729918 1.5394021982976
43.222799778975 10.765077067453
42.615218777517 13.456408345374
43.654655757686 12.663360797664
51.87708676624 0.05818148886235
42.488358761168 -88.063867773906
45.598076996206 1.4245584483373
43.310059035362 13.060261029334
43.135962811383 12.841747967008
