42.221933870701 12.229305397381
27.73381752033 -81.065975986721
42.275950944666 12.64800079758
45.683510805333 2.0694252653371
42.946280736938 12.034582812842
43.755389680993 12.594460474625
44.921007526818 8.9228992638961
43.636227820386 11.840775286726
44.670310618274 11.646127009949
42.291614886996 12.657827912226
41.708766274743 17.84912589167
41.090135763234 16.161668020658
43.612172122885 11.9821631387
43.371812218063 13.720189470223
33.998722988825 -119.07617487931
41.887063623374 12.933472950467
43.038496809585 11.951818938831
37.143076438989 -96.729468089402
51.851491402533 0.32177476687906
43.285481722714 12.116493271739
43.030715256965 11.965796871116
50.386980524001 8.8753805006274
43.64264074745 12.995133277513
43.407388617495 12.658248698666
42.847501108839 12.078061497362
44.021645968396 10.345660761043
44.073755483249 11.162280010484
43.135972253997 9.7966743362354
42.406561787916 13.549489069076
39.826648008729 -75.569958450045
43.468675513525 12.441712900292
42.228665378538 13.084841255625
43.547448744342 12.452259993878
41.882716169547 13.035827330817
42.631471318508 12.893141539739
42.483080338001 12.605531322141
43.825788502056 12.08549776074
43.397037623656 12.220390002367
43.440280205331 12.194489437267
37.593167187923 -122.61595049061
42.984655817053 12.942991812708
46.107925148731 1.7388310230984
41.335648077926 -74.201704252914
42.580949323078 12.534357324047
42.210924988732 12.553924275841
42.181950706747 12.577480161177
42.526507434701 12.559219099863
42.191344160231 12.14755811365
42.343962269085 13.218603197608
46.684817383385 1.1088748216205
42.196234000959 13.541805354686
43.316045405977 12.076338673998
42.878988984937 13.229905172845
43.787347059619 13.556863754802
41.602013307971 16.471146190735
45.222757606871 2.5325132215081
43.075456035845 12.311062737534
42.86441273238 12.007128286665
43.491099478461 13.303624508134
42.287488343815 13.321355773772
43.075026330594 13.257705570805
43.400840343649 11.943370014889
43.317135713232 12.263037866125
43.564181863614 12.419344643813
42.4989147566 13.724691290767
50.184206915639 9.6372279741975
43.085217516464 12.642577038001
42.652648470224 13.689073128502
42.272198366615 12.2284702781
42.536971461299 13.588696876836
50.775616213109 8.9264485970728
42.203734968439 12.781451336493
43.413758670659 12.304632263887
42.724116574865 13.034868694413
41.911275487424 11.323921616408
-38.247350197866 145.78247005685
43.755827198178 12.818694893207
51.546264563709 0.023488380905938
42.218289488584 12.483312154435
42.701190341265 12.628402626246
42.574570318507 13.036760586818
43.262982409125 13.341869874106
42.949787374583 12.974126528958
41.689543649084 12.354593055765
42.109904540309 12.231677157468
42.097697024766 12.238877271434
51.533197991565 -1.0637441003573
43.85374678269 11.298209608273
33.125213717814 -117.60085467259
42.117154358962 13.105847710348
45.701004266253 10.684792779772
42.516262300574 12.74553195843
40.103133230244 -112.52692751132
45.702065935148 9.8535185973409
43.703462894889 13.237590670252
42.286717788005 12.401087593029
43.778424455702 11.872864522467
42.425202303161 11.085765924994
46.030026650743 13.923789602045
42.783438076651 13.046934926925
46.786769749783 -113.50842338321
46.649643080146 8.1746639693969
43.696724126044 11.294694879157
43.055996106519 12.693031077617
43.695433357144 13.563763823644
42.469805358218 12.385627991255
42.973936073491 13.711024545951
42.866673819102 10.277660337357
43.572568280444 12.236987179742
43.332303466917 12.26413121927
42.333369682254 13.821375574389
43.17511963482 12.374360634675
43.329381822317 12.549894462617
42.335828268612 12.639080223015
41.968642220373 12.233417121823
43.748492809848 13.678049717901
42.440344507101 12.13066188813
42.498136629603 12.324854656295
46.404523460383 2.1979841986662
44.358298686572 11.547492278413
43.097232938345 13.31153360538
43.77504277966 12.654912281176
42.334810110917 13.375925682681
44.641757870413 10.949125792528
42.609996132392 12.228071507194
26.995295084528 -79.84687224796
42.121724255926 12.343738143513
42.605288887234 13.686740537981
42.530264460284 13.370435825277
41.841386125836 12.242217580456
43.262863450827 13.566973032715
42.232592386789 12.215198659925
43.228598158003 13.444351337612
43.577131940807 12.139597927306
42.064966911967 12.476223475077
43.512536907363 12.296064551147
50.369676516214 15.282931432493
43.490044927474 13.750924061423
50.51185586141 8.9040211289674
42.339631440297 12.507754709363
41.939298124977 13.086990057087
42.94019552599 12.51241880169
43.162670159809 13.73856913754
43.109488044472 13.466281723004
42.269652553049 13.758922709061
52.277983695165 4.7597431247168
41.9643656374 13.273408597484
43.494502748148 13.755984041747
44.02916870482 10.234591948464
43.740539925539 11.963995305826
41.923530774642 13.298816760231
41.913491973634 12.553408970869
46.71056759948 13.167005027669
41.897762995955 11.883675979489
42.802891716756 12.452266751555
42.101378448376 12.289766150683
42.407449295489 13.626764703389
42.430009318271 12.092587951635
43.054788194643 11.900878594697
43.235364735723 13.170705322742
43.388876753596 13.643841981277
43.807623770788 10.706820525654
43.216466463293 12.960368074479
43.02212847167 12.279938881903
53.158821268314 4.936522069474
41.872486690021 13.812152675287
50.329854189106 9.7985343890258
46.990292055993 2.0994793321469
42.357538663504 11.842022806353
43.327655557251 12.704302485916
42.079858792073 12.017149313382
43.728434425208 12.184319939571
46.894966072938 11.324810491162
43.249127859387 12.711898839919
43.73845484703 13.6316941067
42.233826498631 13.401441735889
41.985061029918 13.118819461746
34.002223351219 -118.17250144519
43.121690813995 11.840655146113
43.382294072969 13.294630342787
42.383285098443 13.204327701241
42.240212105813 13.42262574307
43.609224568426 13.50460354404
43.981643609766 10.560342240757
42.071115767172 11.881253931171
47.362453896975 13.025984321056
43.764749593944 13.813642084067
40.19327233049 16.861694665072
41.940437938546 12.701319403363
42.10627031799 13.289454377878
43.447263022183 13.401144589971
43.58932997409 13.015821999433
42.255788596021 13.472487491331
43.345326838526 10.692571490881
43.729828189283 9.8966605970365
42.408631316132 13.051475734495
42.500445275822 12.740155083027
42.089437346968 12.69631873292
46.642997723838 7.1475292626524
51.639614099469 8.9886240870639
43.463866214039 12.511574401779
42.996081592069 12.081098345167
42.086163370466 12.368526090129
42.911757111529 12.948356248435
43.326401212891 11.939619122532
42.506887418941 12.721829537659
51.605810337516 8.0632834458087
43.283046777513 11.868382828736
46.983736176756 13.320965521907
51.384984266891 0.71897518895985
41.937046005848 12.667950003274
38.592272491752 13.341564174135
38.786877638377 13.641516186295
38.769687065098 14.173973693293
42.309211652425 12.354127595853
46.175436972722 2.5534952397242
43.057110420941 13.217537451192
42.132685601328 12.115554458071
42.590465582738 13.315295472909
41.891846069105 13.38477808909
43.157834019658 10.845141913088
42.150057406721 13.497122245628
42.385904882304 12.560711827877
43.410678436261 13.383234362783
42.894102948224 11.893847750006
41.839953581749 11.994596528839
42.838645133136 13.646751114024
50.594096255765 8.7772824809781
42.190918890404 11.947158485647
43.74928456349 13.485398204313
42.165277155214 13.251867109117
42.462373393358 12.261493930736
43.125538113606 11.925025060759
43.017550732504 13.375785145173
42.558271043284 12.86398322876
43.118612640036 9.4537286373548
43.471935792136 13.237103723121
43.069023205486 12.998087883016
42.978406233724 13.335932532037
42.285106883072 12.629087428876
41.956198708155 12.021124067281
43.659771979183 12.721956253875
42.634664141424 12.221684664612
42.200935369938 12.497658111873
52.392182012504 0.0054030455161877
42.568461621932 13.622941576256
43.683097652033 12.475645053909
41.880043377134 13.738380137264
43.652405898877 13.576002909625
43.686389850328 13.72393541912
41.523347757767 -74.635386928999
42.412555259866 12.598380410878
41.911473737544 12.811221817907
43.505256236787 13.136844679332
42.491568690881 13.467659945839
43.744228395843 10.946507611569
43.536256901725 13.68430849385
43.822158226682 13.640863005391
42.025048923246 12.993988861348
52.479287818996 0.38353493869004
42.871403976607 11.186642670255
42.145068434621 13.633312058951
-0.60168279316355 -0.81788836038573
43.273427586918 -82.826865667604
43.279038814047 12.346291433736
42.853743818541 13.566307002032
43.822986180833 13.195861741547
42.837571258602 11.996143909656
42.156713506301 12.555594773311
47.136946043317 12.527198664878
42.47539665062 13.567339289753
42.67918711981 12.62753511205
41.874089352749 13.259002645176
40.153964357033 17.676578052473
42.505213585938 13.33884692955
42.668469445181 12.84863943462
43.447014845671 11.987335251194
42.769016905136 13.061631915209
43.777548428542 13.803639993467
25.856051098471 -80.480009620577
43.504205255559 12.952828138134
43.605104838335 11.945201819292
42.109612842162 12.7250418797
43.321418536066 12.816451028391
42.716840723884 12.852452182163
41.779995755935 17.293406595894
42.683581393551 13.469801652951
42.476222380773 13.236816725359
43.304821444838 13.372830426981
46.237752071667 9.4359813436079
43.186602262888 13.51484139476
51.941068779184 8.2738596407109
43.713279635067 12.302742468821
43.81989287439 13.688339613254
43.492065060203 12.420077678498
43.051064932298 12.358956561146
42.835006609038 12.020467287891
43.581538228144 13.639661613239
52.11117033782 -0.48712971508369
43.687520800965 12.379676849313
41.918013562897 13.060347147335
43.513529971968 13.542151683749
43.70839189354 13.358969948908
45.124733118727 9.4625714463706
43.081044049527 12.754996334575
42.444806052134 13.491648562502
41.839644644821 13.707555808943
43.76117154714 13.151720987725
42.781830995729 13.630618859397
42.552819302584 11.991023737023
43.276915409287 12.634855144508
39.123438617738 -3.2816732969515
43.475825021752 12.325270628263
43.585532891392 12.531334726874
43.107275498171 12.767666234082
45.989670630004 12.238396032289
29.805367166383 -95.404746485806
42.365560911321 12.291776271694
41.949010121168 12.121963032599
41.843826526724 13.575766977212
43.095498662507 13.312556155193
42.122202114746 12.632703931852
43.39603994947 12.484571066466
42.49978086238 12.387890014999
42.62669135708 13.687736657324
50.742786618528 0.34734405867632
43.666563357092 12.556081339997
42.475824691598 12.081037578232
42.551255421059 13.498654153917
42.251567851425 12.313138612713
43.888480215817 12.088824217177
51.942882780658 6.0059430931024
-37.2394433018 145.75255573592
50.558863479439 8.5114361958166
45.889098196029 9.5911887297133
41.867617789615 12.000005803092
43.34519997071 13.522765202247
43.514727757107 13.197720451394
43.801228629354 12.242410523951
41.954829950351 12.819722866577
42.168728496048 12.776038019835
43.759689060768 11.028126204816
43.050152269702 11.952996420673
42.784680493097 12.514538422488
41.853825957002 12.648295363269
42.345637936793 12.100958553677
43.159387805594 12.914430011045
43.700135179677 13.054432941647
40.971548209766 13.655780556379
42.039683896622 12.421205027712
43.081576741825 12.365325535839
42.636335605607 13.183567152465
46.990654663178 2.6543418986976
45.932635257455 1.5757476969509
46.942613971393 1.7199088757485
42.767659886187 12.339668185164
42.731666639809 12.106618659641
46.561431577225 2.5730807741979
43.136500623627 12.177200600143
42.231924191246 13.1535817069
42.482235320158 11.979823867802
42.398179729676 12.12845048689
42.960254628679 12.485379827456
51.886448515061 9.0174138019874
42.780877435965 12.004159819358
42.577984931238 13.455419673817
42.063910182616 12.589750094635
42.161436730626 12.523006951235
43.234616689514 13.631689742057
43.584768876727 12.902418686984
39.227492978162 -111.7680747595
40.768636894118 16.973363986042
43.06662609899 13.743787263422
42.100306668387 11.970442194965
51.110624574409 0.1682542623292
42.902533691352 12.629436937941
43.093952219532 12.218493562314
43.496880094307 12.462355193918
42.523582019642 12.211985261299
43.042017124168 13.453265955904
43.556322978158 12.045337299858
42.465032020821 12.71606921021
42.965920993598 13.022443968368
42.45642256667 13.655737398053
43.630284076405 13.264951042044
46.582488440714 2.3303294071603
42.901646199611 13.586723493241
43.042437053326 13.046773369932
33.68747066151 -117.77344547137
44.422386714912 12.151381669679
42.026646261137 12.091153751657
42.918785500789 12.712035305219
43.795970081278 13.747065702356
43.727617977547 13.226026341911
43.607425938199 12.683295291722
42.735058056088 12.264581008958
42.227818355091 12.422797757419
43.647125042832 12.216999650589
42.308430169408 12.922365604885
43.664133839639 13.563087699752
43.158622646334 13.361700169
43.143278069416 13.176190858344
42.242693510041 12.520986857622
42.174093802096 11.938009283963
42.771585158453 12.60023390299
41.897953380804 12.991979037429
43.442074164044 13.406318746252
42.804179055546 12.869037727785
43.273644278906 12.003686656267
42.239355000334 12.160362182281
42.36283648685 12.855788060883
42.801683641433 13.591944403777
41.973826541574 12.655573086674
42.929145955469 12.96994770319
45.379815497147 2.869389430559
51.935904060926 9.6502518573079
42.42590088652 12.810736305945
42.295662932722 12.382388728404
43.778367501136 13.538405475013
43.458783554614 13.668163684995
42.533401059722 12.003387761325
43.10120443215 12.653649586113
50.370673312978 9.6188276771544
43.096141221068 13.2018103
43.513595811817 13.670017246024
41.842750804912 13.362467564832
42.5534653089 12.880538706167
50.712916581758 9.05173843077
50.88537717419 9.261775934725
42.785978243608 11.913239036202
42.451764737487 13.113871690426
42.529071966919 12.43601986602
43.828337768965 12.280467903859
42.820617171873 12.866440107539
42.962288964078 13.579356799193
42.329164738475 13.362122196428
42.515429377351 12.550795946548
43.224774722601 12.089311986759
51.293389500721 9.2701709099441
51.059007748058 9.3255008767943
50.77780139855 9.2720213738605
50.785844193672 9.7173660913098
50.733121229677 8.9002114189324
50.365129737353 8.4762284222414
51.846485710166 8.246005009043
50.18467793436 8.4931677791724
50.220495943083 9.5742167316257
50.75406138634 8.8677688827122
45.142141967147 2.4368794553154
50.076809682453 8.176643075038
50.605498032461 8.4883425768876
52.496368435675 0.83316318584754
51.749915297958 9.5196034635974
43.232000806032 12.372836299901
41.890891181741 13.430833406502
43.6690036411 12.723450721599
43.101974701112 12.736770449105
43.758319752665 11.869345204399
42.952173702418 13.523244998682
42.341929100168 12.552019474375
42.318428848108 11.999706672525
42.339100229267 12.539787994039
42.369600961178 12.380976881565
42.382945035318 12.046347107315
42.078049221599 13.519544157928
42.665670782659 13.741478491475
42.490511016238 13.375843256908
43.125433779401 12.755685266015
50.617570341387 8.9582039420298
42.188028600641 12.626822074257
42.475353616532 12.034569459539
43.0899893461 11.71123341539
42.037201948968 13.027006336056
42.831976599934 12.070152884403
43.348680694566 9.293999230647
51.108868896081 8.4712814546522
43.135193120307 13.163263915669
51.739712514095 -0.23736568463377
45.499017748748 2.1668688683616
43.226408450991 13.410898438402
42.558219241259 12.012912572854
42.040813962969 13.472666924595
43.529766731698 12.376821682519
41.865959448817 12.654767946922
41.865711285691 12.837280914133
40.67577094476 -83.266306707937
43.694003533916 12.775161107453
43.658589598119 13.55910675442
43.804853482568 11.92817642911
42.188960986321 13.16272126241
42.869983662395 12.62239717807
53.607540266406 -7.9695583120778
44.232835831976 9.7779519678201
43.307790368494 11.844838365861
42.005886480236 12.811984695893
42.874353558253 12.743379339943
42.241858033597 13.562041543241
42.835300523266 12.525498236795
46.703905143172 2.5897514319931
43.573990225149 13.614100157125
43.636296165959 11.908071726073
41.974295492759 12.758189484385
42.811454929345 12.06049737898
42.032716117836 13.293098704116
52.251461437322 6.12858468824
42.363766780779 12.820124263347
43.519304039685 11.908204887506
42.244853196335 13.221824044952
43.518421775924 13.082703027002
61.873066996165 15.864576592047
61.881942094714 15.191981316168
43.126012405926 13.58262133907
43.809177249602 12.758491527198
42.444697810565 12.610710922934
42.697452960882 13.034165246915
50.810367620462 9.6285179292916
42.563147429194 13.539597305741
43.77528703996 12.16583072404
42.644625506219 12.222655241968
42.931690640737 12.091919980541
62.970482334947 15.214115913591
42.839893654401 13.002027020346
42.918555039896 13.456296972233
41.975653067707 12.079608426953
42.925442268127 12.70073008898
42.800789047545 12.98510025003
42.871889994907 12.413114811507
41.926885738956 12.918910257967
45.063762716979 2.644531437496
41.957684012597 12.90338268408
42.974774946468 12.102520336931
44.795255243209 11.309339497891
43.32539119123 12.059790590827
45.693986159141 1.1059553404832
43.585176071911 13.463571537989
42.202364855096 12.993051148969
40.939910067357 11.697598233024
45.729140295547 10.032137008585
52.202191147349 0.06298540483834
43.350099540034 12.07912837906
26.435942650027 -80.237972104377
43.434047219101 13.134896280793
42.538816737749 13.664084163825
43.475075836936 10.475919816888
43.116489609779 13.369741970401
41.851549242109 13.624396510268
43.530126524891 12.704812865122
43.061092847076 13.031606496813
43.185292624044 12.710190513989
42.445184746054 11.834243197869
42.316531603859 13.208662817838
43.023371620136 12.607662571432
42.494848393155 13.751224294676
42.922767384428 13.527110553613
45.815752630758 11.204233391748
50.711177599482 8.496859356061
42.319744681644 13.261265750186
50.094218305822 8.3973236989217
45.574387967854 1.2421591357524
42.671857470049 11.986211868018
42.826624288164 12.470159755328
42.093648463552 13.764615019229
44.620241556095 9.8100787242223
44.032405060221 9.3534798437746
42.932068300423 13.088544313858
42.343316716323 12.770764897026
44.33072791958 10.926380729292
43.035457071145 11.074440044271
41.975790134175 11.96447279165
42.375668154294 13.399423753118
42.418167697947 12.442972711049
40.130159016878 17.322818317231
45.941816937026 14.687609891536
42.950375917366 13.743031642767
40.293715160462 -73.305496066998
43.377711304195 12.122495364476
43.524135802672 13.211156640321
42.354252238013 13.683598055844
43.041994748678 12.735592111377
43.181584931084 13.464278086326
43.707375605941 13.266321226168
43.346809364572 13.454642841825
43.35491638789 12.884878923153
51.096502014481 9.5694556946724
42.028143547044 12.300535923962
42.424286302863 13.776390189222
42.10972369516 13.713401698861
43.364263499346 13.521047638062
43.122157188676 12.536620544541
42.779211890802 12.719636724221
42.507483073768 12.467372962047
42.99500927005 13.156192300469
43.808544102057 12.269047298615
32.913600349333 -85.375692864031
42.47522546608 12.962865327954
50.737186744221 9.8666433621508
43.308169560047 11.833599764029
46.210365285194 8.9339485778632
43.448213555614 13.568880768779
42.012918242746 12.677930451335
55.53886616907 9.2858082434562
43.696546506948 13.831724206394
42.065211538277 12.354006512742
42.676038888619 13.428698502702
53.140715852212 4.8580285083074
43.095019212058 13.427430493512
43.711836641541 13.408270546912
43.890709231373 9.1936135390954
43.421024956958 12.273217236771
37.256327475585 -123.05714351471
51.48870893544 9.2269154122225
43.45843706676 12.241224517713
42.733388710664 13.166431122558
50.960787562635 8.9914706633387
43.065341397706 13.428523785655
42.587795128409 13.566614012519
43.11472711347 11.880410320091
41.852670216885 12.671155830247
46.10805072915 10.096152688284
42.491055725392 12.144588364377
42.888858701072 11.91395985892
43.014462261023 12.041482692625
51.063343557559 8.8060750508709
42.205096070424 12.945306657599
52.140060968995 -0.72207856170464
42.688219273339 13.222049201963
43.456370391651 12.807209899115
43.756404753216 12.815438805549
42.897651937298 13.34515542462
51.978424149323 5.4574923038983
50.716543033587 8.8317223595603
42.486930303989 12.960063684734
41.867258877918 12.329029940709
50.991082976801 0.71850627549389
43.281498436037 13.654205194069
46.116736786171 10.366026397404
42.120605296998 13.524729325236
50.68813184285 -0.97616327045772
43.350499865783 13.703173783956
42.111693684085 12.065155940647
43.266808840591 13.523062111609
42.751187432462 13.794489324018
43.471473671736 12.004298402485
42.511102032641 12.776284740689
45.199262010026 2.1015579561244
43.777485105592 13.637519345005
43.564297852856 12.329385003249
42.22485670134 13.124784958628
42.141903232405 12.748965448604
43.238189578654 12.28553063531
43.5187645017 13.63170082107
43.566958184173 12.578042907931
42.191955302952 11.839935179746
41.884284687196 13.622530686514
42.141737779689 12.452073664636
42.84061290365 13.112686039488
42.761879166498 13.560478868711
43.119530499524 13.457679551329
43.533640145128 13.713029683455
38.94350267263 -76.48954847986
42.691751475323 13.58690858848
32.903122431833 -111.83688859076
42.212941633658 12.831489343604
43.033271787259 12.434347557127
29.931136719393 -98.826260349194
43.197492459902 13.628007314947
41.86827824773 13.596301616934
42.341775056621 12.062474986123
43.73273076293 12.116507822723
43.590888174081 12.946346755601
50.562906603591 9.9868858731291
42.097329467136 13.360811045117
43.6528910588 12.420651005332
42.314925452862 13.111383828407
42.100329376825 12.54221878461
44.499160726578 7.5310239691665
51.587546222651 8.457602440127
42.313904507719 12.821610440904
42.292800612905 13.787302863706
42.361208913106 13.154452597815
42.949421638155 13.48532764033
43.759507696053 13.401671157427
46.633946268903 13.664103709259
43.759027506134 12.032062075602
41.862137600271 13.51627826158
42.971431037419 13.022801467715
42.554700547177 12.025930416338
42.917151911683 12.034704226435
43.288869887746 13.311232261991
44.327820914533 11.868608688434
43.674058454446 12.064781981572
43.445576595371 12.09901220917
42.258709354468 13.50313508443
42.03576771034 12.725961559346
43.540253536583 13.110907151902
51.576835296385 9.9784487839688
43.277990877313 13.130350905087
42.988888492358 12.712964275274
42.44449611152 16.506250535935
41.307025634035 11.806723560859
53.301780632605 4.9115977823555
42.051639770203 12.878694288863
50.950310170627 8.0751913548797
42.520928045067 12.082989108343
51.169308827803 9.2915924509482
46.203044768052 2.4135599101025
42.250666706495 12.17475068626
50.622477865136 9.048592577711
42.637783857846 11.894861332579
42.533344463249 13.7659831591
43.32848782622 12.320158815181
42.362780849639 12.990715406386
42.890159273956 12.264725309475
42.018272426009 11.928294127795
43.170455618862 13.223051802846
43.410545046188 12.677392611617
42.685315351342 13.311133504545
33.834943919717 -93.200901538747
41.913481652252 12.01833477759
43.443260656431 13.138987253971
45.182213099453 6.8807265793094
51.147973057883 8.6292511670055
43.794665796142 12.18801592441
42.87320538327 12.757612699085
43.137444132558 13.409601439002
42.71808546398 12.082584001649
43.750398564057 13.072897524628
42.009984617613 12.187953860607
42.734040211783 13.225493476386
41.934859551946 13.109114927777
42.86000029552 12.207818045864
43.283228410095 12.159504222313
41.554028390851 -74.495959914652
40.721821439009 -75.250285912553
53.174730385735 -8.2183714095589
43.122921098568 13.766823709389
43.667334947136 13.200102759174
43.564777944055 12.448262856572
45.226798631348 11.328276060717
42.79574851498 12.914510697573
43.641395506769 12.343025160203
43.283444997076 12.69809643726
52.063247859275 0.16731475296306
41.909612869357 13.059751292739
43.475521134921 11.833510553408
43.178332544036 13.622957125152
42.881368749741 12.781162447215
43.038442638742 13.792348578497
42.935569375279 12.586363502607
42.650672064952 12.406386407302
42.549129283332 11.884103523069
42.390030953304 13.172621663296
43.189732803607 13.783903450625
42.996788116657 12.372038126186
43.129224147263 12.650033564165
43.512700579855 11.868136838504
42.969118286396 12.564701441028
46.071561544236 2.0267732418267
41.633119268777 12.477885548059
42.95232858043 13.728505839488
43.249007484547 12.624747212822
45.512385437038 1.9112758854922
46.690653026426 2.6121703542826
47.228619583337 11.137325876668
43.585105480454 13.124115762845
42.856136341533 12.572441071559
51.119714093217 -0.33957943154945
43.338064028594 13.496704905081
42.564350286317 13.174440082731
42.020118237038 11.858287629161
9.5188294227788 -79.612021977367
43.741047476784 12.299506356634
43.563391635943 12.177361385069
50.418670721081 9.8135225981537
41.87893488534 13.233845723923
42.674015452489 13.053365850401
41.944788158401 13.52846464588
42.392329909111 12.607907504147
43.221998095637 12.482478320844
42.659188497674 13.80664203961
42.83428929368 11.854692148464
43.369370312623 12.872980537321
43.493369008665 12.253416879242
41.906172607071 13.005538707623
42.01016099381 12.098279906969
45.843615903472 8.5147329424111
42.860719463278 12.116271951777
42.959190799391 13.738090973246
46.868418779163 8.119688033182
42.314288739282 12.728278799808
42.823477493538 13.791997437755
42.387750031628 13.091091622196
51.766168604706 4.1568859812626
43.069918411837 12.03153638033
43.041169510263 12.162210396588
43.658549407359 12.002450094115
43.518658763992 12.320452847688
42.778661456343 13.057900117293
43.789560959132 12.293575944071
50.046145441032 9.0542476750232
42.404103980609 12.385974697038
43.542023764731 13.747893771526
42.368064580212 12.881546638406
51.318007047902 8.9601658549906
42.395776325111 12.841034769028
41.880402985926 12.511264575439
43.818656048516 10.225198444831
43.611284083992 13.677096224261
43.386575040143 12.103468569996
46.558424783737 11.407695972572
42.504784337035 12.136953759092
58.637025452795 14.069098962342
42.518301485369 13.688405691988
43.098815939922 12.590407345274
42.957231809852 11.986372936532
42.695240704222 11.881591021049
43.814849390583 12.322543603539
42.347002302479 12.637941988037
43.185403685193 12.684642792554
43.438676701153 12.436422642079
42.596296212469 11.936522553666
50.882631896242 0.7037377886445
46.057162235052 2.5796917870546
43.1395873351 10.364532242068
42.488263495049 13.483383070924
26.690831217754 -80.87378029966
41.48351863028 -83.025945267859
43.226322461046 12.286735654963
43.624262077114 12.15089566456
43.405485265632 12.449647474799
42.247590207165 12.260616009266
50.26292187919 9.7081298458893
42.256506800792 13.401087277311
43.370753272165 11.95275547169
50.088047407143 8.2564781216236
42.01725535703 12.115236900821
42.095137292585 12.253596685035
42.597203147431 12.615768252248
42.148640753326 13.017722911696
42.496517427052 12.985592430937
51.855099992293 9.242989067567
43.530484761845 13.034507977813
43.017439446907 12.949023538732
43.251790589791 12.277872231008
42.289167769409 13.158443707136
45.766566423591 2.6212174350495
42.48883966847 11.913855595961
41.950072882229 12.817406231473
47.026884210774 8.1325980383589
43.090825993216 10.891194377393
42.178493304282 13.253042209567
41.846625036044 12.707739780542
43.160778682616 10.264356644763
43.337292143322 12.654436876857
51.803703363428 8.2936076402169
41.88601124656 13.336240556734
41.837578004171 12.12685513225
42.768835212017 12.870422980243
42.921096838995 11.876781622843
42.850117728065 13.756169810799
42.35086154444 11.971686793033
42.51437862616 13.320153251926
41.981081190066 12.294586839778
43.157430987899 12.317789999006
42.624755916498 11.918483620958
41.877976066863 13.721908545944
43.401929055083 13.756530826353
43.114711192511 12.157386934945
45.746322750252 9.3617675843936
40.046974883413 16.355645077285
43.039337392936 13.706132028136
41.350498140938 -73.728600830691
40.847373578778 -75.306526667247
41.987519463074 13.600895963444
43.111572229376 12.550423136258
42.05967188026 13.590125739405
51.607763909552 8.3160467936266
42.558637638392 11.847096995866
51.157294628749 9.4223134715214
43.392639008862 10.653736536512
51.626811799885 9.2486964302364
43.636628872101 13.008938591487
42.202302320044 12.069365740807
42.909029223935 13.220861495131
41.993449593446 13.547258657679
43.474921843279 13.777420624077
42.897315555416 10.006149690487
42.216570743016 13.265492933016
36.671328499062 14.533242661149
46.090794417118 7.58324297405
42.680903404824 12.66406765101
42.774918821091 12.784021796113
41.920160599968 12.437564829124
26.953592359981 -79.347260804353
42.760331113732 13.151062197143
45.239162777662 1.1715732697265
41.921040023196 12.933850758699
42.956979198848 12.342609265068
42.476123078038 11.864923956296
42.762495747678 12.028325921424
46.595203453021 1.4023029703658
42.367341861787 12.948727324136
43.715841183328 13.346511875927
43.275612003785 12.428454968833
43.626872511894 11.93662868579
43.458791969579 11.979066779848
42.26686707107 12.191931626404
43.493076056493 11.991315626556
43.232831506654 12.007963095351
41.849655474953 12.69309806439
42.367243734846 13.380671580986
43.043859414332 11.84055669321
42.363527561728 12.359137144128
43.230094598734 12.912648030071
42.63640275769 13.382214602748
33.104949751265 -112.63250018826
45.226374373411 1.4964919791075
42.538052480008 13.5596561607
41.838235454114 12.46303630737
43.604518822231 11.990068468282
46.113196956978 7.6083479153963
37.918711558686 -123.27133676793
41.950322074348 13.243397987116
50.875045837311 8.7807336490512
41.850480538279 12.66150800777
42.622066900445 12.439391906599
30.67779961569 -94.975439247873
51.033947256875 9.8386890398519
43.19902499078 13.669498467219
43.074501639288 12.950310647951
41.836032036171 12.430949320773
43.319735732565 13.512121714445
42.889381832878 12.12661742753
43.122043783579 10.280510406907
42.516459457838 12.873870530128
43.78034143328 13.512353110852
41.842503578815 12.050878194205
42.418455630757 12.335053063175
43.822620412739 13.762493259184
42.223663815888 13.739746883877
42.382876518847 13.827324701879
41.961908921603 13.679969423788
43.277100410928 12.250079322278
43.372645991583 13.102926631527
51.433960839377 9.1592011573534
41.985244473922 11.938655021593
42.955030650366 13.606412571227
42.402645137835 13.256369528035
42.197886644044 11.891821657744
42.862334594087 12.63884438839
50.310760361287 8.4339220637614
41.031878529991 15.605133896277
41.91086081134 13.337483836516
51.132414047901 -0.47812920649914
42.543281598756 12.93920524697
42.5544745408 12.848455928682
43.561614539291 11.996723116395
41.977224527522 11.842720458022
40.331681966398 15.955462488558
44.105735707428 9.5588225273434
42.63873570258 12.473008922543
41.681243442934 -73.795611906367
42.340451183443 12.656935117069
43.515744879637 13.137623314831
41.455056680252 12.446692074203
40.671305115673 12.863063582554
43.050322901036 12.824362696553
28.891865049447 -98.717858586356
43.192877845321 10.758587846981
42.854954814333 11.312423764224
42.04956754022 12.107645569906
51.606941459983 8.9628518894142
42.045690438752 11.905112110055
42.502344045577 13.466881469596
43.422100202398 12.04967391961
51.233228177406 8.5132924222915
42.82870401995 12.224186882968
42.37965094737 12.733022349318
41.120537109403 12.375706276843
43.209974278349 12.26477139737
42.612797682247 -82.645634054249
42.261201440034 12.65426194421
42.443504221499 12.242151113361
45.050511155301 1.1709309514477
41.905284560262 12.417578256904
42.543776821154 12.797404823751
42.837153172531 13.703514146967
43.760338256976 12.361392080973
47.277904047294 8.9576146472048
41.918074632512 12.261016676345
46.916630849203 8.6301913529775
42.167732519197 11.967094737576
43.154344241693 12.720952766373
44.439008881964 9.5623789479082
43.637231347003 13.256927160687
45.029251726358 1.6866133123108
46.423069316159 2.4264146054287
42.635859655999 13.167601553822
51.854342717144 8.2434497225301
51.009339249232 8.2478462943099
42.532208472293 12.572610247702
43.525368565028 13.064606205611
42.807987891069 12.560353943894
42.995307786875 11.895940641379
43.062114948457 13.373540186984
42.602142813451 13.661801685443
43.32100753736 12.778257432777
43.783913467 13.626815914489
43.765267187641 12.444529871219
43.092752699804 11.852323163253
43.391201516351 12.084609957007
43.134220245378 12.591071795968
45.750365511889 9.3036219811549
43.459570156645 12.393638056442
42.100376727593 11.962206122469
42.289712756097 12.758509647475
46.856833125864 1.420227797432
42.426780888099 13.190746408066
52.597358564775 0.24383985563122
51.427254787845 9.5830122328284
43.771166132938 9.9695296594941
42.130373111542 13.679249302356
42.742187477549 12.366993937368
42.153019854891 12.453927042661
45.253872659176 1.6149190210807
43.294508794946 13.026778196018
42.000241558089 13.643770683412
43.164632597105 13.702216459321
42.618261939689 12.202535374205
51.908127245916 9.913838226308
43.355381807033 12.393227745052
42.713979855533 12.314341867976
43.207222606639 13.250266648967
43.340215178852 13.201299550127
43.393705925177 12.577787507615
43.536929679374 13.71832418943
42.272677851989 11.978930050518
46.957098037916 8.4223185425728
42.491951469582 12.958890593613
42.831315408403 12.838756021058
42.929327274195 12.644242898882
43.546808073573 13.579278993711
43.359197281955 13.501947271892
43.526814874994 13.832320345509
42.270237145627 13.825074413731
43.382570048993 11.975675457167
41.790492933751 11.677442771044
43.20949415921 13.628439167362
43.696320694751 12.191404482926
51.551728592045 8.5815339570779
41.211294562468 18.062187782799
43.54168928535 13.601586204789
42.832271517197 13.769082404121
42.219427273732 12.626416463252
50.667990293199 9.5989752507764
43.533651309357 12.335099584134
43.959757847039 11.353096606162
42.578201845579 13.522946824119
43.198237236237 12.157925445681
43.232828059363 12.88439128079
29.751677589384 -97.405863887381
42.431262016518 12.341823502158
41.475249184771 -82.34674263829
42.357181205136 12.700483738792
45.645481702707 2.303027493089
38.564156711364 -96.482365763039
43.82524683367 11.997572807149
41.93673980468 12.416903006594
43.228596466721 13.699104801633
51.92655279484 8.5660626709303
42.912653385176 12.596657590774
51.470137789599 9.1812109501014
41.957289513202 12.4483204002
43.146843146156 13.116098803077
42.517094970011 13.414426567713
44.308204662992 10.45331663967
42.532171100647 13.659177182105
43.151131061928 13.191474562621
43.188245466088 11.918772831077
46.792390691951 1.9858309649796
42.967575187335 13.810305497542
42.100960158811 13.825789211258
42.753446418698 13.095067637106
42.361504922345 12.795625309386
42.221026807216 13.420969828715
41.994297961723 13.507165513259
42.183077999031 12.204375257832
42.979536140349 12.991199246625
42.826096924428 12.267398678843
43.387802448791 12.539969286688
43.656322887028 13.779317560524
43.800673324077 13.427988657017
42.261093808015 12.272986109051
41.892196577479 12.221872941715
50.53203303252 9.6627561969975
42.06014362681 12.800432881734
51.4160679143 9.6927179962828
43.265770967263 12.996244012397
43.088426597479 12.684015603144
42.659654747557 13.754734660406
42.968599093153 12.805431757518
43.026047854717 13.0888201893
42.930332221545 11.891348826669
32.582386875133 -97.188167136117
43.206990100095 12.760104386511
42.309764426833 12.442449856777
45.99351211311 1.5352450895753
42.234254236463 13.050764949106
43.480681517872 12.374429664304
42.602739531383 12.051112069793
42.587243249469 11.958830325866
43.577750518277 13.351704632583
43.438154251074 13.014156768126
41.946703663558 11.934266878748
43.077517641765 12.66543908264
43.428164897707 12.934429845763
42.38625596996 13.532828691219
43.068016012252 12.828158403688
42.028148606454 13.207995900536
44.687635158672 6.8836790092003
42.935686980831 13.737858782887
42.407102944074 13.32898098015
42.884169253488 12.87869092772
43.74837630605 13.238834179139
50.718134668666 -0.67792054518723
42.032551739401 13.132313241799
43.76479480919 12.665267002634
43.52532645714 12.038024428339
33.47949324971 -112.64802390787
42.923056851592 12.836202837472
42.095724282852 12.475516129528
42.796321528424 13.799302370215
43.770687466867 12.946082846257
43.41280335023 12.985769445557
33.413298406633 -97.310269945778
51.591571782525 8.4297554811601
42.153454633056 12.524422765975
42.241562078375 13.587136025835
43.705514455401 10.995989725087
43.43535350658 12.650733076826
42.175694233375 12.162078532021
43.067764148634 13.600355237557
42.028620778617 12.408101083456
43.658549561027 12.59498000687
51.112726365734 9.229641677453
43.463625844339 12.002436022762
42.99166838873 12.873612611982
42.44890984683 12.603508753538
43.451682362308 10.136905345759
42.129706696689 13.380927809712
43.464679896138 13.208355534474
41.932655073692 12.013854483636
42.916394730546 13.53494733925
43.091510918521 13.336946514613
42.915110583864 12.881189539994
42.720238192829 12.966319547971
43.406440845435 12.859698811502
43.311054342592 13.717864961719
41.677853508854 -74.268794595986
42.611467344061 12.110544391049
43.421956647871 13.016059516958
42.893009207183 12.666798325587
43.317441260704 13.081437864821
42.498588506851 13.203669003327
42.229831936432 12.313254631291
43.243126501929 12.65407273625
51.492475314062 -0.66389576335153
42.140530513686 12.979461697873
42.834235527496 13.195813265276
50.625461832679 -0.70410872335271
52.082129958822 -0.1987320009194
50.926024317241 8.5927870141309
42.253883858351 13.720343781526
51.560441914974 0.85231360734549
42.020472731937 13.773257046388
42.772481670518 13.597432406918
43.744026186312 13.082642679162
43.193442727085 12.324559943923
42.08372561919 13.696674817587
42.154102424718 12.635340063684
42.222525122234 13.513075860011
43.430301094025 10.695315306215
42.6330261988 11.971091543798
46.336837214903 12.777149713213
42.989660857727 12.612962917731
43.054325165739 12.105905387621
43.086341990685 13.159453198409
43.124048081305 12.170281326964
40.042565485296 17.258877485461
50.859557577809 9.1785339644079
42.758719066998 12.21288111166
38.217940527116 -97.664260980982
41.923258395851 12.100902445682
42.844838357945 12.299750784573
41.926223074073 12.319819151594
42.323027469389 12.691154137597
51.415777800333 8.3223620184336
42.258464732349 12.469521971193
51.267864507282 8.6072294048999
51.650789045566 8.3072353495784
42.361936751943 13.697753489829
45.211615622142 1.5568939668857
46.037364173232 1.8625321029045
42.371750816897 13.256079511392
50.247574082225 8.5225558334601
46.826958374971 2.8825795631309
51.857710635689 9.3861851344752
42.854282192373 12.84853093554
30.010877487937 -96.279026585122
42.991918338946 12.043672509533
45.013027343439 1.0818577357949
45.301241340722 1.7294289598844
52.428838890944 -0.13030913483365
51.770396250426 -0.29775704834971
43.653176019293 13.532327628963
43.321417554452 12.098108434185
42.507765175101 12.111732397302
41.815995708744 12.86040406989
41.902315853605 12.265256324462
41.834249309208 12.188191150424
42.714832071103 12.119640651236
51.719741881229 8.8841484398042
41.567641486466 -82.773891505422
43.155648191087 13.37538360917
43.584231910123 13.127390522124
42.829072480963 12.340584197261
42.492998894089 12.206100110082
43.100719499004 13.401907154567
43.402816665102 12.049031416464
43.460542279373 11.899220648456
42.231581257785 13.36843301282
42.335806768099 12.276326076743
44.610876712464 8.6550724613992
42.996606924591 12.646169149173
43.516215145384 13.571415640701
51.616552818155 0.20003438139802
42.304743204429 13.272933387811
43.163985613365 13.809361590005
43.827211775758 12.492163063277
43.74676182251 13.598932134753
43.755752222985 13.211711751882
43.513125365394 13.199563120606
42.698094931777 13.145599738784
39.479093412489 15.354595918278
42.349323004668 13.100022558656
42.708646772315 12.304234534665
43.034793631211 12.18509429052
51.628772850441 9.4928106616683
43.33122365753 12.689536127604
43.418888395403 13.636152855438
42.56499219202 11.965435085357
45.486215465463 1.6742742339495
42.988936455936 13.477352258993
51.084090725325 0.7952045349801
43.086460391586 13.48361763243
40.589982112445 -74.400112171631
51.202130663536 0.85724093473854
42.486342957491 11.858208941251
42.883626756691 12.705709225382
43.663593797809 13.112506637423
43.261847432846 12.031896355132
43.072069182581 13.136360928035
42.942183178844 12.777543527457
43.680656355678 12.271427095549
42.242271056998 13.673932292368
42.937338602255 12.91097860921
43.178747953951 13.642230609752
40.77917067136 -74.624898535072
45.482608899697 10.246988437628
43.769743579354 12.580940953282
43.461403580618 13.166253048559
42.262342608677 13.115665098727
41.978177567489 12.882299686748
42.980490044703 13.360983793813
43.143571250694 13.630681372097
42.18479647079 11.9423609171
41.843449250743 13.702493841642
42.071520467343 12.662937911091
42.404777429742 13.569119104936
41.056561386391 -74.263372421053
34.401393632628 -106.66637741632
42.872130058667 13.324019999415
43.040187095685 10.481269385841
