42.743927560183 13.024410467162
42.798064869755 13.022665348867
42.719811202849 13.06730857683
42.809952821049 13.020818803956
42.804475675733 13.00798177675
42.780091111001 13.002254494022
42.767492088402 13.04812468779
42.765028566499 13.010997014612
42.771883269687 13.021312511557
42.779801032424 13.020462609858
42.754923769645 13.018395873748
42.796740962584 13.030463752372
42.743752904138 13.034147112667
42.77135384633 13.015710545266
42.739563266181 13.059335256975
42.744931205544 13.051172043242
42.798347995544 12.995171998646
42.786274357155 13.005418512528
42.738333618633 13.056519932627
42.795915980749 12.979760770698
42.815544542792 13.029345416964
42.813654922349 13.03444742741
42.765755331056 13.01197515291
42.794028611779 12.999657108935
42.800249829351 13.016962569236
42.763031021603 13.003105814125
42.763851181981 12.996067230143
42.784861167814 13.016413181583
42.747543770723 13.051524309486
42.766592689236 13.051344865512
42.776289521168 13.037062658035
42.811801620227 13.012838787892
42.797403080781 13.02795644201
42.732667883289 13.05865415889
42.787779862449 13.022537825195
42.799082389029 13.012566987452
42.802170245371 13.023317286777
42.786633361984 13.026885021511
42.731672284555 13.058913468897
42.76570343264 13.030001496931
42.810629290927 13.02368092121
42.766828370193 13.014472058071
42.783892074055 13.017309170711
42.758125515563 13.043073270045
42.770506950941 13.001779792852
42.736654027264 13.04688457823
42.800789047545 12.98510025003
42.799720876778 13.026656790204
42.776894232641 13.013077637208
42.818281175505 13.022189334998
42.758897285817 13.048365159469
42.772602246058 12.991797344311
42.732900721036 13.050313228576
42.750219746863 13.025113968211
42.776289291131 13.016730000759
42.776711190036 13.018378741137
42.77222463061 13.009571765109
42.802812259108 13.033275269474
42.800139401967 13.019580627822
42.780679339462 13.02135637685
42.785097673456 13.026117572594
42.81056886439 13.024759319178
42.788373649043 13.006600431191
42.788896990397 13.027253335376
42.795375009459 12.979766966787
42.739756139826 13.02825087452
42.785224530767 12.975720458674
42.816084321058 13.029152443667
42.792835601064 12.998284044696
42.752661939616 13.019089750975
42.768859089731 13.007260363108
42.799013664408 13.017030096642
42.778499484911 12.97828774295
42.733554311459 13.040522709063
42.747734906055 13.051003065471
42.795324498713 13.015184644172
42.793290118612 13.040948932565
42.768797845493 12.988694740475
42.804543578927 13.036176952106
42.79116570616 12.977286185148
42.778249264612 13.019519744471
42.719117789885 13.066868048679
42.802579548605 12.990597511658
42.763669187114 13.041345011949
42.75225348249 13.047648469961
42.751345509103 13.056161727803
42.75457107313 13.054513389291
42.779981972103 13.039812760467
42.78563445333 12.997742453144
42.79044698823 13.003328932937
42.764200908043 13.039500279857
42.740935411205 13.052063102879
