41.923193801645 11.836620166377
42.83184373373 13.010462428935
50.507869643861 8.1092810216869
33.49393358726 -96.829615333196
32.944298611968 -84.994000374244
50.384062707603 8.9617735822507
42.674244747832 13.794181850198
42.247146675034 13.25535901743
43.028847600368 12.72804553284
51.7923298859 8.1902066996275
46.209242122811 7.7423010532476
41.849164179011 12.916882383154
42.615988864406 12.695795627656
52.319807423195 -1.1289940472874
42.788958702625 12.816258125874
42.447852517242 12.164826456555
42.505316470075 13.116859002114
36.979657700321 -122.71579943648
51.917471636514 9.9747108206966
40.200963785485 -75.019241148196
43.710345491187 12.325815051035
43.819718411129 13.135247259019
45.311012235636 10.871690095946
43.033154597542 12.628725030773
43.753725165873 13.749203802922
45.796392547338 2.8890894338903
43.008498766484 12.646102668108
43.247979028287 13.603724307217
43.792121447547 12.975672586831
44.497764419693 7.7204691270252
43.675915435292 13.728735709923
52.130857204847 -0.15246068651902
42.811136897121 12.837732971126
43.250844733927 13.518073488289
42.970788892832 13.070640982183
43.502223524986 13.11554246869
43.323263659313 13.498829385519
43.470159502009 12.425408944241
42.99886783913 12.24876676141
43.331402736891 12.202349910162
41.842620253511 12.90213801849
40.288724242996 -74.269870534796
51.947112044528 -0.021135117919708
42.04634617739 13.826678140961
42.477831643318 13.398595342154
42.299938186232 12.682229298971
42.072058579008 11.889387119997
42.634664141424 12.221684664612
48.230766668134 1.9192466216987
46.143412662762 9.7985514650092
43.392087092361 12.780630809174
43.147206490018 13.763742212117
42.314162977207 13.611840601385
42.612966922884 13.654604619695
41.167408331867 12.387069781424
25.919601737001 -79.26211595901
44.357943419697 8.5099527649418
42.644781849668 12.377335369318
43.232039141132 12.655965201883
43.414181297859 12.581180348353
42.806401670841 13.060096751016
42.012609612224 13.472357288244
42.987332659789 13.761225888415
43.21800008475 13.063359058047
42.60174395244 -83.34120875587
42.397169404869 12.377178937393
43.050754429351 12.910509575603
43.460396075044 13.080020100011
46.073426962587 11.98486605023
42.270782630106 12.705774465925
47.45942926733 13.528625817538
43.623367959945 13.545615065652
42.582795769734 13.653168359165
41.815886338023 -71.614024265242
42.84578844341 12.995233200509
42.002787741389 12.784626089423
43.283450729832 13.330213393259
43.758745124938 12.9359678151
42.757014162281 12.82835300354
45.094778960124 8.3524754939357
43.596653767695 13.437921555006
43.11613417564 13.022967961183
51.63096339285 8.4949445102806
40.045069807847 -74.031399649714
42.15642279815 12.968302912085
41.997514936162 12.851557263591
43.767663456412 12.839889878819
48.398160964502 8.3051652136807
43.588631310795 12.927701213384
42.970901419882 12.489454221695
43.446491070321 12.55990089644
42.622191105349 12.250547757044
42.878516672144 12.110603830384
43.069211328921 12.454404582968
42.651637783133 11.889856146618
43.273684756979 11.949914523398
42.104418915766 13.593670114241
43.186064990345 12.34711358016
43.594521961007 13.813046377086
42.355380959995 12.006135622529
42.706188326586 12.234790756497
42.334800592335 12.526746882858
50.394753228591 9.4601540753898
42.777542662724 12.102747204782
43.559532235658 12.233954158742
43.167792443751 12.496162482789
41.945844440717 12.748332117122
52.709395532827 -7.7746847727218
43.048842179167 13.563517171707
43.282928045526 12.950685367452
41.92443709726 12.074837530088
42.134636105122 12.160305034931
43.670961687209 13.505454410124
43.556957162731 13.06647266639
24.890177904705 -80.073367894178
43.897461569632 11.825345175979
41.524841028184 11.505016922066
46.26048489579 1.2009181055245
42.114234038237 12.236920737327
42.775459006345 12.918358393462
42.595825669188 12.106208494469
42.470153406968 13.123517950144
43.20938952605 13.350518974194
42.447191182753 12.540416591142
42.28731778978 12.051883333873
43.698446135383 12.846968989769
43.289630908209 13.756101087574
44.444770128489 9.2677821985972
44.801993308266 8.2072030293346
45.790287327834 10.163538712551
42.616782186395 12.522414580252
52.710496863448 6.6662753996981
42.572207846035 13.036530270279
43.507835155145 13.742072340468
43.267437857256 13.161899264998
43.096683334625 12.802589188725
43.169807956654 11.986960391063
42.755642538797 12.14340356979
42.460591772807 12.55252038855
42.040879813647 12.922396747171
46.580765197908 11.914695415208
43.453566184034 13.614569835206
42.603374480106 13.316767621023
41.926163228681 12.477900356298
43.432669803257 12.415199865801
43.034081153608 13.193361868262
51.927131783416 5.6262742154655
43.033327438439 13.31331343267
51.513680770068 0.80154935395883
50.652165350342 9.2729017125782
42.124340472822 13.803879504022
43.506034204527 11.898624812692
43.473977254945 12.952625669072
42.486939139912 13.030533668155
41.883629214451 12.217336594249
50.168782122046 8.951726020757
43.43326869443 13.184571153591
46.091267260765 8.7897695395117
26.808035890931 -79.185728683964
42.391976926679 12.8075880687
43.429888908973 13.445943256137
42.151952054443 13.410059441559
41.914497144501 13.222158648198
51.553654848157 6.1567186770992
37.278886395452 13.926858236679
43.826694996037 13.694062566263
42.294335377561 13.759041988665
43.66703289827 12.795087364894
42.443566902768 13.517400299461
42.522760274153 13.216284162021
42.722972237397 12.620410034277
42.911120438462 12.101393554894
43.452205363893 13.606305322913
25.207238284485 -80.665228784204
25.099835357193 -80.003768850395
43.208950422357 12.241090810991
42.009293122708 13.67405624954
42.311886299102 13.826447211612
43.668230648019 13.53020950387
41.996494916753 12.578559834335
43.591375703754 12.654503298783
43.199381603508 12.938414266791
42.634864481017 12.198126346452
46.778057294329 1.0482274834291
50.396196511293 8.1803993457837
42.022146265054 12.577083856623
51.287103325495 -0.27204955480156
42.067944111821 12.920336649271
42.47957706243 11.966252374002
45.358368115434 -72.724084750758
43.179257762257 12.79622131113
43.140428852376 12.883382038646
43.06877543736 13.634848243408
43.032481260168 12.771162074439
42.234254236463 13.050764949106
43.561784502867 13.173322410424
42.115022675674 12.873209030329
41.833650408256 12.492726580025
42.991681811883 13.581893626892
43.598095664123 12.176120326026
38.865572130245 -97.018404756681
43.770923264705 12.998940477634
43.515863683802 12.293087719166
42.932050023683 12.304702517274
42.107746562992 13.615029454539
42.849661464288 12.134470838206
34.468424238988 -83.994122592637
33.627161108429 -117.74972261832
42.191040772589 12.64782707798
43.290301656041 13.416898267093
40.065552628316 -73.843390370778
51.776361294219 6.3514018238529
43.387887137212 13.509546946527
42.763732976657 13.074360644035
42.093944392697 12.560963327347
51.478316909158 0.35473480878619
42.067713156861 12.980197591719
42.638300947232 11.847864818244
64.407249238532 -18.940701336572
33.436171269753 -84.509853188559
50.298612297186 8.0020722039054
42.543939851499 11.834722686969
42.272756575289 12.362780169774
51.396899892202 8.1221481897506
41.8736124341 12.973174172462
41.733898218283 -74.017658373015
42.950620977672 13.214033229863
43.031366576942 13.473541187364
41.975495628557 13.250087201267
43.66513637533 12.584823021493
42.833399383295 12.512403332888
33.150766622851 -85.209271893841
42.053595168562 13.240252539183
42.142903630709 12.509207150226
43.634439252168 12.093547924952
42.743502475689 12.793829585816
45.544850517597 8.2594173072393
60.817855512639 99.421414510078
43.569459438144 12.239735128491
43.329614303715 12.30916398687
43.336408711216 13.308160586447
41.876077664979 13.26661936022
43.155883009639 11.862327224532
42.121142337642 12.835192845613
42.263885439983 12.208299780383
43.499740721446 12.099123502217
33.479609670846 -85.344820447334
42.389174827577 12.165872515277
42.878512309829 13.309996844435
47.502387033078 8.2630986125502
46.027354502598 7.9325065002462
43.464446557923 12.728505124698
42.03130904449 13.686783900825
