42.634443969782 13.484216246535
42.555059170164 13.523122370042
42.539413834729 13.546010860052
42.566959883837 13.465116185374
42.600711354355 13.426376363482
42.550260077042 13.547743349612
42.521754478834 13.499490442939
42.586080794051 13.591352019755
42.626892299239 13.501397118227
42.574699807735 13.534784887722
42.560549230131 13.466943034675
42.623842955878 13.526340650195
42.552624861522 13.46285553533
42.563577017099 13.589288226159
42.564692846318 13.45289486763
42.504496577452 13.489669403776
42.617414126947 13.579576515418
42.587554088157 13.471890559661
42.574465737501 13.582448507951
42.559521295412 13.582748794289
42.614570185849 13.549245673043
42.658236447118 13.524491988853
42.536509453124 13.462892059939
42.66370911091 13.457002105891
42.600882353096 13.514427794404
42.622315554725 13.547557617348
42.589701256545 13.546922326829
42.600464996251 13.493193505583
42.590101192535 13.528348839643
42.53192549738 13.503239744133
42.651461078178 13.552748328819
42.551034714839 13.543335853419
42.581961191086 13.464741220004
42.541687361238 13.579154402774
42.631883656921 13.497118647463
42.630032691022 13.550426893679
42.57560107979 13.486580798184
42.507659771271 13.527827172807
42.524248757665 13.465711259987
42.501048873433 13.540849134599
42.539412340887 13.519235223329
42.609672960665 13.452726579037
42.510455049833 13.520094552341
42.577191172923 13.53294611656
42.652519967732 13.462475752229
42.498063645579 13.522356598437
42.562032559704 13.576609301205
42.546685845401 13.520566188994
42.554053291026 13.48313051673
42.618777393673 13.471773098929
42.565053890278 13.470387097688
42.62086878748 13.485379713834
42.652753297565 13.559895279633
42.545733275335 13.553860409837
42.625524490918 13.497248295016
42.543585411081 13.477011424732
42.590898961591 13.51585311981
42.592263569421 13.579219851002
42.639971540629 13.533050826554
42.593085401057 13.483059621196
42.620206707933 13.570250608314
42.524734612354 13.54138526534
42.618304378662 13.504666622053
42.647424477009 13.473089950401
42.530499811552 13.462317023197
42.561376279502 13.489866660691
42.631116028724 13.463201224575
42.667629124929 13.521140100698
42.663233539885 13.500814746854
42.510686549617 13.561021482389
42.617959760904 13.491697641805
42.620689100896 13.497841669965
42.512868875432 13.533048440506
42.650674945533 13.567456139071
42.564052704193 13.449262644651
42.629036575404 13.557631042601
42.579526347399 13.54139296179
42.587661828675 13.442310087144
42.52104424665 13.51241985781
42.550889544932 13.448789485495
42.610930401672 13.491118790366
42.538302262678 13.554337456126
42.597087740732 13.587018421214
42.63454657685 13.527212264283
42.568747615728 13.454211052274
42.557913926711 13.456785799238
42.549711083805 13.549225888026
42.499305623371 13.536079679886
42.57488416723 13.540618914918
42.585522624958 13.54494991926
42.564112536893 13.502167822117
42.618143302697 13.477887648401
42.513182251508 13.54776173392
42.60535161926 13.442073043197
42.562853555478 13.590778788382
42.549883870685 13.53217084919
42.586125658188 13.583153366404
42.526803820195 13.541370173258
42.562377152782 13.56108105304
42.534727548053 13.5414541576
42.643907860708 13.538461412109
42.563347669602 13.580704498396
42.57529963023 13.526037581997
42.551255421059 13.498654153917
42.559238477891 13.532226393734
42.620884700057 13.576083285558
42.575590958177 13.591943878046
42.600050535353 13.43845475441
42.513227674904 13.562679520626
42.556912752149 13.490520335518
42.585419777143 13.506990371529
42.577984931238 13.455419673817
42.621299370502 13.438817372305
42.604816379328 13.474982773196
42.583494075401 13.586068867068
42.610053071592 13.523945499011
42.580051547673 13.463195598455
42.626657931913 13.470169573797
42.595535976645 13.533773250682
42.553828644845 13.469037695562
42.572197418482 13.562220160201
42.608197772714 13.536372417389
42.511211940812 13.552330980356
42.655972471787 13.519775841648
42.545005641687 13.483122242861
42.572610162486 13.596783795227
42.554887456167 13.477113527023
42.531518084731 13.492539657996
42.5194862129 13.483954246868
42.632284364513 13.52043020705
42.621989724537 13.510988212915
42.571151108956 13.597586398736
42.575252072243 13.480340643565
42.495875599115 13.492056979117
42.583199734626 13.569651857305
42.492415306409 13.535801372296
42.594871171582 13.509318147113
42.561598603431 13.48290895183
42.565969159646 13.527809212717
42.557333277353 13.528644098236
42.659318290513 13.54202847117
42.601586942396 13.476415098422
42.621935366032 13.443149317283
42.566441027732 13.472487886212
42.585721272338 13.576830349687
42.582310697822 13.462472485149
42.588732424953 13.492043591355
42.515798810199 13.480042884371
42.652657059346 13.474570827801
42.591828444804 13.513829952832
42.573581323781 13.568108450441
42.586958952542 13.552800204418
42.581711349835 13.434213672988
42.565175550343 13.513243449646
42.571733459652 13.448209875027
42.574808595991 13.545181093081
42.627773753681 13.438380825558
42.595124956519 13.546317909654
42.571971589987 13.522571434531
42.646929927493 13.470996154247
42.510218742562 13.475292412341
42.570467380162 13.567325507576
42.564042516336 13.576295333738
42.616245642612 13.482901950613
42.587977194056 13.527592432952
42.581071987108 13.579627791245
42.547917716016 13.561980917867
42.590184347069 13.430906750018
42.614579439936 13.4987819039
42.605042986409 13.583449723492
42.604148809169 13.521913663748
42.601224304944 13.581233894278
42.539836625841 13.521257518123
42.625763818003 13.519494326582
42.59755988123 13.582091030957
42.611643391502 13.511407991665
42.563147429194 13.539597305741
42.565729737101 13.470809750499
42.522992459856 13.502049157185
42.66328533539 13.552639582473
42.546132048402 13.465871212311
42.537754602536 13.572740098284
42.653362044924 13.497900421984
42.662042844439 13.493559034792
42.67030654555 13.464510939321
42.582213573916 13.562021081619
42.582781043196 13.535718386798
42.587778012097 13.50109279088
42.529176506016 13.523293145731
42.55577999102 13.472428367714
42.588792844505 13.464032015535
42.506521151192 13.518185622321
42.587720722255 13.46363025648
42.619567986887 13.456592665288
42.650814642988 13.494088765485
42.535905778679 13.552222885935
42.642532975733 13.514079000596
42.567672271567 13.563765455787
42.501223986291 13.492542320647
42.568679106708 13.556678251178
42.554841412976 13.538991758872
42.581544510381 13.450638547305
42.604385937867 13.534057519203
42.647058257224 13.498112931635
42.561088091045 13.596192703415
42.638709571531 13.568110519374
42.553810625616 13.455287683523
42.571783983902 13.59819634149
42.526809250737 13.547684847653
42.594046883583 13.467310832121
42.537818820953 13.459452850513
42.635100561977 13.440640831127
42.640877765457 13.448932046301
42.64955973285 13.547817996048
42.653888381412 13.467499989324
42.527839013433 13.573714842633
42.587795128409 13.566614012519
42.54690380422 13.548834534173
42.622883073831 13.446711591208
42.548295143802 13.553935118764
42.667512236961 13.479030857572
42.529239722329 13.479325982055
42.66186057716 13.48844288035
42.565550924563 13.586843361907
42.646445141496 13.516098360327
42.659479650066 13.462294465633
42.583257987457 13.586968511637
42.510260466279 13.557936996502
42.62153907291 13.44160616048
42.546203806806 13.492718350393
42.607845572127 13.484745560461
42.523704996597 13.508606221785
42.646929757526 13.482288826503
42.5032915727 13.50710554307
42.567329378152 13.466366981394
42.516925191768 13.565832413552
42.619387705188 13.574347868385
42.525971941916 13.565309591876
42.617834595806 13.533772643459
42.559245529866 13.523962753624
42.544534188039 13.469812121948
42.640558976068 13.561005917194
42.530032605666 13.561303460322
42.58030158683 13.590163184626
42.531928864111 13.485031469041
42.596841443629 13.42238531656
42.658177323501 13.482839162242
42.59159768449 13.590895451436
42.582566911181 13.529907081078
42.61437670731 13.447916853471
42.587253010195 13.544192405226
42.509144811218 13.499197589487
42.64870950286 13.475988136847
42.643648174446 13.479850787914
42.548769500383 13.560673955179
42.606882567355 13.497523789547
42.535361571973 13.476781100743
42.589528746267 13.430531208625
42.642240879446 13.485523140771
42.541037240804 13.510550204458
42.538773548596 13.530858866207
42.587495130781 13.471247365939
42.659959221121 13.508881674872
42.660796788384 13.487784511192
42.582733969962 13.55918399133
42.667520311993 13.482246666927
42.618661634933 13.450527608625
42.537985132813 13.475341942404
42.662151158185 13.540961358038
42.564239535764 13.464283112674
42.573990262402 13.529476791422
42.55186044406 13.475888865311
42.599523179068 13.536611220605
42.512823838069 13.473304283115
42.582202231804 13.427926884719
42.551140904704 13.534589897646
42.508229962808 13.531614993036
42.505492664664 13.506270331587
42.634073240067 13.452717394334
42.561721017401 13.566086300002
42.659593231373 13.554237313382
42.541375720215 13.454642487923
42.644092860953 13.548298954309
42.542796145467 13.477957862207
42.572031212792 13.555715371669
42.570951234836 13.597799587829
42.66425254229 13.542861149454
42.590005092153 13.507839097433
42.556248665602 13.503258127043
42.591481009329 13.436017026883
42.566495294502 13.453271046047
42.641988244693 13.550186664609
42.551067471782 13.517628922389
42.527696482638 13.495331062721
42.545369199286 13.459634076108
42.52316766445 13.54079807903
42.640937419928 13.537506389703
42.510081201119 13.528700683067
42.656282120245 13.494483221108
42.538052480008 13.5596561607
42.526100972933 13.496517425655
42.647302862579 13.539530360412
42.56642191094 13.493304527615
42.570347231634 13.5528088429
42.603740468923 13.534487558799
42.529436075862 13.466350805718
42.566715918766 13.559240059743
42.615808120771 13.574045413462
42.632940769046 13.486583413338
42.643552070339 13.511643350849
42.511203660423 13.557279742138
42.610932695519 13.535974397129
42.504194409377 13.491933292494
42.62009115129 13.461605063876
42.518784434332 13.559877710699
42.547754179962 13.449336704563
42.643848453969 13.471783776543
42.573204115787 13.490318245969
42.623264133776 13.443918275409
42.627966453635 13.470891420504
42.658425773356 13.548277681038
42.590835993474 13.450179203178
42.653787604393 13.480996568932
42.642582031287 13.534249270605
42.540537972276 13.512401451151
42.663250769818 13.47111566156
42.58832378389 13.47802862689
42.584096995941 13.456417044858
42.606778260624 13.567454494356
42.562975637432 13.460399082632
42.613446859484 13.444028136548
42.503231893083 13.521571759398
42.549820063447 13.497591166544
42.613152178311 13.581734259439
42.612895713494 13.54470526082
42.659906721071 13.473730299863
42.546544562369 13.480102190061
42.587674916551 13.441236535314
42.65127295195 13.556082591694
42.600398317746 13.5206155137
42.631653725019 13.568459039374
42.617534406792 13.500436923721
42.637358575446 13.523658575289
42.535197879458 13.560833703543
42.511334266773 13.496150287586
42.568559835951 13.593430936634
42.657035407472 13.497662089087
42.578201845579 13.522946824119
42.658236401017 13.546733015027
42.647822317059 13.506100895606
42.615699109463 13.570249728679
42.539485448312 13.481110110658
42.515446665958 13.512343662119
42.536745555039 13.515858771075
42.598443551754 13.53074096496
42.56631075759 13.563334301397
42.641927174147 13.468026064575
42.553772785048 13.479027773498
42.566306669084 13.465114198397
42.544408077649 13.533597054229
42.62100209839 13.452776723773
42.570656636085 13.453317209379
42.583085944237 13.538175885837
42.619212918293 13.54620298212
42.60462892924 13.485448652194
42.639489873631 13.538048049707
42.526137563666 13.520200711938
42.665094856969 13.494013866195
42.657402012824 13.55935052531
42.531333155267 13.488958318035
42.640977480303 13.473130221254
42.521449644848 13.555591451284
42.592660107016 13.523424232643
42.580661016808 13.517629118898
42.567028707644 13.443104201689
42.58612207213 13.555659856927
42.665915605012 13.486286645537
42.511051381731 13.51860716779
42.648539944409 13.541557979112
42.570960018139 13.532039631427
42.644613653743 13.475266366042
42.665198324579 13.455177395372
42.647054837408 13.511629055048
42.563942978908 13.436199876238
42.620384167724 13.571491552804
42.635760679692 13.524471383807
42.646992240889 13.47880020017
42.635561812986 13.446889168812
42.561613716002 13.555532553513
42.60999330024 13.451355979543
42.632294007892 13.50437555022
42.665551261376 13.545561197955
42.652633372088 13.538778094381
42.614021270843 13.452379803405
42.59277586948 13.492367417802
42.576081670179 13.596949762032
42.610226467557 13.455463568913
42.659258890759 13.502284013455
42.644369377144 13.56817050819
42.592626012227 13.457196498989
42.577008785038 13.596117091198
42.523898687944 13.497165859929
42.615218777517 13.456408345374
42.615269896882 13.50110156487
42.633264075349 13.457964553732
42.500553941608 13.531279403985
42.628127218072 13.496450661934
42.561728880092 13.55053350264
42.539290291064 13.573507547201
42.589387629477 13.431076842582
42.66479093987 13.552210020645
42.538224909261 13.563622415815
42.575708784452 13.585410012692
42.637758288385 13.51168560868
42.539589237694 13.549662032907
42.548405274094 13.472425895518
42.504664053931 13.529550349607
42.664543013885 13.506759840786
42.635995064714 13.557262978797
42.656460496924 13.497819311704
42.574707337478 13.568750612724
42.554056186974 13.44962605438
42.610696363568 13.462675028717
42.579567282286 13.449050660475
42.664309644936 13.458514517408
42.602067108102 13.549246848838
42.58493478579 13.560257148745
42.552878494187 13.512712020687
42.663960966612 13.45505814557
42.572447720271 13.501875233626
42.65294866017 13.459333271954
42.559594495038 13.500141629272
42.561186160243 13.474934176318
42.653833594033 13.545963973548
42.607381750668 13.567087773053
42.626156248931 13.495452342807
