42.770764817864 12.978528692398
43.369783455699 13.566301340988
42.406561787916 13.549489069076
41.834309731554 12.005429455103
35.671137451077 -106.89760348767
42.907527751733 13.48676391576
42.433623005393 12.262200161492
50.684107145613 8.2997423057909
42.777580656029 13.395718194284
42.645807220922 13.288982599198
42.127511356106 13.758541664949
43.041758119169 12.714939366449
52.72611059422 -8.0962862810568
43.278578374686 12.069678362512
42.822445537833 13.73660381361
42.128355195361 13.054976000963
43.017356310302 -82.450813707381
43.575885829339 12.786820192743
43.652405898877 13.576002909625
50.744316284426 9.2220944572343
39.876460258943 -73.72088391008
43.428856288769 11.869686800016
42.192846396583 12.735166035956
44.722043807419 8.6396006246748
41.976316366008 12.974099874296
43.099778585203 13.541798437288
42.739279343181 13.279521908297
42.063673277902 13.795029953048
42.981492570614 13.117379521561
42.934071721965 12.57906051987
61.067981012663 15.520785386451
45.459530544937 11.104289186212
43.316593001299 13.715303858631
43.227218323514 12.313016424588
42.012920010396 11.995374242794
41.886897749236 12.394536995999
43.008448250151 13.406626196789
51.828560316855 9.8152335476201
43.566134244023 13.389292150007
41.936336773439 12.066651731782
42.266622019611 12.220148014028
42.575602063733 12.119365548326
43.084374525645 12.684292705138
40.80102636707 -74.97666574629
45.554815902193 8.7871883237675
41.955391534139 12.339921219919
43.773969589648 12.270658734402
46.985049225849 1.6511434571124
42.501223986291 13.492542320647
43.65384485186 13.178202175639
52.265930514208 0.58760531641432
42.062072450345 12.95775691094
51.705115135156 9.3768985845972
42.179276077647 12.514661935884
41.408078595974 -82.55095432326
43.564297852856 12.329385003249
43.494916276326 12.435544360187
42.66676002029 12.596122951545
42.27198130885 12.782358680306
43.463969936366 12.521567816644
43.748902241603 12.651400979467
43.831668875588 13.559000871426
42.025286969762 13.745152286622
38.776707219151 -104.2023134236
42.648711147576 12.884520415184
45.44247084411 2.1348548178258
25.945556241045 -81.044647478329
42.529132775764 13.236977670473
27.885217172124 -80.691700914924
42.21944654233 13.138047960672
42.901887284101 12.988089913983
43.734089750228 13.825622558068
52.819310537222 6.2602358351044
50.445643450807 8.7318369391057
42.877200752461 11.850722214159
43.190510828623 12.07241809979
42.999214599395 13.61022750505
44.399359037962 8.2863029607996
45.000331551768 1.1682335106508
34.012157401721 -118.94836709116
42.851957942777 12.801574592407
42.189492169877 12.955484047532
43.014095690129 13.420602066194
43.80216270585 12.751645112781
42.499678757295 13.43797834892
42.976552176467 12.283976099514
40.798696768994 -75.270883778368
38.741848561501 -77.236490567284
43.733501242371 12.922051554996
46.052049891582 8.9150131004467
42.482834681649 12.766160911793
43.270139557922 13.730339999206
45.319317069985 1.8538656955836
42.234059665482 13.537087113402
43.058317624081 12.441728585626
43.262688455781 11.868873381016
42.981661236857 13.156547281519
50.705895991393 8.9369289446328
50.824993516237 9.0775661031145
42.366819528589 13.148763089997
42.215865522279 11.997853648869
41.867083050735 12.50175611514
41.910802233478 12.533056693886
43.233405045829 13.280008045642
42.827088334072 11.953715852927
42.91837981621 13.101996580207
39.325567571029 8.5821566325824
50.89061598009 9.2607182787083
42.446008071066 12.894509997191
45.544468719861 9.0428030074308
43.184565207562 13.804484223877
43.463622106476 11.856261447957
42.660862164901 13.240018151368
41.979472468153 13.494862509212
46.630363545509 9.1697226513945
43.831812145597 13.790278879383
43.414164724508 13.524001848218
41.972143047963 12.378543801337
42.419182667725 12.283680988629
50.09695673785 8.6664931660828
42.850891761433 13.024528297162
42.80706041765 12.275424402822
41.963483058386 13.000183255898
43.214192495336 12.37091154252
42.91580174163 12.823358965511
