60.269113714466 99.496791563694
43.201773508567 12.915621327218
50.081315341443 8.3217545791165
25.655241100406 -80.685282440985
41.891939027671 12.775855566757
42.163259127274 12.469937037916
46.13904828119 2.8523010797111
43.340629656513 12.784678827892
45.757085014047 9.0511785789631
43.55543146031 12.895106845508
30.27437668773 -97.448459923969
43.612901546367 11.902370979519
50.961815120867 -0.87102529079701
42.966385522863 12.624375841426
42.174560068743 12.941322963678
41.857849445614 12.596060661432
42.741586014063 12.847518784875
45.114827556123 2.4919779815208
51.684474521635 8.066906753493
37.823135718073 -122.59993690296
50.184777328831 9.0290286382795
42.565891753354 11.6475654809
43.639026083836 12.990779331436
43.244004903496 13.713804489821
43.409546659074 12.325927322903
43.162741955467 12.431854949089
42.820504739352 13.270773910599
43.257166422579 13.093937797537
51.014398311272 9.5616014639668
42.083422123514 11.953427297528
43.641036421846 13.720541788156
42.409952560652 12.489850066386
42.230666270142 13.730649071175
42.696009742907 13.390966116188
43.586854081895 13.751607649399
42.808004384792 13.037790025157
42.103105277358 12.930164384644
42.208433547641 13.555173962657
42.640975558984 12.468555900042
42.996970374622 12.007910043492
42.822148172589 13.058120793711
53.212371835351 6.3214068964922
43.114477819837 13.505156083289
34.167988421635 -111.33375523265
43.601583616178 13.615764194942
42.883513078526 13.692973688589
43.00328424063 12.135348751294
42.348125437923 13.064368687155
45.81043474193 11.716730414825
42.481353066175 13.600174666683
42.565729737101 13.470809750499
43.42446063993 13.796561578215
51.58245599134 -0.81533154469231
43.82078632613 11.975670373543
43.039681104517 11.945972678713
43.364796039374 12.768738286017
61.697736256615 14.823688421316
42.336516185376 12.098126241073
42.395858030972 12.957651592792
42.586733355481 13.138870771594
42.745477211098 12.996138231382
42.857912233054 13.493724945252
42.436914984361 13.82571758091
52.338708070265 -8.5137180683733
41.952040504663 12.454324527411
50.87451576296 8.8965077911953
42.302131102116 13.524019707259
42.361869927338 11.752811992703
43.107163487539 11.998763979433
42.774072599979 13.401930220168
43.731130543992 13.307254322503
33.556189553922 -116.82667382217
43.501049003986 14.229541158338
43.686263210015 12.970147579915
42.625107128951 12.743670324231
46.524578293098 2.9629672365091
33.259653032263 -118.54881931844
51.952868661356 9.3807287515983
42.528590511798 12.280716248008
43.06772357836 13.502101052342
38.893277311822 -77.189174727118
43.75491261892 12.822270750006
45.796143024811 10.614821742878
41.834640815332 13.688414118129
51.168117425948 8.2439764501732
43.674672162961 13.067407753371
43.245379900695 13.39002902081
43.671878150532 11.955678905826
43.545009439155 12.79245993534
42.879207767511 12.774615947073
50.759313520398 9.2566012275669
50.87099990103 8.9223531214159
51.69302153154 9.6839854324628
42.133035993752 13.363903758772
43.374261148004 11.851667457212
51.850773082045 9.1932341992824
43.492162572004 12.917048441229
47.802741059942 8.7895230743054
50.158678319845 9.0909573645755
42.850494761809 -74.102044869749
43.444638290205 12.084431748432
42.06413581693 12.967756286735
42.010070681598 13.533103731264
43.104670441314 11.852017947425
42.770261234052 12.725537338187
54.095199558185 -114.06152775654
43.413586490536 11.927949352177
44.42930935702 12.619297544944
43.568443296297 12.16105616242
53.277636935365 6.6988866463997
42.778830624104 13.352534527144
43.617112548399 13.611599385113
42.586537529077 12.415530230133
50.116006332504 8.6595409939343
43.791217396425 12.756651141123
42.533776207631 13.664177188514
43.336001167251 13.225204416211
