41.919625677618 13.553173387236
43.195740833991 13.662581438528
37.359680137809 -123.06060025581
50.107964751827 9.844562811239
43.670377581713 12.506467487454
43.404770424333 13.242996069271
42.037071471141 11.882893736906
52.122508915897 -0.10734140324282
42.5647204903 11.954498251434
41.912302529885 12.134239211762
42.28779767376 12.398689756842
43.469037825015 12.413345804651
47.89966912237 7.640977615789
51.854321365643 8.5141116629886
45.241618875201 9.4521127783493
43.595340943728 13.161018747001
43.161175732131 12.908130587988
42.118477723637 13.339572493632
42.674055764046 11.286217687205
42.815481583057 13.595991313756
43.550725885013 13.341403081727
42.54577876003 11.980082542182
46.909299137494 2.2791595050502
46.535461745474 1.1171903089235
48.052339487056 13.186327828901
42.524483556659 12.105190804298
43.238706067802 13.781863933814
42.238486581148 13.431950618735
41.836268078015 13.256992060832
42.55113770468 12.204329982516
42.73652567844 13.412817114712
42.319691605105 12.596703903583
42.717440729385 13.149354136174
43.700483637278 11.964535010052
43.136260093274 12.048599130518
33.341328558711 -84.927298059095
42.767171857325 13.401190649926
43.321309898685 13.478788535355
42.396553800181 12.289715883478
41.99839351142 13.086685060119
25.560477433039 -80.078321050233
43.264818903669 13.595335995145
43.499606842429 13.058771973059
43.710002056209 13.459735812854
43.47098485451 12.894567436045
42.526554383604 13.20450472983
42.207284563804 12.616054673521
42.72999185127 12.797000922655
42.586019540034 12.331520051871
43.090203904144 13.12548858075
51.150332944538 8.0588190425461
42.078846175747 13.698177688636
42.699473274287 12.164694812712
43.697637557864 11.955727321096
42.580047662661 12.882962076891
41.980113882118 12.741108379693
43.793405920658 12.829180125554
43.04312480804 11.935930885831
50.324269189185 8.9579640705874
42.436429790445 13.097922200404
52.200328586251 -7.2829834997109
18.402714124021 -66.708513716333
42.146177980207 13.467831904307
43.503293187147 12.465594050712
45.183609244499 1.0586059415055
46.9266802156 8.3549419037788
42.39151254596 12.918237703835
42.169398320473 13.069198688545
41.941150743042 13.337609478916
43.770440567855 9.8303399326211
50.680585893654 9.2243101211378
52.589527620044 4.9856041871177
43.66128078136 12.451535512924
42.46047196002 12.405782304448
42.151952054443 13.410059441559
42.387280327469 12.776288552592
42.931830071368 12.389705212989
43.294276091428 12.624077224019
43.809589744944 13.632365969325
50.53203303252 9.6627561969975
42.664430855638 12.231263572479
43.78353994844 12.878501577267
43.752674957178 11.880222208763
41.905447857431 12.840551273844
51.98512395005 8.9138179113687
42.179275747493 12.25437014238
51.000716496026 -0.23651337732864
50.542074569288 9.063876586996
25.916394595466 -81.14075785956
42.979545480118 13.24461603411
43.604557481431 12.94370317738
41.041543364756 -78.947441392331
46.278797269929 8.7563871060295
43.15435340032 12.635735566579
43.43886388628 12.270958216542
42.514143593404 12.41017503592
