41.985436788774 13.542206367751
43.621400896305 13.754042541515
43.144579898654 11.952222181949
45.753859772672 8.5782825833994
47.016586730264 7.2384676408202
43.14905548291 12.175157904262
46.548629136546 8.0455485158812
38.032578746338 -97.483853343168
42.629628665128 12.801206357706
45.26807549748 1.9015026874382
43.723378436066 11.975903741094
43.701421933596 13.18826655449
43.49241250499 11.867134841584
45.379642028538 2.4577663109907
42.693700970495 12.213592870281
43.279659852537 12.344378537214
43.387626053501 11.84334464692
42.697615864101 12.759936453218
52.03665875296 0.74027225963319
42.700372170538 12.107103795815
42.828880839922 12.490025029767
50.79825311494 -0.22235856965759
43.590949403418 13.718571912387
42.532447732323 12.60892272352
40.301430378906 -112.14417497667
42.318306350318 12.406082154927
43.010344371691 13.810788473979
42.055705172522 13.346156012449
45.505007886959 9.6343553735569
42.518133000733 12.238763923889
43.392924571916 11.16807604226
43.605171243963 11.99892366307
43.13846518527 12.138163769237
42.616715262021 13.623559567457
42.206768441597 13.799562838788
51.758782301917 9.6708274468178
42.877965837216 12.34403847502
43.430478929298 12.082349851787
43.131374177139 12.425357191577
51.427482756519 8.9089621868492
42.802399898343 11.923488007378
42.489798821292 13.820549695224
42.3819265796 13.152843210007
50.65921413999 -0.29196360819133
43.651162408151 12.443147686072
46.470359576385 14.058564423331
42.347172929157 13.215402169274
43.15545792142 12.903610523301
45.282123153255 9.9439665080718
34.478479651784 -83.851146334942
44.631864240662 9.8598868437367
33.884422385725 -118.39776496357
42.944427815727 12.415063472213
25.642525836176 -79.184606551088
43.145718608606 12.575070620803
42.971564879649 12.526579270871
42.680138450454 13.678635408042
42.736063178527 12.475683423002
42.294769501006 13.630676394643
51.333206654914 0.55463016892068
42.52895391247 11.975969810514
42.815781169972 13.707687102609
43.384491450819 13.150067324375
43.282029751841 13.218174241606
42.284596837279 12.316667396744
42.856616067654 12.849655170876
41.930266407307 11.88196395893
40.12765898856 -73.417971479101
42.362519444622 13.438080818617
42.048782513986 13.039877612183
42.59451976262 12.843451446802
-0.20326158087852 -0.67079494459126
51.869297496215 6.5515593401164
43.294073534777 10.460562500875
43.42036536963 13.298754010975
38.401129131405 -121.48079415919
42.934903551349 12.366588856285
42.178607270226 13.694772051061
43.358129807004 13.249474699746
51.623714486893 9.990045118141
42.03551881671 12.435887977705
43.09758509935 13.079194756283
42.154392398987 12.18908363545
43.282277709026 12.680844132661
46.951927500943 10.66614803114
43.015995945344 12.18089030973
42.925158320447 11.892419511889
42.147444047123 12.766363448376
43.651053240847 13.16208897075
42.142509551341 13.825204860359
43.467319718335 12.025705559678
43.238052058631 12.288200651451
43.475335326288 12.173273227745
51.510860018437 0.28219193786951
43.005766021577 13.22233445722
50.966684197293 -0.29529985105865
