51.196419156481 0.23472290538472
50.650457976456 0.50655144983742
50.875184531498 -0.085936468185823
51.300662858785 0.46979442674658
50.823605638614 0.5247795681538
50.801600310161 0.15890944797961
51.465586652032 -0.09378933776346
50.796925095881 0.049491211079903
51.25710933877 -0.14066076895718
50.829307687622 0.81131257335717
51.400861627376 0.3623886035068
51.130567174698 0.18581746242746
51.376748768555 0.16188439356717
51.139469028748 0.7465288446455
51.123712317377 0.71450984087052
50.533726407231 0.58963140774502
50.645651937065 0.6803581610184
51.301323281043 0.52791153379619
51.430563538769 0.5460210630838
50.624458628299 0.85106177569417
51.33605302397 0.74693363282687
50.92707235712 0.4516352509808
50.801275052736 0.33086062745232
50.785167041367 0.85313249786531
50.855004384348 0.0052902288247365
51.18834022744 0.72712473320641
51.101537405563 -0.094163306541395
51.261109104734 -0.0060253637451751
51.487302113784 0.44059529310586
51.457133578117 0.065251879838883
51.159117390709 0.80936164348357
50.894237988812 0.81506305639868
51.005479804941 0.10476004751156
51.497024393639 0.017728849736852
50.53455677863 0.22197442041337
51.356048675187 0.19044483456782
50.823289175668 0.47406387578886
51.295126438511 0.16508571945834
51.004291114167 0.82732637911911
51.470951127806 0.27611565737339
50.766230681104 -0.066224659875135
51.216412686611 0.8328590992479
51.002091386589 0.42244233112431
51.157276450962 0.72255337918762
51.501837003511 -0.10573143848019
51.484453913283 0.5864125962725
50.967037942478 0.77608343710475
51.007754212016 0.39994621150659
50.802551282245 0.082576838309218
50.586675784125 0.1669335239832
50.935587946528 0.21299802516727
51.273354655026 0.12617700454601
50.98692749929 0.26309402526966
50.586379436816 -0.053154376877073
50.895845565664 0.14363475145476
51.235035498969 0.27494678840272
51.303768742738 0.1266145515333
50.921602903596 0.69761367495527
51.241449400197 -0.071414571339919
50.951574629284 0.5936295786211
50.905698709844 0.78770422221986
50.65872433044 0.10672430274856
51.516046696816 0.54863148342755
50.977611633607 0.31434326748301
50.666766901578 0.82174511706073
51.239786547953 0.53007969186645
51.332672175408 0.78633186112919
51.024411618022 0.49061842327035
50.943954008372 0.81043587517945
50.507193550471 -0.090444852691346
50.698743950103 0.64997686590734
51.184354779164 0.22143882797633
51.309241812587 0.3581734077298
51.06533483675 0.09067461173082
51.230798583818 -0.062848256050068
50.906960050765 0.19712073453103
50.818593375068 -0.081943273633688
51.222495486831 0.32615232757114
50.8378747652 0.43944035765224
51.103494917789 0.69725020303729
51.063550622931 0.33359032320958
51.101414052584 0.61425367114333
50.612433566764 0.10232477075995
51.030717360103 0.4263090767508
50.523859092046 -0.096469290185002
51.349809508701 0.29718335260972
51.525803376001 -0.069016361226796
51.444484246403 0.19067748500066
51.426200086682 0.76062489005301
50.881190479445 0.27237412015087
51.33790221244 0.773362729076
51.155058339543 0.2980074352529
51.523143887996 0.39457587072839
51.359926323341 0.56254809463981
50.733588611816 0.58374933175452
50.92181944308 0.65306028050513
50.711974992516 0.077408849712191
51.177667300998 0.28140987417261
50.527504516548 0.16455417322901
51.424942560925 0.66211012078082
51.01083300659 0.1360537768463
51.01691679308 0.032311717943438
51.145312890711 0.38352294185829
50.507436343472 -0.10395597071105
51.405083712612 0.7841226433749
50.992946215203 -0.013208483868837
51.384984266891 0.71897518895985
51.433523353158 0.23930151254372
51.09942610031 -0.072073278567783
51.415205858608 0.073350934294686
50.660585038904 0.019812525208025
50.591305103661 -0.021659491179348
50.626712615195 0.34133359381526
51.141811860093 -0.13912525179289
50.894931218305 0.64139211295704
51.430319166244 0.73570956272339
51.339922083002 0.33353919360021
51.118827509982 -0.10020566694913
50.556460312594 0.011408213014443
51.399071683129 0.30932520478933
51.087076362961 0.060443505156065
50.795321145599 0.30462545704513
51.372607640397 0.36953051167519
50.542163949945 0.61043812916635
50.800217265869 -0.060349118975149
50.587817247532 0.0068406722959366
51.415290673573 -0.0082592268257295
50.659030524622 0.82874412821548
51.402816845525 0.62907086523207
51.039883673442 0.78330261571021
50.527361764585 0.60568740707622
50.656632432787 0.41700445874921
51.525030176633 0.24680371682011
51.018172383084 -0.066588201642306
51.465064338392 0.5816593260838
50.980260743052 -0.15149270056816
50.555325406164 -0.012093779222148
51.282748166371 0.67018434012318
50.710560006188 0.69272796324582
51.402420599899 0.21067331782574
50.838178389398 0.11851294525365
51.369746006033 0.24899795704475
51.399909411976 0.64461555543105
50.568956285747 -0.11655926249295
50.793657744906 0.2569692191421
50.527246524127 0.18288371342835
50.742786618528 0.34734405867632
50.661632818245 0.2896272564212
51.513193085796 0.065253744812339
51.434769663929 0.29390592183169
51.096092979701 0.0017292159105367
51.400018108962 0.43641823685096
51.443219607204 0.46341439073599
51.224328022788 0.27542321158826
51.438515356248 -0.076351324648755
51.104257247226 0.49965890701379
51.096755059248 -0.083141678568503
51.241807758222 0.65603966850138
50.990302197398 0.57480159190707
51.026920716524 0.26673158405197
50.875896536455 0.13677465590964
51.083910382159 0.27594777297506
51.185477907157 0.36175411345985
51.149406243418 0.55832694817723
50.897372127696 0.15351201828733
50.80003487845 -0.12871593248039
50.690032783519 0.027431499640197
51.110624574409 0.1682542623292
50.625184004719 -0.033813631229011
50.642615816622 0.55826957963793
50.941183053628 -0.058195162642833
50.842826042018 0.28720073363614
51.373186818731 0.82554495693909
50.844488538031 0.31211439995194
51.133782778696 0.64591971809786
51.154816473208 0.55132014837178
51.213982032479 0.46403091696745
50.922037482825 0.39441842253261
51.207238770419 0.09333257376372
51.306778625961 0.61383827147253
51.244184570734 -0.049915883764581
50.651002425305 0.18234340058284
50.972704922069 0.30497929230099
50.60296728653 -0.031529432228543
50.954073703594 0.38304316358317
50.630473622647 0.82476210674028
51.134966334624 0.39054324118446
50.992636076404 0.52137505142548
51.081956477175 0.072702947520983
50.863829939796 0.032588868831563
51.443626542549 0.30034732361806
50.878232484394 0.66095539534044
50.885660201491 0.42452477678402
51.216953980139 0.80870350808777
51.21211800478 0.15229657899696
50.555614618145 0.76152183937446
51.350337190484 0.25411297434202
50.689012785065 0.34471393527217
50.648900753422 0.47079668164291
51.150830151816 0.6789870115784
51.420326619372 -0.098412429079601
50.538956394903 0.51966781886745
51.17846228307 0.52257619118904
51.402405488725 0.74343635171347
50.670449716118 0.86748305417481
50.798021961142 0.18885504923708
50.966289872986 -0.10801157505158
51.052015959542 0.246328410756
51.494449348186 0.62317252415846
51.198381191445 -0.080275460700628
51.440366426921 0.27433809692243
51.381527679452 0.11653932696513
50.831872841498 0.33156463607288
51.298928232304 0.51672634873853
51.503504793627 0.32246829486102
51.318105477289 0.46442819915453
50.728804457108 -0.12387332144839
50.972059277572 -0.10484453812932
51.393482991445 0.38441114419811
51.053388463125 -0.045040613578181
51.393057919989 0.54971302321168
51.380988566149 0.28077083182092
51.278337259208 0.76924004902097
50.703638696672 0.32147731222747
50.5991557525 -0.0072554709004451
51.288641647803 0.035087265970696
51.424942486419 0.70815622368742
50.944913255258 0.30760796144494
51.060392799117 0.40165968718551
51.377464035003 0.093927362926275
50.85185397619 0.33408341287826
50.974128192046 0.76394689998308
51.010318659018 0.59456067554866
51.463681867329 0.4393835548914
51.303640857713 0.48091009742158
50.88737887395 -0.0062475721893077
51.487249231891 0.26643019549383
50.850191371213 0.089012172063357
51.039573392151 0.5684493228134
51.143456965519 0.31427491279518
51.046302254566 0.48217041714684
51.505512715527 0.69949554619357
51.008050871784 0.35817826830232
50.637057466496 -0.1058443133793
51.058630000594 0.35323648259195
51.232367461888 0.71360707683657
50.902434943431 0.017954037947563
51.199105870304 0.078455770839222
50.508608946115 0.6725202559319
51.32718810757 0.214253370233
51.492236380462 0.23221875080943
50.742251521555 -0.0018471712767321
50.950440742751 -0.0982933809088
50.998005004832 0.12694982160673
51.518657381189 0.26715290693434
51.377535452078 0.5379732099492
50.627311235819 0.83161748560221
50.808548737461 0.42706758171184
51.16012583564 0.076140827949229
51.09487064909 0.1456487979906
50.884002338808 0.59861908596411
51.14490492346 0.03432853423261
51.057799123722 -0.040482035831351
50.911909531994 0.25459219056396
51.255312688535 0.10328441997678
51.495075910251 -0.079318392842544
51.006210029361 0.77997228208463
50.65509021336 0.23371571773837
51.499559802934 0.64573634533945
51.432037177464 0.08859637704613
51.430540487138 0.061147514242286
51.111331232642 0.70784884625946
51.287885413872 0.40303176794808
51.344766050971 0.27535043338563
51.465250557272 0.3571052976172
51.466064205843 0.77449610767165
51.319880582774 0.10064856800747
50.558066298281 0.80460199326957
50.670571409711 0.43961865982489
51.028289915774 0.36750722362544
51.277532182996 -0.12729268858083
50.815512539034 0.84361238066741
50.652724223283 0.86993703467769
50.569013617965 -0.049035449120694
51.215546091188 -0.15412463755311
50.75058721297 0.49013337603777
51.317634983835 0.22019892703286
51.21646714011 0.066989213673863
51.098183766286 0.54061156950454
50.778682852759 0.64477397526371
51.279474037131 0.14237149387243
51.014758600162 0.11441424023566
51.463327180111 0.79954538247062
51.242942484907 0.45312788400014
51.334403194876 0.63110689610295
51.066586051866 0.78929429719192
51.442160357229 0.36393499013686
50.787161315826 0.25157476156759
51.512123436207 0.53131054407978
51.081704020305 -0.11006859933029
51.318044174843 -0.11191390558235
50.564928674536 -0.064090599119558
50.947606469713 -0.14381834829869
51.517600425527 0.45331448891355
50.638722921321 0.1279634912582
51.337388301192 -0.019037862368407
51.362430999457 0.55303525107123
51.173442000371 0.12810296286741
51.2637790012 0.32492629215817
50.557283144937 0.24054126354426
50.610586065385 0.51448923181952
50.510921435436 0.67585428364848
50.705447402878 0.58551863463387
51.067600979268 -0.081475259359677
50.991082976801 0.71850627549389
51.339038028307 -0.16356447770891
50.920529523595 -0.019222309407411
51.386390735808 0.061339002079958
51.379607408251 0.20193249689971
51.093736529627 0.82328484380305
50.821936686208 0.27129850683795
50.530862693224 -0.083139299504985
51.310315686655 0.5134161721931
51.50922080968 0.38035285578592
51.49969818024 0.48199835762941
51.013869954512 0.51549282782036
51.146449815317 0.32225112161239
50.601380794822 0.60885175014793
50.59804268279 0.6362053512252
51.428363015842 0.80767916361694
50.983844060676 0.35334761172689
51.41668842729 0.11576302675799
50.759177705859 -0.12787783063849
51.506362017247 0.27600644815993
50.954802071887 0.36787893681689
51.087962746428 0.66993971707297
51.045576668598 0.55905048849483
51.272748497209 0.70653199804786
51.406388025687 0.6233737280189
51.301917340049 0.56236807603965
50.95528207368 0.74201211362706
51.516167692848 -0.067110760685569
51.478611311865 -0.13662599550868
51.121107636309 0.64786652267812
50.596782110211 0.18943840268974
51.006751886805 0.46355524955018
50.808118997751 0.25869559596698
50.625876123144 0.641677934924
50.710207684995 0.70938823539736
50.954257573678 0.6350925292471
50.510982772806 0.38686227764789
50.699300393555 0.57475689121744
50.881923136479 0.79418109482349
50.778510520364 0.28094778636981
50.993892444528 0.62283114460895
51.333206654914 0.55463016892068
51.295605479644 -0.16167583562046
51.014825966449 0.80567914466173
51.345240837357 -0.12728918634228
51.123538753774 0.13659550250815
51.360997217643 0.42809718722389
50.851398061659 -0.095217045492123
51.014951340628 0.70313726672584
51.004946485863 0.54429368694979
50.699174793996 0.34158823044579
50.622842624375 -0.038157892482424
51.055118144748 0.70779975671219
50.838281864458 -0.024928135860208
50.555841193095 -0.053903828451361
51.241699611182 0.51810919000214
51.220271649175 0.4217871801517
51.050054600718 0.56845839296396
51.031366071911 0.39672240814508
51.105341385401 0.29897541980678
50.876612468332 0.10131836868419
51.261401685775 0.091693039043668
50.990671435134 0.053373654812287
50.882631896242 0.7037377886445
51.407462120479 0.4297049126214
51.092131589815 0.59621889399655
51.51213291288 0.45683704565598
50.779466631021 0.68512301685993
50.722515955906 0.27395438325073
50.601974553942 0.35364385659045
51.389198111319 -0.035054001559058
51.063860674186 0.52811095883051
51.141515881122 0.61264692968813
51.115201222997 0.21887812070031
51.354878999691 0.56743233998187
51.448881480819 0.30415723575007
51.482803329352 0.69334043962106
51.210408690251 0.19967840290148
51.447928220475 0.75718078093938
51.052905856424 0.40321308248361
51.055301676763 0.45628331431481
50.904218953291 0.38858953317562
51.151131946431 0.17002921367997
51.251690978534 0.53744854844523
51.072174139587 0.31871957946975
51.098004246409 0.46254537038158
50.535394908877 0.17169139164579
50.715843614291 0.17799747691863
50.74280136183 0.72943365788993
50.711074564239 0.77914082383232
50.539144665487 0.73961923161039
50.65630017368 0.39113815886953
51.412213215098 0.79413457805484
50.995031315598 0.73360488592815
51.192964784658 0.77549105820502
50.796711288065 -0.10728557604238
51.204999818795 0.510957189091
51.474649796251 -0.013681527750414
51.087999819586 0.42047448703576
50.957366968252 0.62852784270353
51.323808784515 0.33585764152271
50.861218485218 0.31461188113532
50.667943066064 0.46567983662509
51.162337447825 0.3735958860552
50.919575670464 -0.11859445796748
51.469576039337 0.73374666442338
50.54258159876 0.15747925222269
50.910661147633 -0.062241617204729
51.364615853813 0.27487259179581
51.143708982339 0.80025625493856
50.662131927052 0.40523734283412
50.724703685951 0.22982558101408
50.519488521861 0.80476409322339
51.426966152586 0.10382153326358
50.976523063833 0.75949157944392
51.503610394431 -0.064087750471233
50.651577080671 0.26489408042045
51.1783816934 0.10988118825475
51.197970057231 0.15902729334731
50.902622185369 0.80487945894473
51.436746157211 0.86212349857769
51.026721569023 0.50643561938612
50.910417715744 0.42111483323906
51.206178640344 0.60027276374878
50.943084280679 0.3573333584924
50.580316416491 0.12292543752721
51.345583569187 0.6137217737286
51.365994980962 -0.0099949809350005
50.757027624295 0.69749302584096
50.955220160287 0.74324805272429
50.770643239967 0.27018508741641
50.623262537235 -0.027842721500356
51.50510496693 0.67460291160485
50.941458434538 0.6508038842775
50.666040591042 0.57142353917539
51.499880797695 0.57069782841052
50.945979575834 0.13731219620785
50.713897098421 0.73313039570262
51.234811115421 0.073541454488203
51.034990659698 0.05902755490925
51.077793749784 0.52911429825198
51.116384445977 0.013020166150774
51.232847913975 -0.10930088079501
50.732139933497 0.35265396779527
51.291553772423 -0.16786482151498
51.005729132102 0.35300570458314
50.892627002389 0.60617614560583
50.708468033098 0.3121297984394
51.246056729809 0.34896189823699
50.911233881214 -0.12323927052004
50.955820789307 -0.088948316964758
50.650810622215 0.80805284189901
50.920295137176 0.34259946003212
51.518194632613 0.24787457619695
50.666517717376 0.1913985000371
51.048374492465 0.56576787748177
51.149825035431 0.18009817976044
51.03524193472 0.084705409116445
50.974078268033 0.061751516979077
50.538424963615 0.70500832590974
50.545728827382 -0.031296490291733
51.017984561863 0.77949482745934
50.870896959384 -0.085448358298949
50.83289320503 -0.11134370380143
51.444410766449 0.45903311220419
51.287823282083 0.095490346190287
50.666992700737 0.14827449574987
51.123421934258 0.75843140233701
51.074870061397 0.13422970195498
50.571381835766 0.037964757032681
51.13829176763 -0.12591479776236
51.189614949039 -0.0011361146051531
51.076835573689 0.01515384161382
51.293232142829 0.80958068729359
50.82709682329 0.26416975732622
51.006450365999 0.62829361926685
50.543187600115 0.7738210748247
51.337446109782 0.48532868054478
50.92295780332 0.060787614877707
51.48130488488 0.16873951212445
51.426509388223 0.73098443617159
50.595554909248 0.087084174145522
51.362312975741 0.33159128912799
51.435079002257 -0.12721979535986
51.099018298368 -0.14281752298251
50.814007544571 0.52953947494717
51.238716745162 0.3399551917007
50.823791078443 0.36294510320432
50.986382524709 0.093464888158941
50.694557292012 0.36419374833545
50.525165224925 0.69310573096532
50.772680969104 0.22464847337206
50.731490006778 0.56432990192172
50.912364039197 0.79175335134197
51.454838240964 -0.00097061326306352
50.898167204297 0.69250734224101
51.413770706353 0.064123375785599
50.780933823567 0.10529959667256
50.628216823623 0.69119288520012
50.581789800935 0.48513307765831
50.996677973539 0.62176887761419
51.165128404584 0.16807502231471
51.118286046953 0.80370480832351
51.151372712874 0.60897209471976
51.222233279945 0.28158892233465
50.795639513664 0.63358492195774
49.938804095073 1.4071662910571
51.100494542439 0.47146817592973
50.790937976116 0.6231276963433
50.606067916893 0.63461652375973
50.946894773025 0.58309147342718
50.796217980933 -0.052198138163513
51.012326339033 0.68249294002191
51.430603799378 -0.18039599307365
50.605348803152 0.46777919324012
50.837220142752 0.078171927467073
51.24508351262 0.11697189510194
50.721077364972 0.15116790311466
51.029345760834 0.27129352705614
50.968358420519 0.41255691987582
50.905899640362 -0.11019061329783
51.392601712091 -0.010780904963972
51.176422360202 0.24263274768956
51.220038493034 0.26077267534602
50.657072510178 0.44647966620349
51.478316909158 0.35473480878619
50.990491594416 0.60484348633087
51.052061857447 0.22424007957533
50.72040069709 0.65253068046497
50.907140930373 0.18484555560856
51.048439095518 0.80226762345632
50.586029632523 0.0017609814609265
51.289894044767 -0.10919935592412
51.359501527557 0.85747939289896
50.986442092101 0.77960561433323
51.113884756162 0.51589757269523
50.647771152271 0.83727437431332
51.073023554205 0.71321647735463
50.528188838171 0.7886460496479
51.510465160017 0.55166036376807
51.154834085684 -0.082316431695321
50.766887310085 0.49871466140669
50.834912910748 0.013209763403618
50.68205537283 0.098178023932589
51.010533971018 0.28361682648474
50.590066034854 0.24805489701129
50.85906082781 0.12825803878636
51.190885851481 -0.05778847968568
51.348324960493 0.42190865674611
50.689957241151 -0.12334918707299
51.330821891702 0.13678047760706
51.458340416177 0.1835438208997
50.817477665058 0.38077632024455
51.277565744602 0.5497024689986
50.845601074093 0.41095878989481
50.911552564898 0.6237647670851
50.514331620659 0.7558030358729
50.993755101922 0.5096038782036
50.958907119678 -0.028866272484351
50.785352648834 0.33769430137598
50.500455301721 0.40302965477716
50.637598374457 0.78328867800222
50.514912604827 0.10827506193811
50.529981225743 0.66293506117209
50.573160844889 -0.0070928782769866
51.510860018437 0.28219193786951
51.431912857542 0.38958589885365
51.437030016881 0.53107603472708
51.455654400846 0.033128740695835
50.680668853307 0.5454323694275
50.634185766765 0.56357878028783
51.33718654692 0.56920419841037
50.917852377248 0.56164963564447
50.921540586474 0.74211193417763
51.027797984671 0.72843069844807
51.147332881413 0.0069500654456019
50.934320902654 0.74687290221308
51.237593046733 0.33343038159583
51.374497523939 0.045578200340079
50.784880111127 0.54435497775411
50.537938193436 0.2326258100209
50.812823468034 0.84416309592043
51.450003190408 0.10857520531797
50.730734779141 0.67911422651686
50.885180483286 -0.056121379214391
51.075406716939 0.22644401673062
51.33030271336 0.16830157351601
50.791706236215 0.16026660895454
51.057601927574 0.53576532072657
50.596426775931 0.54972172023251
51.084090725325 0.7952045349801
51.202130663536 0.85724093473854
50.622195943316 0.35513468377532
50.703109141999 0.4095316023098
51.148765426897 0.36471564939931
51.216402020173 0.83743430661384
50.805155099977 0.020279373931833
51.501821347513 0.46229340012758
51.489096083673 0.34948019415116
51.166504309357 0.1247014002943
51.135132894216 0.42832904091028
50.895522737128 0.21448297617235
50.83788445468 0.40114467464907
50.782439739109 0.23762755520997
51.237957639963 0.76990138444114
51.404722611375 -0.054221645074064
51.444416739952 0.092286811667633
