43.127436189993 12.325228158557
42.770764817864 12.978528692398
42.786217154391 13.370389595356
53.139138452075 6.1453660164938
51.955228500513 8.4656935145453
51.65951472016 6.4535572876705
42.981377682661 13.114288839586
50.375241284899 9.6130580071421
42.614400594337 12.953998473472
52.848056827368 4.7730060555148
42.093350010523 12.308194898233
42.027061476406 12.127631792413
42.977804798178 11.986312901616
50.484142134657 9.9613170777267
41.934487038748 12.799255336097
41.920087172634 13.633620737902
42.498243933797 12.103527638665
42.539413834729 13.546010860052
41.924015757148 11.921832042265
42.516636969318 13.274416990727
43.142274218233 13.063250075145
45.871570011797 11.653335947754
52.337026702164 -0.24348662577266
43.581715881185 12.439997251837
51.562458649307 0.38513399859664
43.274284110553 12.399719877841
39.416371395535 -83.268131467816
42.485198049101 24.734027052174
43.461477212378 13.315927610435
42.401378521904 12.907017101511
44.278648860091 12.879009301813
43.565135252946 13.136246217034
44.871122045473 8.6460594608175
50.443000742441 9.9719128780867
43.385720173563 12.913204747698
43.710345491187 12.325815051035
-37.627917426465 144.44215157199
43.372413801689 13.204851533403
43.747549961225 12.388168734234
42.968118177267 12.639976705744
43.06329934956 12.296597856256
42.510921176316 13.325701031075
42.607123117732 12.970000369016
43.609391056772 13.34153615841
43.231023897545 11.840892907645
43.355752322078 13.602953068748
41.924507118747 12.412040617996
43.617355179816 12.981498017454
42.64437801097 11.940559454256
51.332672175408 0.78633186112919
42.173869581064 12.046102679843
42.584922928656 12.906956638187
42.62086878748 13.485379713834
42.30005460528 13.485032604323
42.646034199135 12.10476760061
42.977702547925 13.343542184005
43.689549901052 12.814336665915
43.117439084762 13.552085699792
43.263521026964 13.549894794633
42.870338704398 12.585939099375
42.224188546776 12.414960031146
43.069626644307 13.52929790857
42.035236475095 13.748570139424
50.171989807008 8.5599986024015
42.256606135192 12.891658365231
42.504801159049 11.939550430972
43.655811044248 12.862573083913
42.893314837915 12.549541804285
42.000967277235 12.719516796882
41.976333917129 13.476956203823
42.890512707148 12.135826951443
43.175226961018 13.571582627379
42.431855376566 13.797453042978
42.385904882304 12.560711827877
44.057060743848 12.190010467728
45.18883594274 2.0543659129433
42.571678542354 12.440883248805
43.744097984298 13.236507533249
50.646738795399 8.2683147644942
42.922418014597 13.196951532849
42.542509007541 12.831566146052
40.033958607521 -73.952443194685
42.12024312055 12.259462140642
43.644847974502 12.660272724789
42.673241820987 13.804613169213
42.854931770777 11.996658661422
50.915674697103 9.9328792672292
42.650251323215 13.387161316551
42.840182587451 12.229323696007
44.097713922801 12.342637607151
43.781991155738 12.392227110657
41.925635855166 13.153754271194
43.446018169397 12.366036324488
58.910978732123 26.809711332344
43.298639833622 13.205168616143
33.286757895992 -118.38813670581
43.654307886352 12.961682426281
41.985015322934 12.456185345771
42.37931895043 12.8146633738
53.385224112256 5.2196630171825
42.919325770328 13.727124159118
8.0908524771644 -80.890717971553
50.602602326126 9.8795455158127
30.246715057588 -95.868415295294
50.222918326139 9.317237912825
42.988384932295 13.699528950613
42.480403747654 13.58582157997
42.00620303352 12.279599903303
42.147375911564 12.157202340291
41.839104195071 12.281360715314
43.992915414023 11.188560390263
44.88943906903 11.863786934837
51.224328022788 0.27542321158826
42.583700916091 13.210566918485
43.711321633196 12.368957726943
43.47396036541 13.077049716433
41.990308200957 12.493664398109
44.486335417622 12.826427690699
41.971798555933 11.90671558024
43.460396075044 13.080020100011
50.875896536455 0.13677465590964
39.522164379387 8.0688696082366
50.707366692697 8.6539860235779
39.019874456245 7.8658467313877
38.183965180983 8.8494954166528
51.31556638764 9.9246707069337
38.983103677519 7.9894986117505
42.209862824648 12.489925476506
43.58284828422 12.610648301735
41.925735138809 12.684655733281
50.754782697072 8.296216011651
43.405836921395 12.400486459232
43.777722440578 12.769984363026
51.060010531479 8.1777065522865
42.826667657062 13.556079319027
42.947465635833 12.424225331037
41.858381497163 13.676865024828
42.397224677467 13.148581833203
43.172543333479 12.929381068784
42.004343235888 13.185998266205
42.265238826308 13.31928562483
26.213368046645 -79.572587774211
42.677632855588 12.454395741923
43.042017124168 13.453265955904
43.598731350919 12.390005809923
43.025656383518 13.16415956859
42.470392121708 12.548644610026
42.812694791638 13.195997236874
61.067981012663 15.520785386451
42.407924552659 13.23942127092
51.081956477175 0.072702947520983
42.108874622338 13.770168303892
40.358820029388 -73.984745625531
42.359376289604 12.732314115287
42.870405929589 12.13315381118
42.810012131862 13.184280797015
39.131070728837 7.6543181860436
46.374593600365 10.028637392646
46.690683777606 -123.2483200162
42.634488374777 12.494323297655
43.221335410265 12.968588410417
43.813782174075 12.571543756228
50.535344651218 9.3463212132204
51.169842896131 9.375427212741
50.599621568154 9.2298245933977
42.586958952542 13.552800204418
42.603023237385 13.691910553601
42.261503998333 13.781407703099
43.687144379007 13.400499740823
48.888408335738 2.8761434142577
43.44374640821 12.993462068978
43.753724057134 12.108869765957
44.507517132818 13.281364523566
42.929199661582 13.617667618982
41.981031458837 13.213173485947
42.444980175928 13.829603764636
39.976255812568 8.4121670089083
38.610347056942 9.2687759901081
39.870409910869 7.8501463152066
40.120593823446 7.8493725128066
46.655390609201 -122.78144837673
39.756987995717 7.5747194653554
51.307164342286 8.9289324180823
42.815262468932 12.753624648228
46.496096454326 7.463784571953
42.691208286554 12.696738077673
46.379721164415 8.53143589689
43.134834083347 12.557976957226
50.32651891202 9.023833774507
51.427482756519 8.9089621868492
41.89511026253 13.534376546079
42.606820459316 12.185044827513
42.91914509142 13.4076356699
45.96184493441 8.9884320309309
42.325048695956 13.497583254028
41.949296739415 12.682867456567
47.046869150385 7.0746538206351
43.762831390746 12.779033942066
42.734685437651 12.887788847523
42.061454266359 12.033571510147
42.36473352714 12.739030222774
41.97252373957 13.331653304108
43.484553844568 12.714853157718
42.188722995684 12.039576740044
42.136835862036 12.042301639955
42.714758176245 13.015484211529
-38.51550763916 144.31683433832
41.976430216814 12.467307379242
50.046024166535 9.0981027405235
43.110563198643 12.908418564104
44.569768107436 11.996581990831
43.446776909051 12.193253824133
43.291950431344 13.631056962384
41.663496066448 -82.121913408193
42.923649704535 13.118875004428
43.539526106596 12.522213966384
42.027257521205 11.931053429831
43.244594122884 13.60711577565
42.156657243241 13.032719836607
43.494498343924 11.995016216319
43.756182425097 12.006236607698
43.716725538374 11.908189487622
43.033675065766 12.237530778294
41.984066205113 12.163325122189
43.242751916539 12.755459709466
39.534480940696 8.3460690843917
43.212961671063 12.764086855952
42.157317030338 12.158220029065
42.096397541995 12.519604765142
42.336516185376 12.098126241073
43.444568587229 13.216812253586
42.507050361276 11.898505441818
42.247051788164 13.447373374129
42.571959030636 12.438344556132
43.183798247124 12.203010155935
42.188837370944 12.219562676393
43.139836207584 13.398101171685
42.226084841542 12.751179497594
42.944359463169 12.320833855013
43.742479070922 13.277626882923
41.942182539956 13.247388859881
46.353100785615 8.8281473890567
43.359123262299 13.781295186759
43.263894299655 12.846256992263
39.602199357475 -111.25668939015
42.861138466702 12.019887366362
43.303023568982 12.723851616852
42.573282061433 13.774574325802
42.275170941986 13.469863896032
42.79716231946 13.142097891396
52.737370428041 -8.7338079850812
43.137313807934 12.928833811066
42.889622467074 11.922292141229
43.580699234561 13.718319367042
29.563781678482 -99.173439999685
32.967978541885 -96.234730612288
43.274127217624 12.897609985873
42.985303117908 12.25351959248
42.483861678061 13.833276437073
43.333264493094 12.155414810498
42.951223873997 13.503720068628
42.347052874692 12.036347700321
50.269649541597 9.5947309851622
42.323202243246 11.979951183323
43.816135919123 13.813600548012
42.354144702851 13.705013957224
43.482467916108 12.087749773233
42.065980930864 12.949831635689
42.025710463091 12.305185575201
43.00596499166 12.320458789992
43.29066474146 12.605530743325
43.327259164011 13.683216220107
46.97058532351 10.307502632706
40.742919445387 -112.52424315537
41.530726111893 -74.445049451071
42.884502010853 13.598257941028
43.73177363294 12.648550837624
42.114234038237 12.236920737327
41.930611189909 13.233228018637
60.848608141229 99.002956305632
44.609907981853 12.133879831917
42.431837173401 13.741129347489
41.942830519279 13.126742940476
43.133983074771 12.417328873399
43.396752439179 12.890155266475
41.844895618451 13.624093971992
42.894200220676 13.832855264134
43.579773130652 13.286024755021
47.257061341685 12.342434304714
43.67479119949 12.725946997186
43.034159960262 12.544123934856
43.256495398144 13.299694460977
50.503233681667 9.4658598557421
52.202838288016 -0.54407487840115
42.178133615397 13.460586482894
43.641880491137 13.403774794866
52.410797637846 5.2890931547336
27.008431335432 -80.197463047127
51.154989826099 9.7199163784831
42.368775873638 13.09399804526
43.117279902642 13.5430490517
42.173979472471 12.648726585644
43.021492536676 12.175694478313
43.660025583908 12.664080027821
43.362008264012 12.308090555646
42.478202808426 13.442262280494
43.647359458121 12.699835016273
43.192941899988 12.583388105793
43.091198568761 12.405655124435
43.801444698519 13.615576845901
43.505328033841 12.638966042867
46.651133505931 2.2200232777838
43.335159461191 12.57035376393
42.563886020151 12.791230027953
43.184461685004 13.24418875216
43.187259057645 13.777354652445
41.964714581617 13.168787939574
43.051402960483 12.903434444661
43.55227116011 12.357519863827
43.268160109554 13.559754019419
41.2895123298 14.73207634854
42.983161531402 13.231578646822
43.096683334625 12.802589188725
43.167617120879 13.798588250691
43.671384245491 11.905286319531
51.268210683143 9.5052407418868
43.788705776368 13.408939224414
43.083702595033 12.451071768299
42.623623200072 13.102396749494
38.848689195526 7.7193124844612
43.704109769663 12.315996885934
42.558526531143 12.799308248257
42.295878304327 13.136430540207
42.008929511092 12.7106721591
42.405256961682 12.001719481799
42.599683526272 12.246571361689
43.096732177372 13.731071359839
43.493962636003 13.4431969698
41.003797124104 -74.235860997348
43.187236164805 13.116613958106
43.468673533534 12.926211914966
36.988927759528 -121.07750125905
43.017661398772 12.809311478797
42.439572624622 12.435346835051
42.473976196032 13.830904568488
52.48886019736 -0.60548242727084
51.461544520204 -0.36086206020361
43.773970097685 12.903668129793
43.269641103835 13.788080214911
42.952809906682 12.456471124041
42.829349257925 13.684725996447
51.365994980962 -0.0099949809350005
50.463478107221 8.7433519576412
52.335589823702 -0.64213353756448
42.533757305042 13.177611284062
43.714810751267 13.793548304512
43.760628539978 12.598094970287
43.167424659344 13.178446374938
42.678514399437 12.772667358079
42.112922297399 13.749686849674
51.132859416368 9.720513362773
45.420860762929 8.2945214005627
42.913552179913 13.337113577119
42.003274432406 13.715780410804
43.312655724752 13.542097598122
42.181779831754 13.587245744016
46.163778924459 2.467646221848
43.189100759213 12.886367790369
42.126267110077 12.201215371139
42.309584754219 13.290478455059
42.713938739504 12.053799978969
42.757073804644 12.319796168415
46.916630849203 8.6301913529775
25.099835357193 -80.003768850395
42.77426954071 12.146795804702
42.186879964188 12.258640665237
42.523956424822 13.25835177689
43.781525710983 12.015298790327
42.045054960572 13.618673317909
42.671912826 12.994284824952
42.729227499466 13.33580427914
42.264785514823 13.593749446161
42.70273118175 12.386494211122
42.091225325193 12.290713793754
26.479721393177 -80.610065134802
52.950921521732 5.6192713849569
42.919022785949 13.13911765543
41.939189638935 13.708569346812
38.484300029586 8.7068756311993
38.259932376928 9.2591434497026
42.379652310361 12.922471755635
40.043905559379 8.707416013894
38.523690393801 8.2772142685673
39.655091544349 8.0470970843502
39.566007740025 7.8556048913482
39.465808635691 9.2426440341892
40.115356691132 8.1036195822838
38.446288261667 9.3147764414447
39.815832615175 8.0410097499864
38.478242338289 8.4798920647908
38.634317533305 8.0548659928694
39.197591259133 9.0132365224308
40.108948562242 7.9075591193377
39.977866715638 8.1663179973279
39.48662734044 7.9939508500776
39.325567571029 8.5821566325824
38.44927075935 8.5393208609907
38.695769267843 8.9744489856241
39.991352856052 8.2948521137043
38.376202553117 9.2888405377754
39.968805643146 7.8745907383682
39.601344242869 8.415911927763
38.496338197624 9.1930275585765
39.812163086417 8.0906383001963
39.778117504696 8.7795684422566
39.978386745675 7.5521823875679
39.773353643972 9.0355361627876
38.763081432572 9.4818559274754
39.235134361318 7.8932149332746
42.492761065037 13.281189401786
52.811059197556 6.0333117881246
43.728443821787 13.78330700138
42.566617041645 12.898561015233
42.305297841947 12.764679233921
50.65859608022 15.500469800085
41.937295817296 12.219004015096
43.128876174415 13.29977184457
46.742642743393 2.8580222413214
38.264801320743 -97.012461143086
41.962727731102 12.012765172807
43.80616456729 11.944912335831
42.188561704119 13.502240196591
43.645323654493 11.836617658325
43.387227032535 13.276435567216
43.055998243439 13.600478711373
42.107291842882 11.875297591053
44.214845683665 13.806661528541
43.76164910002 13.020359966003
46.848196093854 2.8121383915712
26.012546864793 -79.378281570957
45.763537763508 1.8677749879974
42.64383260705 12.832347923367
42.767850978679 12.238712920008
43.306183539495 13.40002108712
42.635561812986 13.446889168812
42.591764285526 12.92181810642
45.192975140711 9.7816159974954
46.720626162701 7.7447796700265
34.283361549467 -118.60577398406
42.107882072289 12.074071359411
52.145656741525 5.5807710060993
43.04902560827 11.921417565535
51.424214359105 9.7174849136348
43.223848627074 12.153926412202
42.890819040563 12.528048122103
42.693163531711 12.059247528251
50.104393174455 9.0519932345729
42.418940093584 12.092930297897
42.554946669657 13.131973242004
42.205203009886 13.511937458328
43.632713547876 12.798769958319
42.35650686659 12.914797812682
52.07201585759 5.9452117468208
42.509740789679 12.331708594401
42.710966671238 13.336414558991
42.056462827652 12.141717902472
43.114884927012 12.460933024765
33.55674025627 -96.832898114746
43.832267922758 13.557330918779
42.767541043373 13.480457196723
43.119639280795 13.474216523822
40.987802060921 11.504574614623
50.596426775931 0.54972172023251
43.229916591325 13.225450118198
43.116748649702 11.929918596509
41.940319641486 12.956518274733
41.99683365088 12.585637665182
43.540014867478 12.670552170237
8.431769182641 -80.622970697294
38.424587261958 8.6113054482614
25.051864474553 -80.313710229427
42.659075190641 13.238941975536
42.788960433022 13.05592113412
42.507956192621 12.833406758904
42.649717541735 12.222881417846
43.821393785936 13.050940268252
41.866371520754 11.893011145265
43.206524073729 12.673873456995
42.56447515991 12.191579541302
45.181767132684 2.935198550548
