51.710905706608 5.7603395106319
43.651349413999 11.919731695654
43.081871256291 12.318147568201
39.55143924054 -77.088872802444
29.544643787671 -96.123201279785
42.981597141608 -83.535004997617
42.706983157318 13.422756707048
42.323339424966 -82.120418113454
42.79497257892 13.646271536914
43.305586330756 11.953721371013
44.923984011064 8.4641001475831
43.184734365079 12.050581525124
43.375203324678 12.261077295666
43.338309730116 12.571359234683
43.739348825433 13.403522509825
42.385141886505 13.534054301018
43.501039698509 13.436711080597
43.736848928398 13.366329379571
43.187135859035 12.447241020618
25.52995825675 -79.156881600035
41.855838496192 13.509417627265
42.691500326496 12.914490147475
43.44023221521 12.215859895694
43.81961177842 12.632535220905
43.604205613793 12.621751443328
42.581713684195 13.035281711295
42.656989273011 12.325653203004
37.243550900299 13.014622341548
42.521754478834 13.499490442939
43.067340487667 12.803586355806
41.769269244401 -74.087753317203
51.560838878649 5.1451853767015
43.144579898654 11.952222181949
43.057415118954 12.801995678268
43.310774109492 13.803111556847
43.623916440024 12.074144929703
43.675479031969 13.591359366959
42.832207732311 12.245911109397
45.892768781978 8.7780197580731
43.702730183372 13.369476432174
42.198672433963 12.094717394626
42.795570117813 11.967762714724
43.469017789007 13.576843759335
50.301421207982 9.2214472844365
42.091439206217 12.386034678869
43.781404280023 12.255850671931
42.379906043608 12.106433997933
42.2557288107 12.320568383842
43.788003341683 12.670327733138
42.137871424753 11.878614972776
42.867798827548 11.931471049309
43.728090955305 13.735896813581
42.01612273234 12.673900794573
40.255223277129 -74.60649187337
50.668803070983 8.0079701114483
42.075388714727 12.805967616779
43.805442349916 12.477432979514
42.871308851483 13.620033669595
43.195166226123 12.504613491031
43.742781475088 12.969549360226
42.751470452545 12.040526117704
42.579649146006 12.974357303707
51.512187968014 6.4504707877992
43.034106613174 12.890390807733
42.703393705072 12.839722793961
41.878014484385 13.722848946586
42.648667691133 12.412614488256
42.152729916478 13.638006842082
42.244197371551 12.175475399578
45.334256549452 9.7304729280227
43.638964684067 12.590876285749
41.92415014327 12.675187854897
43.541682910913 12.685795687014
42.69198337511 13.636875503548
43.828929705952 12.732625014511
43.427430618774 13.310120717788
43.81875404942 11.845245619253
42.606367982762 12.757835146879
42.657276600926 12.350146757157
26.599386238289 -79.769419423938
40.04798682847 -112.09941896415
43.292988555663 12.609857129238
43.433155654687 13.254961611843
42.009175085954 13.135670355605
42.682218614373 12.809059116456
42.218172221101 12.32212406088
43.519021952787 13.191707109677
41.399394965428 17.775220676037
43.285424242416 13.788613912106
42.022660091551 13.821794176878
42.084667228688 12.347489385583
43.107646895644 12.173976888982
41.877077967358 12.06343798391
43.524000813518 12.550234817711
42.81431946245 12.903903984441
43.808840422823 11.986789123636
45.167084957714 7.0823493458038
43.380672463414 13.731956343528
43.044383017388 13.729627339064
46.05393131911 9.6612136509112
41.925921712989 13.394057885017
45.567970159751 9.8496678557478
45.90460469753 10.822962184235
42.50424580255 13.192407083808
42.139056186278 12.685324952346
43.265017568744 12.104708485841
43.297080704636 12.809843485642
36.949268052248 -123.01166456861
38.048992063325 -121.15155550022
45.484236962387 2.47460181521
42.97452518438 12.956031194423
43.53798196166 13.418920802634
46.398208177904 10.842797956822
42.850472590372 12.092060019792
42.779859702487 13.179921087914
51.344320385877 8.2635640498547
50.61014677566 9.6188453801995
41.968936550903 13.34343122709
43.228247183037 11.963163412646
43.5605018969 8.5834564213797
46.640126491729 2.1427103984834
42.701254013342 13.793964600116
46.887900002249 8.7777434823931
43.351531596108 12.683109301482
51.362217784562 9.886449802614
41.89081901402 13.025702046263
42.129823072429 13.114604010321
51.360140576195 8.0643033772075
41.979460900661 13.025057773604
42.948604617265 13.306056717574
42.857804375963 11.318348281418
43.735298268395 12.370929762449
43.64954771972 13.706923486549
41.938004948657 12.276602259521
42.731824966044 12.349200700593
46.357580038981 7.7097675703511
42.75600200044 13.506092770747
42.035355259702 12.629331724567
44.969897578596 9.3982724716902
43.307250464965 13.43790365033
43.090557196241 12.268162868597
45.264800107044 8.8056701267375
43.737730229172 12.644724415005
46.326754208806 2.4943638148226
42.144705343149 12.679125705605
42.7563492883 13.28138453808
41.861257087396 12.056713071234
41.935933223917 13.351757746375
43.432444953582 13.783479536804
41.90181398529 13.778666125528
43.592255339789 13.420050294821
43.463616158119 13.546632811237
43.067465887457 12.466466129996
42.090275636006 12.600987518507
42.957220135258 12.896340526147
42.512698157019 13.259248547398
43.331402736891 12.202349910162
42.302600592071 12.434417572096
42.086446737001 13.265544089633
50.654327198469 -0.31493116050256
43.677630965469 13.542513668811
45.219227933893 1.2140735705449
43.776814200832 13.64848756124
42.837990445496 13.592729204166
43.647696090719 12.322795075536
43.586132109459 12.258636430979
42.388647737183 13.490806921169
43.538537381023 13.641879716742
42.956100659911 13.819066006627
42.081219390094 13.384711118615
43.744684895868 13.228540781547
43.179460750066 12.764378459104
42.407265251713 12.228289684874
42.420435990424 11.925090439138
43.313013508151 12.169587210386
43.343891870877 13.696723106663
43.091341231548 12.699652855166
43.783369895922 13.251338515103
43.410957010675 13.760386401697
42.669475959015 12.063973951204
43.492106085893 12.677866689266
43.584632137152 12.30951840121
43.650311846144 13.508839227051
50.733588611816 0.58374933175452
42.768137652806 12.584151921156
40.907684538851 -74.397752856158
43.208832184902 12.395491606761
41.938836431123 12.493421756448
43.617012149031 13.275248989612
42.406799406489 12.482720202081
43.544889568626 12.249883749194
42.307018346317 13.00148986189
50.57171813239 9.1954389615894
42.494019333524 12.089667917292
41.958483686672 13.769795670554
51.237799963093 8.2130378597477
42.311950045804 12.705660647131
43.02672777468 13.649430424764
42.78467515429 12.433797361087
42.822445537833 13.73660381361
42.161193420275 13.295586793842
43.139518163719 12.878026118001
43.639083689397 12.530662841897
43.42499915998 12.284949011323
43.52835801969 12.651983355031
42.459500961241 13.382804978372
42.114410762284 12.405974526634
43.219661977265 13.565471958188
51.782157516006 8.9091185899028
41.869165116415 12.523177416328
41.699514773323 -83.751532550527
42.418751068629 13.444935081289
50.213575016341 8.9210957730753
41.839103554159 12.743973995533
43.459036262475 13.38425994731
42.187657167312 13.761876957867
42.29451839176 13.777545961469
42.750161589028 13.174088532673
42.228426284284 13.293701152475
43.018560476631 13.099434880141
42.207832568443 12.362812983993
46.91443122277 7.9129551851251
46.172647583474 8.1271786413282
42.973413488836 13.480583182781
42.113705256562 13.165005235099
43.712573417815 13.469737486688
42.264004786177 12.554174145031
41.990595747268 12.209380591407
43.226333694193 13.465927722636
41.918188965862 12.602601679809
43.792456086649 12.427158513326
43.314634955656 13.28453651505
51.230782503835 9.235716990305
43.363229536176 13.517036577017
42.199264592724 12.136823577682
46.083741581435 12.692415786482
43.444150865038 12.534131974026
46.372450496244 7.6665626488005
43.559998147937 13.119656816667
45.650710797636 8.6607344428826
42.382116970805 12.316892581229
43.03605875237 12.770746656608
43.226324716709 12.117689889466
43.159467392421 10.693356466688
42.091649551013 12.901481475102
50.15998612212 8.6824381075252
42.433998237587 13.597025134434
42.601057144183 13.35873258738
43.760388925581 12.931935776946
42.044385677711 13.461588999027
43.377950069226 13.755748315156
44.268298150794 8.164985160632
42.102445892593 13.80585529462
42.21759899811 13.651688930903
42.797631996145 12.562992433369
50.317874890434 9.1736676144291
42.204203128465 13.265234321035
43.347468110916 12.99202620752
43.481222032349 12.412993636661
43.627049999159 12.177140129834
51.749298777547 0.1330800261456
42.976257453683 13.158679535707
42.333030825657 12.243708313112
43.395433020052 12.023041013194
47.264276060401 4.6249336444446
51.664667049034 6.0720601227703
45.426719670036 11.071531978537
42.761537702198 13.773608582941
51.856416964837 9.3900464430405
50.878848913069 8.5526237779076
50.267779101277 9.689877166734
43.405969604129 12.854240325698
42.470050643904 12.520919039643
43.214675410306 11.844642095682
43.559722835945 13.296248508776
43.124045582101 12.133590291337
42.642324267578 12.718849629126
43.148680033252 13.255920328806
45.31408560791 9.706664136756
43.098935638156 12.864634855608
45.056309338277 12.476267210149
42.60640388385 11.926687620567
43.431317671424 12.191413202899
42.398165906986 13.105852754857
43.065800115983 12.678354262711
51.97540171257 8.3667456337096
41.964351980486 12.652940739737
42.575178641768 11.530461745395
42.607061420871 13.806164821541
43.639260860944 13.712805352992
43.626868997082 12.783853590409
25.768772763075 -81.003261921273
42.369421656902 12.361038990974
42.951034979893 13.594573157672
43.603625989355 13.487661960783
42.800271931498 13.707386141993
50.197110387123 9.3170075664842
42.06174873845 13.555789243244
43.131515751144 10.043554801072
43.575404350003 12.884511205801
43.149044222289 12.021950782308
51.626397577872 8.2176795011469
43.713748680315 12.62949286619
43.219313155052 12.742848206213
42.526336268322 13.372933200755
43.585284209172 13.563347508483
43.573820804068 13.352177817094
46.514756372438 1.521192717143
43.036647761744 12.200977823346
42.440295071567 12.850602966685
45.694979775089 1.0183127368886
43.442085489392 13.536864176198
42.327176280027 12.009229041661
42.983695995076 12.675604457837
42.294595728787 12.684908855581
42.364071435486 12.234176836572
46.770921165483 1.8209408260048
46.760025859233 2.8332817469879
43.519664373977 13.27731375225
41.988578804319 12.918968887983
46.483261362872 9.8844195123247
42.480403747654 13.58582157997
42.186473209053 13.665902390476
46.466096091792 8.3213004738657
46.728839278682 8.1286572672046
33.252174059358 -117.57155597867
42.466006616368 13.830667889153
41.962819408163 13.762013557277
43.174854825353 12.494495161595
42.924260386717 11.946220403067
42.859641370319 12.6933897644
41.985767235062 13.644681908977
41.85917917262 13.103464721771
42.41464867604 11.853387701744
51.073110548813 8.5194044651088
42.616545337213 13.032460303804
42.275433886014 13.290108670637
43.816744730278 12.770327618725
51.939405161859 8.9919398231394
42.412263669287 13.189625805819
43.557095066459 12.2103198875
42.962634605825 13.817983945768
42.066209965437 13.351808995659
46.124203252224 8.309762673783
51.947857014345 9.1434830949379
41.363437729379 -83.422555812573
43.414527291646 11.899985365544
43.096596957483 -82.907294123132
43.799596717509 11.947109402619
51.873318286088 9.3189547743271
42.68648633069 12.038260801734
50.505080977224 8.806602246038
43.091811304976 13.075632967577
42.696685140832 12.472783460989
43.695202645725 12.368433919928
42.319144098723 13.071221093701
42.647659330486 13.178866673365
43.106155180908 12.665261716447
43.617766265135 12.257266983531
41.931228102174 13.787655858711
43.657230802207 12.320992699529
42.423986032824 13.630629606394
42.732090965741 12.986678278554
43.021491187656 12.240666729065
42.907538051695 12.695500145546
43.65360034476 12.692507097375
42.252521100593 13.057344757534
44.251428709694 11.048343320495
50.72949966962 9.1787849274365
42.160307147755 12.104868021654
43.048741431485 12.836901245118
49.542601817529 3.0978745070779
43.334433867773 12.751838445569
43.304998127441 12.835021071546
40.873201789488 -80.520247827769
43.103536313003 12.028871967957
42.925983376788 11.897076390657
42.488318444944 12.168368975266
42.62569497231 11.942817647004
42.701606381101 12.043074486353
43.343315132143 12.387390366026
42.220073870041 13.586768402547
43.04139995579 12.004689682764
43.518535420095 11.918238421419
42.478955541516 12.69119096116
42.70179242303 12.283269020416
50.956495101543 9.0242551616506
50.266316639849 9.8457730523524
42.629679250845 12.014207926141
43.216571216128 13.043499820441
47.618907814668 8.0563843203971
43.7771691274 12.047527505594
43.707339796122 12.878875228541
43.157008645685 13.126484429078
42.226573882751 12.788589755927
43.160652221742 13.180566396204
42.835381104555 12.305873426307
42.1000158997 13.653367949044
43.505152142397 13.048145367807
42.331634101633 13.389235401728
41.325434252537 -72.999873624901
45.495133402988 1.2972275285503
43.813762654485 13.294052858529
42.34050261166 13.397024418689
42.111083097363 13.237702082509
43.15053196959 13.433979065381
40.377490250256 -74.273331003988
43.258636290815 12.176708111643
42.250913251329 11.98822087377
41.466225132715 -73.514168016052
42.145051704808 12.275173321515
44.145166484453 10.900663551714
43.260655754854 13.097226374849
42.380190272548 12.746947459314
43.064374953559 12.788957668857
34.084231551955 -119.09538539393
43.602355177816 11.985056782621
59.246596702024 99.806719836689
47.748700666844 12.531825711055
43.39734767398 12.677986214274
47.507463187681 8.298597953887
42.898555136259 13.696726850579
43.447182219239 13.569532623335
43.159806338234 13.026110783718
42.692627931357 12.216089775442
43.502721060323 12.132853753482
36.746012005043 14.106454904499
42.280672385043 12.972453400967
50.838927219081 9.8971688136911
37.540875464601 14.766279848908
42.917717243062 13.587070253972
41.917342419719 13.396726460402
42.593260979111 13.028502452222
42.4767027062 13.192187142669
42.973703889185 12.275197094456
43.177594806171 12.730642330263
42.552266744709 12.067772962671
50.135521244786 8.3658443383713
42.601586942396 13.476415098422
53.447748024458 5.5519829656938
46.633532171994 8.2248637856566
41.870407453699 13.609973218597
41.875099412594 12.313867450859
45.098539787204 8.5602292789171
43.829532283766 13.251814734329
42.2710841877 13.404601901048
43.420968553734 12.878793922218
43.011239580371 12.561146848652
50.192464235328 8.7979714073231
51.54296042842 9.2150777518819
42.941341551946 12.54507772326
43.197894818728 12.628907488973
45.596119997858 10.321146471855
38.606895589726 -78.043828741161
50.396599992829 9.2723082449624
42.471817693914 12.412501582158
45.465734869459 1.218297472791
43.363553918623 13.52948383548
41.613683311113 -74.759104812351
51.891844910752 -0.86404155053852
43.047050579494 12.666856278531
51.278805113993 9.9976541656059
43.283861890588 13.067170071468
43.705894254032 12.649626263275
44.750539290884 10.351811548414
42.449052734996 13.6927995159
42.190742324682 13.165647334983
43.198174177857 12.939562690279
43.389955934805 12.04182931552
44.391296793332 13.387875486954
43.226327596359 12.978591987874
43.639963087945 13.459618798692
51.624182746105 9.6275083351077
42.460633633894 12.273523306622
42.309860283209 13.170460872453
42.647299449282 11.955082550179
41.726402866678 -74.328590057609
39.910201855404 18.021081110288
43.152906667533 11.839761340471
42.591828444804 13.513829952832
41.852311009959 12.605222285097
42.634097285419 12.430648954341
51.935388636394 6.1646191046641
51.169842896131 9.375427212741
50.599621568154 9.2298245933977
42.586958952542 13.552800204418
43.156769971457 13.564709437364
43.405256623146 12.292852498283
41.907055997267 13.139937103812
40.155262452607 -74.40337451338
43.508954817687 11.969062306459
46.478140859901 9.6576202001691
43.643908650004 12.581910509442
40.332949876475 -4.2616985152763
42.084726976291 13.100127329186
42.581429806364 12.17029708727
42.373418333669 12.626038581911
42.323075604331 13.045823291452
42.162068432759 12.926331673735
46.008387434766 2.723962345032
43.567438778753 13.16202822151
43.705954377424 12.279647946509
42.473305839821 12.798178080396
43.363551241536 13.318739800418
41.991720098088 12.487296969878
43.124606380318 12.517640535516
43.312734753526 13.214736739295
41.939185129471 13.520509725234
43.084077517097 12.247863967574
42.866485775873 13.136247740677
43.315094795711 11.947809896429
42.339922182907 13.567751282646
41.889562264054 11.881367769524
43.493899045297 12.023751860982
43.720594772029 13.498475505292
50.722781839651 8.1282128547915
51.709975801273 9.2486323706101
40.440536187905 -73.091006321207
42.628481638466 12.159158559611
42.801286341551 12.691500787501
43.124286335041 13.279470971471
43.42192002361 12.097577943067
42.82155692478 12.930037231173
41.996780267936 12.225142720747
46.920194819532 8.2240680364073
43.210382954336 12.413452251097
42.419698100288 13.441365739092
42.888747021525 13.04490976552
42.124178270423 12.699589951311
42.031766636799 12.481166320632
42.311605533751 13.088892464123
43.229961885267 12.023572772308
50.735519420232 8.3744828358174
43.030052471941 13.336183197508
42.399245903103 12.732805198886
41.865526862401 12.81447613745
42.030109663529 12.5442473649
42.610828093559 12.665737215295
41.89659788224 13.786400649618
43.156241583732 12.556247765944
42.38104222595 12.496471517972
42.02122879078 12.863520886241
51.732653680599 8.1421248797058
42.430598967465 13.271322306393
42.767408164131 12.089069421931
43.686684428589 11.874809637628
45.419420679575 11.031873771258
42.354251465946 13.773250797213
41.913525536652 -87.215550459281
51.90569397663 8.4335518034331
42.032010929229 12.046355259647
50.519641803354 9.206809901263
42.283876209673 11.85415547383
43.670205311717 12.516577687376
41.543970773402 -74.50264235669
42.459989881844 12.25291815088
41.975375785968 13.815243726531
50.23977930529 9.0330675766026
42.189614935422 11.938968652386
42.235251522754 12.309038591736
43.717670031713 13.749496686177
43.552681945543 12.64002042901
42.954352228902 12.332195419528
42.825965036112 13.583861533845
42.321121403187 13.500611725052
43.151951722892 12.064964599493
46.175254088838 9.7328492243927
42.687043854376 12.68048433481
45.391179361123 8.9284948377537
42.522992459856 13.502049157185
43.527696683804 12.995593415127
51.336131516302 -0.86582643258191
43.597656777894 12.672983048352
41.997737791875 12.038154504766
43.590656251477 13.550962051654
43.572188922492 12.469164832269
43.007780908632 12.721850715469
46.398743374459 2.9873668076412
41.990526351163 13.139173020229
43.384832284613 13.261031892759
43.259473256443 13.564166771066
43.455095628509 13.823601174573
39.856041593395 -75.115401893955
51.158956750836 8.2274440737569
42.196353267059 13.820430550662
41.997626379618 12.833114523384
43.079203959147 12.743262497144
44.574851380859 8.8128304785666
45.519581934609 8.2213512280612
51.344135074105 8.2525067754334
33.016346239998 -85.326309371333
42.651586148281 13.344382108371
42.01188889521 12.476475465354
43.402692599896 13.267749176041
43.255020474223 11.868625500199
43.368465283147 13.446363920575
42.216028964269 12.314576230645
43.142039171973 13.312382506839
45.470554260805 12.413901926954
51.036157883255 9.075736482663
43.781412803487 13.078423500584
43.486165951254 12.689344462815
43.04457637765 13.217700331129
43.680385713803 11.902358115626
43.4263051662 11.852802407415
42.223840547851 13.334550696136
43.03581542898 13.060801530306
42.236331568231 12.424102088655
42.114998927414 13.168866543665
42.148142013323 11.942415384104
43.575189442197 13.748367465005
42.894081818843 13.245615253826
41.866771304939 13.636334302221
42.762823516414 12.583568556993
42.06099630711 13.786155768126
42.812827733745 12.325277543799
42.938354348756 13.156717509591
43.385959440112 13.79104625752
43.405126058706 13.151018980051
44.517692382712 10.161911632289
43.330638213258 12.205998936785
43.041405862238 13.087215125157
42.863583105108 13.489200178783
40.907752371797 -74.59981782987
51.388580321515 8.9234799141639
46.300045687379 2.2538543116552
43.33760364418 12.371823022802
42.324680227959 12.079552609532
42.027613842428 11.85731385178
50.621258595549 -0.15886180068778
42.846915690178 13.306654041331
47.690172001575 8.9977829805565
50.181223298507 8.3704737491768
43.478144604025 12.921584340728
42.567552214774 12.030295473093
42.585958435494 12.855177882547
43.570848392609 11.981386582379
50.550075099361 -0.96925543671439
41.916400703584 12.770155851643
43.491809173271 12.14465359421
42.408413856036 13.146236287985
42.883607316263 12.145288626286
42.937886257648 13.004395812307
42.648952385734 13.075683907196
42.09805246263 12.637953585797
43.814017809862 13.372763601326
42.752709145289 10.298411871797
42.679015224671 13.161255632623
42.882963734645 13.64353667837
42.640620636607 12.681811060164
42.435598599483 12.972086319708
42.402640707534 11.959714077881
41.959836669734 13.542505607748
51.36523993796 9.4199436551053
42.441834501802 13.296586296936
41.664616310487 12.789063759793
41.966197549489 12.758513388854
38.902534600302 -97.951393163275
42.409884890753 13.248122898533
43.387211231716 12.936208293299
42.729628141399 12.905943966914
43.545263397782 12.76586472048
42.634499803968 13.708804516473
43.124581396659 12.883550007329
42.500875405756 12.800449561256
43.697334414228 12.529657369747
45.274519530459 13.005954717698
42.428695481491 12.720995932243
43.336705979138 13.138279844627
42.282449359692 13.61599216315
42.525963305762 12.601471504963
42.932657921676 13.49896676724
43.591529289091 12.598142343407
53.100323490612 6.2412754066714
42.006233993476 12.965617610147
43.80098964779 13.047474309845
43.336215748164 12.644779119496
43.495316514066 13.486115843771
42.853562391782 12.997130754889
42.552144503033 12.846668076185
43.482422277111 11.974827896813
42.940630577498 12.229241438338
42.217177104327 13.20312452095
50.587251587579 9.5730675368444
42.669350779017 12.812689728969
43.274829929378 12.091339111392
50.742097728998 -0.84882950780858
45.793221862425 1.1006704760253
43.051109759648 12.742243171105
42.417993648193 12.695436227946
46.255772273736 9.4526822529513
42.213005051137 12.699780985129
41.861250969538 11.913252446315
42.014406100875 12.773253877097
43.351816806196 11.892476222449
42.004399921768 11.838627977708
43.003501868364 12.686984466264
42.008673496104 12.853395495982
42.601966484751 12.511326658799
43.560532970636 13.294708370389
26.338609534922 -79.986516809826
45.164487143685 7.6113695866016
42.539602671557 11.850588109296
50.978033596174 9.3904189925596
42.970907988034 13.517647537665
42.937717757645 12.742381580541
43.008760982218 13.475151901376
46.045501602786 7.2315419512272
41.851851335213 13.7997165126
52.534492732042 5.6778178433552
43.504909987352 12.425195994075
42.141623528761 13.273922837488
45.229419414221 12.303829990889
41.945866090707 13.33188374265
41.981011850306 12.528705593466
53.346473202459 14.378196221859
43.173860974246 13.833164429701
43.579348939296 13.727142466592
43.150588371416 12.112645458038
42.64955973285 13.547817996048
44.751398412488 9.6842133674464
42.044742582408 11.94811996631
42.406913073013 12.462192584531
51.590337450425 8.6970888770638
43.709586369691 13.307016171213
43.25210172138 13.361875625517
42.400127466975 12.707201705199
42.610876948878 12.084318043724
50.404532257656 9.7901222006372
43.198715769799 13.395895362106
41.836251731441 13.75950703854
43.670314299276 13.43779943254
50.787161315826 0.25157476156759
42.735482490054 13.311949080023
51.562988038204 0.64573570971179
43.592328531964 13.398052849548
43.632701753954 12.33401932585
42.081925168693 13.399187504986
41.956268047449 13.011132474549
43.361877917967 11.839596438168
42.03331690099 12.744705540962
41.956378108823 13.397215896492
41.842757657584 12.014222750002
42.976662977609 12.035889259112
43.421026158829 12.892413960741
43.612898451583 12.102510979002
42.160469052012 13.40115087081
42.960328831806 11.938839213915
43.103356299991 13.417276587553
41.854218518315 13.163681972869
42.124648792748 12.610703544065
42.516618138906 12.267106075917
42.145536199767 13.557442061884
43.075257391259 13.176644421752
42.806286303257 13.547109220453
43.119173484465 12.126485203938
42.318905587478 12.071829764693
43.157861728316 12.811455265086
43.767357369798 12.719461234642
43.423525361562 11.859835030467
42.261630934806 12.29701339516
42.595631572251 13.141245340084
43.451885537476 13.559577257188
51.927206330433 9.0634713727345
43.650852273542 12.793891128078
43.742379649909 12.364430623785
43.628001144004 12.300288119049
43.625025815177 13.615104764542
42.29999510634 13.462837021103
42.042483724229 13.245009981231
42.36932075788 11.884641917855
41.863629979039 12.21449245804
42.334987700163 13.809661523371
42.404956278601 13.193138018361
43.669604058245 12.740947957051
42.505625050306 12.827347618003
42.246456273036 11.935019644434
42.943702459796 12.512276200837
42.229852251371 12.780800165062
43.779929081362 13.301734362425
42.667215379752 12.373779026521
51.095754091905 -0.67627713400231
42.382989588393 12.187303281032
42.7895568208 13.269899172389
43.767193581356 13.766301805066
42.629926469026 13.635280231331
40.991322963707 -80.619966367791
42.140427512669 12.449165550756
42.633733928985 13.435114734564
43.831156421395 12.733459437163
43.681016785896 13.010875901699
42.882140067372 13.025415588203
33.137140415247 -84.595108936725
42.733279753839 13.772714225025
42.961330807305 13.006490928611
51.683819415832 8.2418624159144
41.992450317851 12.496706853873
42.069384115801 12.229250455869
43.220155503259 13.443319823355
43.330348724674 12.565829475229
46.084818518294 2.0750224409043
42.158271143308 13.209666335608
43.199453950508 13.175331341671
43.237627409996 12.017190896469
42.602299818605 12.074675393347
42.171351660144 12.959318319803
43.098298403036 11.951225236522
42.383288175533 13.002623651199
43.367302412359 12.435525448751
43.243225729693 12.266797308955
43.54532346576 13.617716807249
43.780854330783 12.304412268265
43.548210973196 12.999769063222
42.917645149381 12.906709928974
42.180831013353 13.301308191543
42.393235064781 12.681264707691
42.781585628552 13.78502283284
42.647890154129 13.212661987291
43.084184766807 11.859112197954
44.594380011058 11.875865267462
42.266510243673 12.284095492833
38.333143392185 -122.33663163598
43.736466110582 11.858214176681
51.318044174843 -0.11191390558235
42.809236985563 11.838647054454
42.389548606907 12.575348212673
42.452777235069 12.059319335085
43.63854025243 12.023257256052
42.236632797067 12.114647292606
43.68901084677 13.346775273044
45.391664907519 1.2758836570549
42.895457870299 13.723392140944
60.930118844812 99.71217750698
42.449572354785 12.96345526027
43.38661574965 12.991184270026
42.34443918494 12.372941600819
41.867862474133 13.346587641347
43.108774796666 13.614636292988
42.38131028341 12.322632586201
43.019098695397 13.579575361975
42.296433543014 12.950133425647
50.686523115349 -0.67746607716542
42.348546043687 13.346455101106
41.872731775473 13.238110528459
42.60559301714 12.150824797897
42.981485669514 11.939240760163
43.546196388822 11.889683471031
43.814356445735 12.041231866035
42.466524278518 12.580415012606
42.394238495007 11.884045009468
45.322735287863 8.8751178778149
46.201476896739 8.7843313266473
42.998402556425 12.096688167258
46.536461867062 11.797634676216
43.737019657987 12.417163598101
43.113698227871 13.070220531949
42.003407493722 13.18743186548
51.018387352823 -0.56274223452096
46.149391830132 7.8430623567398
43.190698263345 12.402699229516
42.30125757742 13.63004170995
43.682810393035 12.032545962873
42.075514468421 12.111806831396
43.286605456533 12.126146182963
42.844779745624 12.829606576764
42.850169932421 12.47207703512
39.13710299484 -77.712310837873
43.770106534853 12.635812855643
42.137627175163 12.414902542932
44.607390778448 8.8740000288347
43.165756412414 13.71167647315
43.035117175002 13.594396522101
42.889682167645 11.988625458457
50.5537873877 9.7664617461928
43.304520445573 12.13618522239
46.052047507887 9.1580291807456
43.639734502269 13.664023928674
45.245994919816 10.672231980144
41.835241256226 12.669115841721
41.888078194546 13.689111323438
43.649554488107 13.608674147471
43.208262558679 12.704828980728
44.809108424426 8.4494490844195
43.52973330979 13.42810991801
42.462245581442 12.558631123325
42.782230439981 12.150650348605
41.938002672039 13.478243972419
43.013094028951 12.736721079695
46.306408234549 8.6501363332617
43.455340043875 13.114766183384
43.321580103769 11.939325722859
42.298162035804 13.518946925441
42.115310096257 13.672695635687
41.942538610188 12.446603752902
42.208352637595 12.026122797779
44.748906162332 9.9073138495498
41.847739629863 13.792218804749
44.035534920609 9.2611262650747
43.304033572948 13.064483902002
43.624929145291 11.901700392341
42.108172467981 12.997086799258
43.736481510932 13.026115294113
50.512244514661 -0.80224319869291
51.981945067636 9.4847195262484
45.999508197885 2.9249561591656
42.79841636859 12.364861062453
42.308446873144 13.530367121368
42.582860147873 12.244180221711
42.770275874909 12.405134347477
42.201454081222 12.596777700187
43.64087058822 13.825739303078
43.711677505987 12.113587286863
43.685177848549 12.446905359389
43.152083472441 13.588034746532
43.288857545394 12.76444247263
46.333648165843 25.724975422362
42.315576335583 12.852628836361
43.230320348067 13.511575320063
45.234552038128 9.4263883860672
46.291007617624 2.2492402667409
42.424837950836 12.877977446617
50.011529231449 9.4755606024878
42.829895103292 12.878691305837
43.25191898425 12.021236456496
42.178147526562 12.900703493946
45.291041024726 9.3296484615792
43.600346218629 13.435171452575
42.677343944424 13.465177498995
43.699538593062 12.564824557216
43.484746946734 13.32236253627
43.201572670716 12.47285366781
43.594939979557 11.959590960296
43.160290862064 12.651161734805
42.01981065891 13.016598906862
43.190686869079 12.000837304651
43.748393938781 13.048720008272
43.677404054777 12.778257250238
43.760286359491 13.550257151292
43.572429175311 11.994288035221
50.570517893681 8.0763865444234
43.438858103232 11.838749166524
43.162599821206 13.824132324136
42.355874567945 12.034634200893
42.550261133162 13.220039840911
43.17647265141 12.990250174438
43.305957760825 12.152386855892
42.138885553081 13.636059924346
42.224906895435 13.535063218596
43.374775932366 12.01071528022
43.376799731246 13.748489031006
50.08410731055 8.4904268661004
42.274760047588 12.96720575635
50.132604518967 9.48626274871
45.65458229105 8.3197356839733
42.236153521706 12.978870027244
42.14059254396 12.704359065159
45.32448786326 2.0282616866884
43.773254168601 12.009161428574
37.595541193472 -122.63285056315
43.809653443682 12.949481649322
43.457431958757 12.374655499319
42.419602422726 12.984544362887
43.419356292796 12.597845314836
43.772308716 13.698508822705
42.767535061488 12.451716316164
42.71035340417 13.104181134212
25.186405235506 -79.93614013797
43.245207943623 13.773312453096
46.15610690981 2.2191109947018
52.360881719673 6.625690336747
43.645147318342 12.434693924375
45.572910438305 9.156513265244
43.808234761866 13.450275831621
46.335918438312 8.4942316648058
43.090088836446 12.317788324488
42.596903182399 11.91878006885
42.606532594958 12.629019332432
50.335792844806 9.551071758173
50.626209556882 9.4934736436668
45.519722112254 10.080214265119
42.146250057123 13.522831952464
41.867630860728 12.265718981768
41.92698230174 12.344203625987
42.029281312169 12.879084657377
43.326168127065 11.916398608108
50.510982772806 0.38686227764789
43.620927356959 12.057000430814
42.82703369524 13.830793713627
42.773498027967 11.892484537297
42.564880015613 11.906884761039
41.89648288346 13.095484909667
41.861901825251 12.542815726059
42.22109576979 13.200696978367
51.946020523061 9.8107814909009
42.306472045999 12.346656431626
46.150576924975 1.6239481594525
44.413313350323 11.039144641761
42.767049906222 13.569451887447
42.843115694769 13.657232479519
42.521879807844 13.156114014891
45.836914837378 8.2699758731387
42.247443324091 13.238960201519
41.286565408448 -73.178466586276
42.214557621283 13.328152909583
42.880697623326 13.284418612872
42.806496648514 12.4483862936
46.247777083098 9.7363781780639
42.639259353133 12.87315265458
43.359084697628 13.21629453416
45.069477807393 9.315117612395
42.307729917743 11.980718252727
43.803527742088 12.866353247739
43.218666619278 13.570249118197
42.170157243598 12.596072340217
46.12003161652 9.3977022568895
43.32445193565 12.513835730291
46.162374365954 11.751714698881
51.050968299644 8.8670710208207
43.326295129662 12.82621159352
46.11981782472 8.385933884832
42.149045744536 13.024921342297
45.420808749749 9.6666373665034
50.891327348021 9.4271235826552
42.919557206316 12.001079746544
46.682035863251 8.7011189640971
52.165252911702 0.75110533304564
51.417373886061 9.391068277597
43.391801247577 11.857269127342
42.977045630115 12.173860493684
50.036099931708 8.1980020656241
42.871659402697 13.661561209572
45.474384512973 1.4238475651591
50.622842624375 -0.038157892482424
43.218009853858 12.071983486468
43.549169249841 12.137168337451
25.14855430001 -79.507197155197
42.28935911522 11.963757777591
46.591079254258 12.225261529221
43.288504765524 12.3458240658
43.486420219546 13.47647986725
42.986661462128 13.034925362598
45.195838529985 12.012879658285
46.885131750456 14.217088813317
42.562097551118 12.556006264221
42.308926433955 12.195814330243
42.366158143809 12.687345925128
42.337545475635 12.120433285444
43.196226816737 13.759799172545
43.241453251004 13.040685975498
43.171479045049 11.876607239676
42.729876441776 12.471587520333
51.760250856057 8.1328566023767
42.670959613619 12.898916191395
42.217109053052 12.662654024878
51.023606831685 8.3418125665476
43.801698327925 12.021644156457
42.410432926591 13.688332782469
47.604373931023 13.496444103327
41.919335141296 12.873027247804
43.652698790048 12.584148589815
43.175871295026 13.696028725124
42.875717476439 12.614210311165
42.034151806067 12.76426789016
42.97014555522 12.547932726142
43.119478605764 13.75503108874
50.025148781028 9.8170184305948
43.780102632858 12.36276246766
41.892954382085 13.399823149408
43.09538145463 12.678395056037
43.450580277711 12.982505046775
42.788199735728 12.453035011654
42.143930267631 13.637402645164
51.914373505821 9.7357035292013
42.231981212402 13.088347999907
43.113937076255 11.839471710792
42.81525892199 12.83630763827
42.464200358144 13.072474298122
43.783018998256 13.345696596611
45.264368736471 7.8792235880783
43.294102614438 13.086465708973
42.152979560754 12.357581226343
50.324309080059 9.8574146450765
46.969081246999 12.388922969314
46.540929279831 12.03192910598
41.986984762844 12.485090764486
41.928478974837 13.216743398114
43.520069211519 12.803954765596
51.909436977094 0.42565614771562
42.908479306825 13.248407280675
42.139573876832 12.453612930839
41.879821738659 12.544886300615
42.284519062065 12.743753936975
43.557386441902 13.807228207054
42.720477689414 13.108810695426
43.814654980255 12.428328858443
42.752413627597 12.648134058199
51.766211242772 8.4114346943849
43.011254115522 12.925972252139
42.177536995254 12.883964728065
26.476698175278 -80.381187587032
50.687748925149 8.8810376165812
42.857369307383 12.236978087706
43.503961787349 12.457075787476
42.305354227475 12.280832125491
51.941439454416 8.6952797056619
45.537384276529 1.3210887197969
43.810086408563 11.854769656854
41.848699073258 13.780444294599
46.825718749233 2.2936705557134
42.336870507515 12.33266216441
43.059189640965 12.255064590508
42.977874817337 13.359801245576
42.900092625034 13.221048363143
42.65073577673 12.406560155308
43.249592836152 13.382295755869
26.028237220549 -79.214905933112
42.286138348901 12.19594067812
42.682816536039 13.786044778224
45.571137393718 9.620454973553
43.238291038332 13.228963362181
42.209620129436 12.099349868551
42.453316436381 12.084192798999
50.435765384434 8.4734849876135
43.752833811006 13.061273798396
42.960308038632 12.495693170717
43.748915461727 13.373004405023
42.868498961867 12.315477518998
42.919796661923 12.947703749404
42.233947263695 12.406673100987
51.528697962188 9.5147223530871
42.051573594611 12.845305102361
25.997182159201 -80.958858016203
43.352722828462 13.639304715527
43.780399554328 13.269842412004
25.192122835273 -79.354042173803
50.235726489795 8.9008076567672
41.837815876064 12.049021153289
26.818633901319 -80.736862196274
50.878135478067 8.8227875143396
43.599744736052 13.494209416462
43.206647673739 12.730304404523
42.935752045354 12.85530708679
41.180517908422 -73.837566387895
52.622620277606 4.1174283248011
42.362834814195 12.327076928863
42.207721746644 11.947688368146
42.625157857626 13.327827147382
45.777237024984 9.1941530280742
45.991066739425 2.0054099336292
40.067726459248 14.265047138585
40.076791946323 17.607908611285
43.616959174472 13.273394246734
43.391689878626 12.82929481141
26.666429059873 -80.250333745424
45.09523474765 9.2023676101595
43.402640045829 13.044517126442
43.217999206513 12.983090620035
43.525662417324 12.601550566334
43.666575590946 12.795311242733
42.669447159283 -87.545850677395
41.839902854937 13.740954846975
43.643892270368 13.242991554685
43.50674671752 12.613609072593
51.761350556864 -0.75647552351768
43.331364419021 13.614277153117
43.123057211362 12.404302043118
51.281242170502 8.8581248362819
42.510672152767 13.314817504659
42.042553906835 13.395732195788
43.383996267537 13.12923145768
42.692920294003 12.427148733508
42.500796361149 13.011074376784
42.320811246227 13.16516899793
42.958060876002 13.347463885505
42.850055935744 12.711841211075
42.923141078543 12.865171020809
45.509620750723 7.6728113443254
41.9858265496 11.910758403109
43.122096490193 13.310832781883
51.931615982173 8.4633497523439
43.165871824702 13.826316604331
42.036195310806 13.591079914219
51.213948831527 8.5410188425058
42.876195358541 12.918244884332
43.186353063784 12.935978791202
42.721498996842 13.038805789353
42.814790091878 13.739099118758
42.218129169784 13.276065351125
42.815780455182 13.618191902369
43.39304748943 13.287133818181
43.597363753078 13.735823253999
41.584947266886 14.559498436868
42.157196791005 12.522868005823
47.212760819687 8.5185099386231
43.622423099199 13.771214046896
43.142377254175 12.500043062747
42.406670798292 11.850239669855
44.375021940759 10.687822966363
42.175649923375 12.982752230963
42.290305500541 12.392877177074
42.074722042363 12.363892266252
42.925106621334 13.054327469365
42.768912742293 12.18021391622
51.272914411627 9.3800767298695
43.706782842405 13.2389043827
41.941986859304 13.188260169343
42.663770073424 13.055929555139
42.361045113954 12.3059413146
50.912223956972 9.610437691496
43.737605817049 11.99019598916
42.712742118518 12.24270156924
43.098474497974 12.489723228633
42.423753474126 11.959967086094
43.148793715608 13.707677508124
42.530320612516 11.911885206568
42.89277437047 13.440938770532
42.825305659264 13.223410045387
43.041524311102 12.959771737924
42.102038511144 12.684476597109
46.438752645156 10.560216520149
43.406129969028 12.697341142568
42.540537972276 13.512401451151
42.323257516775 13.282734010987
42.995895144083 12.022244140071
42.128471297758 12.66526615839
42.303322819224 12.729231766786
42.954794932622 12.488545499525
43.36168137072 13.094308517938
46.412445690209 1.9591642422411
41.992263026087 12.209088943551
40.260823712957 -74.100054179962
51.932966031336 -0.64010611444251
42.350792839842 13.043251426
45.856006422944 1.4668102071
37.948938844236 -97.68864924353
42.293448411086 12.831743468007
43.595467627347 12.51877911648
42.122619999185 12.643783609238
42.360491234998 12.209985578086
43.520254325851 13.07956578728
41.130088844123 -112.44209103573
43.633537864629 12.763123473995
43.053267497615 12.172559664686
42.091149037767 11.981033451402
41.881017008296 12.633323518875
41.840972054697 13.272514992541
43.155117312074 13.193859839923
42.503538677724 13.453676219331
43.465105271204 12.530304717168
51.645154334672 5.5799965685373
42.115483312942 13.246262140708
43.357293911 13.31749918189
43.436844565664 13.301946045061
43.799197736589 13.484920591828
51.794360188672 8.9093153927984
42.998214442303 12.986560061589
43.520071607346 13.624565230994
47.97048130956 8.5679064223393
42.358187745047 12.312613260633
42.554659989942 13.055865700869
43.605226157536 13.392880907952
51.99604945909 9.9728984814011
42.075852420237 13.531199418277
42.326934684707 13.355690972135
41.904159217118 12.832635345346
42.174747990547 11.983522304347
42.878194965852 13.491217369929
41.941151286469 11.833589284159
43.271435049976 13.170768118564
42.543885064586 11.887796490888
41.849708739153 12.511457032318
42.478135894762 12.77033269909
46.320264245067 2.3710737858764
43.367639115272 12.196279498395
42.887306744667 12.185821191515
44.862540413955 9.2128183927447
43.005240682536 12.720723772778
42.169049411646 13.176947447575
43.149811162238 13.197880919205
44.595139479006 9.8220178888049
50.652401064361 8.1031540530283
45.268836358012 10.719718175251
42.32541073876 13.366519916994
42.998452595921 13.489087909243
43.800745453148 12.561379119105
46.112341750794 12.653556875442
43.619215948351 13.036784465463
47.878899736274 7.1501027006424
43.17949605278 12.621583749385
43.443136128824 13.172144220312
43.338079230573 11.987263373114
41.990652490424 12.920045223071
45.160864293407 -89.078732650346
42.009889456003 12.388644499441
42.747960197177 12.781340691646
42.548884472155 12.785818592567
42.445649727942 12.708753463232
43.818959467515 13.348913551957
43.310227672269 11.854051863728
42.959604954349 12.403574587986
42.073070680778 12.588858223815
43.427038926851 13.036548517217
42.323613623795 12.863856134894
43.645908797016 13.109958434084
43.64984737043 12.05069532669
43.588994154071 12.49437763148
42.3464537763 12.568860957219
42.286731985087 12.725172501882
46.513056838193 7.1195898298731
45.945427693962 9.005188612037
43.214266189029 12.726711157603
42.279649783543 12.080628443102
42.41953667368 13.462541237244
42.911775979659 11.938605978612
42.500909445596 12.212762826708
42.690181173261 13.053009397396
43.570357375134 13.40143027969
42.700188680086 11.828920519643
42.019291339938 13.772532022008
45.905002566406 8.4755151397457
42.937952313099 12.632342715132
42.914811351318 12.573457894204
43.368847042515 13.01891502741
41.973324781773 -87.713577637041
42.956100156066 12.171420764279
42.160841215032 13.559337818345
43.751059203314 12.355210307706
51.656137540311 9.0775083699625
38.694653212225 -123.06408728474
42.788774568045 12.354843826219
49.501107727993 5.6573085848299
42.055288591003 13.314504465256
43.796505851132 13.469978339279
46.171612790167 9.767350839643
42.053554417611 12.291431476053
43.516341134236 12.362762132384
42.577327830075 12.396802470294
42.441651156399 13.450106082249
42.165281419275 13.760341082143
43.344968583616 13.395836862941
43.264174995157 12.288565976701
43.703572646598 13.378878133103
41.856993221763 -74.546117352707
43.775160387075 13.19546115689
43.803947076597 13.486105202945
42.58303446771 12.283633827851
41.988511286226 12.557577081771
41.851542866741 13.508253978357
42.733267085524 13.258240659862
43.538169784743 13.791154984309
42.634858181551 12.754928345699
43.396551790853 13.704160045716
43.090975567296 12.800094581603
43.663227195716 13.094959590649
42.855187795079 12.468435243477
43.783487858637 11.868155693595
33.478901500145 -83.743038247593
43.81157581874 13.322601650081
42.390435499342 12.736654441236
43.109790918955 13.011370224904
42.71391876636 12.134990942283
41.875634644609 13.555965217576
42.554900872335 13.741899334261
42.646766655469 11.890173936233
42.349318072383 12.318325428927
42.665373310778 13.185148956361
42.325050276877 12.739807492022
43.335640808279 11.931816995133
42.227288655132 13.371646433331
42.967203697964 10.791033662388
43.775878738529 13.701264636007
42.028191194438 12.510094309019
50.961797758919 8.4383126853212
51.469007135122 8.7237435224111
40.380532255558 -74.722634167328
43.016659748304 13.391934502608
43.793841521646 12.331412753266
43.569696307469 12.518426979689
51.531524284292 -0.18487043180264
43.270247177833 11.974966657357
39.469899799619 -110.70886931029
42.531333155267 13.488958318035
43.411089717157 13.056940381928
46.45710272177 2.1505234954648
43.695078081796 12.595224428754
42.564896292803 12.810269305415
42.645803758265 12.262624768218
42.045782145576 -87.328538006581
43.431549969817 12.645033467417
42.632830172162 13.368956356037
42.597655370665 13.180178817001
42.229443717876 12.180044190597
46.670779500469 1.5809244409115
42.739997764018 12.492012004152
42.872027869298 13.356411981583
43.092045542848 13.476900319346
42.369495039068 13.660140891888
42.292864663684 13.027619347476
42.769554719708 13.756291541644
42.282492172126 12.503311931411
43.675007923842 12.460891709899
41.875881178268 12.899401945502
50.762950349489 9.0535316667769
44.604310331612 8.26208316943
42.933730462556 11.915563451108
50.48150223842 9.3083642983382
42.748668203034 13.754495005961
42.676559765228 11.987735951335
42.386793165203 12.493853451935
43.020126746532 13.579828157381
42.691688155167 12.702797491917
43.460592977007 13.709240526778
42.967109500902 12.747478228431
43.280902167934 11.993205214868
43.095545216529 13.671387980094
43.755327824876 12.416548472113
45.244777327215 7.6621647631363
42.526519019889 13.578749686304
42.650911333829 11.94191685784
43.292743167532 12.683461569123
43.01034934216 12.845139114135
51.786760545935 5.3663381205948
51.916798012758 8.0634659310167
50.666960032502 9.746032785506
51.847971780155 9.7442119469606
50.973519179492 8.6332878948344
42.615342191262 12.538645449832
8.5723008301911 -80.488850620803
43.668400368985 13.5024674081
41.848704893093 11.845431918693
42.586959359996 12.209364420853
42.753746811673 13.514852150138
51.274144333915 8.0154435900112
42.899435596049 13.795027669445
30.244047923601 -99.149836883512
43.036362016611 12.128529478877
43.023611027314 12.005409042374
40.597300481015 -73.939957324053
43.175886752187 12.705231650616
41.991127621399 13.1794423774
43.078790352272 12.448220291405
42.262986259678 12.027840029948
51.521409033342 4.774127758585
52.885896993049 5.9499727521092
43.778549475513 11.870579421481
42.39960424809 12.322292891036
43.178552766435 12.999876943904
43.727560844167 12.206414307585
42.452313895569 12.118587850669
44.887772212612 8.8211323376843
41.98263576209 13.252395827462
43.131777744548 10.871207578399
43.606059865864 13.360327729213
42.794013979304 12.355026068352
43.597842964177 13.010525810093
51.835109424701 9.6845334282539
51.762182493351 -0.037361539968919
42.705966336537 12.540427146286
46.71621108908 9.3578183289631
42.53008303073 11.937761198721
42.283535760748 -83.907427194227
43.680741639215 12.883382384632
43.745299374121 13.126094317143
43.052177717023 13.449977917362
43.275190697666 13.687398077796
42.975204001656 13.035159106869
42.540439045795 13.794727949817
42.860902074681 11.914962668419
42.701204766401 12.830774743052
43.70917452581 12.06247571302
42.978161416493 12.138943644326
42.738310138128 11.948650736359
42.302723033516 12.111969724371
43.399894037957 11.879527641891
42.73010283605 13.416248611389
42.584992614868 13.276961013359
43.779902322136 12.183861284623
42.390008929854 12.414288105657
43.021789526598 11.873634741604
48.155433174083 13.393628548802
46.811143173283 1.1523567317763
52.745340565101 -7.7166877429544
43.186996481955 12.022610151706
42.995821837821 12.227004789874
41.938767758191 12.089653131149
42.11603626337 13.436655961667
47.959824901055 8.9220422957661
42.731908341766 13.739507841777
26.019340683698 -80.065241931312
42.730961061444 12.682343947574
43.72565814842 13.005530410004
43.011120439068 12.030394430307
42.110906131638 11.991732081881
45.382039340857 2.0637633321172
43.005766634853 13.45760144177
41.896163963685 13.038139460647
43.484622207251 12.16077410253
44.55475426028 8.2981062246012
42.821074795381 12.114541919511
43.379418755614 13.308796098621
42.677753998769 12.40459455105
42.451943381455 13.614517386844
43.832696969564 13.660730176003
42.397202061695 12.122261417642
43.433500459641 13.120183465148
43.084960907758 12.25072457562
41.920463347326 12.07283716794
42.127399933139 12.677649226376
25.230598481928 -81.075766861749
50.185797836718 9.8094059740237
42.127268769393 13.500812635546
43.769683438733 12.817817431345
43.828215265122 13.082516332682
42.204072933294 13.178496845171
42.039701168931 12.420842834034
43.429114102141 11.973281336026
29.008640695226 -82.183004568363
42.141260438685 13.233471708502
42.906417643629 13.423635684172
51.742727847883 6.4800478195446
43.475884161666 12.903499130136
42.134099803017 13.576899449631
43.003404504176 12.660031744607
42.159413767142 13.257405431151
43.561209217462 13.285245732558
42.457251525718 12.424408151055
33.393082688925 -118.59493759191
33.608108022713 -118.89192291885
42.970195551876 12.730233158812
45.021667863974 11.271408310729
40.0568501993 -74.040327521657
42.307481629938 12.845292954655
51.852308311897 9.6277454293462
43.269426737593 13.630384084617
42.523248552144 11.897291329663
42.284583645095 11.851129300844
42.990785783639 11.88587818245
43.607906848031 13.107858410642
41.940137972117 13.056882144465
42.881591853186 12.579947386694
42.675539375618 13.487888524557
45.257942617781 10.714477726288
42.645041019511 12.443317694351
43.727018665882 12.152367370761
42.092408615228 13.22858675908
42.135764618954 13.280552586692
43.775797282728 13.453673692652
42.068670962178 12.443132787029
43.637838547902 12.184672405119
43.799977624251 13.446351614078
41.979057364643 12.962271395608
42.936220357652 13.488078152078
44.76751146634 8.4314280794637
39.878084259203 -75.206637763646
46.041275942182 8.7211776288348
42.171486157559 13.768431140954
25.227335259407 -80.669880126259
50.224958809197 9.3572222200954
41.897903771579 12.296361130356
42.145828135401 12.700065168899
42.606589699933 13.295545094805
45.796675753219 2.2370965230451
25.637989418396 -80.856762961693
42.104304485093 12.239947160373
45.534175466064 2.2140178038804
43.179394055262 12.395623052232
46.606742702802 9.9219373679845
45.042221648734 10.235770581076
43.018935079716 13.199257802798
42.364541475386 11.872141913007
45.570332313618 8.4647528198406
43.238008805217 12.30719011759
50.501095280285 9.9288907171827
46.47553928165 8.860130363314
43.210579742797 12.544182949043
46.509352749381 9.5769079900728
43.120893666598 12.25020369482
43.003322054634 21.790194939724
46.357150461225 25.465102596425
42.357782367805 13.391614679451
42.429415040405 12.30428406659
45.597812963858 9.3787383358594
42.11363815803 12.827087851647
51.553073391576 8.9993327222761
45.679278633338 8.9592491371856
42.535600000332 12.299641751379
43.443732666545 13.313333964142
-37.026620944974 145.98976879396
43.185154918223 13.470162000747
44.094523430599 12.134477961201
46.793587702696 7.9223961205792
50.465552023363 8.7219429652774
46.228847776271 8.4396460617589
43.408864512785 12.897897329155
43.471062169651 12.158453789634
42.860528099772 12.570309385944
50.705759527956 8.3935002253361
41.952533582224 12.661282410708
43.021840875068 13.464863805338
42.786632463258 12.894816137822
42.829402942618 12.57885566476
43.204444774077 13.305766812223
53.323567386634 5.1421554826163
42.807222830529 13.772964811799
46.474420351451 12.748399887836
42.740635706943 13.087889926104
46.418725296119 8.7162900072133
43.414283984089 12.262752381762
52.015360446887 0.42909812383312
43.132021174849 12.586368677966
43.510739422662 13.432195445279
42.28892268582 13.206334701391
42.615530549856 12.179335996147
40.087263975485 -74.041109706891
42.389706619286 13.50513895487
43.381677104825 12.602076394319
42.455403234111 12.873982788957
43.653583594923 12.106746607065
42.153451215103 12.037057795134
42.656706353976 12.96566221165
42.07829472894 11.894334046608
43.65816794322 12.180043518182
-38.188261972828 145.70180891364
