42.538457044672 13.055468530441
42.080158610887 12.411272019826
42.538048906523 12.685957628643
41.836365906001 12.394292208105
43.161768252592 12.393777979277
42.621110064753 13.627369001821
41.995532175545 13.650430305719
43.340332361583 13.422610201625
42.174560068743 12.941322963678
42.392701916135 13.282038471348
42.403342777606 12.378292919334
42.713091056216 12.505793193146
42.018041505042 12.470691719798
43.593431556895 12.026714364566
42.624207477863 12.578506761055
42.879159231169 13.576788102566
42.852319547859 13.35056789005
43.112813869565 13.737557378496
43.125901617189 12.159920318613
43.756479330268 13.022545686954
42.474322212171 12.835895754807
41.971925587867 13.382816752152
42.694519462408 11.920736537299
43.444222531975 12.493970764121
42.545257166303 12.662054347669
42.551021465844 12.610115897216
42.225621088068 13.793245646096
43.315237409603 13.613324617808
41.920641294199 13.006477378798
42.394589195698 13.517397456599
43.27689610297 13.475048439819
39.782309465263 16.686756078704
43.72726035806 12.094187423186
42.639979352097 12.679945275059
43.507232762665 13.776272272608
42.480991553295 13.041235096793
42.311710409055 13.411322436508
40.05805468158 -75.332834635682
43.641867190454 13.289932061608
43.827586456143 13.109532691145
42.620266686503 13.108524404072
42.762177321504 12.5157268022
43.517583016103 12.473269571326
42.580661016808 13.517629118898
38.476975850306 15.773648464712
42.625765041761 12.828412913658
43.699468990203 12.649556104417
45.71469542976 8.8778000281577
39.438469771288 15.851411020079
41.883992078215 13.417079572315
43.516761654784 12.716263776534
42.572505208951 13.372702230894
