50.484142134657 9.9613170777267
43.136187498076 13.271442714295
42.626892299239 13.501397118227
43.274284110553 12.399719877841
45.307735053363 8.3836654718191
42.872439866847 13.466773953061
42.288524224113 13.776270927312
42.827473960525 -83.581828594686
42.083954771109 12.715470434521
25.385948972474 -80.576640050005
42.304870739277 12.831545474416
43.589630315842 12.539719209347
41.963349967268 12.719649757615
42.363971655913 13.691977540374
43.453085679327 12.927891817397
42.488074389069 13.242223587021
42.714939313829 12.535325598708
43.56799090915 12.333010519565
43.709891572481 12.125554611055
42.115538383909 13.061285177295
39.759927063554 18.625724597425
42.426137048505 12.940455734723
50.295150562793 9.2826642805164
43.313013508151 12.169587210386
42.644603556343 11.925935537541
42.254671569122 12.924071954083
43.196713213456 11.872489434163
42.371684341445 12.649195535481
44.248213205414 10.495887195711
42.164807852921 12.132624233224
43.752832397259 13.712548995743
42.434230604898 12.083547246237
39.993393303124 -74.86366876513
25.937232694284 -79.298087388715
42.634009713158 12.434210750498
43.051064932298 12.358956561146
43.79436959831 12.922301970407
43.216508464078 12.523892564498
43.751580767239 13.210999445643
51.590589724989 4.8730955180354
41.904215163062 12.177116229768
30.133857244519 -94.713601223269
43.125416176939 13.650985134158
41.85547721847 13.523895045076
51.865732507485 4.8691746742088
42.38182086238 13.650734200466
42.747915355392 13.579644130834
42.716297382378 12.286799973031
44.21699709395 8.8376016078925
51.557012604343 8.8920033624824
41.128565819668 12.306883593044
44.436464348967 9.1542545413618
42.641816814284 12.268935157598
45.939650863847 1.7381338252398
46.219861747101 -73.841197492618
42.847197191858 13.105571330386
51.935880991833 -0.83245835078063
33.983475770489 -111.40978611197
42.733511620098 13.293401886401
43.386620116621 13.552561476639
42.230692397466 12.258168065596
43.734936847715 12.899091859788
53.101220567059 5.3659916737191
43.626538100965 12.746881395482
51.301834639302 8.1062356201495
47.462064953736 8.8607669756099
43.644687050809 12.620637028322
43.201041523947 13.377994380623
42.897840642344 12.816639650549
42.484203971703 13.351346039864
46.715820971744 8.7671770443056
43.634332996178 12.885940202945
42.398888618892 12.786398896869
43.811263947215 12.330691565934
45.49377332837 2.1190381665337
42.153566446248 13.683101661377
43.010538805302 12.173136863959
43.216711550607 13.060561373879
42.112976779304 12.960011887366
44.517692382712 10.161911632289
42.045413247817 13.339871355512
43.666499168478 13.415649853396
52.34206944883 4.9834512119337
43.651798265845 13.283935078573
42.146131678108 13.664720343756
42.457615138266 11.969355318702
42.818601013563 11.979583434306
43.301125462328 13.79299525164
43.636827647538 13.149949900431
33.111124033805 -118.9076235688
43.214947638921 -82.698697977766
43.075437421035 13.132456239396
50.893771185025 8.0388305681007
39.869702263849 -77.332282994522
43.063139774887 12.191989909037
43.071219323723 12.622792062661
42.420188352217 12.260893691474
41.556721169272 17.380334771231
42.847741417071 11.950187911277
42.564282764499 13.416796418122
51.520844447203 8.0859596478222
42.43238597432 12.601846687797
41.969414648141 11.95948209055
42.395238635335 12.772352079776
43.219920784358 13.163517319694
42.433688483424 13.481395663473
41.875463273339 11.968455698813
45.17336089079 2.2073484217782
42.509144811218 13.499197589487
43.705970464158 12.175218752688
51.322594030445 8.9241952402164
43.167314909032 13.431772276516
42.055506145163 12.017489293154
27.013206500083 -79.277897498044
44.859158927325 10.201755031593
41.958829458339 11.834474367965
46.038289577252 1.131533070063
43.091198568761 12.405655124435
41.881840431563 12.325643622023
34.603070711106 -84.255572480641
42.570834338952 11.874767256863
43.682893546991 10.151762961897
42.284101068196 12.845305954055
43.616587977699 12.294108408661
46.33400276412 2.9614197145968
47.532981517973 7.9982122718348
51.113414337679 -0.35408440952379
43.130533871323 13.646413574783
43.123057211362 12.404302043118
42.835851702318 13.580961845641
46.41485959823 1.689929629066
61.131985001986 24.358470367447
43.508902868048 12.456245346228
42.806388783665 12.298216386858
50.626284435217 8.7828597774649
42.2940368463 13.451180479255
42.54726614365 13.628200149943
43.813047575698 12.430775550416
50.380061835228 8.5413028213853
42.157730522194 12.373344151964
42.380923347746 13.320525762795
43.644905444556 12.873988752216
42.740815699466 12.011498840086
43.190991457196 12.396688435898
52.121154488819 5.6466875019934
42.287690312757 13.094193378994
43.545860048659 13.00560754214
43.51144460894 12.564947459199
43.914047968743 11.11873368035
41.835421204977 12.929247477546
42.849950464859 12.6262422738
43.647338450277 13.770990692925
43.735898302766 13.154111148417
41.567429991855 -73.728598229126
38.142958208519 -97.54813411578
43.451473555759 12.745099917422
42.478801261878 12.511987884323
43.016426969348 12.568042596622
42.277921639068 13.626892526016
41.952998787629 12.992669015209
33.913838405904 -117.23750298458
43.577750518277 13.351704632583
42.317318929994 13.062603996651
43.772242753216 12.821932809365
42.447250397174 12.148632452448
41.95299565466 12.687692357568
41.976740092049 12.551502825504
44.003798006293 12.618349735375
42.313728863075 12.557149567456
41.48949012012 -75.401254578346
43.280604388717 12.251815854244
42.909026457441 13.75486213658
33.639515992265 -118.87192603969
43.667340964876 13.062938933311
41.871593954468 13.5096245243
42.955543758348 12.755272567179
54.288201636958 -113.3132175977
53.390164318443 5.2467987088006
33.53237909587 -118.35837557864
42.60718788982 12.208316980979
43.527392417459 13.284056153302
42.147804111332 13.673235034905
43.568693809497 13.284044581153
41.990475612243 12.038493112234
42.646819929449 12.470826455167
50.611934514536 8.3651265750477
43.303443216415 12.710706029439
43.160158190506 13.584218395701
41.841548496339 13.776110355193
43.231333301531 13.793660937733
47.283387730496 8.7353231500533
43.413269322113 13.509617303291
42.988227204901 12.052057538227
42.569345697115 13.265253613847
47.949837452243 7.1681311210469
