42.495556048835 12.129723324056
42.651461078178 13.552748328819
43.714887432177 12.413940372159
43.490280141838 12.679666850588
43.08233327797 13.037243471054
41.851310867768 12.190764062216
42.03991788164 12.397453417742
43.710002056209 13.459735812854
41.905105739343 13.73273554108
43.63085987171 12.479694263323
42.603745598648 12.152386626321
42.053905508527 12.785255473959
43.804836184182 12.29393037145
42.705547221355 13.791626593488
42.952052937354 12.284869838194
41.84732375289 11.922706203055
42.303277575573 13.148864223246
43.370331417497 13.211583142288
42.022896664714 11.90808071287
42.575903083021 12.617906087853
43.002315779239 13.158671557998
43.363597691249 12.45349291875
43.359441616761 13.037074931935
42.677161037793 12.605155534879
43.639783103338 13.262972430935
43.576004814646 13.283868360952
43.784736320763 12.218178881455
43.361822939202 13.686508650767
42.759077920022 12.310095668004
43.296837316054 13.606414361229
43.274348864946 13.780161522713
42.579828573216 12.43815665668
