43.533707115603 12.451955142662
26.434929020888 -79.204644109027
43.343740117452 13.110020706502
42.353535076789 12.978815041028
46.690704888054 8.7612885650067
43.365158229792 11.9401961076
43.515250467491 12.943364613218
40.968820834753 14.79163405923
41.957278986463 13.761518364216
42.279348229675 13.089892884779
42.422865930697 13.757766966616
43.760886043685 13.492281378497
47.356093955392 8.7167675247028
43.312140683344 13.092286366102
42.50389040939 12.702744263573
42.939683443394 12.171124172032
43.048191264315 13.228654797782
42.529892025783 12.898779365208
42.081631340218 13.479128334357
41.93353436374 12.689231486867
45.635016723366 1.0519739426914
43.572689908379 13.310649086421
43.500734043562 13.47948957585
42.893553395727 13.794386151638
42.121374627653 12.010106703292
43.608077795083 13.419112495829
42.465864782925 13.267869475443
43.076159199291 12.041757335927
26.66089980473 -79.772211388388
43.109882745033 12.061096883428
43.227764402643 13.191587913892
43.152312234136 12.561686465334
43.721539186205 12.538462305248
42.944247182919 12.712310935258
42.99238712482 13.029629097355
42.351581310107 11.957752862947
44.249306205962 11.423191601191
51.695653918989 8.0158011554814
43.497713157694 12.991855049057
42.52067433324 12.895178390639
43.493551517622 11.99042098738
42.516854704154 12.094238567231
42.560437066763 12.842435290985
45.765639785265 8.2038453904254
51.603231130449 9.778060244293
43.41698486426 13.202705644187
43.123109999191 12.14910034565
44.977600216904 11.549200819826
43.812038186871 12.791092932148
46.87557749165 2.9726746766701
41.853409000159 12.66048966707
43.676619486288 13.709065312405
43.495395867871 12.694468891127
40.75925026512 -73.530425569887
43.789440726319 12.087398933308
46.254256011361 10.319051361023
43.651689216353 13.501632135616
42.653483016742 12.712992350458
40.508279311692 -75.23218606521
42.265533152181 12.121688144825
40.921222008868 13.244099757559
42.464101879163 12.946986391205
42.226337853946 13.17361079446
41.883621811834 12.161118482336
42.936647863584 12.333663556436
42.480885136652 13.108883878288
43.494972988283 12.955198019743
43.386917139605 13.193804171513
41.907055997267 13.139937103812
42.593973535411 12.156127585192
42.954485370777 13.618790474564
42.363655214854 13.458985805281
43.176243545125 13.135408160361
43.306305970229 12.614395887898
42.272379516306 13.133937419941
43.769846057433 12.059904286687
43.800693155944 11.24367815861
46.113050803057 9.7514727334266
43.426716992851 13.649791315522
47.368332225535 8.1227853261506
42.21299476887 13.452719004125
43.277019150239 13.283262966354
43.019946087648 12.916464558319
42.927764983835 13.663901295377
45.891914312479 12.033891276228
46.888364125645 11.80274509739
-0.59816541876558 -0.60899780160235
42.640620636607 12.681811060164
42.0983541236 13.271033813393
43.499430706047 12.890406820427
42.772602246058 12.991797344311
45.973277802101 1.4946527320401
42.73819651398 13.727482925063
42.883335264366 12.072642143871
43.467497837037 13.765623718412
43.648239126752 13.582363747352
43.370199559915 11.958183052951
43.43565582227 13.715609653276
42.855013874779 12.64846662278
42.496575095012 13.214370993087
43.244125629444 13.806145122671
43.476228766852 12.327590129977
52.043626482852 -0.23650823642802
42.704879894736 12.622305714836
41.953116734511 12.917848020775
51.675868451677 5.4287619687052
43.188778749776 12.476111090519
42.134652589532 13.068594696984
52.513917297597 5.8541210056767
42.297252569507 12.428991029725
29.209231020989 -98.882498926456
42.641092717967 11.981439356239
42.201094608869 12.554304913431
43.055403612135 12.691606374335
43.211647293184 13.684011302297
43.366103278665 12.024528679005
43.46688980959 13.061049330098
42.239961464091 13.505556014157
42.660325868849 13.600631390068
42.514741323683 12.419640214399
43.085969949668 11.886059360547
42.882379110869 12.896656577448
42.645632121102 12.012368654859
42.553634828701 13.732605279785
43.012125667677 12.837923680378
42.879384041263 12.863996707792
41.93640088196 12.137020977764
51.025092611101 8.4311754118796
47.600908308358 12.795423376533
42.223487081597 13.802632012334
43.67043439565 11.975549504171
51.740020983266 9.5132098326055
42.952271101995 12.173435824094
41.839957850932 13.733561774613
42.957824034618 13.518423025293
42.83031387016 13.603503097151
43.709343104043 13.78265008788
43.542273859767 12.261139237465
43.569820771746 12.4407231335
46.205142180065 1.6056727425222
42.943191443099 12.080984511471
43.069195100625 12.546321372311
41.954907311592 13.211057332929
42.754341306071 12.105123221479
43.51943687143 13.438614103237
43.138867886823 13.749933500213
43.433388650174 11.953189802355
32.892766542722 -85.085505250788
43.593380945566 13.192305719125
42.708747266677 13.192306288629
42.505502178124 13.189258566701
51.941497518188 9.88306165388
42.211698297531 13.517115588562
42.733730761697 13.215688347938
42.368012752111 13.037366972809
42.169577875275 12.384669223069
42.056168559055 12.546492074426
41.941404005041 12.575054673767
42.258412770603 13.104243560298
42.572433573947 12.178258765127
43.146373044789 13.115145691745
42.780317717151 12.292802979396
42.569353217545 12.929975101713
42.663725390429 12.895928620799
43.257875525068 12.996193177086
41.928304093412 12.890769504912
42.247460830627 13.075814959184
39.889556575201 -74.888354164628
43.69309107202 12.990185722725
42.188385692068 13.550015914997
42.098538274944 13.074259140584
47.259806101797 7.7031566108126
42.124881575429 11.95638294844
42.445992108197 13.00988754493
26.700417349424 -79.494899403344
52.135794400068 5.221986861188
47.757755536008 8.7148699265508
43.289046294677 12.763547674198
46.360369271767 1.2257905054026
43.804489180841 12.149050048643
33.47926426193 -84.814553522326
42.305098850443 13.076465773453
43.296302416521 13.727627763884
42.061394753915 13.425428762785
43.086981747361 13.585836085785
42.085499808253 13.199262252191
51.805601161348 8.3534080476283
42.995467324294 13.143028359948
41.853339454578 12.911693938522
42.776647644966 12.738575666111
41.89219294113 13.62331466827
47.308074371567 8.8189154918394
42.214686565688 11.941210662008
