43.241553867835 11.861416566142
43.267285166454 11.876970667356
43.312839961312 11.85631249887
43.304265450849 11.834359055795
43.314635368232 11.839583190104
43.276313408893 11.845837595822
43.27909833953 11.870833092796
43.273683263137 11.923138886675
43.238915697389 11.835021920959
43.284407972977 11.84066107305
43.231023897545 11.840892907645
43.284051686679 11.901587384262
43.271444433516 11.877863008493
43.242463774182 11.839544726016
43.273051215018 11.872976852077
43.266211557347 11.876726449431
43.29988014621 11.854284865269
43.301608711643 11.903203414729
43.290004909195 11.889036058883
43.283046777513 11.868382828736
43.29559770708 11.913734273035
43.309217399617 11.87309114119
43.282491691563 11.910285432337
43.272321179191 11.924960419522
43.26912027938 11.896121967091
43.316892815457 11.872551316357
43.282904910076 11.907842949477
43.287092395747 11.850311602883
43.240857898857 11.871895155831
43.253522328706 11.89676458479
43.323430181187 11.860117253803
43.251977223576 11.85314896698
43.279640886153 11.878489608375
43.237589545214 11.880895969889
43.266320787981 11.926223918782
43.323304725982 11.85023426865
43.261685868868 11.856719355519
43.296723048362 11.854942514049
43.268272856396 11.914505180884
43.240198619797 11.888508157308
43.251022839125 11.838393089773
43.325226299637 11.85364766228
43.261604321798 11.885716774934
43.261317740803 11.923598147448
43.256737559243 11.85017293128
43.288933969258 11.914190204329
43.270006095206 11.850181925527
43.264963738299 11.873017835858
43.240331537689 11.873798360079
43.320108683019 11.882265482995
43.299568083298 11.903009008126
43.317502681335 11.856789338822
43.262796773253 11.863973399116
43.261133250457 11.879882588482
43.302985246455 11.889202435005
43.256733594137 11.89443897034
43.307790368494 11.844838365861
43.272564570567 11.885391537533
43.308082241729 11.879994746263
43.253108908561 11.855069333641
43.267636917677 11.86256308244
43.31494375987 11.83478076797
43.239494632596 11.848160784176
43.255020474223 11.868625500199
43.248455357409 11.875543954745
43.278385802788 11.864276028196
43.308169560047 11.833599764029
43.236262186561 11.846780090542
43.295722826077 11.893900297554
43.323851003949 11.845594393039
43.250905154411 11.857439359605
43.234908935279 11.839836123812
43.324100292925 11.87993867785
43.276659562868 11.915643491764
43.29637663222 11.840911342709
43.308398039245 11.898209695212
43.231922039891 11.858162928328
43.254722072883 11.861721098845
43.248898936107 11.872390113733
43.266792942915 11.843625096087
43.272865687179 11.895453276085
43.269069004019 11.916587775555
43.299529793367 11.860714656257
43.238365811428 11.888843337043
43.30874487681 11.870542596986
43.272080099824 11.87941117069
43.258999594629 11.841314482915
43.30380242241 11.907848060575
43.296438676464 11.877556935382
43.285646849466 11.896053187987
43.248360920834 11.870517177002
43.270358494164 11.866711033467
43.313097382131 11.846262439569
43.313680279236 11.841500773507
43.246021384975 11.844994080667
43.236813349781 11.879204804974
43.289757829315 11.839424822891
43.272432527187 11.872135201896
43.266066737618 11.865763397846
43.288393143254 11.874406499751
43.316760520619 11.88970057803
43.320157820063 11.88332282795
43.255906176428 11.917905765568
43.233845840338 11.847873421336
43.242767712235 11.862148105124
43.260185967342 11.913857527989
43.22978354817 11.839524689542
43.321123745463 11.865537364926
43.258450972989 11.875642083083
43.25745014907 11.861422147558
43.28303669874 11.872269399426
43.256801812584 11.871551572772
43.289874586433 11.843652534247
43.312675688582 11.836449128055
43.301711687048 11.899809011233
43.312915886453 11.883031331901
43.256870919514 11.874564398043
43.23799404096 11.844300984819
43.29583255264 11.855653394433
43.287249885654 11.849597067057
43.262688455781 11.868873381016
43.259482075602 11.908263585509
43.236337559429 11.877315661368
43.296008267133 11.860524299511
43.317024104931 11.84548665578
43.303749210829 11.862436968324
43.229238434822 11.868156419095
43.310227672269 11.854051863728
43.295106821852 11.840785578306
43.265653448324 11.861949678467
43.278688640019 11.842210577748
43.29119343466 11.8623845181
43.268051353895 11.8888046052
43.308679525905 11.883730608937
43.317617647053 11.886888036938
43.301002782465 11.898504429936
43.301258620967 11.853858481114
43.291482596349 11.842081256158
43.286194373542 11.896292241263
43.295169740608 11.849465038113
43.229842077137 11.854932974977
43.298793045498 11.8983765193
43.296955546523 11.878851665148
43.265533565223 11.870893772187
43.305886084843 11.843351216469
43.313753166869 11.889211664411
43.26274013813 11.884380735424
43.23036913214 11.861725437412
43.276797493604 11.89664433335
43.23949188892 11.868808523712
43.277382334379 11.853154957713
43.242520635616 11.89177235213
