42.961755062922 11.949012019203
45.613312495855 8.1982357532965
45.465358014598 8.2644693156329
42.261805656975 11.985115956995
43.665443076617 12.062191559052
41.684353445661 -74.000695904849
40.627268150893 -73.950471627169
52.269293970787 5.7021541856007
46.663935988054 8.4544842873954
41.768873810914 -82.729205100878
42.032844997979 12.824050103719
42.943767541549 12.527929735637
43.311057379635 13.607319231449
46.175373051423 9.2935382518632
46.0610703901 9.5749245748017
45.235067906925 8.8011906461074
46.934421651966 7.8101252828772
46.119584803525 1.8476129112987
42.018680567417 12.892367514287
41.889264040596 12.135707241567
43.424157138667 12.464989764388
42.492188956839 11.979662421171
43.399470615873 12.13798391781
45.357285784843 8.4459549234485
41.947694633153 12.31737425754
43.400305766354 12.798007217163
43.328671750787 13.484313031905
42.668365211093 12.267924810905
42.560187071844 13.219377831213
41.964481449225 13.299346239466
43.335329814991 13.828358226862
43.591130120976 12.710903182512
45.736703984782 8.2240084308289
42.780987476383 12.698875930972
46.802628036497 1.5362638824323
43.311016385144 11.988459952191
43.552021384983 13.017973599519
41.429938431827 -73.348652163999
46.184953224931 2.2658378324778
50.721594539807 8.3090197068215
42.991791373136 12.742374260811
51.682047195352 5.586724393925
42.013934748275 13.336335974923
43.273454711455 13.550124777758
42.357046842297 12.524017333318
43.115662650746 12.910996496191
45.615728825429 8.84549137719
42.983214559978 13.491816814308
53.190101162808 13.540952457739
33.133633445585 -84.059338775398
43.727562126132 12.082883549448
43.209866225838 13.241930074192
42.160048146362 11.837199978941
43.574888101136 12.30938468145
42.66031586272 13.084623010424
43.041175758972 12.05663130344
43.459501760781 13.134177263444
46.71056759948 13.167005027669
42.686456205664 13.20246754412
41.88539645352 13.153338877111
43.602005963049 12.513132351711
43.005601367471 13.512749338782
42.495321457992 13.643787440233
42.342013023043 12.686812000224
42.253836561599 12.881947694778
51.855214651141 8.4705120168955
42.041296220425 13.677754335908
43.067400829453 12.742385399895
42.655028337939 12.702910431078
49.558411319467 2.1307636805232
42.803166798245 12.164469928578
41.869759983343 12.706783302478
42.198239068148 11.978333109535
43.289298373896 13.043134594843
42.469972757862 13.024587998199
42.097764305371 13.321940651334
43.424581995453 11.938608219374
43.052785310009 12.236804031898
51.718440697863 9.0205767550602
50.990771675012 8.6012843016541
43.037308916022 12.481691969338
46.171459370373 7.3393735691623
44.19328455801 6.6601615134441
43.278514935786 11.988708258622
42.131865966682 12.614678687723
44.427918413551 7.6973220115305
42.82388958422 13.374077837644
42.977859337359 12.017489997699
43.238654698843 13.322302708573
43.284888308649 13.76439984879
43.464025819911 12.863449456593
40.552933852171 -110.84756734574
42.653414503065 13.371452729877
44.698553180207 9.0104830467191
41.969781060244 13.356988425088
46.724805226887 8.0585875525412
45.403845720603 10.493188805854
44.787381700562 8.9328199151846
44.056788234488 8.6856574780031
45.697364865151 9.3975189215748
45.170954591164 9.7152281925874
41.94038532208 11.852023742579
42.985958810444 13.325649130331
42.648182328182 13.274407227207
38.239748430933 -122.40174184401
51.981205355134 5.2617294497377
41.954122421331 12.383653622786
42.756108066906 13.354860672913
42.835546723977 13.748146512915
42.707548889216 12.50265842562
50.062889450259 9.8786188088724
43.187311675508 12.645336322342
42.183970988369 12.589941644871
43.79454918012 12.327838405675
42.173619843656 13.257043017215
40.515710983857 -110.84322319904
42.6967877479 13.236812556759
43.778541987214 13.536849448263
34.333416062602 -84.547235938417
42.49431077742 12.889929131109
43.423752882271 13.77543835613
42.093111390312 13.661796668874
41.997563224771 12.152135394605
43.408054852138 13.804905797285
43.76646127869 13.388365556688
42.868037236348 12.3462352992
39.334347753667 -112.45057175781
41.945486667096 12.555710476637
43.106155180908 12.665261716447
42.945683891881 11.990712731162
43.529489391285 13.487764857958
43.029262223316 13.65896598981
42.906695540972 13.544843762922
46.385823843992 8.7232751557223
45.316481289857 7.8062795304257
42.825858359631 12.617003900773
42.307855056763 13.009922881636
42.829721083341 12.458790652223
43.099469436866 11.878509717492
43.627469748572 12.357218939067
41.835795206428 11.89035316414
44.600771333999 7.9531687113494
46.421522805664 8.5110143928374
43.692634901841 12.461359509503
46.33360760302 8.2686741525627
41.471150812598 -73.862604833741
42.894320650464 13.26716263793
42.152089202403 12.160517848193
42.581182506428 -88.619411471138
42.349205463843 12.192707707751
43.008257179546 11.976742495327
42.366051406791 13.544901098865
42.242711536255 13.18629633227
43.664850819721 11.976494902755
43.022066077249 12.15970997289
42.012721309931 12.031946824899
43.266610635124 13.3843034899
42.823952147676 11.920510349314
42.460220345997 12.994649609569
43.264172522495 12.754221016913
43.271372133082 13.705598730943
43.270055973118 13.091981665295
43.040583693928 12.777365932158
43.448569902914 12.861257326746
43.139222810596 12.931291704521
42.195267958213 11.959486570211
41.836625407395 12.115179691073
43.610532776758 12.978950276982
41.318538726898 -87.196701054809
41.933416075995 13.337850428365
42.013570115929 12.717560823896
45.638954225457 8.1522078903425
43.818878448505 12.182832113108
42.480638340826 11.845378125035
43.526974805431 13.222582539668
42.487706959961 12.870882376058
34.465173395755 -117.36510215102
51.893867656306 6.4618309180773
42.00351587499 12.504745092033
42.636452197415 12.782890345355
43.581011597359 12.189220925902
43.37460843726 12.232345860115
42.645612032009 13.325949629476
42.666854813095 13.449095896675
43.085271515944 13.540549407986
42.766828370193 13.014472058071
45.522219530296 10.571945558664
42.100073488962 13.112032707388
51.053388463125 -0.045040613578181
42.042788518168 13.501158753199
43.558642285226 12.203915123478
44.145582512324 8.1771587917032
42.092699613952 12.374890727652
43.023857771917 12.904372258554
43.765324208331 13.155766047631
42.48514760881 11.98302327915
43.338548080243 12.559884790613
46.537603883418 8.5070047060736
42.298379835367 12.133461184417
41.97352456442 12.583802336654
43.41184712502 13.031648792828
42.190403494162 12.265552688535
42.658051903221 12.058977933649
42.334609576678 13.335162808364
45.173267409149 9.2345650363176
43.323807169389 12.02374346185
43.526923337752 12.877010228076
43.39293458566 11.900041585763
43.776358856736 13.211578494989
42.896577666486 12.236397308894
42.534418776436 12.785508295442
43.478381776029 13.142454782588
43.541930344229 13.768374277658
42.311253077982 12.546626490351
41.860898272091 13.052540645514
42.80556189029 13.280300959165
42.239138634076 13.618734022912
46.849209648021 8.2220292860745
41.877089357433 13.188864034244
42.724826034051 13.374667597199
42.744758272446 13.371092559032
37.836220019338 -121.25691084172
42.225203825752 13.069840364212
43.579571754963 13.638004454637
42.638437181564 12.991898228897
43.780021499295 13.080395984056
46.156466939534 9.1466947642583
43.600465386941 12.132989253466
43.756293938868 12.125958811106
45.44033934704 8.5830453406452
42.829651388281 12.329577052675
42.30672219738 13.746304212041
42.324634103277 11.998561452629
45.164541800839 8.1629465814274
43.828040014893 13.230562016496
41.92247080196 13.345984557826
42.915147421397 12.094066030411
43.432377102076 12.254230803949
42.490690165915 12.640148970152
43.52901218346 12.577973106235
43.44476052443 13.725404680134
42.373480947417 12.46010788833
43.605516888504 13.695530212364
42.433220548778 13.437020544653
41.875715556518 12.722089174561
42.225873495113 12.616039475734
43.523224456035 13.342906073382
48.396171365981 2.2772912698902
42.685490892609 13.248061598881
43.134244155222 12.651801796955
42.233357224743 12.006854683185
44.806455700265 8.3767459922617
42.050108415119 11.87932962036
42.30577199224 12.486700250083
38.409404570155 -122.96025492049
42.550174809338 12.102931967074
43.795693296399 12.869633497631
43.623541126805 12.769094770688
42.696212444334 12.411737027791
43.223894611592 12.665809486392
42.437868362983 12.962095847357
50.947752993995 8.9692920981763
42.619392946672 12.985004528905
43.660266690285 12.08043756435
41.860183607277 13.173675395185
43.341531309945 12.007026249101
42.041840988717 12.547976379559
42.481043378136 11.860420720608
42.329083002347 11.871138398031
43.381078910281 12.911883648465
42.039330596144 12.780576290482
42.468909945113 12.345874319035
53.899720352096 -8.4887849546451
42.70380647236 12.369202978171
44.248586866818 7.3191625810107
43.683831836902 12.421969130853
42.460653944642 13.109371252896
43.736713111765 13.528888391132
45.268311026885 6.8629421914755
41.861131966536 12.51072794318
43.233110131825 13.373407851168
42.147689824082 12.674020987805
51.594681137518 8.6039027867857
42.315997997467 11.85958825839
42.377049586001 13.134042659858
43.561566349867 13.350333099903
42.196880563741 13.559110966792
41.76167806066 -82.38424905987
42.681790970139 11.897477746449
45.908369134138 1.3494269821557
43.041540425311 11.841669567808
39.968669079886 -111.345927435
41.958359795158 12.610579899352
40.791252079514 -111.23776223461
42.046638499057 13.190944539493
42.921530296079 11.978990861692
39.981683929634 -111.26892928964
40.061361629736 -111.44503967657
42.076228956748 13.286480125194
39.512011551728 -111.85499293895
40.928059728469 -74.72338241665
43.461171714359 11.979659290064
52.481002948238 -0.056722693688568
42.158375116626 12.345808058694
43.220868296579 12.91408402564
43.245376739786 13.511523104998
42.577202508516 12.158030652536
43.319378925657 12.274651740827
43.802872435585 12.667989104387
42.787356728144 12.675958971363
43.793405920658 12.829180125554
43.349089791511 10.611121141657
42.95550234709 12.410772138953
43.59194652859 12.899700755693
50.203649226671 8.0125259691908
42.761424125082 13.497825641904
43.456777813612 13.479445777612
43.365393940085 13.050157352861
42.962095126047 13.13351317224
43.306660533115 13.291776505456
43.515012911782 12.331243258611
43.745115479357 12.25995908878
42.857515807684 12.528063730604
42.616165766335 12.112284487652
44.467979028364 8.1361851115181
43.748394218177 12.971392894171
43.499499084682 12.504306660755
42.132379152895 13.648658042631
51.690916718073 0.34584444353164
42.122796984933 12.737074335004
44.737754857767 7.5512338818522
43.561555805433 13.808658386047
42.085725086802 12.08156122506
43.098100828539 13.810319075759
42.334326968705 13.092635743384
43.419874727943 12.50063409542
45.806219694089 9.2780454259474
42.066818553541 12.390862317028
42.117757391726 13.275588945635
42.623603273495 12.867426971864
37.305320879122 -121.8635860513
50.724318718409 9.6619681001929
43.625638408433 12.618908103399
40.340854676595 -84.022063959112
42.028083213173 13.191122633515
52.083073615834 -0.94795066959129
42.942234920798 11.95621399954
43.283990670614 13.237094428522
41.301594908641 -74.052283743552
43.763065692414 13.309510385317
43.461583600615 12.306828684803
41.981688367215 12.811160078671
46.570112228659 1.2515944681371
43.268158980791 13.712155560384
42.578750478394 13.331712308515
41.812207666756 -74.061373475168
42.856616067654 12.849655170876
43.290053754735 12.23274878146
43.294594373712 12.756654641033
43.316002562345 12.342074574152
42.209438305932 12.459978123431
43.513588151223 11.924735497204
42.098652251132 12.044442357071
45.761791789118 8.9672918005228
42.717335569096 12.338549492594
42.791997632867 12.393183200359
43.573333073695 12.072958818226
43.16142241713 12.352124993409
41.997143708189 13.565491724578
42.606727699587 13.808953291203
42.015234278543 13.200209078028
51.323808784515 0.33585764152271
42.641988244693 13.550186664609
42.923480303943 13.644615342696
42.770271669522 12.487369626543
43.658125951282 11.863164904485
45.362410976418 8.020581712702
51.853011718883 9.6913140298293
43.2673358467 11.961798105858
42.281497206225 13.403693292033
43.028335196 12.27936251011
42.4460561017 13.429351970309
43.967115212079 9.8645558080238
50.929890744355 9.4453971318181
43.437795736121 12.25322359628
46.579927553227 2.9997964375651
44.816173420693 8.1625199400855
51.844971841362 0.65667035828656
43.120018567501 12.085487409556
42.97870280455 12.412617060103
42.635933831186 12.153271771128
9.5645029603338 -79.718462877776
43.424333737916 13.118536802551
42.714229183625 13.33742821281
25.825900763641 -80.818678843514
41.911049107069 13.454394689528
43.20538611908 12.696732649925
28.607031022009 -82.194978555307
43.488790085322 12.901711899762
42.743494649319 13.628375736379
42.686982256701 13.80473124322
45.857542397854 2.6382175337701
45.386021243143 12.367826406687
43.41548050589 12.469202846528
42.985967300847 13.654140344681
41.741558030332 -73.018823975038
43.180924897653 13.356448292919
43.139582811009 13.137616245627
42.575122965323 12.676807722879
43.779744634789 13.710002006849
42.149869730321 13.434953162205
43.638653234431 13.262266555944
42.130300216924 12.061994766401
42.324963894648 -75.446566318264
41.842318570655 12.842026662029
42.862857819492 13.254193459777
41.980367763445 13.734169237213
42.931445232116 11.953187098726
43.768832859497 13.267271320481
46.811736683739 1.1383277066696
51.614902994882 9.5900834699115
43.806568290504 13.537092119726
46.440527984612 8.8552752364684
46.100373691926 2.6198328629228
43.605097560049 11.880830496981
42.8635614635 13.270496225131
43.389177011528 12.588501093273
42.849592029999 13.064076922419
42.843810705882 13.094480858715
42.393655556924 13.362642013192
43.712925766948 13.378665047429
44.780835257879 8.6222076228248
42.277921639068 13.626892526016
42.693105375272 12.304886328219
42.322079143192 13.654066242603
42.083167554405 13.185808173023
43.782409794083 13.245131570515
43.260679092401 12.290045254089
42.21152866504 12.16940625441
42.928364305279 13.137988559056
43.419995657385 11.926280044006
42.343079232792 13.115485812612
42.726002918915 12.136955940715
42.775164015042 12.006368580298
43.82178892189 12.488606424319
42.45767072891 11.950503849888
43.427855182659 13.09923352075
43.324634462767 13.545733899153
42.779556722966 -87.830927229423
41.87054438466 13.002605203561
42.568168380118 12.48925545138
43.566675914736 12.959056137132
44.421196262246 8.0609981978852
43.008199504136 11.852568543468
43.219182924956 12.521444841086
42.199565239365 13.143742534886
42.769013659476 12.786584726922
43.387887137212 13.509546946527
50.72040069709 0.65253068046497
42.096738534114 12.353417302202
44.643334222817 7.7054454308704
45.285269147409 8.3714328669088
44.722628452011 7.5662198555964
42.031641022804 13.029936451034
45.935053963209 9.0110349737369
43.356176098996 12.57339609024
45.34763778157 1.9106706380428
42.118575499935 12.711017291414
42.276983332039 13.138463217851
42.215026395517 12.456703993726
42.348066723276 12.257308888646
42.214483257038 12.279831779341
43.138331812426 13.00130741766
43.616782754502 12.998516114915
43.297798201601 12.990718750765
42.626333042826 12.070869667975
42.496694011866 12.520262703563
43.250739005532 12.863275582394
51.294559633962 9.9488041600905
43.758785098234 12.263822399224
43.523726168354 12.011530504588
43.684372270819 12.216570451978
42.189989477505 12.807341328288
42.501402284739 13.594226819295
43.312377999238 12.7082666558
