49.28358699609 8.9079452063437
42.295650256956 12.874342316724
42.77841251149 11.849469605319
42.572809702539 12.195875644796
38.217537863199 -121.36423656005
43.220082032152 13.674182170871
41.854648730671 13.8211989933
42.952630947809 12.637656946519
42.586080794051 13.591352019755
43.452961495844 12.499125778463
42.887616110934 11.872428185734
42.588460825213 13.696204821924
43.765284576365 13.106154970895
41.218355070575 12.314472067593
47.998072243295 7.5553375713319
42.63555948468 13.135829884643
43.611960761089 13.208549830715
52.662551330711 -7.1178761516315
45.571094987039 8.3165025775398
45.567012394137 9.1448528490914
42.780377664988 13.593564833812
42.632590903285 12.762113193426
43.745829545795 12.164882103079
51.009422274544 -0.28214041441313
42.746546253931 12.810667018805
43.832085561881 13.123351656445
43.77754922296 13.207106565708
43.756987475488 11.546539697839
42.316604399291 12.365744238911
43.029631404241 12.533816226562
50.948349003656 9.0533699123437
42.649675808239 12.543232451001
42.963517029308 12.055462635635
41.985067619956 12.070558340343
43.491358381015 12.866916438989
47.204007256871 7.3175311234396
41.992140303383 12.082712752804
41.907428203129 13.196647542176
41.833711659014 12.315689991396
43.791408200672 13.387102733102
43.761117623097 12.944316220931
42.331705014863 12.509431980343
43.329089792154 11.842972686462
43.316408591979 12.020005445492
42.03831916772 13.381853158319
42.500561355402 13.318154376635
42.113458630237 12.669011652337
41.919256493433 12.947755687867
41.903671139362 13.719691244776
43.287194437502 12.580182426435
42.185152181997 12.554118871502
52.025006531982 -0.9783040653394
42.917761783098 13.04496835968
42.227285455108 13.29932655317
51.825740992709 -0.10503431559309
43.795508450754 13.550016703361
42.58887628216 13.391614734864
42.302202060515 12.133813124699
43.037023216524 12.518540386839
43.690602478914 13.032799767832
53.507812016414 -7.2181528477083
53.988670162851 -7.5697076462999
43.26436612816 11.945733673401
42.943471285975 12.394897570573
42.418644592382 12.317179254891
43.582739888051 11.84543447983
42.094492043899 13.196059562844
41.99185714919 12.03141432585
43.324804767207 12.33175965323
51.844900714394 -0.30875821850204
42.661263253403 12.001180990155
42.076691765861 12.499310664155
42.70108355102 11.480958117673
50.742786618528 0.34734405867632
43.666563357092 12.556081339997
43.457958548098 13.747363895081
53.124527536856 -7.0191723499536
53.67293081138 -8.5042071135269
43.352111714146 12.970732726164
42.221979847302 12.481279924757
43.551613795383 13.044314191253
43.055518145254 13.746289742548
42.219626099926 13.561553320199
50.897372127696 0.15351201828733
40.947759908338 -74.818976075567
42.29077712369 13.407278059727
43.175152562661 13.592314544896
42.297187163188 12.903793771262
42.243183741946 11.900521398031
44.286371807815 12.522503975999
53.422687495557 5.6933556422327
41.740592384347 -87.577467114017
43.747018612824 13.506817048207
42.220391946503 12.859048178841
44.917539928699 7.0433069707352
50.438598036505 8.5725561904593
50.261006027116 8.5000864628237
42.260125255354 12.118999942282
43.296062551132 11.974409298049
50.266232953065 8.7090930103832
42.725125637264 12.882540801041
53.107128689581 -7.7355286962052
42.440522647689 12.437667208949
42.668471008406 12.390315361989
39.627278021348 -75.091476245407
41.910688480342 13.579044283193
42.153981988877 12.491041444026
43.062726174066 12.186956457436
42.688052891282 13.173462862507
42.644625506219 12.222655241968
43.169147941849 12.833278658743
43.311778888273 12.939326321233
42.735892609125 13.825024478077
43.603207240183 12.455690298463
43.299877323837 13.561781199
46.616462450878 7.8723927047651
46.034607786701 2.1658009938736
43.768953912805 13.830677017977
43.790200453641 13.743632218702
42.682700177062 13.317008204461
42.334800592335 12.526746882858
43.432859695273 12.620572964039
53.554946532266 -8.8834469015167
42.349082843584 12.0046449085
42.438871809507 12.511107039431
42.750219746863 13.025113968211
42.106913661189 13.759027211836
42.352832117769 12.163568552215
43.199850508592 13.018789638329
42.086263758657 13.118630429806
43.220907663585 13.118693648914
42.484792594113 13.089479153573
41.937713900573 13.269880770387
42.669716663991 12.262043035267
43.309638232624 13.701863058725
42.9348361832 12.201475104432
42.006951615239 13.579528151371
33.184001695164 -118.14109022951
43.653479020902 12.679367706051
43.147918083795 13.393164157606
43.570180106263 12.333435637121
40.335276340752 -83.215848535577
43.077289416977 12.519248141704
43.38597497271 13.365507560973
29.209231020989 -98.882498926456
42.949903097933 12.710590860227
43.651393377546 13.360984688814
43.699476281062 13.504192853137
42.091221266955 11.938890126061
42.947998253625 13.585999364793
41.64654672779 -88.377435231548
43.800929009377 13.196702306737
41.918131015246 13.678657160943
42.101270948139 12.13368436004
43.539420780532 12.528362916584
43.400603241495 12.433572235274
50.724969389255 9.2529067132868
42.542023949598 11.968395664363
42.92790144541 11.985421137898
42.590835993474 13.450179203178
32.909962982642 -112.65108415329
43.748434604049 12.685917025307
51.474840541591 8.7786947981355
42.834963632692 12.892127191153
40.191730192212 -111.59220564938
43.547869458139 12.217579558614
43.594507369045 12.944917122829
33.126268480348 -118.06377749265
43.369483246195 13.811974382427
43.345222500335 13.584031144916
42.741189522569 12.881073377061
50.745560726032 8.7306195268084
43.670025493351 12.912366311977
41.838609777468 -74.263915633106
19.722955004183 77.177585922264
41.86636556448 12.393163006025
43.225630777083 11.886487751236
43.444752050326 12.665863949205
42.828358908591 12.807100431459
42.068899437373 13.09722268914
41.976493841513 13.796685255525
50.06275931935 9.6396665692514
