43.153403178416 12.861908522391
42.45783275203 12.471585959437
42.836662504767 13.204609904555
43.798880602626 12.676916430109
42.609100302055 12.330459658697
44.876817863331 11.388666510626
45.446031787312 9.9912245813018
44.747942186728 10.550322545346
42.505316470075 13.116859002114
40.287789898745 -74.144876941306
42.622180593045 12.784980425066
42.645099692834 12.204623733298
43.229557328985 13.506519784011
42.614438488921 13.67187495889
42.848225734613 12.232100577223
41.54126557747 12.812443008836
42.388002792109 13.511225299703
43.096812092765 12.8516591256
43.014768364401 13.253228793991
42.516332194936 12.172918883254
42.445527286497 13.635398689043
42.280968768208 13.064131614803
44.099444766855 9.4123025643441
42.094310171501 12.019700937003
42.284881457374 12.448922898385
43.703344702138 11.955782463775
43.896187466849 9.3594076661437
42.628606853389 12.275776892584
46.33303679637 9.4726169551129
42.488559635139 12.428813304507
46.656070243407 8.6320962922797
43.213309726333 12.765103763347
50.035312903596 8.2361276560631
42.728927404049 12.803226857376
42.382233481588 12.729174942139
43.479800845741 13.212638123547
43.590942314635 25.471290654722
42.789253512786 13.276668435578
43.59202741023 12.961198918524
42.729583809513 12.100149227374
43.112349566146 13.513604437727
41.958360445222 12.237332147212
43.745347668785 12.493421778799
42.9039048217 12.243005147804
42.076152145453 12.090427871391
42.910458426436 12.113285168613
45.760251382254 1.5048439994011
43.712674745711 12.574162560338
44.884591441804 10.113177946519
51.108162326323 9.0604928764796
33.046597458632 -118.42941637581
40.589412716559 16.032175361171
