25.501322760463 -79.212980817912
42.154881012719 12.474804378357
43.822389642181 11.87500357857
43.107047907613 12.467007842153
38.264475709461 -123.12240544869
43.724942790237 13.02462911516
42.465447961125 13.109716610124
44.415882526064 7.7037740775657
43.713753734603 13.748259639737
42.311950045804 12.705660647131
42.476992001534 13.420538683639
42.104964034702 12.68001507303
33.149687595148 -118.44582150717
43.018090219732 13.164860528992
42.114789262954 13.189515792408
38.096582793417 13.188749852634
42.011724736102 13.075040856898
43.382576795028 13.278861372882
42.589828623754 12.203952803858
42.132281143767 11.865058100741
40.515710983857 -110.84322319904
42.711128613332 11.963692413647
42.315111948811 12.044754145243
42.437748297343 12.132747106803
41.889687983754 12.584948449689
43.896187466849 9.3594076661437
43.311945949114 12.026785739506
41.570337822612 -73.511320252807
44.928224807325 11.152220313304
43.979811129369 12.98763224089
44.242278121277 13.011499015416
61.904423802581 15.164438578842
42.517882493121 13.627883361966
55.977432110802 9.8793922424686
43.173310869009 11.947156194594
43.490714022143 10.084231734804
41.977923144131 13.183607468488
42.033081820271 13.406558349939
42.794005590416 12.964827330788
43.473247858937 12.033036989662
42.11947353285 12.782367057087
45.689870601376 1.9013317399199
43.813854812583 10.209317766598
42.489798821292 13.820549695224
42.476474107486 13.670840080695
41.94514430081 12.553885129094
43.06687371764 12.883396909073
42.919907308633 12.904620023421
42.02690008286 12.445639252426
42.634671394564 12.054272782569
41.838637096288 12.436065551118
43.682810393035 12.032545962873
45.810662144241 1.0494158012091
34.302217752061 -117.26081696706
43.089857925258 12.013097181478
50.404632760866 8.8791549507897
46.616570761249 2.3098560079512
46.000173830893 2.9247760558151
42.425302366945 11.844720224799
42.639259353133 12.87315265458
43.359084697628 13.21629453416
42.35949685164 12.523353321742
42.559654718081 12.981076649868
41.855064376677 13.112266920115
42.611172999561 12.074659095667
43.635703624078 12.323501413394
43.315285940357 12.316532889549
42.912368437721 12.199978157061
43.451538222608 11.960922687783
42.342828613421 12.781997747173
42.191764055862 13.396255218629
43.391496273427 13.16035563322
42.402519961096 13.586889233269
42.865066608838 12.091933322203
45.388138786002 7.9859361842442
46.238109537046 2.766208657886
42.5108146549 12.989352144783
42.388528892972 12.627654332515
43.244064546791 13.468323230982
42.54073675656 12.794427832514
42.643473790348 13.67151915781
43.242108671128 12.662951365443
47.007066792812 8.0591344014086
42.30672870779 13.716488182434
43.510813006459 12.633122171591
43.75737214964 12.269780598262
41.925439774976 12.712552192508
42.246734661652 12.828594214224
42.432382756601 12.675730618518
43.201232764985 13.237593533137
51.477819238081 9.2537961696525
43.594333890658 12.072353308609
42.150349674837 12.988234280624
43.42965044243 13.550021776275
42.303799811447 13.440226179308
46.069467528781 9.981554035275
42.112029548342 12.404845445161
42.655428145407 13.24954560925
42.715239935909 12.834467147887
42.58343413548 12.536441344573
41.915922699012 12.309862374493
43.474327930957 13.246280431417
42.636525613573 12.030568996945
42.5666233928 12.811931469411
27.021052854128 -79.465321562745
