13.223885411056 43.371449543823
13.218962389167 43.371884877522
13.190564018318 43.413208027118
13.25024549444 43.411974163473
13.208059979721 43.414901304739
13.242996069271 43.404770424333
13.231558498124 43.396628592369
13.195333373379 43.364860555814
13.213114869901 43.361271544083
13.21599603084 43.378941952448
13.258038868803 43.369720549982
13.187424169496 43.405117905908
13.215041902969 43.365682061487
13.204851533403 43.372413801689
13.1861156664 43.366103673545
13.211755700995 43.431015778555
13.244547666651 43.38917840339
13.166244067816 43.401548389553
13.20216729876 43.432961835749
13.184036319251 43.437076638677
13.2011797094 43.368832178141
13.188719975405 43.370499892354
13.257635063167 43.418336820073
13.181761001342 43.428110890311
13.194749745652 43.441892264172
13.189433359185 43.401971198361
13.191590610536 43.418816015806
13.23644077139 43.3906063975
13.165593183698 43.389136721582
13.161533479675 43.405500183557
13.217114882666 43.428979557694
13.246969976133 43.384974459852
13.202705644187 43.41698486426
13.25418077656 43.403235511132
13.212891493578 43.40377099507
13.199013767412 43.37640520624
13.230566671247 43.416151209018
13.194199173357 43.389238220842
13.215460574376 43.372174010806
13.185711275894 43.374837224567
13.174798794659 43.403822337486
13.214980814261 43.361626116748
13.177540356863 43.36872139313
13.189396705122 43.362697035264
13.187421871458 43.400483177717
13.253395133791 43.405362189492
13.215807442209 43.428987908864
13.197534247415 43.37627005457
13.216036453499 43.390963603945
13.207645782387 43.388658690468
13.193804171513 43.386917139605
13.191755924019 43.366813095013
13.236138893888 43.439930067624
13.170049839288 43.403747959271
13.178204747952 43.380208020762
13.184973002053 43.361860172547
13.230373364536 43.427907587715
13.174989356762 43.426246893346
13.189926004147 43.401018166191
13.218358253252 43.395194587037
13.249902336996 43.436199680661
13.232280981856 43.394173223264
13.175948527279 43.409960577942
13.228883400687 43.393943118136
13.243355813105 43.394543769043
13.235966646243 43.384533649511
13.230331008451 43.436910578274
13.197168481649 43.373946293452
13.21063384705 43.430242592225
13.193208659179 43.438561303301
13.216812253586 43.444568587229
13.195338613931 43.367121798178
13.21049488534 43.37632439212
13.244476665412 43.370804432508
13.250477684799 43.435477982033
13.239073314836 43.370487413563
13.195106971189 43.412807531868
13.229730889795 43.362344664711
13.258294774826 43.423628030563
13.258294934083 43.423341318717
13.217588415492 43.40103095325
13.204984980752 43.389475983304
13.223354696421 43.446788073746
13.243415581662 43.374660614608
13.211583142288 43.370331417497
13.223553310739 43.384540637689
13.214794371864 43.410732146565
13.18177773069 43.392144779878
13.225984001193 43.412031899419
13.226706863042 43.362112173535
13.232646906878 43.396210272536
13.244766448294 43.398810489776
13.214665800454 43.370271837067
13.191176268848 43.381137380109
13.165821862971 43.424809567383
13.225728300526 43.384070500931
13.231445049996 43.396193017923
13.235331681688 43.410713157363
13.244601733186 43.417572402611
13.173797327661 43.382220710361
13.206331858529 43.42665502125
13.165697289263 43.426859722227
13.19123538548 43.374123806329
13.241815850272 43.444745452371
13.186640361898 43.401016714725
13.210262211159 43.420943069489
13.218721826684 43.372225480814
13.15856536953 43.415711088786
13.211037183765 43.43802608479
13.223188644866 43.391932626924
13.246083293711 43.437425766831
13.243528089155 43.365093726856
13.195409176052 43.418450065173
13.231973377185 43.38655615944
13.213721349956 43.368829356699
13.167444469041 43.421730150686
13.195871226136 43.361466453134
13.195464879852 43.408808746121
13.184571153591 43.43326869443
13.16178626763 43.412389601328
13.215395200653 43.364136552629
13.218712741632 43.394429422654
13.183196663497 43.431180745119
13.236217591577 43.403512303461
13.255715272529 43.403811597009
13.222826784601 43.379653742269
13.183731496441 43.365971807116
13.217242315534 43.427629956264
13.244130124938 43.368956737879
13.242411431059 43.401749982707
13.199930022119 43.434457049928
13.17267869749 43.407807447693
13.194968935214 43.380614527234
13.169386638894 43.393041676114
13.183372633638 43.433091857693
13.25631954535 43.397799275556
13.20402542327 43.397687028368
13.197174822093 43.385923286169
13.22598372133 43.444699483686
13.175806707805 43.416742818179
13.241579328797 43.391027326433
13.23824687129 43.408056797205
13.187245870117 43.360616537931
13.215280979993 43.408951431259
13.259360939872 43.422319802673
13.174559802385 43.41887992223
13.226215956393 43.43303510243
13.199144120442 43.390266218891
13.179749869381 43.396742612795
13.241323470271 43.424753633547
13.214963470241 43.381154974655
13.224779049992 43.408813475843
13.240604019857 43.415900110947
13.242533100903 43.434167474266
13.250560167383 43.421485966754
13.208675574629 43.376809708971
