41.884384408095 12.729862384393
42.980310232856 12.701743172829
43.589864122511 13.72415632185
42.150956506539 14.605975359423
38.326761183155 17.108021828534
43.47574256152 12.299870596428
45.828702090228 2.7159395365584
42.522529572978 12.078549433557
39.87365778316 -112.58124784673
42.559521295412 13.582748794289
26.079186130335 -79.793703771841
50.311455544229 8.4086142677854
43.168793949864 12.807522788575
41.880295457749 12.462915496206
43.190807875821 13.075389578529
42.229958276858 12.356706906297
51.214962702345 9.8705094172016
42.26857501283 13.200685995745
46.735328764066 2.7263455911197
42.621887221777 12.663072348902
42.339576616131 13.628794538171
43.121912354681 12.080257094058
43.100026020848 12.679542657325
34.569175675283 -118.0903184888
43.430714636331 12.679360908328
42.239964831753 12.442327837221
42.229970754718 13.62332200942
42.883087154444 13.681981719438
42.231322689576 13.487593056882
42.157556981874 13.138452102516
43.158086803371 12.679245206399
51.014398311272 9.5616014639668
42.698174202229 13.204848551308
43.739050598249 12.061040323277
42.073543013594 11.9188921172
38.73198943107 -96.19308852134
43.108589821101 12.070623393224
51.648076015594 5.1257072870506
42.960568208716 11.886541914163
43.801933809112 12.414482462434
42.600405452608 12.567974415893
43.318572947925 12.035276848395
42.586367606479 12.487410059912
42.022488692807 13.724702760936
43.470351376345 12.67441791702
42.865229237783 12.440188838395
42.023273874572 13.310158339029
42.023736106264 12.368775152794
42.834415011983 12.545724832728
46.861003412335 2.2890984813166
43.467959988636 13.15345764961
25.242142534445 -80.966606443542
43.333025373695 12.467315267079
34.248641899477 -84.709609710383
42.861862517272 11.171290179745
50.318550594765 8.575346560951
43.211514662139 11.970020998742
42.754220418073 12.237632314806
45.124146934191 1.1481422908363
42.460636576873 13.074255628567
43.421619603628 13.359614857661
42.739797796488 12.614263048703
40.441351558272 -75.044524541192
42.727434646232 12.667296589218
38.822462646485 -77.268913726655
42.480024854897 13.411748877474
45.869016588139 2.8803366585077
41.88916811763 13.394485733677
42.087579245741 12.089482768967
51.09083732408 9.7381180616739
50.853268850061 8.8848598640807
43.048659944951 12.758783715686
42.302185846189 11.98802997965
42.814255599333 12.012741121025
41.973280128566 12.504974649544
41.996780267936 12.225142720747
42.805020505493 13.085863026386
51.24536389869 8.6220550851999
43.082037500631 13.259584059149
42.595352329146 12.259938847416
42.621344202043 12.028336111025
43.506705166563 12.936154912683
42.631417977473 13.415235551289
43.660866483909 13.439566876499
41.894384444197 12.417987099133
42.336460898808 13.655446632626
43.335987519185 12.984171728152
44.643278220898 11.457777876478
42.236403468196 13.281857453905
45.743621999253 8.6241525458029
43.36122196792 13.17403799585
43.083057015728 13.040642402175
41.861250969538 11.913252446315
43.755947105494 11.969785816043
43.568219364906 12.236458541491
43.056345177396 12.810132044766
43.007624955598 10.843960193265
42.395445006173 13.240374208095
42.843165767327 12.751008485815
29.430681943637 -99.366178288322
42.577793058764 13.680259548465
39.729192740158 34.154932580029
42.694719490474 13.768202048639
43.464738155487 12.634032085854
34.1771513813 -117.48320323606
42.996544711777 12.226202864326
43.71553366201 12.48076450663
46.369722836893 10.637685246131
43.737972601216 12.541373778408
26.763235701121 -79.957625275268
41.883692620289 12.797183532194
43.091396787733 12.452300646574
43.467773810734 12.162371022258
43.715347921364 13.050589887936
45.158361392123 11.078108017905
42.455766237108 13.512000300715
43.194677194226 13.755332013499
33.556189553922 -116.82667382217
43.466543758526 13.20070640568
43.218544632319 13.273578193653
43.370753272165 11.95275547169
42.96097028116 12.37259642613
42.48883966847 11.913855595961
42.654067836096 12.96085652849
51.597779936436 8.6081695098468
42.067655274697 12.407798424574
43.880242709902 11.148378018848
42.597434189935 13.261866634389
46.035427520559 10.183147063285
43.796940565036 12.278340701164
42.546548419442 12.713996999785
43.608439272574 12.803298972942
52.21229578029 0.76908283757935
45.418788655846 8.0604615345556
43.653426986047 13.42863402398
43.629725478438 13.165050262683
44.995489417436 12.074562343056
43.128224526613 12.924430933301
42.417624527338 12.189993114786
42.143814787357 12.956559845247
41.863378813448 12.151550525891
33.640014995367 -117.6631859654
42.860667043787 13.341516771999
43.507647803776 12.048982452179
42.469218872261 13.047466894189
43.158812029382 12.281075369719
43.346987276986 13.308131972492
43.222061601126 12.753544720262
43.242705595814 13.452740325359
42.247046301743 12.441006723086
43.144635949372 13.654861034686
42.382756790345 12.500876867932
42.844300576434 12.265908199973
43.429592778662 12.962640431713
43.677287196611 12.31772956595
51.41480233819 8.234048653503
51.437314714974 8.9962410191057
43.54043034212 12.367526133737
42.81133630772 13.279178634903
50.823791078443 0.36294510320432
43.31778253399 12.408408846917
42.282015726123 12.299995369439
43.772980208894 12.362143898386
42.166714696778 13.34070370504
42.205623391667 12.602900030859
42.427020612858 12.786878634632
51.432194229882 9.7023661982745
42.602296794135 12.929858596518
41.88940132546 12.711794245409
43.29119343466 11.8623845181
43.33778320131 11.926866170472
43.624132043528 12.420545703017
42.824652158129 12.547452233542
42.567987292825 12.855473239394
43.662758852685 13.780694507913
45.854817624136 2.7725229737221
25.565780817777 -80.29628602317
42.072587791743 -70.459104271621
43.077829424349 12.802463401969
42.849294497582 13.520493998921
43.613864911096 13.455717484234
42.616226438275 13.232822762932
41.879801892175 12.40435563887
41.990660682803 13.775738420347
43.75088619571 12.721176926403
42.304743204429 13.272933387811
38.927141234885 -77.288373242226
45.636711078224 8.5791121050874
42.071216310429 13.803819137089
41.979057364643 12.962271395608
42.941565325943 11.929447736579
42.801822902098 12.765577691519
43.130411346525 12.243002655119
42.491059602954 12.459750232522
41.753917918566 12.155692250352
42.801570367928 13.553523593395
43.14284771969 13.030060376541
