44.749768717831 11.377018543823
44.754195879148 11.484523505894
44.763134183005 11.364548765554
44.876817863331 11.388666510626
44.842815309026 11.393380458405
44.911428228236 11.266462227361
44.833381653904 11.530563919848
44.647254841471 11.489096084605
44.848473353103 11.312759912902
44.733257833025 11.373213121005
44.851312191177 11.395442034905
44.754375866963 11.518344529727
44.84164467705 11.530707107545
44.851727932646 11.295618857208
44.837525591041 11.468376265496
44.850621874165 11.259627498248
44.930497937107 11.336736545033
44.635342797935 11.511219709046
44.678602164836 11.475792264624
44.980752267449 11.286628854825
44.661848396443 11.427237719846
44.795255243209 11.309339497891
44.972273612452 11.27652936302
44.643278220898 11.457777876478
44.73307496956 11.403799115752
44.674927872336 11.563374949907
44.769849695694 11.566367210153
44.870977789381 11.246238719109
44.88240426517 11.264088499667
44.862882573024 11.272672551741
44.999603631769 11.410142464473
44.641567017019 11.493180174368
44.728249428739 11.558962756912
44.820185904892 11.385583396573
44.872148298389 11.302457208327
44.802812592475 11.451227262219
44.620577013502 11.503999255555
44.899828811686 11.286626657323
44.96238380683 11.326254799651
44.796180544068 11.276098943744
44.85079653021 11.530635856246
44.75616199859 11.572752889752
44.668142506095 11.401707245408
45.018458575813 11.423906355546
44.70212993105 11.353818316061
44.697102530581 11.529382974806
44.892445811277 11.490654702899
