43.269656458085 12.983568659531
42.800013857822 12.533184821987
43.335760315592 13.592732067051
42.026129314243 12.3887134378
43.116551267058 12.641405569243
42.989004773104 12.280349257088
41.378152885374 -84.40712282456
52.344163872695 4.8862320446112
41.690875290072 -83.934083147151
42.084383906857 11.942587227089
40.063168025868 -74.09768549715
46.363277909911 9.408281442946
42.893127460986 11.655867904332
43.665907195169 12.058740511119
51.765006402165 0.30819948678753
42.568528042461 12.199145800548
42.644068729453 13.09955610947
45.043903246824 9.8130617113124
42.051582391885 12.833411501664
50.613300514693 8.5997463919221
42.398122222369 12.928834041568
42.680442266504 12.502460719341
50.290874769115 9.1663390971563
42.295697402833 13.330981761858
42.379363321897 13.010717828318
42.317540261132 13.49421060902
41.906105681765 11.918611568382
44.825532414844 9.5844763568275
42.548414875564 13.294772171574
42.052368316379 12.050505008593
41.836625407395 12.115179691073
42.689954699825 13.193197250012
43.363553918623 13.52948383548
38.199583153973 -77.220954745604
41.911001789363 13.535199069223
45.811475485804 12.534805803527
51.08767014257 -0.27757293329926
42.866010091226 12.997214792782
46.748615068266 8.1862812243338
43.561960293958 -70.277676802062
46.418787843065 13.089639054907
42.981009635155 11.863152603576
42.237472488211 13.587003822733
46.281783888248 2.9969557533026
42.135537140156 12.255774959596
43.449704925294 12.075935417843
45.254680013894 9.5682949074396
40.662924221246 -74.301882448878
33.242514364337 -96.303622267683
45.322735287863 8.8751178778149
41.926533937441 13.139398962345
43.252577943866 12.239546121231
51.25290664856 9.5257183278565
43.755523568392 12.948524236676
44.327820914533 11.868608688434
34.1771513813 -117.48320323606
41.940209996414 12.975652252799
51.386317578324 9.1302236598591
43.347893109262 12.160704651943
42.131032151252 12.393540593534
43.043204281055 12.890358143922
43.66360558975 13.043915786822
51.243395243885 8.8782496945366
42.373955683047 12.525128600453
50.54683172542 9.2009179928344
46.393652125885 10.120381169145
52.43877501131 -0.055291105138735
42.795212767944 13.19207171548
46.101522239717 8.090080590516
49.686020378925 15.894110073053
42.395740039386 12.006499751029
42.911227363141 12.526017909204
46.130594474324 8.3472186752349
45.252652707956 9.2819800492991
41.89434295238 13.660149821409
42.559824154994 13.24686951297
41.189354131129 -88.216891393358
41.990000351348 12.59884737462
43.660026953418 12.811445098769
43.010174874708 12.558393333388
43.82178892189 12.488606424319
43.15707345782 12.950451559385
31.015944844074 -98.203066743646
42.211452208113 13.686628972055
42.886530072396 13.787774914798
50.641636974451 9.7673871235514
43.792522292974 12.887546317621
43.770563100844 12.043747701724
43.326638745783 12.889637130282
42.429235635081 12.740646148932
43.033512757196 12.391277019603
43.014448607368 13.805631161598
42.380165964796 -83.108637491965
41.955917116255 12.27910486065
41.914928081892 13.075339529719
43.237578790301 13.788949075543
47.259094535494 8.4281509441455
43.547323735241 12.429175967571
