43.238403366079 13.037294833028
43.365852661157 13.399106033353
43.124065260482 12.478201149275
34.218960632953 -85.201551975793
42.246493843054 12.535304823229
43.291723648243 12.648360005437
43.27909833953 11.870833092796
62.9056939445 14.509659185312
33.968995629835 -83.722337050141
45.077213288321 1.8445249185173
45.786570256712 8.8623224678739
42.662346872831 12.668768485875
42.121443350411 12.488418659909
42.49299917302 13.669364792162
43.206038161298 13.757714818606
46.685123207832 8.2718984327614
42.802891716756 12.452266751555
43.288392913683 12.944063945668
42.738038761906 13.783972185491
41.739139493119 -73.603247981931
43.007805628727 11.906829347346
43.073054333272 11.843332330179
51.662832805031 0.016603852113063
51.164315577207 8.4137948217866
42.772714043883 12.793131219613
43.09562168696 11.991180937288
46.65346118 1.4675771894248
42.284832301238 12.05693092947
51.115893925128 8.6417522493944
43.454166318522 11.912964803147
51.401174288896 8.8518378026094
42.728100110671 11.900349496373
50.505080977224 8.806602246038
42.027315576129 12.010176814653
43.798109436335 12.067113318998
43.349201061015 12.163679185886
45.66008082859 7.7076688023995
42.69526211719 13.151359003594
43.574824562585 13.289098759803
52.125332074065 0.19930513672964
42.48949870818 12.320045491851
41.987517346643 12.226456925865
43.778367501136 13.538405475013
43.505910871341 12.471041259131
41.124153357916 13.983445477569
50.617570341387 8.9582039420298
43.663903799704 12.691619541373
42.992668193317 12.923174431067
43.160168517011 13.566208258556
41.961817277599 12.823772848523
44.264191148881 11.055563111839
50.979293527072 9.0962580023782
42.700905545496 12.331172012434
40.223021971823 -111.39714380172
42.238294998781 13.70874848019
42.333842885857 13.515677853283
44.4799977431 10.493408253204
51.357400071974 9.3233699185417
43.357601030917 12.573997814962
47.330514909853 8.4590707036942
42.246456273036 11.935019644434
43.001660175178 13.238282582389
50.510921435436 0.67585428364848
42.370691021167 12.347712185417
43.370199559915 11.958183052951
51.206151852015 9.7296198302552
45.029705537194 8.1010757510345
43.230676494202 12.686972599817
42.234184834771 13.311172018459
42.557798764949 11.862504090605
34.747214409717 -117.98148335355
43.535734803686 12.755744259712
42.276020325404 13.677392599509
43.082098214946 13.551015529594
50.901195363328 -0.97615980733472
45.473414706098 11.189661721575
43.774743099147 13.6842880909
42.341775200976 11.839189310504
46.903870158107 12.816414368973
42.214844380161 13.042836466379
43.507239912894 13.539009210926
41.951935476622 12.632359988837
43.048248657069 12.405556556979
42.359077821674 11.929314812168
42.475643377062 12.212468273592
52.013149746933 -0.66908015440175
42.941408046049 13.059980180163
42.623795982296 13.40071959209
42.944375640242 12.968526238582
43.187773499746 12.72856745579
43.657037212375 13.009404753826
43.389177011528 12.588501093273
43.129944352515 12.492295487103
45.102620691386 10.823209693827
51.604606278057 8.0590096544749
42.125904878681 12.797347836123
43.494074255013 12.615585113252
41.952998787629 12.992669015209
42.698628612675 12.165395287895
42.277578374521 12.301488798273
42.902844904432 12.637176156362
42.314645479601 12.038548550607
43.726777163694 13.123470244076
33.542794030126 -119.21100654864
49.585950684192 5.8354527790986
42.760874922297 13.691312844742
51.428255063681 8.2511843472026
42.080397580343 12.368004694308
41.837923881078 12.792065291124
46.814930097579 8.768648348641
41.843808955461 13.022664771447
41.845708324057 12.261094228041
