12.665965399105 43.130318179343
12.755574988108 43.119880857489
12.679167897312 43.089081246003
12.663606689176 43.097338847417
12.708935389646 43.092335449596
12.698213043503 43.142496205488
12.640030229318 43.137577084444
12.739146306545 43.124889345919
12.641405569243 43.116551267058
12.675387719982 43.163674216815
12.703159789903 43.056988250046
12.63552443808 43.122208028178
12.685905656186 43.116855452844
12.681627807546 43.111270924637
12.640878834615 43.109781527033
12.657890591632 43.122330945063
12.686740768017 43.161258582122
12.705965497881 43.05552524752
12.681262451097 43.123103515323
12.717923871131 43.137039971623
12.747660360668 43.12541493176
12.728397759038 43.124955319879
12.627654207252 43.117026880459
12.678633972408 43.113226366769
12.732899022651 43.140945138496
12.693031077617 43.055996106519
12.714116462394 43.101204223068
12.708526083154 43.153698925021
12.725245223274 43.089737066131
12.690591671381 43.164287410308
12.703991724061 43.101518509046
12.742301034642 43.134814732326
12.736670833911 43.109770106224
12.6990538527 43.106513134274
12.699652855166 43.091341231548
12.71888157109 43.121439047235
12.679542657325 43.100026020848
12.64810975487 43.107274741005
12.701623198458 43.159054969532
12.630227702519 43.121483596585
12.679245206399 43.158086803371
12.663120816326 43.111501752006
12.684725746852 43.132993475617
12.666503040451 43.092396003724
12.672571675255 43.158223682644
12.711974106616 43.086386287646
12.678354262711 43.065800115983
12.670383178497 43.156828505547
12.667805299961 43.141556530346
12.647121226272 43.120005867055
12.679064573126 43.116515072604
12.651945452996 43.085853271247
12.669353052841 43.132683367086
12.687991465783 43.146831303924
12.736124533127 43.085318909087
12.695363666741 43.164756683265
12.687738625674 43.112691155243
12.671858330125 43.157600828075
12.734280877178 43.119951773512
12.665261716447 43.106155180908
12.677275263575 43.155421522074
12.69858719024 43.108477239103
12.71625878837 43.092576691945
12.723497717534 43.078172704262
12.717796226853 43.094374091895
12.740541023568 43.097812807254
12.631409621181 43.123582888473
12.73832269841 43.13043630271
12.750108145082 43.108230410215
12.686191858133 43.146730056122
12.66882599225 43.119478836732
12.72069885012 43.086102949516
12.712139351646 43.147037902471
12.721788805335 43.115621181745
12.640280681981 43.106015561685
12.668292539061 43.077221732644
12.683454284784 43.124658274543
12.673944953698 43.077930984145
12.629608330165 43.111679116337
12.653649586113 43.10120443215
12.707144670539 43.084844598607
12.696314480035 43.168921310089
12.744027518569 43.108533130565
12.671433199065 43.082287903934
12.688770019325 43.071867628078
12.736770449105 43.101974701112
12.666276226151 43.157742185613
12.639792322034 43.101081016076
12.63915236559 43.147785862066
12.668242590834 43.095486139944
12.755685266015 43.125433779401
12.736418153058 43.075916669388
12.663642023089 43.082003783494
12.704041946097 43.048659325621
12.745951168607 43.130195824977
12.687921088065 43.093228395161
12.642109047942 43.105259353831
12.689845343928 43.153993464168
12.676733157002 43.118053405622
12.71697810188 43.101020557408
12.680298889859 43.090140574209
12.741230206465 43.090023661095
12.684292705138 43.084374525645
12.743262497144 43.079203959147
12.627583267015 43.120890790674
12.751663436553 43.092461276398
12.70517450606 43.157803659887
12.652516515785 43.090556483313
12.651801796955 43.134244155222
12.695199414501 43.135132172695
12.728982389799 43.116073511616
12.722318436376 43.150997201538
12.706494104933 43.09782969027
12.755992059503 43.104660423077
12.684408671562 43.065080874185
12.720046336188 43.066340665851
12.644729191759 43.120598913713
12.699358452458 43.172433639047
12.676793395878 43.132935328958
12.678693946322 43.10716343911
12.647123129895 43.117585042567
12.666927702591 43.111309165208
12.731898723998 43.144182321238
12.71385983739 43.08948982327
12.679416057991 43.129416811827
12.729157670762 43.071985985207
12.674666626248 43.067230060749
12.708384202678 43.161426745451
12.688093894037 43.164568139338
12.728978726908 43.109479139165
12.671385502776 43.122150376983
12.731649987296 43.088189847364
12.650033564165 43.129224147263
12.691606374335 43.055403612135
12.713984478153 43.144292277838
12.667217796534 43.078015164995
12.70363154856 43.064198924279
12.719055509551 43.083706520092
12.711980037744 43.064900465361
12.739409673859 43.128274215932
12.741169899137 43.08379043179
12.701321170547 43.053904960444
12.697338940921 43.174096128074
12.665439468208 43.130843365181
12.668717041944 43.095848182282
12.729770671471 43.131722985384
12.689899410463 43.125599464947
12.678395056037 43.09538145463
12.729460768762 43.143974777399
12.720715132899 43.0832533972
12.698156529918 43.05829760018
12.740947052737 43.083180682793
12.75212796768 43.101279978243
12.667810640164 43.092691066739
12.663769895075 43.116307681036
12.678759599907 43.131793565199
12.670255715826 43.132033437573
12.663189799389 43.130430093583
12.741470685595 43.087290225147
12.707386651427 43.076042875238
12.639153754192 43.115198068861
12.632070773596 43.12673345123
12.698510153565 43.066277899366
12.705475203111 43.090967053611
12.724337153029 43.086500159526
12.680894244335 43.080097032304
12.728792701277 43.075743305553
12.718519999536 43.110845889037
12.640627357962 43.148271472749
12.718398816308 43.088583889014
12.720952766373 43.154344241693
12.748723803458 43.110126325002
12.661681157866 43.095681077401
12.744564369689 43.136439756109
12.702076111337 43.152805073279
12.719775786048 43.099732023266
12.655872065435 43.149159171709
12.658370958969 43.089484431844
12.669073432551 43.155593515933
12.712857338953 43.112158506716
12.684015603144 43.088426597479
12.71333817521 43.135711756153
12.66543908264 43.077517641765
12.731708868768 43.097704036693
12.729404390685 43.103879777784
12.659129002925 43.129643748596
12.701977719435 43.060463612948
12.75581030259 43.116621336509
12.691966320731 43.162486172844
12.697374768901 43.109942939205
12.714638950657 43.079861315957
12.645560664446 43.114590776693
12.709171394703 43.069851348696
12.687560683457 43.125671786336
12.68369938374 43.068838488364
12.681751782879 43.080080071522
12.666936909646 43.104492985713
12.630203843897 43.101922286277
12.746189258895 43.123161711343
12.700299960443 43.168617672852
12.747607530929 43.126795792567
12.666268438898 43.094015044691
12.657288335591 43.140417304908
12.655633089459 43.084423326482
12.703232633764 43.050703515343
12.676755946931 43.10937493907
12.694188536489 43.128095067653
12.737127857647 43.087529251414
12.652810756442 43.13197935148
12.695851071151 43.167970957799
12.717729168368 43.152010019495
12.695365403658 43.156187780295
12.678118439262 43.106155028637
12.68804480449 43.108355051444
12.69715161889 43.120482499788
12.705486464198 43.137556388594
12.641750668961 43.106261799182
12.645981852753 43.150641744116
12.629488549044 43.129953050136
12.721776686966 43.082108348202
12.643247654982 43.096635384085
