26.628534902628 -80.746970890247
48.924602330278 15.221245403272
42.32398528716 13.162089760046
43.126723016692 12.130827485666
42.941990961315 12.471884416191
42.735219049165 12.824075745823
42.559415379355 13.247275321881
43.032670481167 13.14411211302
43.759323695118 11.974997945139
40.061564770651 13.4943443509
43.41648666815 13.132380491205
40.354951286074 -75.051228452629
42.168397961749 13.648728397998
43.59944134841 12.994478380792
42.087162583662 12.365096967393
44.930340265685 9.8958921910012
41.08726836708 13.370826387273
43.828630419389 12.887544126684
42.641408297087 13.394598231856
43.808964376736 12.074501082357
42.631116028724 13.463201224575
42.5089036159 12.460042411697
42.535435785344 13.036409148053
43.003759643551 12.576677630014
41.845790658561 12.946108602449
43.450694916069 13.481341284014
-38.419476659233 145.81639051725
43.45821454446 12.283279975563
43.497782450888 12.062642518947
43.374244035883 12.602306142285
42.516207797249 13.761481258462
41.345686839707 14.347390400661
43.66872549649 12.975375695629
42.075276440531 12.124481782396
43.346689578794 12.937096470027
43.591315456962 13.784604526511
40.549179698831 13.931555706093
43.291605090414 12.300759043706
42.289169600855 13.820322940063
45.778281547587 10.12826140464
43.815667978889 13.279522209114
40.807790717582 13.663753585987
42.315408515446 12.778964459814
42.53021182426 11.922281411927
43.463678192584 11.918906332443
41.992986336834 13.074263852611
42.504263877659 13.421622518667
43.62344448253 12.384721579696
43.457322947915 13.427277973607
41.838045976536 12.929559146974
45.043523911873 1.8436828352714
44.94637560898 10.280757938179
41.470847595025 -82.187289886005
42.838641006445 12.707727410715
43.747430094421 12.793290242943
43.787227890842 13.3268866727
43.592612675688 12.96715108073
43.191300651169 12.914322956912
43.761719578321 13.396133222357
42.202530413981 13.705543668359
42.424950125846 12.452559513272
43.626278154865 13.580243444827
42.26685295222 11.966195125604
43.137502878524 11.975797571717
43.428158660174 12.680842331949
42.939207382493 13.073910060394
50.278273159302 9.0361602143553
43.173198232995 13.833096583783
42.661267443423 12.578198702365
40.381633647893 13.85694383157
42.913016083631 13.406211451837
42.973768897829 11.942283367732
42.239477585787 11.908280147008
43.81250511336 13.051820619077
43.462437019454 13.058714660399
42.367988189875 13.261078160399
42.213469784362 13.33348761796
43.76313850461 12.71392218478
42.490021616935 12.100787402664
43.581540595566 12.288823466904
43.770811761644 12.522568191666
42.907062169142 12.738093054287
53.440000420874 6.6964836795565
43.7520012971 13.488253564357
43.682342525445 13.619870648563
43.087932189988 13.103703576675
40.612734199342 14.711684929888
42.97898741347 12.437268473898
41.957279679832 12.764848180958
42.326876273086 12.473839925378
41.967806885956 13.730585895374
43.289763404678 13.729112615238
42.037889529524 13.538243357364
42.842873113178 13.361877178497
42.610806420751 13.032598543948
42.002392812654 12.191888505703
41.950429239308 11.872076340447
42.830718723999 13.414349029986
42.916394730546 13.53494733925
43.28727494056 12.458906023998
42.237983125859 12.576544939364
42.179275747493 12.25437014238
51.75050060486 8.7675812294556
42.915110583864 12.881189539994
43.567670655257 12.131428100717
43.349490212926 13.760930525049
43.730419569079 12.175047180718
41.914665472675 13.679425080179
43.055157990242 12.79718046209
43.298334045496 13.628139702451
41.968350543647 12.777520098641
43.049442034259 13.779909647454
29.669604163638 -95.133947018277
42.993924152124 12.46659743996
43.789676450116 13.717550383305
42.631002183387 12.953184254001
43.232774045913 13.421731190508
42.196362768412 12.743198722502
42.309945382343 13.771215496965
40.942691112472 15.300489225819
42.542633504415 12.116915162263
43.38394450556 12.014822960393
42.422384456483 13.306119898498
33.295567273479 -118.85429330984
42.341948261199 13.597674010621
43.651053938873 13.337233397356
