46.786155397161 11.774260789682
42.399646088222 13.542504657334
43.433455164767 13.439530779368
42.04175956365 13.684720546347
42.150468415672 12.025115497909
43.703710961039 11.881585278514
43.149237552283 12.08383401955
43.278048546204 13.164647919224
43.097448300637 11.838041426094
42.82798277022 12.027190000784
42.401276808906 13.311467848884
43.010660517055 13.051301267974
46.319696710408 12.256434364245
43.37763973578 12.428230663982
43.387275118582 13.394590383135
42.096037691525 12.998151993865
42.848405545993 11.967511398724
50.26047853672 8.5190470113973
43.812815968347 12.891522318561
43.760815803803 13.463855651444
42.62117839915 12.815027643396
43.453085679327 12.927891817397
28.863358951873 -94.45097476379
42.144634218975 13.80615970532
46.648680356447 12.924533275268
50.117489173597 9.4332650347768
51.795129262281 8.6499384192982
41.935858092728 12.613489870754
43.383122144001 12.800986097123
45.695418028208 10.885443234928
43.729208227142 12.290242160361
50.526558367315 9.0796595192885
43.379547913291 12.510733360218
42.191295886522 13.646925323965
41.853569737588 13.660861286663
51.050724538998 9.7838940996602
42.019123288349 -111.20872309917
50.048766940389 9.3705966264804
42.489692458201 13.761352840255
50.500377627788 9.9964741934074
43.29559770708 11.913734273035
41.855670700735 13.572921559502
43.201755795277 12.316901850683
42.995110821463 12.749569437837
51.415290673573 -0.0082592268257295
42.30927747132 12.562792691685
46.387758490999 12.228304917264
46.546433495335 10.868313861183
47.177051808956 10.704237441094
43.33009909949 12.501768229784
46.504926435673 14.181674307085
42.194261337276 13.206818088541
46.626511111404 11.403645122777
45.760933290779 11.739930743396
42.658133882425 12.155042749923
42.531272541534 13.368227549555
50.242379021944 8.5759297109097
43.337586875717 13.619025941782
43.622490370957 12.288821850593
43.662054798895 13.011138176572
43.374237306611 12.454882599181
42.633771997727 12.708741545563
42.401028584431 12.084860131205
43.577032630156 13.726000355916
42.850962691892 12.543106159469
43.195501549281 12.011833808877
51.490668836744 9.8357685063201
50.546781557401 9.4245235968495
50.273551608098 8.6117004061172
42.364664327078 13.232114580589
41.876597068236 11.964253408839
40.126247489104 -75.047590018404
42.641346364602 11.877716515177
45.184422851626 1.9343519867092
43.733969875508 12.482241349075
43.667033042625 12.018373040512
47.172959635769 11.389183931865
43.085318909087 12.736124533127
46.448273590299 10.189954979434
41.916630041302 11.999278572874
43.768973765808 11.853863286273
40.269944072047 -73.804899944499
42.492467812047 12.992499289586
43.799734718094 13.469157977269
51.303074689723 8.5548638261644
43.37640520624 13.199013767412
42.831974768954 11.863569905473
42.552518983184 12.193778776675
52.798363476665 5.3865686392582
42.575845536134 13.620090432775
50.39887161199 9.0842320220937
51.460563886194 9.4330072926511
50.189562095883 8.2355401167812
41.970545752913 12.061477697504
46.724646484074 12.234169668792
50.733493091414 9.362924457231
41.84506338364 13.110546269061
43.720592831152 12.417625475425
42.09400499898 12.335627948577
43.012910847579 13.726316949712
43.064372776593 12.938482761841
50.15843519017 8.7937106898957
29.108615348175 -99.113940385716
43.204079553135 13.429299398081
42.020047269326 13.430300965661
43.816328535723 12.430774124561
45.386939092116 11.018401449273
42.274755414259 13.768197780854
45.726651445558 11.504769775485
43.239002533855 12.562687990539
43.316600693558 13.588026195594
50.972846127568 8.1235149829292
47.441835740787 7.1041207905412
43.068436553755 12.262459581395
42.874225685335 12.677692394109
42.612912150872 12.274278404806
43.731240691513 13.255661707046
43.015577132842 13.319818243554
42.443332650461 12.670260916331
51.256333158122 -0.41594483049636
25.150286550687 -80.850866029245
43.774316605096 13.671043434514
50.737599268899 8.1444947873915
50.013981807052 9.5714741570742
47.616605824892 11.212149715031
43.146297481931 13.478263700159
42.034933527503 12.945091379802
51.895254462443 9.1969320295364
46.487322162018 12.215673383172
46.878195111306 11.945134566771
51.278812191113 8.8910416345536
51.410105644451 9.0324808373267
46.53858736667 11.01660033519
43.822633169996 13.371737229366
43.269400259161 12.537925312101
43.246818077886 12.816326759691
51.282598102597 9.3979775371952
43.748917429146 12.5464406901
41.841323442704 12.809017840705
46.075738888388 11.381345600601
51.792998264447 9.2063244074613
43.205694161938 12.213733547022
43.482070726122 12.427986580167
42.643065030541 12.466959830146
43.085090031442 13.66068743109
42.457241253696 12.832339500951
43.743269723742 13.12964419889
43.820074732818 12.473554530888
42.084970751838 12.124716770914
50.533744623202 8.3413340707036
42.735174417393 13.213366624088
46.240783914293 11.379885834053
47.273978991284 10.741157721773
52.165018298507 5.2103807378841
46.085328280223 12.322348643875
47.15189644534 11.305392202297
46.095005607465 11.89986060106
50.220243473174 8.9254967472169
43.262683976119 12.262395318275
42.707788190689 13.420765953821
50.597102507296 9.5731509675147
38.483107588013 -96.782176682158
46.987740466088 12.314084079428
47.251789132439 10.643821822944
41.973280128566 12.504974649544
51.123096645867 8.3076454933303
43.804382931837 11.863095098598
51.573195487062 9.9335351069148
39.320658144399 -78.289143764042
43.26073207022 13.299174005792
43.621930133862 12.401736893899
43.688337697058 13.214066851073
52.878699385272 5.5992201919897
42.021407639639 13.487539799666
47.238088455907 12.59968651335
43.483127646394 13.055579938973
41.988871197698 13.026415912468
42.120067025612 12.868639867247
43.76380474484 12.33891423111
42.941522737959 13.685662053866
43.237175032162 12.558389490751
43.386039980422 13.43534571141
41.855372698931 11.960005068688
42.660571758033 12.674233091864
42.974819685807 13.320151094052
42.815134767844 12.35675541889
42.624677060018 13.751773907243
43.48169864599 11.856073343149
42.483084435821 13.528533017996
45.737363297836 25.840420033243
42.678466180211 13.631894866786
43.678655322978 13.185030912622
42.007617184917 12.047664876139
42.59755988123 13.582091030957
42.961688575804 13.752196899521
42.335823534234 12.294388171443
43.793849045336 13.591230275871
42.431891562174 13.259012013815
42.416568414057 12.328013447753
43.495696021496 12.941923490254
42.376621843978 11.99804046007
43.532645648614 13.062714908322
43.50729370888 13.573522238349
59.37375699609 17.727686109034
43.090023661095 12.741230206465
41.979001115087 13.069390149375
42.102228573126 12.490396171126
43.277457429712 13.386387738134
43.381682180533 11.840185633807
43.709113663414 13.483676187009
42.464267597771 12.124582422511
43.005302713276 12.571965221603
51.567907612104 8.8619481352446
43.226510814518 13.573639221778
42.817219669867 13.091755699896
42.649786996047 12.347058547378
43.236917139628 12.81621893908
43.769978135738 12.207826511587
43.21579739417 13.493297151075
42.244118615654 12.583980110301
42.363131223902 12.933547360813
42.62616364922 13.096923171609
42.875642796476 13.811154016692
43.684110324238 13.024216525289
43.438818739487 13.544005727204
42.826985597551 13.237393233125
42.352414258941 13.279532777297
43.712139497864 11.843214688771
43.654061741056 12.658965534393
42.251617130962 13.103955560433
43.659913604476 13.58445403242
43.178485964995 12.42012113401
42.692521532875 13.38818526847
43.73452420895 12.00540438483
42.792222381028 12.185865982543
43.125481172544 13.300840792873
43.051516930152 13.514006908312
42.616715803119 13.776649745098
50.961481475719 8.2626146009483
43.818759395678 12.659899947562
51.98909663036 8.054116914074
45.253796768612 11.832636841097
46.521851267443 1.2880816637949
42.546085546534 13.092470765178
43.683344215494 12.400663340672
42.903558901953 12.009691815849
50.057566326138 9.6900511242869
46.844338798823 7.4378858131533
50.10404467541 9.406488427616
43.251450250529 12.970894208651
37.179609659212 -97.791418391648
51.24406389205 8.3213392525545
42.21210736188 12.963281130888
51.312817494065 9.5275528153999
43.72172472196 13.386756517194
42.328211203391 13.422440746086
47.463248635581 11.893005901597
47.120594052843 12.313027677903
50.844462559952 8.8935295631613
43.662336009884 13.155246682093
50.811138225631 9.7413557529176
46.198826784083 10.550253777255
43.530795462232 13.203664013766
45.559766431718 12.060091111905
47.123639771961 11.154033908392
42.652418661256 13.034437450617
39.377457306766 -77.720733684096
42.648712998114 12.513249665759
50.533681142392 8.5839032417088
50.593608839714 9.1932471577047
51.991167758587 9.4077364804259
50.740142586986 8.5542811153244
51.932751615035 8.2879022412411
50.282249467579 9.3655517936524
43.708466150683 12.502706012944
42.021660188244 13.757367082314
47.739243003672 13.375398081225
42.672398935872 12.679349072149
51.439458456095 9.8106064800222
47.230552925093 10.601720338667
52.777121957668 -5.3025099756386
43.055522009777 12.288206457316
51.474612774083 9.5376040993899
43.830661147775 12.272626203633
39.790830193656 -77.526143791749
43.733334295814 13.651935407751
42.188678877537 12.754914692044
43.4901364037 12.67928327887
43.133624893696 12.961084860846
50.282598817853 9.5599798749015
51.147314306417 8.6135502022754
42.66443223353 13.215021311892
45.957619580609 10.68821260661
46.125588359093 11.518819328804
38.54780444668 -97.479347631558
43.078838797344 11.914430817105
42.294692854555 13.355991395377
43.053322935057 13.199256567398
41.905404837779 13.827571092114
50.681549304482 8.4894193687893
42.773135473867 13.333670180933
42.585934587117 12.235140153337
43.461124880475 12.392701789009
43.317007957661 13.616771691787
51.956206559649 9.0322375949622
42.860997730357 12.554060087353
42.806508998783 12.093603426655
50.106779955843 9.3850691134041
50.388810622687 9.5426735247218
43.066694447357 12.200882447067
42.096497852887 13.802824586559
41.983930402449 12.272017778045
42.132977716242 13.318089876027
47.943519100521 7.1442055963651
46.639391719475 11.900568511638
46.508698848567 13.910057829439
42.968217867898 12.504139864142
50.826375410811 8.9363764044532
43.686196882618 13.122217831745
43.550124602669 12.961689947176
42.535617018855 12.611185019676
43.654079796606 13.253831928735
43.273289980981 13.268342403841
42.917288570647 12.426547336146
42.957107066644 13.811388119523
42.439419114489 -82.744261335204
42.49587446197 13.707335624729
42.171824022763 13.210865985256
50.726336187556 8.4374819809745
43.729354112304 13.323854059618
46.685259788805 11.680712549032
46.282828768195 11.453556927479
50.919353874363 9.4202803906148
51.067629866799 8.5360683852509
43.704463354661 12.305779593229
43.088583889014 12.718398816308
42.035824291911 13.047076740811
42.742380607309 12.743861798564
50.779372378615 9.2869010284948
51.145586227135 8.23918083135
51.044301213717 9.3757762985191
51.536018038418 8.1293408382355
40.346140453905 -73.743055698008
43.013343401746 13.572336501264
43.547866864406 13.78354048395
43.146957941908 12.591892567294
51.256078342095 8.5531924639611
51.372200972108 9.2743239213127
43.812769491625 12.298636674575
43.303015136788 13.056480686693
42.922721299328 13.62683138888
46.755087003186 11.283275083936
26.747123729768 -80.221952484834
41.889343553192 12.476108263489
42.262392238391 12.716857411788
42.82988366991 12.140596415003
52.174758506322 -0.041909306846512
51.983112757785 0.42034728327317
50.217343540498 8.7206434671398
42.653824858227 13.194869539347
50.997246435842 8.2788670325088
43.598932945004 12.050762870394
43.148739793428 13.026423893902
42.851181745481 13.340565419935
43.638660186754 13.121443533416
43.182769400174 13.665257111988
43.19948673865 12.652529921708
43.710716403907 13.003636837028
42.379855686531 12.478486407792
42.025761611327 12.415835220581
43.348311518502 11.906537737209
42.745576886828 13.069510610362
43.713274053185 13.620391059045
41.943764822087 11.957987508272
42.251018934555 11.883853329778
43.132445100312 13.531036580715
38.963421488338 -76.916380291259
42.115022675674 12.873209030329
42.765391978347 12.50776346333
43.001851749628 13.27893804541
43.674492173232 12.242754283961
42.649255210391 12.061461263386
43.572970333331 12.247628793722
41.901938691245 13.432850233036
45.533880624426 12.204001185744
45.699948111132 11.187542848076
46.222593441898 11.599161139202
46.337697422012 10.577907273049
43.306355656288 12.53240101206
43.765742832707 13.180391084508
43.355321433582 12.398998294698
43.179573107615 12.537628547094
43.115066029672 13.224542674734
43.1657754398 13.477237791066
51.341975297938 8.5630889844909
36.862818108259 -122.46593506672
47.298999875737 12.083046620632
41.873333332091 13.382640177583
40.040752449244 -74.720444825945
46.743617547091 1.2247235580463
37.219956941539 -96.830620917878
38.397689610439 -97.733528322882
43.538582929682 12.655973059452
42.266564671561 12.815387030533
42.486989792684 12.790509392896
50.299041606625 8.2927839738749
43.374950159071 12.278819302713
42.865008757873 12.557505500318
41.862749499226 13.206533250982
46.894741527222 8.3074634309427
43.473615717384 13.540062467374
43.190449450275 13.729864537611
42.912901627812 12.19641183328
44.858728397968 9.7274217615986
42.950068250296 13.411027571399
50.085366894996 9.0795265222339
36.667510762644 -122.88288891779
43.467834730871 12.731237192534
43.165779255429 12.36872616383
42.359199775105 12.911335009596
