13.017617919046 42.175994788865
12.93574597965 42.140059311495
12.924567566705 42.152780199516
12.960124386011 42.178083294175
12.993753725681 42.16898124349
13.017376310221 42.164998508622
13.016529676999 42.181724547514
12.983102108365 42.17396181087
12.959556811957 42.167965009442
12.979288685147 42.156537845359
12.941322963678 42.174560068743
12.990111091656 42.198798340859
12.960085889327 42.205268221093
12.917115422414 42.180989821547
12.931148073159 42.15768385036
12.986260712161 42.17039685427
12.934374302616 42.167679501331
13.010659467455 42.154412126262
13.001247429776 42.14834105279
12.957645765507 42.186536650747
12.954664838966 42.156176125259
13.006896559639 42.18992028862
12.95907383552 42.210734193798
12.923419411745 42.150062825156
12.951912559102 42.189499274937
12.993625231571 42.145253231838
12.96928974847 42.187428774886
12.955306447577 42.159229330814
12.950737488454 42.199728592413
12.996603017692 42.205047720228
12.953011760022 42.180107167096
12.940975891885 42.195919055138
12.999537433984 42.145827020142
13.005520241824 42.191641735023
13.013078158748 42.187189897165
13.018861928053 42.149525613149
12.989476095901 42.210574360218
12.928307599841 42.184277458223
12.915562049467 42.206060864148
13.000662540107 42.20354037045
12.947951150124 42.189279507023
12.980828549725 42.191942756175
12.975259308247 42.186000940032
13.001608158949 42.183733445699
12.958543142217 42.154860084043
12.952696101739 42.164453232758
12.978398936812 42.192134167644
12.914074870273 42.180711113953
13.006787290821 42.165716210478
12.953648552298 42.206653177855
12.968302912085 42.15642279815
12.922893631257 42.20641434996
12.926331673735 42.162068432759
13.005238400796 42.154998290911
12.955799531658 42.193136659096
13.019228368096 42.177655532594
12.95692653535 42.181166824524
12.947995470834 42.181351612427
12.995650878195 42.157559832187
12.969702603302 42.167541159882
12.993051148969 42.202364855096
12.952039014081 42.171544505384
12.916578267683 42.164232505583
12.99186104724 42.200153319745
12.913664131872 42.178093189012
13.016527773375 42.184145372002
13.001792388059 42.179147249192
13.00405996202 42.203023553476
12.959318319803 42.171351660144
12.936265266492 42.162660427954
12.954852321651 42.148675471635
12.945306657599 42.205096070424
12.997743005884 42.157974590642
12.915512124989 42.180508377601
12.97619148112 42.150758914275
13.023634908753 42.175160623724
12.955629370641 42.202582070719
12.995786235221 42.205339186476
12.913181816208 42.178192326903
12.908967460019 42.184575264915
12.969961722854 42.204214376514
12.976151043559 42.1510578325
12.927114115084 42.208139134689
12.941409451415 42.151902986316
12.992875915504 42.158818593809
13.024921342297 42.149045744536
12.970618454747 42.167242847016
13.028854478185 42.156844470278
12.918665890099 42.182852126298
13.000661789927 42.175874017282
13.017722911696 42.148640753326
12.981188619522 42.208604201793
12.949358713345 42.205798055162
12.943725190586 42.192316580209
12.946927926034 42.157091550623
12.912119154798 42.183191759618
12.99292428607 42.149409801324
13.013319904478 42.180888789346
12.955484047532 42.189492169877
12.982269960003 42.210917261083
12.932066509955 42.191279760206
12.936530665486 42.201866712536
12.972591426022 42.171536185067
12.953179782256 42.17558319551
12.963694357783 42.172421743263
12.961867925249 42.194202593174
12.956559845247 42.143814787357
12.994644033741 42.198720089739
12.92424977709 42.147909071852
13.010876549434 42.182655776026
12.999470353147 42.185878847833
13.015464202529 42.161191739704
12.973415781752 42.197475049758
12.918116730155 42.159101482576
12.947944226206 42.179738225054
12.982752230963 42.175649923375
12.92954802931 42.154287949297
12.917412477528 42.186543936483
12.984467739719 42.20270893129
13.006775307959 42.176306982628
12.982748301713 42.209511693686
12.98031460169 42.181877169864
12.925615719506 42.171368249327
12.930990796991 42.178630188212
12.979712717712 42.180165526096
12.913969362601 42.177898180775
12.972574283377 42.191281707136
13.010238968327 42.160537572673
12.954196469392 42.190154599601
12.988807967414 42.156852949039
12.979663876828 42.194575549681
12.964302521203 42.176666454981
12.991378337162 42.20246636134
12.980549149693 42.2006295562
12.924134629299 42.186220382448
13.006115755556 42.181884904963
12.908264868405 42.206236143248
12.984716197955 42.164632827141
13.025165249161 42.155407296587
12.984060345697 42.206111955108
12.976733739498 42.182552375937
12.906057207357 42.190806971973
12.961341320074 42.164274098449
12.942877092072 42.193011059583
12.988234280624 42.150349674837
12.934916910706 42.162090859472
13.011662564267 42.164984450773
13.023272237307 42.174283215878
12.925282496945 42.150408805905
12.982223455807 42.1885983959
