52.052625857551 -0.8455409486571
43.256196844997 12.241320072341
43.620458515205 12.248236614882
62.115292312631 15.718242822549
42.571194700718 12.154415397066
43.79342777321 12.023858143049
43.75926897852 13.606881868398
42.141774540854 13.095379161248
43.757950094902 13.62874195337
51.548747904854 9.0619307630984
43.001618062633 13.486874067007
42.599345685283 13.137628810565
43.194328679815 13.060089811732
50.353889786803 9.3542339486788
42.626459124811 12.110849523524
44.565575964968 9.5411346508171
43.346593924049 12.827330534753
41.989638038927 13.359195297307
42.415830863389 13.147395174109
43.609452508229 12.809313740513
43.416087334725 12.342895138724
26.432070896679 -80.74693546879
42.992735660653 11.890990446292
42.810806479704 12.086685434977
42.155486477632 13.339669385173
43.651754269235 13.33063573594
41.987031858429 12.844229800109
43.289711760513 13.530718597386
42.597437004858 12.550662691051
43.049207602672 12.007677571873
42.893925891695 13.685717726467
43.740887474635 13.720012075158
42.909976748263 12.275189307202
43.633072814754 11.84215080826
43.521514382943 13.02046736426
43.767945572647 13.693458534655
43.644907504641 13.797163497583
42.820605577838 12.772310703908
46.279613659407 9.5565645191616
43.450458368517 13.65264474214
42.507336061239 12.066891647462
42.637775461042 12.005465535005
42.500875405756 12.800449561256
40.355069015492 -74.400645478947
40.39195355853 -74.925798508901
49.688426211571 11.617760075191
42.175160623724 13.023634908753
50.672025246859 8.9406719202831
43.462072401078 13.392145103513
42.657094643778 11.959429814948
43.588398146738 12.852573319756
42.714228280708 12.277400577591
51.236090152169 9.5202981557326
42.308445468244 12.286726050699
42.774367991751 12.129040609195
42.246851568712 13.487065715032
42.936100461046 13.664538202206
42.817868181441 13.623417932851
42.094193299366 13.132505023003
42.418153404008 12.759027868418
41.926170883687 12.839000358192
46.315038354748 1.2978919312814
41.887892493016 11.891417275153
42.136484295214 12.116858159733
43.269420622529 13.276150188558
33.429358699531 -117.05039998412
46.189006749724 7.5673339660593
43.647403769983 12.971146899283
42.113044115788 12.596904767045
42.242753327027 12.339100576185
42.004339774628 12.760222465641
42.528295757516 12.49157738664
42.335163124548 11.904025558359
43.289412367779 13.493672041939
45.142305827766 1.1323146671673
46.100198875251 9.913863802568
51.034990659698 0.05902755490925
51.483606123591 9.179196027191
42.50622579807 13.464920035801
42.736844063635 12.191056647914
45.837946047025 8.6262922356959
46.068109932783 9.0277174665256
42.85106900283 13.332064713527
43.207885687823 13.272919839396
43.822643912801 12.718090307789
42.928364305279 13.137988559056
42.24335007057 12.619992679295
42.246909597559 11.892541533773
47.515179318616 8.3056440764599
51.304140566524 8.7400801613648
42.293751272996 12.825311690043
41.966850106144 13.346212226614
42.175694233375 12.162078532021
43.743138841255 12.599993624559
42.495321181854 13.645695809131
43.741706445248 13.648001953351
43.690057155553 11.985974414289
25.100240290195 -80.744853098102
43.314979721494 12.56601583567
38.18639458698 -77.046763049344
43.392349919974 12.48532261957
43.810386315387 13.066595008649
42.904092647112 12.213082025413
42.869461459999 13.250787210323
50.823083115194 8.9119982095025
42.622597222527 12.301721056619
