42.528942014358 13.612655035526
42.484454371282 13.668065603223
42.510866317226 13.660984389347
42.535139523717 13.61336822885
42.545712432168 13.665984994132
42.487547010431 13.654193884087
42.498898210257 13.656917381893
42.530319780845 13.681204417127
42.511760455816 13.640156864973
42.558351089993 13.649739206626
42.492768544023 13.652774034393
42.543697625673 13.632362472675
42.516747947578 13.662595558775
42.536014782535 13.660623181009
42.536157644624 13.656447586464
42.530795794249 13.676493040156
42.535602296973 13.622587126525
42.494484060695 13.653591931657
42.510688393636 13.67138043545
42.550174748802 13.663580491538
42.517000918538 13.627648995571
42.543299693423 13.643833579816
42.49299917302 13.669364792162
42.500852470075 13.628367642254
42.523248853427 13.664359741709
42.521210232548 13.604760649917
42.495321457992 13.643787440233
42.530777368031 13.626769865245
42.53316910685 13.608553171928
42.505318737379 13.659368533038
42.49170388446 13.627779492956
42.502357897604 13.61229757483
42.511805872227 13.628141473827
42.534604460737 13.661918464446
42.545561647318 13.654088056506
42.553700211737 13.643309885957
42.538003176257 13.649126970998
42.485958522249 13.674043416313
42.543829545187 13.634670454394
42.490997578267 13.645617072792
42.506112545054 13.63883654712
42.501513607589 13.644442161401
42.499974315309 13.614617152447
42.534433536036 13.659358718761
42.547035992421 13.653838757285
42.527047993416 13.649854998894
42.51531569127 13.619863537916
42.517882493121 13.627883361966
42.493436443405 13.608626926622
42.516336385888 13.65358782825
42.5035284993 13.606649452658
42.574227953618 13.643972569932
42.502289962278 13.660209781353
42.492957169441 13.640930882043
42.560352242368 13.634385662004
42.519902833069 13.597969378179
42.491044463839 13.631880089956
42.538816737749 13.664084163825
42.551963121443 13.656678873441
42.503372149332 13.602858614013
42.508765559901 13.609221757229
42.515860875398 13.597488010601
42.539848403346 13.667519801162
42.542523933383 13.654310501041
42.542452270439 13.662216793609
42.506629825827 13.623802134613
42.538640481692 13.63766086925
42.56357853562 13.644561091293
42.533408100986 13.680317725858
42.55661669029 13.637768302896
42.520008219204 13.62344575751
42.502296695741 13.623793231169
42.556443468016 13.642655255593
42.568046300492 13.650035313654
42.514894149993 13.597193503586
42.506094490435 13.621958433961
42.560293185807 13.651291342776
42.551080665363 13.65747746206
42.514667160138 13.612788406973
42.547573366944 13.651708179012
42.55072568571 13.623370243548
42.49421486889 13.675850673914
42.527465502532 13.6582325649
42.545248041204 13.619042105816
42.487948557145 13.646411209689
42.528901798452 13.610652443793
42.536626446797 13.645923394566
42.533588931234 13.611048090112
42.550892825982 13.633534228745
42.54726614365 13.628200149943
42.505728288344 13.648545465755
42.501048101367 13.630501875968
42.556254272629 13.656751095178
42.508539129306 13.647933100673
42.534832162121 13.656583278301
42.521263879522 13.662339828307
42.529911479715 13.644604108152
42.505500158551 13.668645743613
42.49597599336 13.602622253191
42.547739243411 13.655429184763
42.500278745566 13.601778464227
42.505157080735 13.660211373915
42.532171100647 13.659177182105
42.497944119639 13.641817186348
42.532920054895 13.621474722245
42.495620493098 13.627762178738
42.523309973799 13.671977010424
42.521036075692 13.605988405948
42.523176691294 13.680774923752
42.537754251893 13.620694570088
42.547640303892 13.620813751438
42.495321181854 13.645695809131
42.529409290559 13.651462588784
42.523888307889 13.606001359248
42.535065311743 13.659126817111
42.496053440748 13.632311646211
42.530383690994 13.645932920133
42.534843033915 13.643843499799
42.523049165294 13.619435811259
42.49581491367 13.628145584684
42.519536273351 13.645577703924
42.531101421256 13.611538824
42.526104229303 13.652764940494
42.537345440864 13.617972277879
42.513372292537 13.661042626345
42.533776207631 13.664177188514
42.496236313387 13.638303214537
42.542085243662 13.642226626951
42.51787919717 13.652347839297
42.526701431988 13.675613728222
42.509485860148 13.617774898961
