43.238403366079 13.037294833028
42.780642152217 13.497579701963
47.215861361574 7.1398157645668
42.019881741174 12.630285571178
42.712673063277 13.820191121597
40.962920033578 -86.653641027252
43.338309730116 12.571359234683
46.920742789712 2.7888939514704
42.568397430523 13.107037111722
42.499807320323 12.101936733419
42.458622765496 12.944379845164
43.80346342402 13.603979337331
42.405652888795 12.611474844467
43.411974163473 13.25024549444
43.805492770323 13.706253798097
42.191700338962 12.84334463621
43.657123153891 13.360508880301
43.205345103168 12.989949911849
43.062245723841 13.182886737505
41.925917893169 13.39853402341
-34.32969768527 148.15188818905
40.90535218243 -74.293317476687
42.082342786308 13.759260433635
42.713026467132 12.978173416584
43.230677867437 12.88456463438
43.61273008895 13.287559130384
43.085988001028 12.823701990707
50.120420571938 8.0430086553297
50.967970304176 8.6967771368552
42.369726431284 12.580303116993
42.487547010431 13.654193884087
43.247055814272 12.171657088314
42.838654149735 12.053657069848
42.492881190282 12.79400452638
42.881195393357 12.997667614856
44.611493417579 -73.475914643039
42.481284526888 12.414001905107
43.242387479771 13.544308109483
44.323514709798 9.3362808409992
42.026070142198 12.916163702477
41.913544739112 12.494796837466
42.654321712886 11.80968304463
41.933948658397 12.675502368585
50.766230681104 -0.066224659875135
42.654027298537 11.576236561486
43.085217516464 12.642577038001
50.775616213109 8.9264485970728
48.451658044061 -121.8488427521
45.673586561074 9.4460052042505
42.00130682953 13.828111604728
46.684156484289 1.7454527731731
42.930151818309 12.340466735133
46.351075521859 8.4532811058933
43.093047326029 13.430523958744
43.784014088953 12.838229042424
25.166363572762 -81.036857298402
42.510788894052 13.791330012882
43.704363009776 12.252208775979
42.008268733068 13.39268087523
50.661383256624 8.0993420705662
41.979888786108 12.976902145437
42.662883530235 12.102705323672
41.990067378169 12.016534913826
42.634450834561 13.354143439978
42.4467297669 13.684312073854
42.691321994521 13.283526395135
43.398588239422 13.020779266053
43.685677769934 13.637524864023
50.679399785436 9.4383034107454
42.502992118964 11.890997654729
42.470388409456 13.737202467295
46.291048704782 8.6455607091289
41.850613521829 13.443554066815
42.106907500491 12.662635654075
43.335641661371 11.954589116853
42.018041505042 12.470691719798
51.698746601911 9.3626226491121
51.726633375383 9.6431016785293
43.681132947433 11.896782844766
42.119762840758 13.561064204018
41.921700071994 13.485273956568
42.779904271394 13.566680117329
26.86604919556 -79.515234733981
42.255306235189 13.468789047801
43.66217208221 13.644611066994
-38.988885432942 145.95283526988
43.473844895847 11.883338356357
43.738336795374 12.705729219946
51.34431810274 9.8066606842012
41.901831827102 12.908313420114
43.773473868528 12.217639906454
42.569221662178 12.601483207963
51.452287456231 9.8185203037311
51.760084405895 9.8163094109932
43.100958154605 11.964429379445
41.891103522822 12.335622089161
43.310935008971 12.743089123065
42.04182354458 12.010894748408
42.8936741566 13.752060895226
43.117565388401 12.462547288513
41.981319471275 11.83846863866
43.006380588306 12.554532259982
43.802169523131 12.038426696827
42.826277222424 13.677623533049
43.615392631693 13.711857117599
42.898321682095 11.993043056241
42.561376279502 13.489866660691
43.388832524621 13.053186355204
43.223609817339 13.673402246422
42.040094662032 13.184020427628
33.369582313577 -84.285373123259
40.917835044868 -73.678464649348
42.097764305371 13.321940651334
43.223890588744 12.020761255206
43.011844779857 12.685559853786
42.316764860117 12.577547128137
43.783177255573 12.545914007626
43.312845578584 12.115974127856
42.597300568895 12.767963472201
45.834454333798 1.7187869864138
43.10322560144 13.311665080654
42.18992028862 13.006896559639
50.679094558432 8.4877023880778
42.033790259193 12.720948925599
43.713825278338 12.584107832345
42.723151335385 13.297492222554
41.906636728417 12.453739069169
44.866079633739 8.9472619330475
42.706837520819 12.537525941423
42.149707127919 13.589043721852
43.473083234633 12.324203666937
43.338861545261 12.450880548682
43.144275111234 13.812055624024
43.03605875237 12.770746656608
43.13275389335 12.921412382259
42.951971102039 12.735758118229
42.450166770488 13.239966084848
43.802453390717 12.471236834543
42.14415579624 13.387386935033
42.193084319233 11.9949509646
42.22603668518 12.770818672057
48.733418112895 2.5805684622031
50.302849497321 8.1654035030703
43.741371346073 13.42489836806
43.092567388964 13.088409687455
43.415781768253 13.358663103731
45.235068191884 1.0343142729412
42.013451607925 12.139705116947
42.300481882107 13.356766079274
42.011724736102 13.075040856898
44.843949197533 10.849667260141
50.821736888877 8.2980141040394
43.519441714773 13.563148580309
42.03565083215 12.530364353478
43.586965662722 13.573326938608
46.031191056772 7.7448756197466
34.982889800171 -118.37985758713
43.282150902938 12.262084550833
39.990338853708 -74.672457478919
42.420965779324 12.176652165233
42.076699882337 12.202957999542
39.920739360734 -74.02479023035
43.751286927981 12.893614285597
42.25804254939 12.23311994424
42.629753518698 13.822098908418
42.283756253463 12.193778641633
42.601053967442 13.70952330006
42.998941990102 12.434458419904
42.662580974264 13.137136088303
42.848507396827 13.038724639026
52.39520130907 0.55456663968255
51.909965968649 8.4243793876024
46.799051458854 1.1964633870853
42.552819302584 11.991023737023
43.149044222289 12.021950782308
42.835675319136 13.697568977132
45.489132110257 2.3611938158801
50.221741083647 8.8167172553096
40.907117091681 13.238441526347
42.147444611505 12.190162677893
40.98122945675 -73.84623256518
50.661632818245 0.2896272564212
50.890148124606 9.8549191755498
42.522473739259 13.231924508362
43.220334335354 13.083940536775
42.61444691739 12.828690432419
42.005962714111 11.994819401782
46.639187468513 1.6739784575412
43.216392904176 13.330588462937
42.211331761096 12.678765492851
43.752531423139 12.973173906104
43.195501549281 12.011833808877
43.715848506783 13.041306003503
45.566358136465 10.829647621226
41.941915486002 13.379662236862
43.201058942008 12.117640124244
43.153148456103 13.113340752739
42.508884153121 12.95995082008
42.834061571341 12.887372198949
34.268071918234 -83.777082191906
42.210574360218 12.989476095901
50.178247340107 9.2198229367937
61.875978706347 14.194014404991
43.414527291646 11.899985365544
44.696438028033 7.7349823895795
43.322495478842 12.137669929388
46.063470780853 8.782597880991
43.613379560718 12.679783951363
45.496630344934 8.8629224889063
43.564066278101 13.200558035749
40.011053329025 -73.705889763771
42.636039974019 13.789898875558
43.454045598162 12.42685197828
50.061443374055 9.6143633009001
41.853876791382 13.564124199845
42.000888287577 13.570548140265
45.202082740002 11.724352223854
43.82709295157 12.384176919437
46.509170963454 12.526891212944
43.529489391285 13.487764857958
44.453565850322 12.88389696727
42.464267500448 12.633184700589
51.024275260989 8.6076625518536
41.877136301679 13.601365745369
61.83648872135 14.849155885097
43.139763194688 12.604452947923
42.689251336145 13.02375155318
42.540676666231 12.902967526088
45.229396883808 7.9234311115571
41.860063200772 12.635506638177
42.52864582258 12.207654105151
42.621761538865 12.350976932047
51.878178498651 9.072882908896
47.892066891721 8.3634182919578
43.485999686425 13.278461231535
43.653292802488 12.894216053625
42.210695341349 13.814427560596
44.476013111035 11.691829215776
43.630284076405 13.264951042044
43.519959617204 13.181130163943
41.870695201641 12.728205240692
43.042437053326 13.046773369932
42.017326007626 12.159991770147
42.625503632087 13.600930380004
52.400750893588 -1.083128739704
41.849519101388 13.130137543276
42.629137588979 11.943661913736
43.230569643097 12.479377718887
53.483136212911 6.2929671604852
43.128153475082 13.62564047271
43.299641321108 13.632296784631
42.444221475855 13.821674272822
43.647125042832 12.216999650589
42.2157404722 13.220987681423
50.193069591277 9.1297447817073
41.992915125581 13.490515646308
41.969721476554 12.391929716075
37.613873713611 -81.365592504722
48.315609314414 13.517434144887
43.704338312498 12.621878525087
45.649106692851 8.2177622595885
43.715185988583 13.047838678161
42.447972025486 13.380748904974
43.09794051719 13.82214618049
40.82589273674 -74.509888407212
42.228170477912 12.404360280582
42.907968896885 13.073436920586
43.28588564761 10.335916298947
41.880944880622 13.315895340574
50.100902288268 9.996880845631
43.7617550361 12.325588616249
43.278509899193 12.701424815108
43.194251481555 13.462495861346
41.910924940815 12.318685875909
41.933434374602 -111.45583122068
42.068530200568 13.355575049948
46.521247617677 7.5940902817967
43.70815698465 12.254850117164
42.677027052605 12.105835313513
43.134932449637 12.515609594789
43.104612751868 10.675719237759
43.21978266177 12.715650553704
51.172019838203 -1.0007373625928
42.401367953721 12.509480989331
43.316685796651 -82.261257229702
42.012253064689 13.325982747772
41.641378523126 -87.023256438586
45.544998468179 8.9047595180127
41.891109160584 11.863623138475
43.315112835895 12.042359442025
42.32196075952 13.111332515327
42.143814923795 12.250612080701
43.098290563162 13.145173585131
42.943293882063 13.057477951098
43.389896267296 13.030286959873
43.133394717322 13.832405693772
42.978999708325 12.44504812988
50.516209616101 9.1558131255004
51.393482991445 0.38441114419811
42.799675576782 13.154225145559
42.241996036976 13.023147434494
42.454940097174 13.595776431095
47.043161279356 12.866464593733
51.846549720898 8.798571273125
41.915562682301 13.166884751623
43.279996533098 12.41894641773
41.977839502997 -87.715584195277
43.448088229398 12.651868930411
42.76069447296 13.162671779379
40.264197104017 -74.609088180471
43.785150541379 12.146416314501
42.274220885392 12.723694983762
42.874353558253 12.743379339943
42.511398372034 12.320054441395
42.403687624935 13.453146506333
42.134335619015 13.394068080671
51.857356099811 9.775804453425
42.601063408724 13.780868697365
41.976202186207 12.464755975879
42.77408786389 13.724772675321
43.603027042303 11.89664363579
41.543970773402 -74.50264235669
42.941522737959 13.685662053866
42.431891562174 13.259012013815
42.953055029734 13.676445128266
43.076088381522 12.308578148649
42.471887480708 13.21194055409
41.864156104116 12.526737073703
26.216280243909 -79.925470379422
39.951251955145 14.292066768341
42.184081197823 13.633725147545
43.489016835827 13.306883697562
50.257377415084 9.5871735236548
43.402335853059 13.115950391237
43.721474500264 12.950911151243
44.344487147843 12.310671657722
42.81943287275 12.610473539054
42.490690806664 13.030454544851
43.489262697536 12.512181320953
42.175464511486 12.414280592678
42.54380921395 11.960561426825
53.19552665795 4.8594605895269
43.144829206723 12.59351715289
42.55600887891 13.308808992782
43.738736993998 12.499843220015
26.435942650027 -80.237972104377
42.637108675988 12.731245453831
43.031776200084 12.872721416837
46.16502684409 7.8760998471994
43.061092847076 13.031606496813
43.634665453192 11.902966136089
43.767118776595 12.393661089446
43.227230790664 12.651814467598
41.953828410245 12.528824637911
51.653350234802 8.7402156632115
43.11744811114 12.386028933074
42.763976001092 13.686568818861
41.965017652609 12.551847158744
42.067903365527 13.739874752604
43.804679658194 12.011423450921
42.681210854429 12.567924659519
43.558883986717 12.51497941304
50.446870560966 9.0203859773559
41.866318588569 13.805504876585
47.570173828197 8.0931722624661
42.329091073188 12.982517504612
42.382698368946 13.765085785561
43.198377860823 13.473778120949
43.053196285897 12.720349246527
43.332130041615 12.619493802388
43.826136535905 12.13725292272
50.162176369299 9.7002747471911
42.262739350697 12.351819514482
42.404787920625 13.154290027544
43.195388526768 12.074545189328
43.364121726905 13.315296298526
51.435340945346 9.9364994070197
51.882311822559 0.14296864160941
43.443201119773 13.506621997595
42.30337349947 13.022195671716
42.374072439698 12.389363100955
45.059844307557 8.6867492952788
42.155223756656 13.512824089992
42.946508448567 12.135416287547
43.244299576753 12.051231785722
43.24883198193 12.896417297396
42.52848601368 12.148754616358
41.89618122249 12.853097510477
42.540131672092 13.25792549099
43.348007964153 13.169803071867
51.411076143575 8.9855785574697
42.095014929837 12.860669271045
51.475496164279 9.4032057032004
40.770534263884 16.212099735235
41.115777561647 -75.392074608092
50.508589919893 8.2607628965102
60.74153621995 99.627212864173
41.972103430432 12.40660415704
54.144089812203 -112.89463952552
42.425424006987 13.520861017316
42.55458701523 12.060878807263
43.374454790391 9.646563551713
43.764270602171 13.493237743405
42.80834748496 11.934189436016
43.631360108813 13.787356321156
42.691425949678 12.141974261583
42.417993648193 12.695436227946
42.868803742302 12.386222147118
43.441661338549 12.244830543776
43.573565043797 12.260719723676
33.423456939451 -118.07883921572
43.351525398622 13.347068301119
53.147348396316 6.1890752885673
42.517351237853 13.091939950891
45.949292361641 10.236513565032
42.707393017017 12.464219899154
45.897585840382 2.2391015469279
42.066461689822 13.443521291711
41.946032255884 13.782176099637
42.59820826987 12.826870666292
46.67453482266 9.368252928915
43.199090584295 12.452725898241
42.296173086083 12.080037821608
41.889563747186 12.837376994492
43.485389328343 12.439342813326
47.773517290744 14.150397761583
43.369966687362 12.690655568957
47.906966350862 2.8473021846229
45.479429623801 2.6388374458248
42.349079412592 13.832378130349
44.30172541591 6.9886744548281
41.910169816555 13.261309480903
43.723387957443 12.422749577774
42.80163347062 12.061823263349
39.13710299484 -77.712310837873
46.841060201098 2.7290836375808
43.393897425122 13.083421852499
43.252577943866 12.239546121231
45.972562940501 10.99469324823
43.219024066936 11.980180941534
42.397644992658 12.15635195151
43.728218297834 12.817930827319
42.612115756449 13.105266716401
43.483486004886 12.206936512725
42.414292071229 12.820614300606
42.710412664691 13.473724246732
42.479441031127 13.176708948436
40.593430964704 -74.356454928237
43.805617107475 12.792458518798
42.822214574491 13.164144942634
43.525265617096 11.844658697438
43.074841697291 12.91932016982
42.969293500303 11.972694600009
43.445576595371 12.09901220917
46.320254598682 10.080955860361
42.089598332594 13.515391140506
43.204867555876 13.699764391289
50.970231470172 8.1245851219281
50.902708396736 8.1423728964954
51.41668842729 0.11576302675799
45.299502220144 2.7886963318049
42.208715171671 11.929552625853
43.197648576574 11.942815383425
43.105920478306 12.341241635096
42.793197248987 13.411265053068
43.215207182923 12.242102879699
34.555387029862 -117.47488819859
42.52216149893 12.270054066235
42.9348361832 12.201475104432
43.732497651026 12.459403444316
43.807940737276 11.885749009406
45.000294837731 8.1030550317853
42.869648258628 13.239887477031
41.873793633617 12.072161460816
42.384063502508 12.344310296881
42.005351373949 13.136179837017
43.693702206825 13.446420390388
43.069738579036 13.319736186585
45.128513147183 1.2502920186381
50.720923669972 8.1853220337933
42.455521868309 13.64938649521
51.579697507704 8.1667642612787
42.382233481588 12.729174942139
41.942830519279 13.126742940476
45.97035158983 2.0452744076239
50.962627273967 9.0920227226298
42.57405900239 13.184266673508
42.880468204583 13.16772075473
43.083287973482 12.776869926519
41.354397540961 13.372153816103
45.098321108915 6.9772619465027
43.229554608126 12.93122366349
42.610746559527 12.319797863888
25.029262635853 -80.328300352637
54.295410361001 -113.43945390007
39.633138032754 -104.2214207556
42.272567776645 12.418879828166
43.122150376983 12.671385502776
42.325567874764 12.332075630025
42.525546721914 11.975434111441
43.557101673261 13.714418287743
45.595793926434 2.2777282149893
43.404056050558 12.33362109092
42.309350342189 12.779721427627
42.826980290875 12.424573087352
43.257882629662 12.798373122627
46.071561544236 2.0267732418267
41.977822039287 11.866893099114
43.545079435031 12.689835195306
42.18348587641 12.468387738575
43.651393377546 13.360984688814
43.192898079398 12.851196469691
41.944788158401 13.52846464588
41.84436671291 12.318128409499
43.747320083805 13.597012086605
43.706377967145 12.66758793905
42.886352997707 13.570766653687
43.621412874044 13.169029160037
51.712085180083 -0.076751684856947
45.219286539254 8.2697839651582
47.960531421919 8.5788002096018
43.065220885496 13.712027910518
43.226985160388 12.12506874193
46.503294378288 2.8271356652617
43.112577455657 13.660206033711
41.944182753558 13.412216211882
43.413574453191 13.486827146975
41.89059742444 12.069032146649
43.71209005488 13.404115846124
43.635261449348 12.740224002761
46.019510980705 1.8672419483155
42.235745293685 13.290836979792
34.316897817886 -118.10620333655
40.697371817205 -73.547797676562
42.677331697998 13.777467876124
42.424285400877 12.101514177465
51.648413511949 12.484534989709
51.329322088663 8.003676457798
42.646999836756 12.832199991158
43.10495536828 12.036360059437
42.841019387304 11.982501392266
-38.068427973924 146.02286152652
46.331094955714 8.942044430851
42.345212353575 12.375627505323
43.363597691249 12.45349291875
43.284235842679 12.389434830022
43.58052722906 13.421672832438
43.62170539222 12.35289064208
42.786342456393 13.65620487961
42.082055463515 13.336838318213
43.210816394657 12.251021863099
50.94008432419 9.4433108966068
42.021782434577 13.194148162026
42.61225430698 13.009471539433
42.989821508543 12.733742466093
43.585458378601 13.11609554438
45.808575258967 1.6118872182499
43.275116738081 12.731479336869
32.767894425827 -84.384196919009
42.187123753239 13.035119378511
42.149409801324 12.99292428607
43.212293472261 12.387031739779
46.361961900451 8.9499779596692
42.146186781671 13.272098210322
42.367243734846 13.380671580986
43.049995207738 13.596116347071
43.409536267842 12.591669737658
42.288566362734 12.007853724087
42.737727864544 13.593612606003
51.853011718883 9.6913140298293
58.582077561683 25.173734555567
43.468673533534 12.926211914966
42.630261069013 12.245914464486
42.066873619851 13.406138600992
46.285805998969 8.2755940641629
42.717085055896 13.106551250979
42.951106116174 11.83335893968
38.837111855739 -75.019275351741
43.738261465348 13.092882860051
42.136145497757 13.445958858585
41.833402465041 12.671278598586
43.255906176428 11.917905765568
42.972223668833 11.887719396005
40.345682848558 -75.246552591458
42.378362570621 13.47660294246
43.235978860539 12.435522342325
41.839957850932 13.733561774613
44.878046926382 9.8552640441364
42.360280010107 12.406208261592
42.311175957022 12.78430537173
43.607652982535 13.388820824415
43.42393873421 12.318384672219
41.99100358553 12.424218868124
43.340208748069 12.002154706999
45.866748787892 10.171909105299
43.714810751267 13.793548304512
42.291117110446 12.103049876237
42.186341907937 12.685188245368
43.222585356919 12.961033822971
43.054735514847 12.639313442951
42.061952741401 11.895031760885
43.406750144647 12.434949675333
42.248658959891 12.45277924626
39.075093607162 -76.48750282051
42.091693020024 12.504377781204
38.710713948163 -78.393808205289
50.667790374564 9.6652564511938
51.609220037288 -0.35862366271606
41.841374033078 13.329202709428
44.037458138905 12.689208324414
44.216510368493 12.107200395391
51.301108280803 9.5956937789897
41.967806885956 13.730585895374
42.954124731943 12.592441610823
41.412097889212 13.374282654433
37.676170730992 -122.21686191579
42.915583616104 13.780981224415
43.531272230007 13.299592182666
42.373414593944 13.420537995857
43.107084949572 12.030574417708
44.915052953426 12.176495695548
42.158677225562 12.642772853229
43.62823777165 11.84709201655
42.407698439179 13.700898888868
42.297550331961 13.714358704053
39.110237196938 -85.655082385313
42.326347551016 12.575350835277
44.35520103381 8.228993847656
42.087571039858 13.536019889908
42.672997176982 11.985767843682
42.713938739504 12.053799978969
43.605091937189 12.199622325713
38.187367573176 -76.993664219932
43.497366201385 12.244548025676
42.092297940113 13.20930810983
52.299707692489 0.4330151580847
43.678996857127 13.128828848327
43.398285111619 12.919134014269
42.804423053213 13.567268683395
43.368000862847 12.460173844129
41.956928343047 12.81907204346
51.00414352352 9.8380283265552
43.650797616549 12.041774432215
42.629973248427 12.054441054864
42.929023713327 12.07603112381
42.711560694853 12.298856999885
42.437136362531 12.69459240918
43.175701073474 13.32064856699
42.712397720552 13.325093446937
43.003626182232 12.095986190318
46.086941346706 13.014865766879
42.300421563138 12.69398458383
42.994049183577 12.175867635394
36.839901292459 -121.68470850639
43.379181783378 13.517636770179
43.755517494306 12.496984302784
43.35997758033 12.186892563585
50.338897010004 9.7138679193863
51.414626999951 9.0533550712528
51.649652338424 8.9403601069657
51.878122765048 9.709633417758
50.593656162076 8.2029351034215
43.735898302766 13.154111148417
51.38715894352 9.9735209192026
50.002007361968 9.9282415662558
43.621756447324 13.116801374667
25.990793340498 -80.352075188567
27.013195211057 -80.148495452823
43.303873870219 12.996200109851
42.612724536871 11.962511099413
40.861331747053 -74.43935933849
43.034925804511 12.499307734214
43.007306341572 13.496407880234
42.755705723565 12.818030121929
42.1884349432 12.342284835124
42.304984389502 13.459404728145
46.80827087481 1.378710443796
42.236806936693 13.417623112659
40.932006993905 12.056275307504
43.394123302977 12.986778670005
46.258033953262 1.801981532854
42.873266003057 13.498247778296
43.528766777634 12.65001349556
43.748561655541 12.784262255686
43.379070338525 13.104951618775
42.448459715812 12.732137950034
43.362633334663 12.320470127447
41.930139741383 13.773002228149
42.48062316539 12.160400327391
43.536755539282 12.214143193448
43.239914748485 12.508000324738
41.900450981662 13.567619241128
53.223591855366 -8.0187678458256
50.726756174921 9.5267870871009
42.309764426833 12.442449856777
42.56631075759 13.563334301397
51.81648918093 8.3109394848863
42.236754038968 11.950857188085
42.458792433843 12.835892001112
45.198995738849 2.1188094644429
42.774666737681 12.460099433784
43.203594878432 13.821728558218
43.208362235806 12.383587995278
43.295351932915 13.634434916395
42.708995693249 12.831965785416
41.87165680291 13.380509993725
43.033973428923 12.030533807387
43.61112194306 12.876953714491
42.732920483117 12.807275254211
42.028033903834 12.859046901532
42.460767037005 13.315991650969
43.525153630213 13.299270752512
47.821403492878 12.644696993376
42.673582137431 11.834468772113
42.888443042493 13.492187788029
42.660611091045 13.390015819313
43.479574685229 12.200756096861
43.66104284474 12.657454085863
42.399591701778 13.366933050292
43.224683085582 12.2791028923
43.248771275996 12.693933986472
42.269045406902 -76.128413757263
43.693406497007 11.924859740757
43.597679595297 12.321364033207
50.331618216043 9.8502724719468
42.501157885672 12.385030756905
43.767128299834 13.352244226447
51.804810836122 5.9185914048779
25.627407941777 -81.09944803067
42.71030419681 12.701270201125
43.087120491607 12.26524886969
42.164576658145 12.330802397046
43.662771790152 13.2950624895
42.191649797483 13.560256331044
53.958163293059 -8.7895179510999
45.36589959374 2.149372735596
43.231148613745 12.601245676003
41.927181221532 12.261929259313
41.697599946169 -82.037955461295
43.369423385437 13.629308578407
44.590739703572 10.047560164913
52.277339105856 0.35419488756182
47.80364421094 8.5927023215185
41.843292662356 13.046050532298
43.335919160108 13.236872311347
42.461237341867 11.833574878927
42.829106072371 13.584592519156
43.450461768776 12.525026236461
43.275304490384 13.313611047044
42.355030308198 12.552445843628
43.140122983225 12.247822011957
42.999119591454 12.448211768872
43.142795780295 12.229891324078
41.86911148993 12.368419273018
43.363553532059 10.315221921245
43.47969320534 13.463682101811
45.880439158008 2.612422605796
42.42971504688 12.95846460527
34.154259075196 -117.35005457465
34.928447516781 -117.54043634988
52.745340565101 -7.7166877429544
51.560441914974 0.85231360734549
51.446570539589 9.3665534739227
43.323434984949 11.9162947689
43.454990160884 13.829964628851
28.050181223472 -80.885336762044
45.307548625072 1.4468926365706
43.231617101597 13.287871519259
42.458971012618 13.751828037573
42.199684087301 13.543301483425
43.074436192456 12.826261721492
43.700720237915 12.140530619857
41.881299326628 12.574292228846
45.049643660637 11.075301805288
25.102333445133 -80.282544955552
43.216115931171 13.311889848372
42.088347151006 13.346050708737
41.957575807349 12.458924276523
42.382035152254 12.601364674348
43.456365964609 13.329638223804
42.266079579625 13.316641985607
43.182359336981 12.962867087223
38.321875581402 -76.660087558167
42.703651599469 13.05574219306
43.441847024712 12.499506151092
43.619551575121 13.292202016961
42.566316483361 13.174691293025
42.949075330977 12.38739876283
45.030946047688 6.7430307283988
42.768060826609 12.085250697159
41.916811947693 13.614223392522
45.191510015256 2.7544335009318
42.101633672324 11.686839267277
50.007484089587 8.0695254421185
40.444860072234 -75.293423627306
43.420597998177 13.105425539962
42.094299144642 13.461722293173
42.432013040631 13.601605741608
41.943301543122 12.117168482469
46.924652865587 7.4452814052092
42.190686577575 13.343492682273
41.967107226146 13.309573307799
43.340561249473 12.080370423442
29.712076480663 -94.726755593054
43.827918326889 13.381151079864
42.007743247344 13.103542370325
52.120493554799 0.26477543970327
42.962766582616 12.994823905658
44.815702589634 8.6085528084117
42.555726853945 13.380971172557
51.744845525243 9.209490624354
39.52454100095 -74.761010078823
45.097611714575 10.17848150962
41.873503245375 13.085275770226
42.947716096878 13.288643140501
42.283620669194 11.993693936634
43.095373587283 13.657274265169
43.72397695471 13.393636763766
43.670562394762 13.272104136794
42.024224730706 12.986734977007
43.460542279373 11.899220648456
43.527343263651 12.116846874897
42.355317512248 13.078712248301
41.927899785793 13.786098080143
50.917852377248 0.56164963564447
42.14303362518 12.729682984657
42.578152810048 12.819948336047
43.086504740702 13.01102259944
50.812823468034 0.84416309592043
52.262697536853 0.50436973869539
41.901472962902 13.162434891894
51.067923658093 9.2329245960493
42.034323951266 13.144349132287
43.466240595333 12.564410744984
46.786615930398 7.8066212729582
43.411083824679 12.088830781697
42.484100187909 13.704340659897
42.217958696775 13.681851106569
43.486112308936 13.350212597007
42.322316275149 11.921154418945
43.62778668882 13.084898215313
43.183664594418 12.88225035692
43.471654222122 11.989239440781
45.711183081247 1.959701377414
50.90324594495 8.2080984521695
42.83781316545 12.299043628082
42.357840016672 13.01344255547
53.26888312994 6.3316579617474
42.432673830296 12.8764080037
43.120829772747 12.984947393197
