52.052625857551 -0.8455409486571
41.397205371281 -73.811242437965
32.944298611968 -84.994000374244
43.382992932307 13.760159937109
51.876442512673 5.2513785029302
43.071215870379 12.107028932381
51.963984746935 9.4226206165844
44.530928152257 11.635046253461
42.311416633593 13.708030620941
42.302741371257 13.596533197743
25.66024256387 -81.047925687227
43.244256854658 11.985604980509
43.283025968507 13.769078417595
43.352168432622 12.130195859901
45.160771023885 12.137644945892
45.524165811261 1.053305596138
46.013767968732 11.745735334298
42.243873995398 12.416188318497
53.386039647221 4.7774740592704
42.834415011983 12.545724832728
41.851913258385 13.036187022497
43.105084357387 12.805968826102
43.382891913144 13.347013523053
42.951854987534 12.209382769305
38.802302520804 -77.531305502375
41.325434252537 -72.999873624901
45.495133402988 1.2972275285503
41.862733888397 12.879342962487
43.211212430734 11.86142407493
43.785985222008 12.528067850309
42.258233131051 13.831388913969
51.569443882243 8.5720181933474
43.234966420699 13.035172361918
42.912369795124 12.899274280269
50.732472041032 8.1759296917244
52.081114092181 -1.0162437596015
43.372464591832 12.503657903312
43.314038130622 12.984531486886
43.719529344125 13.486119610505
42.857981639403 13.069509896037
38.212005698604 -121.93568201236
43.701012499978 12.341633900714
43.65384485186 13.178202175639
43.142668485263 11.925809292575
43.094532706374 12.053323325281
41.932470865072 13.028668130782
43.538412858538 12.544647647343
43.392877531908 13.493679537223
42.234833059963 13.738573959462
51.574339331861 9.7778765227543
42.323557372842 12.30101174691
42.683340191715 13.018690685771
42.565550924563 13.586843361907
42.124003222757 12.066573477402
26.929295924908 -79.894362910411
43.676262651906 13.828162356686
52.105620369132 -0.69989239695011
44.498389965227 11.314867815264
43.498839692 13.050460030835
43.616240855614 12.975235937638
42.053851856896 12.527456770918
42.748863774721 12.073133877999
43.138106177646 11.905923989113
46.155216863451 2.152365672473
43.657333517774 12.950915920081
42.52216149893 12.270054066235
43.550898792034 12.371392538499
42.877726172527 12.686688847249
42.498308093074 12.511515792253
43.348299902581 13.549937031509
42.392569066229 13.092231199675
34.663518866081 -118.1141495722
52.638510015858 5.531618216439
43.297667561724 13.458868549906
42.258944040306 13.562515538934
42.080554317742 12.803653590776
42.746128122691 12.084559625541
43.444745452371 13.241815850272
43.501936506735 12.102921970258
41.946864980735 13.622537836743
42.47397126887 13.63224091133
42.485408918248 11.890466581534
42.885938333781 12.391570225561
42.676754007452 12.608379686556
42.319275465498 12.457716398641
42.42613456653 12.629733462201
45.547127977268 2.3862524630438
43.694945587656 13.756052984298
26.197054022532 -80.703025725342
25.864087446047 -80.197568968306
43.487763719416 12.729885605525
40.160263329505 -75.060387676741
46.426621807728 10.883131811713
40.673262525349 -74.327759063155
43.103879777784 12.729404390685
43.226513867393 12.935378288375
50.573654779733 -0.88488126685604
41.07089413069 -73.748492667466
42.671454924027 12.698335838385
51.154107460125 -0.4583202044332
43.687564853454 13.024757070499
42.933194003523 12.314402539916
43.693709451118 13.779790533625
42.505140258256 13.594345833938
45.875436987318 10.751560362851
45.373566120106 2.2052085638071
45.474970629029 8.3942559039171
43.31654715648 13.688523375771
41.478513366533 15.194467123477
42.467962609843 13.086932892507
43.754757467564 12.240213230851
41.536912332225 -74.573738302968
51.744440101899 9.1496216580968
42.72029061337 12.747396286736
43.18916077038 12.110860835368
42.514181285891 13.061701503632
50.11748474609 8.9054452999986
51.427016110358 9.100472724112
42.072062729912 13.24936937182
44.107414992066 9.178053876957
50.046028333738 9.9664366473288
41.86739202445 11.928793716232
43.651583196454 12.162421147901
42.037897367535 13.49419333159
42.953881630208 12.815506267762
43.564052711059 12.8471004846
