42.367106390843 13.66205767901
42.094242157945 11.873440322428
40.803515912094 -74.623718718489
43.695910802456 13.047173740851
46.660159279618 11.481374194346
43.268413080514 13.594700582623
43.667568840884 13.394944673143
51.745097256613 9.0908451504497
43.72732817371 11.851486769457
43.36204394624 13.704601490754
43.387984136321 12.309631679372
46.357786325672 -72.650416710854
43.415788574825 12.620087607608
42.609939865607 12.25405459213
43.19331990566 12.336947221021
60.028905369355 100.40594357783
42.605109138251 12.341333894705
42.036226459351 13.699422471572
42.700063994501 12.004297283967
43.530189337477 12.704108021571
45.547934304037 9.1685217472345
43.078230039274 12.001794802047
42.947237182405 11.863088368395
41.940609195263 12.485202603755
42.768614846661 13.629443758947
