43.052354234316 12.450346228897
26.309080122631 -80.076182383889
42.175765686771 11.977980160165
43.443870563753 12.861612376248
47.577790120886 8.2669027020535
43.05463462281 13.523956306078
42.825486708838 12.466757805791
43.214132589874 13.485394991716
42.989836583862 12.32938911923
50.480545740798 9.2120910148193
43.518600687647 13.216285512904
42.712250902204 12.792282894178
43.557256148012 12.658645403433
43.485916309772 13.437494197619
43.509430345872 12.026726174667
41.852916246698 13.662767668584
42.892078103003 12.551862018927
43.615089365123 12.254649000848
42.763625687365 12.022775594177
50.837161041488 -0.98270526998336
51.962163740984 -0.94329481946923
43.225682961881 13.693878300832
46.809049858157 1.863663995575
53.29014084199 5.8361507170303
42.624795720759 13.029523689335
50.941458434538 0.6508038842775
43.096044132552 13.099133602411
42.799780780843 12.055623311131
43.163160428502 12.157011058741
42.911297413035 13.501590255437
43.142086203763 12.037615033371
50.106145022021 8.525419797993
43.15326019572 13.789445798767
42.246144651571 13.082481338702
42.137314104094 13.07973292988
43.740649894246 12.526098568258
42.281715897995 12.275116900131
42.972466474873 13.475449790024
43.663236842821 13.163316552624
42.449039275988 13.529490217834
42.992982606887 12.974653120628
52.978599022365 5.7638382241194
