42.454809381394 13.568286099291
43.046298875516 13.231402276213
43.632113323862 12.270779709013
42.860070356589 11.339902965787
42.076335001793 13.185986281946
42.218527797267 12.878676546236
42.485977669494 13.626299965508
43.651645324517 13.144335125196
50.801275052736 0.33086062745232
42.293165783555 13.116916569025
42.31762012344 12.29766930842
43.042133119464 13.253216842328
43.356991346181 12.421560204805
43.044274911326 12.223716825838
43.380560723332 12.924313509357
43.32677104388 11.839049091043
42.853574767662 12.789673764182
42.526507434701 12.559219099863
52.311544563534 -0.788729126518
50.912234340754 8.5507001129681
42.555904842262 13.086822574554
41.962028500627 12.101399012444
42.598692638168 13.784023092049
42.928124737448 12.511401879395
42.832320686838 13.562494579054
43.437192643286 13.614742968539
43.97674553915 9.6560455899225
50.735394719399 9.5244173871001
42.220314540558 13.122495641079
43.327327682652 10.520027814491
43.770398136142 12.489037511653
45.12352260101 8.7307385198682
42.317605142651 13.071113045381
43.400320054239 12.824053620393
43.569832613512 12.434770652782
43.284051686679 11.901587384262
41.928053189057 13.161012288745
42.704596292577 12.031655094156
43.113833938334 12.917045823746
42.123569293492 12.87713446092
42.850061001207 13.822818210287
43.302087724371 12.663598607624
44.227655592178 7.3033761599838
43.484927462195 12.194512612764
42.862741613252 12.867624544498
42.90098800042 13.606241195766
43.334672963889 12.016827396146
41.978535858925 13.419657631062
43.041758119169 12.714939366449
39.929891276292 -75.154274907166
43.134814732326 12.742301034642
42.467538401258 13.512713342233
50.933954301259 9.1971132667722
41.995362924896 11.897077814649
42.389902060588 13.174690750996
43.090924976457 13.206588180387
43.664599262508 13.003883336694
42.512868875432 13.533048440506
42.36787641999 12.179460564267
38.996472291067 -77.31711011683
42.458864237417 12.563026310694
42.874134909557 -83.778255871135
50.823109344497 8.0409909496275
43.370611421026 13.278206992579
43.243639601995 12.58530027309
52.449338427721 5.9941813807209
42.979937247478 11.839290086126
42.720474859125 12.07111297041
51.065853844893 8.7662150821491
43.500255589162 12.712907247598
42.233238651547 13.652891363808
42.990127457788 13.021961145134
43.45821454446 12.283279975563
42.622005476461 12.684371305969
45.406309696104 2.4220239722272
42.771239840806 13.754692695942
43.389019191933 12.71796963446
53.67923527522 -7.5027119929449
46.592664292358 1.4427167561104
45.298863568017 2.2074457435903
50.125412229041 8.6260849021497
42.693106859335 13.15078285951
43.113106026388 11.857686022717
42.318203802855 13.380684944999
41.968165253761 11.970853415791
42.603605406195 12.254350456549
42.01132074653 13.130060130346
45.703873551059 12.058410813151
42.612667680093 12.330116606958
42.699360305324 12.228829068725
52.200468653674 -0.49312355304282
50.95678623624 9.6783435371138
42.300901159805 13.784624277535
42.067415117804 12.029705985018
41.929366843297 13.352233221474
42.757545313706 11.959482836539
43.5214519522 12.785851201895
42.731666639809 12.106618659641
42.313905634272 12.586748941421
45.169307032958 10.425641831928
45.161597715885 11.057355917619
42.29477003512 13.756833394431
43.459146782525 12.103702153614
43.672992505933 12.136385020419
44.762337111317 9.5670339525524
42.825681224405 13.36651681895
50.848872326244 9.2749956786982
38.493835801167 -76.570084354388
43.034577079154 12.781167964836
42.466529167496 12.595652727709
42.822268332759 13.784192754808
50.842826042018 0.28720073363614
42.388899645039 11.909969311187
42.138745548289 13.524367472422
43.594460783824 11.893546507665
46.893419903567 11.604683271167
43.597189879344 11.957029310987
42.470878490021 13.107449073416
43.784147598701 12.629132430383
42.719227711095 13.045825701715
42.729041865456 13.348896399789
42.715787493512 12.302614545146
42.376637632224 12.786747454122
42.506052654028 13.371458580446
52.668238254342 6.5366775741739
26.730880336694 -80.718533751699
26.76384870509 -80.790490999064
42.699774969716 12.656103736116
43.021369922937 12.522228243559
47.004341306167 8.5404753142691
42.790681312716 12.530567013461
42.246923780205 13.527644989813
42.329164738475 13.362122196428
41.869819215925 13.221627098632
39.895531144601 -110.86493562421
51.593915224818 9.0152261555266
43.24818269829 13.338426788982
43.408389244905 12.181415230607
51.893172641701 8.6356127083467
42.718086483778 13.516259964817
47.881681751659 12.486488513663
50.82998278962 9.8364273611626
47.15189644534 11.305392202297
43.019943200548 13.382178070688
42.926697290489 11.946393915914
42.280194059631 13.062282908758
50.369783690371 9.9861857891018
51.89163931361 8.8697971617197
40.453594987587 13.5055751693
42.250493124265 12.491153498896
42.796045302805 11.966748985002
42.929780060414 12.744404103043
42.461878964914 13.203187355887
42.186412722446 12.031244541088
42.424632072667 12.301728696724
41.851308301043 13.512124182916
42.297984169025 12.184867181922
42.245082413447 13.060988452801
45.515727240367 2.3613239025517
42.934543730216 11.930864962272
43.342778378813 13.748488438685
42.339394348853 13.623678383729
42.733043275205 13.13381812171
46.234394616021 12.124799031753
43.501923635391 13.727675964484
41.84589700908 12.109774262716
44.647456893093 8.5849451301549
43.078410446701 12.368836800295
43.067065015953 12.744455996803
43.773059936156 11.867511612788
42.536208534884 13.417732572399
42.044613396325 12.077244348415
41.88207207803 12.719119957073
43.597966627517 12.843234050036
43.703205651486 13.343437893497
53.000136487419 6.5676248086698
43.48579699664 12.235797208865
43.280784276466 13.251570579734
43.624856022033 13.254489698121
43.163498597317 11.836808033698
43.681016785896 13.010875901699
29.968992964824 -99.180601528492
43.556496059802 12.764862366398
42.265536309365 11.947891755492
51.167000145264 9.6163445490489
42.974465774381 12.564655687013
41.855056438083 12.098120815187
43.309633811635 12.784497572495
42.409056214362 13.818231044739
42.779961899773 12.690429328352
42.868385605474 12.6907829981
41.909681737868 12.256488352689
43.699458090935 12.423025383366
42.6615601311 13.063966215639
42.695915961983 12.485866367133
42.719097294269 13.571075381998
42.489390271499 12.6414717453
46.535428346384 8.533507089379
43.585584556978 12.282202454436
50.837802679668 9.4478893901444
42.752948058209 12.068367995375
43.525265617096 11.844658697438
43.676262651906 13.828162356686
52.105620369132 -0.69989239695011
43.289698345277 12.60802001909
26.346097201719 -80.855497148096
42.742967877904 13.515070294757
42.608495240404 13.276542045791
42.668768102636 12.156839642768
26.162252801995 -80.266181212784
42.068421483093 12.315164953172
43.141945397058 10.878496992368
42.746415183317 12.606362785516
37.597001211064 -97.251281326754
42.51485419672 13.407878399106
51.693332183032 8.9583262866169
43.02896372046 12.675967424047
42.104053160711 12.322619471405
42.441526266274 -82.519117185364
45.498763577709 11.405573855273
43.698446135383 12.846968989769
42.336358240052 12.453454901231
42.312791901342 12.058248821228
42.708453710076 12.000345954227
43.699899637022 12.582316787274
53.394831717664 -8.760188607853
34.467165290635 -85.039449399263
38.337761950179 -121.84495233363
42.305173556018 13.600651753436
43.741373054118 12.905505277193
44.259583521874 11.652631183782
50.891327348021 9.4271235826552
43.681494463573 12.534957897654
42.620281026543 13.402338535268
44.87856894619 8.3696316103542
42.066818553541 12.390862317028
42.618556654855 13.724099968453
42.885700028823 13.022720780255
43.538948586948 12.528598155162
43.343662624428 13.249006861492
43.592428473121 12.365380287827
42.771930911493 13.390207584219
43.234426534399 12.148387460594
60.74534052226 100.61521123378
50.340807450163 8.3457419720226
43.386556825802 13.462548210056
42.630916028133 13.68013313819
44.185673037046 12.94715373451
44.894500166335 13.494753076767
42.276123277061 12.284174608686
43.34425299074 13.11989034394
42.254254350112 12.698947625116
42.996186977737 12.238112512642
42.856126747514 13.021109814786
42.081286799221 12.69210048613
43.046364129098 13.753192566241
43.153808302804 13.474517500736
43.747836891 12.838115957511
42.462961080255 12.263944437406
42.722323159579 12.202121885143
51.204374976551 9.3907074669333
43.714102703035 11.973754718909
-38.88475727983 145.97465663651
45.103386757012 1.9303155252385
50.97786357439 9.3360880372748
43.318845743949 13.756062121969
45.673050205537 2.6015263430781
42.739395201106 13.283218524106
43.046356277583 12.772053315685
42.608214252933 13.282512242593
41.870896589903 13.738854179058
50.222807190485 8.6111682628333
50.388027843269 9.353768916034
42.371221062921 13.642307126749
43.014511525193 13.533876125505
44.504256186639 11.505519353273
42.877362234947 13.621587861174
50.230212444663 14.620878909771
43.415957423142 12.149644683672
42.404358894774 13.338488818325
46.508698848567 13.910057829439
42.774014250291 11.922126500386
42.258638946015 12.518359880691
42.01256062 13.563047830764
43.495565043548 12.752960902545
39.962000085663 -77.841878353038
42.103230957942 12.390842091495
42.876195358541 12.918244884332
43.39304748943 13.287133818181
42.25037337574 12.496630178551
44.00042038956 8.3372630863391
52.340115267709 -0.56478766849021
43.826694996037 13.694062566263
43.698276042819 12.759043852707
42.139101947278 13.631296430564
42.290713783976 12.357840918658
42.853207156015 11.98114550534
42.287690312757 13.094193378994
43.659358860322 12.575312074097
43.320703569039 13.360989717024
43.448025301794 13.524192554676
41.901113516626 12.827808457368
42.453797394176 12.757138680109
42.032902486193 12.821685318307
43.823815441164 13.714356219284
51.029668563525 9.8692074557157
43.407564504283 13.672462009228
43.763500783969 12.761662471018
51.168852451336 8.7645929287023
50.759313520398 9.2566012275669
51.843974490112 9.2439453714732
51.682842232139 9.5512481837306
51.935305023536 9.414215360961
43.287925056803 12.955249684397
50.381247734828 8.8263670228544
50.219702138202 8.194478011315
46.161950596218 2.9923707675153
42.781092150056 13.246016307404
43.775754806968 12.5638095744
42.012378776007 12.676517745816
42.911286196185 13.019349462848
43.035513184071 13.354802597966
41.966318852273 13.41565545111
50.720278553069 8.627459830431
50.694557292012 0.36419374833545
51.863168644422 6.4878245302186
43.483738053836 13.04978952701
43.831036362739 13.334450339144
43.805800987804 13.515923454687
41.983868910479 12.312480108513
41.848703089121 12.268040652067
43.316847959236 12.644607571275
41.482268380378 -74.135933309057
42.207489061287 12.093406685693
51.824221243069 8.13308540831
46.108324471746 9.820930506669
45.870207593765 11.855372846755
43.080551832973 12.918016058841
43.295650557308 13.634131035618
43.771171295464 12.117107370013
43.402280275918 12.717202283797
43.48770590291 12.461661461045
41.894732822636 12.962404836904
62.317900924626 15.840991893709
43.781686228154 11.887423535778
42.331283733424 13.736412201441
46.102271823726 1.1273734458384
41.949138878376 13.820064229362
42.375666863015 12.512889725882
43.180644414027 13.674364867024
42.106505645975 12.958224982956
42.418633138511 11.88220429743
42.533693915037 13.285173425139
43.330994972203 13.032382339741
43.679117192386 12.860965229061
51.163179661223 8.5642175239344
43.726181367306 13.390439224167
42.124235945833 12.575415999452
43.170716829233 13.687621771234
50.907140930373 0.18484555560856
42.018858342461 12.824074114146
43.16046664594 13.60969779345
50.828452218244 9.3669060069914
42.642247190553 11.912719563561
42.185808671746 12.659380895414
42.224119425877 12.471839212122
43.243773748301 13.092694645812
43.296256234097 12.330649122771
33.776867485681 -117.94083205544
41.725524797322 -71.826923001744
43.632248285076 12.068255539571
42.238531479744 13.689955642789
51.851353007765 8.1446302761997
50.901737934864 8.6834553427452
46.124212965893 8.5304234319043
43.671039508058 12.969071107923
43.776213566224 12.428762266167
43.251687237665 12.971262757674
51.140512788734 9.9852380664019
42.409419700249 12.615037747966
41.285784351519 -79.395647493618
43.567509076378 12.165460321685
46.664813500952 12.913221953743
44.744255513393 10.584828523516
41.995314226039 12.675193802323
42.276139185913 13.525431268183
42.041473859496 13.036946845279
43.248532108634 12.554226621799
43.76300316295 12.382819267189
43.329283097468 11.876358695292
43.500455438413 13.420843519487
45.717707910935 9.0577377376415
42.839465210626 12.426536591478
42.745887603048 12.238530222459
51.852308311897 9.6277454293462
52.110207650629 4.803122999637
42.890656243049 12.870128086263
53.339847422086 13.417465204474
41.866238493431 11.966921134392
47.275644214952 8.2540319041601
41.898726209625 12.229950504762
47.813630797348 8.0748920971876
43.654655757686 12.663360797664
53.641868769679 -113.69869895126
43.066055135853 11.877139869576
53.007845884381 -113.30260734926
42.983518992098 12.6357933449
42.080444854743 12.215794776688
42.078549431695 13.548285285753
42.358129711078 12.152690342254
43.479446498921 13.006599428622
43.301196261936 12.929842326778
42.18897970637 12.454499881016
50.266536327669 8.5257659780447
41.966204563161 13.261150580973
42.282682149824 13.165708148485
42.992555626686 12.030642357224
43.578939255152 13.096511990364
43.574353398112 12.987375317622
42.620454843466 13.423696123748
42.221988047598 11.861729125915
