42.39393819563 12.923675060723
44.635316884252 11.101888716056
42.395425176453 12.021055503314
42.143911645137 -82.335742827403
51.95811508105 0.46039144245461
43.49514556515 13.648710606011
42.241743401292 12.315713465382
43.585543672848 13.629674151854
42.43803079216 13.740062476967
51.421843573182 9.3735835102264
43.153633899148 13.758262028826
43.106513134274 12.6990538527
41.693972913558 -75.393739773275
46.615270328529 2.2534956895995
62.266246396241 14.926501084551
43.343979301112 12.09246407316
42.513001790996 12.490572416007
51.346324836997 8.4345192990427
43.018090219732 13.164860528992
45.319254640638 1.1087604938581
42.923721275743 13.213837032793
46.812139491251 13.811051280404
53.988670162851 -7.5697076462999
43.632768625709 12.948184761681
42.668469445181 12.84863943462
42.73688798667 12.361385463926
43.751286927981 12.893614285597
43.482420621685 12.591664745769
43.110797297282 12.979887261067
45.539274387778 1.9670194331403
42.541334424907 13.357232812048
51.914242527408 9.5758813482597
43.292030630325 12.858157707333
43.318609875796 12.825601519025
41.946644003034 12.312849976289
50.535546445071 9.5773671602725
33.06500640579 -118.14543432126
42.190687185729 13.555141367298
43.216158299363 12.389055945647
42.949728751553 12.247698390527
42.865174991503 12.67174300026
46.150741681527 2.023950350482
45.499017748748 2.1668688683616
50.82998278962 9.8364273611626
47.043161279356 12.866464593733
42.314638444856 11.897183071795
41.059038116363 -73.664639738961
42.18301461927 13.675955544096
43.76380474484 12.33891423111
43.513106297962 12.544847977622
50.794489699786 9.2250636509736
51.956334547352 5.6406154264187
51.888125672419 8.5402401767393
42.830832132546 12.35978872115
43.212183086787 12.55124886548
43.559002193904 13.756065153424
42.365857917541 12.197658593414
42.983335716663 13.256611479587
47.690172001575 8.9977829805565
51.992477054239 9.0228185276607
40.930357860055 -73.789773429312
43.445244044759 13.250798713088
46.175088101709 8.1310405869181
45.705320577044 7.3496058052381
42.385679292228 11.947708082848
40.28984840988 -75.214839403283
51.438838475588 8.3374517552263
46.567413442567 1.5250192142674
39.440988035545 -90.894581246972
42.477482635771 12.274244812466
52.259596604276 5.8175088102312
42.474685037751 13.589810549112
47.844087144287 7.73973366932
40.811434885551 -74.624619644558
43.353900481201 13.390140901522
43.604109690827 12.485344418572
43.166551767481 13.83227845881
42.294349131798 13.527393603964
42.265843182016 11.876429254618
42.402697293762 13.497946340844
41.84481323319 12.245489950893
42.284101068196 12.845305954055
42.84269857122 12.087701371933
43.663533627386 12.209388281803
41.943359579886 13.600281870293
43.353015668876 11.858465691518
50.461162497039 9.8195701501423
42.537095593094 12.237626235132
43.786108523063 13.634841214251
43.49135532907 13.768252948678
42.866894223686 13.534050696799
42.929023713327 12.07603112381
49.336774837965 14.960978031839
42.030868776178 13.587801832069
50.191858149223 8.4744357878689
42.425356246284 13.242102670151
51.705499654266 -0.12184887809299
47.952552676179 8.3892150788518
40.740199116089 -75.340959079854
43.256574139605 13.813518317816
43.631887054386 12.797416354922
43.069605915395 13.124658715525
43.041601303074 13.286125540888
41.962745544504 13.41750661445
46.924652865587 7.4452814052092
43.16188607002 13.780137911358
42.069211642777 13.797935374474
41.864585834979 13.807452886762
