40.79524883595 -73.566657083625
41.611808938025 -73.409386788007
42.045397011605 13.667930543289
43.217418983235 12.398291527966
43.581530773373 12.815388770709
43.63860684246 13.678585004864
51.148398376838 -0.18161488989908
52.792689406216 20.400658265874
42.174091009991 13.429168422462
42.476519039609 12.208475641559
43.26917047301 13.228661984798
42.73224124302 12.291835707769
42.060805494946 12.167147959216
52.319807423195 -1.1289940472874
43.090321326691 13.088760125979
43.742594525585 12.304394264868
42.721124462876 -86.675759127228
50.844061842348 -0.54122132232935
50.802551282245 0.082576838309218
43.061569053729 13.624499953198
44.363214489617 10.036530718317
42.665086056437 13.426671983894
51.669177840775 8.801678810642
51.685831093083 8.2094212594486
50.952572442569 9.0947538200276
42.154632792901 12.519910239878
42.86887843996 12.146550525535
42.194672856126 13.317302328238
38.611786991222 -121.86829385871
43.613079792661 12.736287750202
42.45617528935 12.288451665236
44.807086654265 11.730439583205
43.408091461497 13.042734036729
41.953247264958 13.297378033559
42.72617484991 13.279043627588
43.055040358147 11.952456671743
43.768551839894 12.481406258199
42.155161396694 12.007801141615
33.437901649189 -83.623798637239
42.419234310959 13.447600569805
42.698403668005 13.802834090706
42.147153753411 11.977697210397
45.929603613415 2.8294063014115
43.824827918722 13.564822354638
43.085505375234 13.001594999361
42.773669421588 12.34847745178
42.803951410506 12.958300548607
45.573743343832 10.547186672314
43.552455820421 13.276657249463
42.723631498296 12.507049298171
42.084065428064 13.100381952313
42.140888059133 12.426243752461
45.049357814737 1.0080137201622
52.931339199537 -6.3981354307087
43.744682676527 13.319442491217
42.323262440212 13.53369997329
45.570737120309 11.306200197829
43.01974403023 11.969477583661
43.770096891474 12.651867512472
43.805740419706 12.139242538802
25.693744061821 -81.072314574692
43.075400459171 13.320522375575
41.974354670392 13.691679917619
45.869521973126 9.488682686488
43.172547888578 12.034575314764
43.308193245136 13.50146724542
43.817745807051 13.30707140749
44.709691059452 9.3932454868166
43.692675582011 13.3464126775
26.088577579265 -79.918574793502
43.460044007984 12.118877028191
43.02326255388 13.541274112457
50.79825311494 -0.22235856965759
43.794613564312 12.387098578937
42.314500698522 11.967148018075
27.823233238242 -81.24757869161
43.517878635583 12.286920339955
46.436995825468 1.38893934078
41.881309220533 13.308923093301
40.925943460448 -73.467378387621
42.311072594186 12.34147123312
26.637813816127 -79.151285114113
41.85049350648 11.857370006806
43.565160592815 24.819468750534
42.257398238546 12.367169016699
50.043119166532 8.3028334054643
42.23705241982 13.510309891568
42.981492570614 13.117379521561
43.441855954233 13.535719282264
42.659892690696 11.959312946538
42.28376101904 13.315097501204
42.019108634472 13.544474510285
43.75534273861 12.655807610928
42.716738699824 12.542454590829
26.193950081317 -79.163702016582
43.221874020187 12.72612906749
41.084208837889 13.132538519207
43.352823572884 12.221443874886
41.283044439428 13.736317095573
42.696790283891 12.882018329076
42.709409795587 12.493130164006
59.132439998972 26.687035118084
43.616225077147 12.948822494593
42.817044531397 12.291959138278
26.730880336694 -80.718533751699
41.105167173516 -75.362737094352
43.077592835353 12.338023088585
43.690071093261 11.92843750118
37.867421121607 -85.776775916421
43.48088384351 13.27727844814
45.314365160798 2.9266902268523
42.739885772944 12.785501360814
51.969402987961 8.5942653685781
42.150537336802 12.538525203515
42.884825633806 12.594027262013
43.669850277116 12.003929469757
41.885181898684 12.082760794613
51.702193477052 9.276539485099
42.115729872678 12.443017267384
41.862794368019 12.882956716199
42.560606215431 12.136480985294
42.790698305627 12.607531933884
43.124547451348 12.493192265061
25.837510613632 -80.55159158406
42.086389045758 12.052945065358
42.996254029703 12.717384413705
43.049315368801 12.923081248518
42.302600765763 12.498012549497
42.765826028218 11.853158530732
42.999895535896 12.348770742954
43.237633287573 12.919371046575
44.033421625722 10.410468227517
42.459523171421 12.110138298085
51.232367461888 0.71360707683657
42.333840098874 11.897260109867
42.794086874388 12.411919787739
42.760921360835 12.712747520654
42.931690640737 12.091919980541
41.964297000789 12.249370252385
43.01468717915 12.237507238184
42.354802699015 12.59159270983
42.464580271165 13.047253178941
41.860354741526 12.984230476445
50.897130918408 -1.0670056613986
47.030931309811 7.5591644405197
45.151739812783 9.599047366506
43.464044068711 11.968771000865
50.524313477345 -0.56292743034331
43.824298975463 13.185883896533
41.900708378733 12.400603622871
41.916521232557 13.444587900066
43.099787308436 12.027416276779
41.979585239675 12.335581062073
43.756186915935 13.210792244997
43.734347244156 13.487105355846
43.433273594118 12.441422004014
43.533364555137 12.305038145906
41.991443601454 13.634844374228
44.839463581352 12.827162434129
43.815681503555 12.003558960766
43.374738801932 12.439328451866
40.402498896107 -73.737424345231
43.543050076621 13.454507852206
41.592295344415 -74.732527697
42.647058257224 13.498112931635
41.936213971107 12.447313768553
43.696570121097 12.422101265503
42.13275481536 13.300367094272
43.567261410231 12.944675642061
42.459513134558 11.944652660279
42.282439605951 13.80650260991
42.271449897586 13.41345693658
28.291482833718 -81.417267286217
43.788647122138 12.625917500663
44.421693935677 9.326218811039
43.800867726023 12.500506274656
41.913902790732 13.451122000579
43.809837135419 12.348140575175
43.198659146318 12.002667270623
47.613708340849 7.6053978230829
42.024805596131 12.785257020421
43.097866744335 11.850078188765
42.303080625063 11.873316200878
51.693028176526 8.271777764555
28.381024027273 -82.954124877796
42.04009021776 12.085929533993
42.944427815727 12.415063472213
45.863901320223 9.8919586427217
41.884083427456 13.517641739251
42.637420201061 11.853824291331
50.1337386524 9.8624930586026
42.52330919661 13.208545421368
43.715192906913 13.304757121182
41.834779180996 13.813120833998
42.176118197023 13.267617581558
43.309564699584 13.4381995832
50.299552227044 9.0771654253254
41.88738140321 12.671276226042
50.104633082684 9.9150796634681
41.118451624683 -74.39580811397
42.132853321348 11.869936711115
52.090221721488 -0.87257505440273
43.145251626703 13.262219038935
42.52364792841 12.859156531237
44.915241646404 11.588002219323
43.810193710893 12.602247827056
50.548399394633 8.5505286546194
42.628540477563 12.747917177525
43.396271050648 12.121844647064
42.265376079041 13.819306002867
43.176529102596 12.613368805805
42.774093913762 11.880770880694
50.175333477173 8.622391480311
41.662199773228 12.744590141158
41.172612454962 11.579268658149
42.454998905538 13.688511830631
43.4600427805 13.814113426422
41.902473763073 12.78151797728
43.603251732256 13.120415628499
42.190580762101 12.07074302906
43.076327478104 12.442029311083
43.12316040656 13.351528363953
44.263103196802 10.304233395657
42.530032605666 13.561303460322
42.51776821891 13.264169271248
41.952333979773 11.909159359501
52.472378242282 -0.019104355074975
41.920089256468 13.002018797233
51.259454219723 9.3203173360416
51.43306670684 8.1516351211591
42.728983614489 13.805428592884
50.365668668582 8.2091847631192
43.784204633827 12.617765079095
41.987317063395 13.500512390652
43.130616115022 13.455942056375
41.92086887358 13.464042686163
43.162136002075 13.399479052259
43.060747560629 13.156311703474
41.514571379828 12.086820015443
43.494612845844 13.629848094971
43.344311875007 12.198785588259
43.283977180407 13.587371920996
43.480450045562 13.093826766191
42.682459424589 12.931931679126
42.712794585972 13.66669497579
43.023431868324 11.985557032298
43.589628631545 12.31189892318
50.996289349625 8.1113761030656
-38.553890052975 145.68276575396
43.406614074228 11.960485201797
40.525962602122 -83.377265349849
42.743145006145 12.495383602819
43.268270793982 13.171231133033
43.781576584478 12.511944149415
43.748671305735 12.318212608045
42.211882643521 13.33754547191
43.068130980299 12.200568161088
43.643063544616 13.729877865303
41.884272741587 12.705190076842
43.492879166518 13.13077725618
43.239709062169 12.801325466412
42.802237771846 13.465583069953
40.667007587721 12.584664971772
42.280017535819 13.670087796503
42.488541604268 12.154118612967
43.727032795908 12.896876045476
42.378706895012 13.358378452902
43.589943444186 13.134064205074
43.273352464344 12.394768969826
42.659378863733 12.560053191895
45.055795399498 2.6337199586601
42.56452917194 14.246950622253
43.502231042621 12.005005748035
43.772712886249 11.876410104298
46.002367898383 8.2230014477963
25.92745876866 -79.236174017111
42.852854702109 13.180524601706
42.613852505413 12.157503562142
42.828053167962 12.64692590837
42.535787742855 13.750761415714
47.698384266672 7.3741716418295
41.951921240891 13.275961335898
43.649432165872 13.604795759846
44.396685940168 6.7513372315356
42.335982199004 12.164942192477
43.65972989551 12.318021904381
59.63565941883 -94.613337801589
34.725709941616 -84.080208701026
42.093818609202 13.829894328432
43.58052722906 13.421672832438
34.603070711106 -84.255572480641
42.285768542593 12.066873418219
41.838595102021 12.0952552241
41.923731119823 13.743921620673
43.595397728328 13.405056077265
46.26433254607 9.1384121237967
43.417683173652 12.344492558571
43.563919217609 13.251684542418
42.036055014972 12.17356570634
42.278506044449 12.095364935762
42.331712090586 13.440477184246
43.096507259711 12.607966306458
46.131639550061 8.2265099411022
42.503971353429 12.390306037588
25.184308242587 -80.959817880556
43.046459838791 13.372478571915
42.476182269175 13.770349589556
26.157435198836 -80.614481542355
43.532347801876 13.731124988187
42.929903986386 12.942216649646
43.155184444133 13.339087499485
46.592117219973 1.8508232039636
42.816144925012 12.912176763153
42.521258070863 12.201890873838
42.468138141331 13.786154537849
42.859575536058 13.423798131044
42.232749984263 13.065457743178
42.139479909178 11.917192368751
43.081275409146 13.277802504284
41.892658940487 13.338737310089
42.811992628433 12.74446629304
43.669425855258 12.674016889054
42.627225176279 12.976618552125
42.60886242178 13.625986548919
50.715209780594 8.8605159227087
42.368898316014 12.513229683302
43.24019925915 13.379474963259
42.089086080498 13.05385139496
42.731783098437 12.879931251484
43.0457563722 13.472073089107
43.233173218685 12.816730088956
42.231697586028 13.518963604031
43.248896207332 12.683828632687
51.817458603679 6.6285961726115
42.743026275089 11.910927375292
42.693214997993 13.656393524586
52.746192305929 4.8307884857435
51.373279633174 8.6724567314016
43.188907893018 12.959888018204
42.893130964105 12.349794743767
43.644901535329 13.614257290335
43.117693742813 13.148438705687
42.17568978305 13.611162752219
46.620793217151 1.4077986699565
42.531457064476 12.4623020615
42.923365313079 13.571673481081
42.514497599825 13.20450940181
42.51843000835 13.127340389962
41.978711145941 12.490381948434
51.863282611297 4.8335212045738
45.82586710548 -114.22270459608
26.180576270979 -79.569147488643
42.163137024365 12.420356865723
41.27141483249 -73.577943882374
-33.261046263682 148.34730507054
46.059879358911 9.0898649643594
41.683472078752 12.013185144685
42.642295522935 13.052235692785
42.890164529875 13.068889462442
42.351329846027 13.087511268972
41.636623474752 -75.387072034957
36.654306772924 -122.16698982298
41.862611503763 12.157315038705
43.201952935777 12.005064712395
42.13000604891 11.878931177279
41.825304863114 -74.258991959291
33.808593448474 -118.72511872615
43.499033710707 12.133634542664
43.501758160324 13.116970349644
42.562975637432 13.460399082632
42.872191245629 13.126306435173
43.24806209155 12.746840079218
39.110237196938 -85.655082385313
42.807042102726 12.903921056049
43.225502887401 13.110438821444
44.689628586054 9.3451517544431
26.303364018103 -80.172953307984
42.046945230613 13.118356847746
41.752304111178 -74.966065418556
43.242924180947 12.323802967262
42.806754325448 12.862380168358
51.906817592637 9.2777348851216
42.749634677914 13.522119534
43.173550248248 12.237169954126
42.2206761177 12.137379552788
42.222990592135 11.879636379389
43.646700959509 12.259115089804
38.013549178379 35.463539811533
51.168750957432 -0.91051435471536
43.418456584897 12.810619031478
38.116630239977 -123.31638111439
43.46688389476 12.3985356644
42.462319312853 11.857392347838
42.025717289686 13.017440245982
42.188739184399 11.950781537218
42.769090798131 12.547341794983
41.947807032146 13.415612685709
38.974894312494 -105.00470942061
42.220694557887 12.033790022172
42.248522584929 11.901530274165
42.922065679434 12.432442383597
53.223591855366 -8.0187678458256
43.125059657809 11.845435248637
26.579880743075 -80.912166850876
42.310238386204 13.432622265759
42.15892746635 13.19493246695
42.37199639269 12.49385355019
42.138925449077 13.004522970435
42.625144131328 11.999391756507
42.427097155932 13.355795332417
41.963294312827 12.948775749185
42.837812695598 13.645928135464
41.923837768365 13.170454343881
43.072587866857 13.606288804045
42.62209441474 -83.246911027791
43.097704036693 12.731708868768
42.32535083097 12.832097676525
42.849832338698 13.323488296647
42.385851596336 11.831294200582
42.293166570057 12.949592395217
45.920861861166 15.472526688349
43.015711990679 13.320953445214
42.231107925193 12.556501950417
42.964479638268 13.81679567176
43.172083121826 12.138627457984
46.55131297072 1.3189632586757
42.991442923917 12.022326122535
41.863914061295 12.420602654324
42.976745544477 11.939135806162
42.760692717883 12.928595290973
45.512743518952 8.7191652986776
44.855826685208 11.045077776557
43.509850743019 13.428858323243
43.555779088568 13.27393821083
45.658463999936 1.3393564253763
38.65781680432 -96.40319204908
52.617384831941 5.118529850323
42.523647404075 12.695894019558
42.257921525418 13.710005100237
42.482071988064 12.706019287813
42.136845684695 12.966195268096
43.390846643334 13.738250746291
43.224537592507 12.471781495734
51.169498031572 8.3266315228895
43.073827112615 12.860362686638
42.686489177743 12.260297509053
43.815086986339 12.402285951398
38.68447679155 12.797160135653
43.525383053147 13.599808703943
42.826433356792 12.083189718019
42.333425232386 12.382585388342
43.361407028235 13.132575124119
43.201809969822 12.965443952272
9.6423513733979 -79.853933731957
41.517183377878 -74.25791411005
42.766766657034 13.454459095606
52.489452250297 -0.9062345642672
43.667749683239 12.782403199387
42.640572618547 12.898426686853
42.9708954366 12.618494073238
42.818541897863 13.409221340648
40.689946060386 -82.694388940965
42.091533143814 15.424035551478
42.816331956937 12.643955363282
43.311054342592 13.717864961719
42.737310487676 12.438096792662
42.349781664738 12.684075875082
42.173261134987 12.089056750822
42.961437592286 12.54606986865
42.414283814588 13.142507265875
41.860001150009 12.835976803154
42.648967516 13.149871559439
42.754521335848 12.060935039123
46.208109181006 2.7237312215025
43.746104937881 12.716974234563
42.498473625883 12.432907136845
50.233643698266 15.405140912582
42.706256439794 12.53013803371
43.086756655076 13.5867278658
43.28748722064 13.076099224911
43.299450340841 13.433858992289
42.745887603048 12.238530222459
42.780915776187 13.49865341305
43.637886416019 13.040397559798
43.154702849314 13.722447438523
51.563424041524 0.79215203769606
43.712330776154 12.460592484803
42.080444854743 12.215794776688
42.490081417624 13.351521463784
42.917361270619 13.182613151254
43.279947059846 12.388172112141
42.539589237694 13.549662032907
52.022756826376 6.0529999282691
42.505269110925 12.762073473449
43.65608258159 12.225929296702
42.183806035774 12.564634326664
41.859869180669 12.758387847246
37.973945632934 -121.23024118473
42.191042481566 12.3915095634
42.984532963033 13.722959365588
43.773009759289 13.076264808477
42.060633194682 12.607081529988
43.47832164705 13.194023008104
43.668115913734 12.73201109086
26.85237847586 -80.832497406017
43.568693809497 13.284044581153
41.982225733356 13.220989529633
42.46260483866 12.835954212063
42.620031894029 13.171297434353
43.0208266266 12.290410638477
42.294049627424 13.108319668427
34.105739917469 -112.5437285181
43.611402366616 13.590662469918
42.560015084504 12.280549371767
42.832918321657 12.148324030076
43.496630791361 12.374144553402
42.940751683892 12.99607210748
43.360279049913 13.175289110383
51.616338104297 9.4793794022311
42.822588686304 12.836688511019
42.739518871896 12.320694326128
50.054127936277 8.2776075845014
42.907132620901 13.806626277907
43.543236223789 12.244357493375
43.538111457407 13.762425535735
46.050611839188 2.8768699024231
42.62610534703 13.022612060452
43.583256388376 12.28773299527
