12.941755732981 43.470227198915
12.977754035975 43.442510420218
12.950664394533 43.469808790607
12.986203490305 43.450097916878
12.992919377535 43.441231805592
12.935617445493 43.456773545827
12.95286342455 43.431906531787
12.966445717966 43.438513850553
12.945134338918 43.460759119832
12.98578355975 43.434176929053
12.939011743285 43.477534660382
12.97977091606 43.451834338017
12.934506952287 43.456015245757
12.977213975984 43.432334388829
12.94923834875 43.464046285725
12.955426606816 43.478180246206
12.950436133424 43.480166742357
12.993462068978 43.44374640821
12.936155313152 43.441656709875
12.964850149588 43.483560080421
12.977224457088 43.436856873558
12.951795568688 43.450878650647
12.953594266902 43.478730467858
12.984236649251 43.450103000503
12.953718953765 43.450160807229
12.950215364804 43.471187870724
12.950133078729 43.455586340977
12.93533981218 43.433210182226
12.982505046775 43.450580277711
12.952625669072 43.473977254945
12.973878977829 43.448089882495
12.970375570476 43.451246134237
12.96358775767 43.481414072926
12.975237807268 43.457904165379
12.962640431713 43.429592778662
12.962400263645 43.432147285658
12.98049254251 43.436302467474
12.975199386487 43.433506565857
12.958065740766 43.460816137263
12.961392555855 43.445172887058
12.972390782096 43.460649843098
12.983056884272 43.445400999156
