13.231402276213 43.046298875516
13.404417651915 42.844182038628
13.291665638488 43.088127754691
13.360444471895 43.077172380929
13.340640804444 42.858740457289
13.38698712058 42.993699634
13.265665730606 43.010283550273
13.38697986744 43.1997400542
13.446174055567 42.985136611401
13.545263173799 43.081446851663
13.217715174548 43.117268696969
13.524553015162 42.936508443198
13.337482895415 43.058603061877
13.292334509705 43.01260135698
13.427559657242 43.16950087399
13.417753897823 43.103694811067
13.21372182819 43.055102885747
13.476639278476 43.015218680753
13.427076957874 42.971262117855
13.306710826863 43.048777202654
13.38329037392 42.909255743471
13.412623490886 43.003805117704
13.425890786793 43.068736417272
13.271442714295 43.136187498076
13.495700239921 43.082454029996
13.519488489053 43.133216941347
13.544531990583 43.052780439191
13.412032183473 42.872440486177
13.305930652353 43.061527105564
13.445244387486 43.041876389686
13.433022367525 42.820022767347
13.425421479377 43.147557468243
13.475212216154 42.996666386277
13.31873867864 43.058553255677
13.215735865413 43.113404510617
13.499023740433 43.049386262006
13.51257600149 43.057429819881
13.48747411721 43.067535282165
13.320475286509 43.057836605284
13.416501156735 42.946747332808
13.378582997445 43.074092181921
13.377223097916 43.03111668214
13.405715646898 43.024921240318
13.488722064781 42.870539519897
13.530734585866 43.024085294953
13.466652761917 43.213429568921
13.27615005212 42.939256899052
13.46979692416 43.14065474327
13.3875863759 43.122451406516
13.374026388591 43.19264505023
13.533589027626 42.999215466457
13.277148123981 43.069310035144
13.315520428289 43.103891574847
13.515455078595 43.151951209268
13.409475767265 42.87831319539
13.527531345642 43.13596785496
13.429293578712 43.094673231309
13.251453933444 43.046340330546
13.442371275503 43.129598337307
13.344142959634 43.15316013582
13.300479017359 43.171529242404
13.473307863119 42.837389493306
13.313547036778 43.194636937808
13.522523446739 42.909091906601
13.517397226096 43.140846834605
13.410536307588 42.989470442307
13.515923942701 42.921881473142
13.50477993933 42.96417144733
13.449393962275 43.074243221953
13.500628082801 42.976848147354
13.329628823178 42.87238067306
13.439455889857 42.848981907076
13.309111465865 42.905224455497
13.472843694742 43.123332907059
13.455292535713 43.045574352653
13.477598453184 43.183135346616
13.214961174065 43.125054904805
13.258714368243 42.95477585867
13.447798093545 42.918075794337
13.466773953061 42.872439866847
13.465524604782 43.171372556694
13.43922845483 42.834460833054
13.461071075176 42.885051679765
13.492473020934 42.933412437317
13.382590797463 43.078073054609
13.345347782779 43.194620798454
13.275490003787 43.136326193428
13.376284928257 43.088542127578
13.50050151327 42.924011889831
13.253216842328 43.042133119464
13.254049017699 42.932841115621
13.350503889562 43.201458951573
13.26133227642 43.010712625019
13.288082883383 42.889106009591
13.429225682502 42.883574714851
13.291295557905 43.105267946678
13.507354270924 43.051776326307
13.286789181797 43.080754283874
13.39633882532 43.201510237645
13.420410194185 43.084672655971
13.48676391576 42.907527751733
13.251569090084 43.140191268262
13.472180622405 43.074384384844
13.462258597607 42.849472006734
13.357413869539 43.062462281486
13.388239066784 43.213481665244
13.378189603064 43.057181248955
13.434289773218 43.216889829497
13.303220990276 43.188320462235
13.378005137398 42.988693443143
13.393894657697 43.151498549709
13.423508583321 42.834070094339
13.507956855722 43.186229883335
13.36769663422 43.056056552148
13.498127352234 43.174866618691
13.357815722657 42.862390405455
13.538098349042 43.144157630945
13.418508963875 42.843750471663
13.312184837813 43.08562571608
13.331169487618 43.06217616429
13.306001610286 43.176470270018
13.536933915961 43.015362098841
13.539116297189 42.887549923702
13.328146245039 43.195034834668
13.403930702921 42.864120277534
13.53026796066 42.992814356944
13.430124377122 43.131135048892
13.218079362653 43.110736843271
13.276126869172 42.989765522552
13.257705570805 43.075026330594
13.474743682668 43.091637977928
13.274818089008 43.106220861967
13.220212299966 43.130419006653
13.257686094056 43.022371388072
13.434866325222 43.143824748317
13.394591600839 43.241808009002
13.308923142196 42.934325560918
13.254242319753 43.049748091071
13.450046653624 42.814192854734
13.479868341947 42.900705695593
13.383294697585 42.945331417485
13.429402190947 43.21200208797
13.252460032374 42.986503587119
13.459150723416 42.874460631478
13.348309622795 42.92961625288
13.467373492435 43.152727036363
13.272521329726 43.027669285924
13.353772158455 42.931568392076
13.430482590793 43.199686566482
13.4624205248 42.961460222028
13.430523958744 43.093047326029
13.479610183986 42.868396280759
13.402505005453 42.832261117584
13.419893155091 42.901472725415
13.504723474639 43.197404834089
13.278051037026 43.060737846934
13.297011039379 43.052421798044
13.505159761082 43.096160714115
13.524955024277 42.926214203225
13.359504434469 43.041469174943
13.398696359919 42.843161492556
13.426721396144 43.128930413245
13.399526597208 42.883557484918
13.414710738445 42.824014494135
13.21043911495 43.125851675482
13.445127781243 42.900927598097
13.3594844725 42.995535734594
13.547556501158 42.984890434439
13.291610615019 43.000053032788
13.228654797782 43.048191264315
13.271968727148 43.072237650918
13.229131249373 42.974052280197
13.212597594251 43.114170004222
13.353309129085 42.946455381341
13.238951480148 43.092752658826
13.470636794584 42.915170010626
13.492009625555 42.861239062579
13.387702564445 42.904503065138
13.37628790197 43.124124168963
13.40758170162 42.875954319686
13.281243120472 42.913385489005
13.373296864991 43.108359219578
13.210260748516 43.134102607229
13.435538374111 43.068425480329
13.491816814308 42.983214559978
13.342823317921 42.876889024359
13.29333264443 42.905699212081
13.528999700013 43.045093581588
13.303035907144 42.980593416386
13.418946421456 42.883672783584
13.484863878475 43.103054234827
13.478543536516 42.999227998333
13.440886765013 43.11797982555
13.404472447675 42.923894778345
13.498848413371 42.979065941658
13.357040867397 43.002990865637
13.45991629665 43.098523993578
13.214023440731 43.026724066619
13.513354691937 43.149690883791
13.362821652278 43.200998822807
13.478422444092 43.01255459248
13.434112135078 42.90219217257
13.306056717574 42.948604617265
13.319098132366 42.964053563778
13.520621693491 43.017064393061
13.31153360538 43.097232938345
13.343542184005 42.977702547925
13.497164646882 43.159505067488
13.349090054815 42.901782865611
13.260606943772 43.129408061586
13.35056789005 42.852319547859
13.340563082781 43.127319192128
13.422730092177 42.835017472915
13.211116185531 43.099891294793
13.454878528835 43.057000553749
13.304390654131 42.889570280413
13.364025881704 43.147037139252
13.33873966587 42.983150196275
13.458435239505 42.870162046009
13.304743488482 43.190028509235
13.444351337612 43.228598158003
13.382710245171 43.108643145372
13.40282265956 42.873571360446
13.389374826771 43.086880360791
13.380328676861 43.124295316715
13.250261875938 43.087160607861
13.359499735946 42.862793509806
13.311236941887 42.982198969474
13.277695290895 43.113474966566
13.45315889432 43.079791336379
13.417149269237 43.139587389391
13.235448116102 42.999339716995
13.286911954792 42.932823177882
13.257992461931 43.002975313481
13.44540118868 43.186484850585
13.539288388372 43.066035041172
13.307722038288 43.029443940648
13.534837418506 42.953468389343
13.349264633094 43.061170532883
13.466281723004 43.109488044472
13.45767074614 43.109066857097
13.291482411016 43.108054081049
13.232101407497 42.977698220882
13.216345597646 43.062475786594
13.362653499193 43.111915102767
13.512749338782 43.005601367471
13.540134297025 42.90277898542
13.494129871269 43.052892955066
13.409843094393 42.82678568916
13.363967722472 42.900865100299
13.282076630428 43.129176186479
13.528714218444 43.070747298242
13.50787266323 43.045405541589
13.47806773266 42.87629442053
13.462717259539 43.207944872441
13.280885586667 43.059984265876
13.500502455302 42.995415345785
13.485217969646 42.977273179229
13.286016415027 43.015840408886
13.52929790857 43.069626644307
13.291560430236 42.917887016182
13.462380810411 43.07974240469
13.540738792897 43.033792000301
13.302969321771 43.050760707397
13.424175866167 42.945613796353
13.368703898701 42.891782265593
13.21663805808 43.10905320903
13.454573014052 42.905270148511
13.301128594832 43.086878084173
13.504602111666 42.986072304207
13.321054227355 42.980470846419
13.328365845314 43.185649261917
13.247515952817 43.115492711384
13.442791335512 43.168678079831
13.442718965229 42.977330228324
13.261269200736 43.007309895033
13.441424293204 43.182421506954
13.349272402653 42.886364137722
13.420714104765 43.060928565034
13.436851028112 43.21692582558
13.354426187183 43.157617004217
13.367539331043 43.181357668353
13.368480709574 43.162014879848
13.427022663631 42.934506136449
13.272331221643 42.960567700679
13.315161730796 43.103462553187
13.231802214997 43.039731889537
13.278334232663 42.895924681305
13.357099634317 42.958595188336
13.519727213571 43.016302220086
13.367456537864 42.877195405272
13.495103517799 42.960837601221
13.408928480676 43.24079646556
13.4911803452 42.880523792899
13.397879658939 43.091261328727
13.291069711249 42.903676772932
13.300045326979 43.042953425128
13.467004611861 42.913320864531
13.357829976549 43.023863359852
13.542878789635 42.99982927602
13.535969150523 43.120668422508
13.49431158348 43.100022068315
13.474447791707 42.931353555981
13.544297957602 43.041365856811
13.520016185271 43.057464569855
13.514976679143 42.9459712333
13.504244087054 42.893788608228
13.475170553904 42.834829608854
13.423161785336 42.819294115931
13.233012505005 43.030414782965
13.252990511851 42.908664441646
13.358827441188 43.131617876783
13.35282431608 42.848513072773
13.376639950751 43.230090242473
13.251814396259 42.970491794877
13.410077893387 43.186107135951
13.467416756559 43.054369987035
13.231267848181 42.925739077372
13.311665080654 43.10322560144
13.486874067007 43.001618062633
13.447606479047 42.97356927582
13.467599849921 43.139948260125
13.283385817114 42.880410029984
13.308728592635 42.986331161592
13.221032035661 42.932411272534
13.413332024337 42.851026103783
13.47093688581 43.021108991497
13.216579273465 43.042369632091
13.309755428859 43.049979392949
13.530602964841 42.945255616675
13.358304584121 42.900412618157
13.217537451192 43.057110420941
13.480583182781 42.973413488836
13.240140001422 42.958883521149
13.430370976439 43.131622128737
13.382279857261 43.132016566665
13.465927722636 43.226333694193
13.320522375575 43.075400459171
13.29667543403 43.01041955876
13.454574439907 42.908551108536
13.478554770594 43.098886117406
13.222959058018 43.132747504477
13.291912461322 42.912773835453
13.425905244644 43.194754460007
13.375785145173 43.017550732504
13.311648402064 43.036761151665
13.454274387331 42.834706288241
13.489309606391 43.151958650535
13.363421037518 43.040043014607
13.494689064352 43.011079465065
13.239483838102 42.912116450238
13.335932532037 42.978406233724
13.395064321552 42.852748367888
13.323371475734 42.940264173311
13.435415085163 42.872256225868
13.546566674761 42.930636109307
13.242630825046 42.992150998692
13.497102982151 43.1711060308
13.253228793991 43.014768364401
13.39911796313 43.043205670588
13.456069410546 43.003677198686
13.326366956984 42.959723924289
13.544819785091 43.020038717457
13.505089575681 42.935967096584
13.240921323321 43.043483156286
13.281977118145 42.977920654706
13.311123426704 43.034515694752
13.328259282454 43.143578244927
13.246194518773 43.06174661131
13.302439171517 42.932100714639
13.472724701053 43.048085786911
13.307842996601 43.121621945951
13.404944201675 43.045347458259
13.379611881648 43.151597259192
13.509539346003 42.992213776818
13.388942069576 42.974168372349
13.250123320751 42.900931590677
13.29571618761 43.023918546768
13.516749853064 43.116266139392
13.50241028217 43.171830044695
13.373888040157 43.093763108896
13.347244212121 43.087461108869
13.457979531262 43.000523644521
13.382765951766 43.221803813831
13.319087734616 42.956457039808
13.321112639907 43.027356419746
13.325649130331 42.985958810444
13.309619924684 42.9635207383
13.344153351797 42.915152684767
13.32040172972 43.049911390569
13.320948091506 43.0399702541
13.435283561927 43.091496110492
13.488618792283 43.114942462258
13.508707901721 42.901359179498
13.454088446451 42.926769076368
13.471297119053 43.188363815301
13.290593228459 42.939860229839
13.461597078716 43.078428540902
13.441657159238 43.236872638707
13.531995917939 43.110010706426
13.255920328806 43.148680033252
13.450598323949 43.166242280608
13.389608742406 42.94061146769
13.355197759066 43.037547553462
13.507814329375 43.124109283168
13.462359218629 43.065982915978
13.345212864871 43.20944585663
13.465216350048 42.925159731866
13.541274112457 43.02326255388
13.379011327133 42.919921293838
13.254825038044 43.000669447726
13.412969944746 43.198791199477
13.421491604981 42.839542949053
13.350575766245 43.031122342719
13.340335920167 43.085991900475
13.539109810528 43.115602251217
13.346359816096 42.966205529408
13.428525318612 43.109365212337
13.430284376943 43.196885545851
13.545621255222 43.004037627042
13.454109044047 42.910154675578
13.334864321807 43.088659603211
13.51484139476 43.186602262888
13.4852609269 43.057831168223
13.475391204711 42.998991340419
13.522890669558 42.952652154955
13.314581508916 42.876117038038
13.499787718311 43.153514755051
13.31528584024 43.029148806852
13.529782988399 42.895158760222
13.237343823203 43.147866255694
13.505681171804 43.090203770965
13.290949739207 43.160600359182
13.324682474774 43.015720582595
13.315947414078 42.881964693743
13.5431227575 43.007977784636
13.35783868814 42.920460420645
13.363494024337 42.99636277698
13.468079702702 42.890095406647
13.381394915016 43.002972428709
13.232099404222 42.928673175151
13.491520399012 43.110423815043
13.473506252523 42.889582062575
13.41933898044 43.182789450617
13.349510631242 42.972096633174
13.487310539248 43.066706112172
13.427017796539 43.013443891452
13.490816335443 43.059249182746
13.343122753961 43.185761933788
13.523420404442 43.148083337673
13.307541278355 43.170658904228
13.310990290416 43.022741456082
13.354245796986 42.882961648483
13.324751566336 43.098936089382
13.336721154573 42.944599236357
13.390598522702 42.968632998883
13.357466668078 43.02588761508
13.541798437288 43.099778585203
13.521447540059 43.074137011133
13.398215246593 43.022184313772
13.542099905474 43.059963744648
13.354507209919 42.97958651419
13.437683170886 43.00827730077
13.469268637483 42.930920420669
13.385566846668 43.009709663249
13.370393185138 42.993803133275
13.387343776148 42.913009449354
13.31194764206 43.062361270705
13.312556155193 43.095498662507
13.319108335005 43.06264462653
13.454343590187 43.142867630901
13.456108596409 42.988685711768
13.523770695817 43.011599266462
13.434345862586 43.153922787029
13.344677438675 42.866366113029
13.218079014338 43.134755733507
13.429887386726 43.133816685611
13.514435824267 42.998629754895
13.491213482123 42.999229343629
13.322367275771 43.131185095374
13.433151730559 43.01426733707
13.440052056445 43.220136485652
13.246026975704 43.117763497943
13.542749133235 42.937930482897
13.260893729192 43.078015183622
13.447603383331 42.908967113101
13.333067844332 43.001254193041
13.277088916545 43.085259014801
13.289755887042 42.988277324957
13.260841959299 42.992854918837
13.3856636963 43.130671096582
13.459088577658 43.07698607823
13.525065704049 42.91701381838
13.304147486738 43.064191193836
13.308846065474 42.883029746324
13.292548739974 42.977795787166
13.400952057655 43.162303606145
13.247996790471 43.153340455703
13.258775605496 43.154470806103
13.400973898101 43.105439983378
13.449758168075 43.178790622495
13.430592991168 42.910287430489
13.463143639503 43.025120365932
13.286440127684 42.931385158085
13.313844040203 42.917246053909
13.41007396274 43.090844371885
13.465653264202 43.080095472804
13.234184999149 43.130077950272
13.387760914598 42.875477584042
13.49682798029 43.139881238427
13.402333666779 43.063855734705
13.518538766803 43.091557691403
13.271090415454 43.039443542289
13.47325535329 42.896836202565
13.388955906701 43.151011522951
13.404652997129 43.198263422234
13.459755110789 42.903329797996
13.50734747646 43.084476362974
13.292444777367 42.890107814192
13.463670469592 42.880751865881
13.382237778244 42.985549985445
13.304091500281 42.983698109644
13.338552680045 43.147269655109
13.26923038732 43.072297525181
13.522807357632 43.18158754391
13.330151411879 43.044159775176
13.397516035215 42.903794659744
13.289572952937 42.902412340021
13.249957932762 43.011548177831
13.403948821802 43.235009289477
13.255598380836 43.049926414664
13.22258296016 43.008673925909
13.529178437113 42.995239659697
13.384066157243 43.226048801686
13.357718362195 42.955798922107
13.473123607001 42.979050750855
13.444765920513 43.201515048857
13.544843762922 42.906695540972
13.500273356468 42.852310708676
13.524253206593 42.920703865572
13.527691304019 43.046822203832
13.328678793448 43.052067441445
13.311713656577 43.138580476019
13.411794731141 43.238526854331
13.456603138941 43.057415864478
13.487966507922 42.891601386451
13.436372913179 42.816985088802
13.534613975128 43.048720140054
13.463730676802 43.140780750749
13.373719174144 43.003038908843
13.393048412836 43.204248774913
13.513770520947 42.892294204765
13.399297230153 42.951462046707
13.411088112488 42.884934642785
13.486216845238 43.100031389457
13.427904367202 43.048913084014
13.428759375808 42.851730353151
13.43594291363 42.942464596586
13.360455716683 42.980904785463
13.493422210467 42.894159401739
13.26716263793 42.894320650464
13.298385013055 43.023275722316
13.409242463044 43.23108368892
13.429299398081 43.204079553135
13.296065878748 43.172140825175
13.243893325463 43.096440854548
13.508842685518 42.99203872077
13.305106500792 43.17099357779
13.369666011266 43.185988799776
13.541157181648 42.950149546375
13.397999069394 43.15113825267
13.523956306078 43.05463462281
13.326284448789 43.181364387379
13.397978646421 42.842876872927
13.434058672506 43.086161140414
13.387225658834 43.023319078641
13.381682670874 42.938136546399
13.547879431673 42.935676327898
13.453265955904 43.042017124168
13.494799342258 43.005526543153
13.533049335041 43.137500792827
13.349623668657 42.920640043433
13.24602448721 43.075459954385
13.33004844765 43.17104867297
13.42167440032 43.159575887585
13.487608256532 43.165223037456
13.23686717976 43.122935430691
13.531558089692 43.111691384649
13.36918371516 43.045503574466
13.454685068922 43.0017812839
13.396256280337 43.139591198501
13.416973339609 42.918305095734
13.4850407669 43.132551909507
13.431604445203 42.887593417397
13.26930297367 43.093665744243
13.491238317236 42.898962668583
13.275728097335 42.953295959159
13.508299355653 42.92926997178
13.337646204225 42.896174101597
13.390502453985 43.170827075008
13.433979065381 43.15053196959
13.25126012056 43.143803305081
13.221161330243 43.09145268292
13.227050071709 42.922589760724
13.373069360116 43.023788457768
13.423444832893 43.173987380331
13.539845683884 42.954538366292
13.326775743799 43.17991772258
13.466903951723 42.977582130126
13.268274881092 43.14339046189
13.487899795888 43.061411910274
13.269114845113 43.031772310881
13.328557742934 42.907423848264
13.543221728219 43.022781403767
13.531922751375 42.920096414148
13.272083243969 43.044433448505
13.366336791502 42.843388131768
13.471821438296 43.019275871601
13.274660448227 43.059615153868
13.47671521945 43.14750657193
13.326007878115 43.196823607312
13.326354537798 43.104889435763
13.258451555997 43.021488914297
13.419464133431 42.975018039821
13.333487874539 43.063779402109
13.4718814015 43.221264513799
13.530261609506 43.176763078767
13.432725962474 43.090727108594
13.392688836175 42.895461016307
13.262046001063 43.024026407427
13.299574672871 42.931216495566
13.326115496629 42.970912239056
13.442859522294 43.151183297483
13.360921660162 43.04849077067
13.408772941424 43.228419030678
13.447270138418 42.947510656432
13.274831425082 42.927240918843
13.416496841918 42.966211285913
13.313561499286 43.191991626395
13.380560144049 43.029218034388
13.307363334742 43.096277279379
13.218548482407 43.117048964446
13.311903684566 43.018691752601
13.224791454743 42.962504362225
13.375782584968 43.156662842818
13.484080907669 42.878148303331
13.464871257315 43.221875232769
13.273587405364 43.096697457666
13.361700169 43.158622646334
13.271547640356 42.903427497925
13.38001610731 42.897546444993
13.255958391028 43.080155902135
13.345570376325 43.080431179668
13.448448484993 42.943070331117
13.270195823775 43.126601868855
13.360372693932 42.919845881856
13.38656036995 43.218127130653
13.437257966717 43.203604885027
13.409957179546 42.839103037903
13.462495861346 43.194251481555
13.450422832042 42.850604697082
13.256138442224 43.121503439809
13.228355830197 42.995784927644
13.406626196789 43.008448250151
13.320032012353 43.031309959049
13.5375074407 42.886343548974
13.263522414634 43.155485110916
13.49805377775 43.055862149736
13.376820719532 43.144414906013
13.343653464405 42.926220422597
13.41191672881 43.013044213903
13.277677289361 42.900269430105
13.237942797729 42.935018283306
13.449449828125 43.187117178567
13.42267202468 42.954177357256
13.533396406834 43.158859779222
13.41237913885 43.11038332626
13.379782185622 43.111077698486
13.333862622445 43.187359348048
13.310580424199 43.02671314919
13.427432403188 43.030177676154
13.411966044669 42.903792114439
13.360740184507 43.065263266727
13.405183353205 43.03000316167
13.274407998342 42.911766224986
13.2500870164 42.899039531101
13.41816193958 42.910025272963
13.296549074045 43.167732364597
13.273033097069 43.170652446903
13.446943986924 43.093166826823
13.478421692515 42.978819951892
13.449923465259 43.077109441218
13.269948675444 42.995524243005
13.429775844084 42.884336593994
13.487961167718 42.842735922843
13.238129146063 43.084912007269
13.319818243554 43.015577132842
13.216051569796 43.123983370219
13.32360829011 43.201057323369
13.523244998682 42.952173702418
13.478263700159 43.146297481931
13.366109115263 42.893628802588
13.444691252191 43.005532469158
13.514918034226 43.019387031935
13.216105557634 43.026788054533
13.540549407986 43.085271515944
13.467667517491 42.968417465227
13.304333830881 43.029881936533
13.362597291082 42.955797675997
13.453683780739 42.827093142491
13.528282799094 43.093053663214
13.219724673901 43.05800893861
13.371862222635 42.928014806459
13.250860924505 43.128565304528
13.252800497365 42.955429438036
13.539728522107 43.063127724504
13.461408598584 43.23061834568
13.502180564006 43.140951509208
13.392695474177 42.985849678996
13.455214842456 43.229306627193
13.230748072861 43.145126043907
13.456706056605 43.217160508159
13.410898438402 43.226408450991
13.493302633678 43.159862512054
13.302185882045 42.882254538558
13.347905553595 43.060578367722
13.242630150769 43.022604679255
13.301073921074 43.036185465791
13.398767216338 43.162965777427
13.30136478755 43.024229012928
13.323846291457 42.965561501221
13.480407200533 43.106027097046
13.319989614824 42.885416801521
13.367643801688 42.93187370383
13.382178070688 43.019943200548
13.279470971471 43.124286335041
13.302679293485 42.903313413704
13.479276262934 43.188858846311
13.287868218186 43.141068856784
13.505156083289 43.114477819837
13.371161323235 42.950091030912
13.350576596519 43.190446298213
13.460052375451 43.107924746421
13.54406043123 43.15319955591
13.461779237495 43.086741991403
13.503431163518 43.170175559919
13.296604007176 42.951876156962
13.398344679942 42.947057770562
13.406274353364 42.928428258735
13.324203787543 43.161135892945
13.283916491237 43.024442681144
13.517868810595 43.145645605489
13.411313389175 43.03492036419
13.336183197508 43.030052471941
13.513015214148 42.904133953596
13.479200756887 42.839413677754
13.497124437495 42.854701796034
13.418886393525 43.170104764036
13.318383529486 43.016648373595
13.47297263123 42.87658625139
13.329872538976 42.870781285649
13.387281551693 42.989945581199
13.482535647474 43.095781664895
13.360398792385 43.013211226584
13.371872370325 42.944833448152
13.448569047495 42.97163343896
13.393227586261 42.998638569398
13.373778914296 43.068002214708
13.477468438224 43.028314822853
13.220144230996 42.992730929068
13.531979727362 43.159626741989
13.35396709172 43.077702409645
13.248054646558 43.07549684966
13.257041724539 43.0099272677
13.377994380623 43.201041523947
13.4076356699 42.91914509142
13.464926740858 43.198010564895
13.320151094052 42.974819685807
13.300840792873 43.125481172544
13.514006908312 43.051516930152
13.45885244175 42.969942228876
13.54234741283 42.971096765723
13.374858872229 42.965839001821
13.469096880646 43.114406475406
13.480707442167 43.156139738951
13.419344984677 43.084260612786
13.281120485778 43.140014976815
13.222888601603 43.060761098334
13.215521148527 43.093530588848
13.375608231603 42.882835170221
13.421728809116 43.231213356963
13.235687662047 42.98620932411
13.333144849808 42.921099326092
13.378661226213 43.094074180415
13.366682432784 42.990129512285
13.417158644862 42.888790148745
13.407626004169 43.085669295458
13.415674204221 42.947221324776
13.423149372203 42.925209035152
13.259584059149 43.082037500631
13.278108501492 43.103482324699
13.475158913303 42.867482306861
13.463963601044 43.086939955657
13.421542383482 43.017131311848
13.411847386722 43.251917160254
13.229848940519 42.991920999734
13.419059801132 42.875459663999
13.484752396834 42.868084203877
13.422790068885 42.963882388086
13.456296972233 42.918555039896
13.340976088022 43.091380468168
13.334321716511 43.205872948864
13.421834878375 42.911599913592
13.441606309492 42.927833594369
13.41350536582 42.983400632641
13.294590594871 43.026952405494
13.540669561171 43.123343453355
13.497009450357 42.877504767348
13.531158789329 43.178512517001
13.517464868055 43.176964487518
13.384548729486 42.836797126048
13.416425383865 42.869712356904
13.418338105764 43.195209175926
13.307249438647 43.073256373926
13.412913206712 43.084563474697
13.343377905613 43.08313278627
13.520330438654 42.959544581829
13.431236456836 43.196288590898
13.238174620216 43.122927079521
13.395658223164 43.005758403824
13.262524758143 42.948660784864
13.407278308856 42.992333429417
13.343428061059 42.875877934006
13.301775793706 43.123468224503
13.315283216238 43.030948868988
13.43845654674 42.822575546739
13.49312139281 42.859703667883
13.511230719069 43.14018565099
13.421325395567 42.846375207832
13.236992204693 42.953406258951
13.378411089267 42.939137246452
13.433584426753 43.112469264845
13.275249377508 42.999354748542
13.312382506839 43.142039171973
13.245446848818 43.065685558184
13.44042335613 43.118930177839
13.369741970401 43.116489609779
13.226633092515 42.959834914191
13.39048096977 42.884944105488
13.488434794142 42.928653900034
13.48211263005 43.07079814147
13.243825265341 43.014292404083
13.387698635195 42.870641294828
13.217700331129 43.04457637765
13.417160572234 42.935027867081
13.427963468932 43.053622243506
13.527110553613 42.922767384428
13.357221115102 43.014744858285
13.487880222282 43.084954734021
13.452249392167 43.14700964335
13.267089344241 43.116915926413
13.510025665423 42.967561018659
13.521277996975 42.891064504132
13.409953737843 43.234188088346
13.255904178741 42.978924887732
13.395849261638 42.965921830391
13.369535689435 43.210083314336
13.529068483773 42.932956797526
13.389119627622 43.101875720614
13.33164892922 43.073297482039
13.429649503191 43.214129647826
13.419114930306 42.942876246752
13.499561328229 43.066937010322
13.341398477734 42.86018413068
13.361049228537 43.003037563548
13.4013339977 43.065333071216
13.459219237093 43.224798387974
13.542388884624 43.095264727781
13.474789947513 42.882615515929
13.422202501664 42.890111705258
13.548655140956 42.998216717058
13.452779452083 42.96173870657
13.392985871731 43.03029298879
13.489200178783 42.863583105108
13.234372776598 43.093188286358
13.287015777702 42.880411775282
13.363371678818 42.932997972229
13.291425265063 43.064736179593
13.256611479587 42.983335716663
13.449226599417 43.050988303077
13.33885008068 42.994894662425
13.301888887932 42.902318714162
13.318084416149 42.891405021742
13.319030296693 43.080331443402
13.445305577708 42.841071214008
13.473778120949 43.198377860823
13.379197708063 43.169171538769
13.220914093901 43.092112450459
13.334258309276 42.963301034183
13.314321013801 43.119945069852
13.464278086326 43.181584931084
13.458681483056 42.900529382725
13.348061340113 42.94093169737
13.461640119789 42.84304615524
13.293027764809 43.00428730112
13.401628318916 42.898034176297
13.516514625196 42.919868231269
13.372649268907 42.946753188033
13.361146652795 43.046941095075
13.310114702375 43.034751506559
13.22245818389 43.10757998617
13.499329579782 43.133280883161
13.352478720433 43.040870821609
13.530508237228 43.092403698311
13.2577495744 43.144928642637
13.381022097276 43.048432188618
13.459398166511 42.961147939789
13.342720464053 42.854456428857
13.243933775131 42.96221505199
13.312966892197 43.031479743811
13.234739471357 42.927172895042
13.383224805085 42.992212824075
13.508181296547 42.931287674222
13.30297718353 42.928419900114
13.49974136173 42.997205293757
13.441727136954 42.935451851217
13.399842390532 43.136666280302
13.400239050596 43.021966949602
13.516747111716 42.960382726046
13.455168317771 43.017744250625
13.259181562022 42.976251255265
13.233591340146 42.97370716325
13.521452173389 43.054099634336
13.246743186047 43.050578836396
13.377768100902 42.965142285922
13.396905717646 43.227707000111
13.225153298709 42.925104986397
13.526813810958 42.995010436066
13.356030926761 43.21009478078
13.40935290952 42.967917346867
13.330408791255 43.188982003477
13.427430493512 43.095019212058
13.487651492251 43.151712448428
13.507241513372 43.070565331781
13.336241581655 43.161784505568
13.480147660023 42.973867528615
13.519115592616 43.053087386348
13.27388795061 43.157959409153
13.498780740213 42.904992761533
13.411391324576 43.160693673978
13.390844322944 42.847751650444
13.277735535206 42.953303081914
13.545735590435 42.994104236383
13.467827316147 43.192424861359
13.32635758462 43.020456817032
13.307010023553 43.170946515266
13.39965916306 43.156592606661
13.448038046944 43.146901913542
13.421544760683 42.834489019532
13.219670145896 43.08015333541
13.285906457031 43.082220900863
13.320355476982 43.124409131785
13.377884829148 43.135111198844
13.324280529455 43.163326870747
13.47241267912 42.890526467439
13.337959364701 43.095543331998
13.294759897208 42.961920321922
13.49896676724 42.932657921676
13.517647537665 42.970907988034
13.475151901376 43.008760982218
13.395895362106 43.198715769799
13.417276587553 43.103356299991
13.443319823355 43.220155503259
13.242576901469 42.913792027141
13.359737477919 42.893846513675
13.418288946833 42.868506240618
13.261859543764 43.084855170515
13.450885053024 42.971675987829
13.354135746322 43.209742887996
13.355857671891 42.884581864779
13.518105601688 43.049755526285
13.466762561124 42.834469453376
13.465208632434 43.199726411512
13.479216411023 43.211816039987
13.428523785655 43.065341397706
13.305719501502 43.111256577613
13.440423342625 43.192053904867
13.413229884328 43.204501317465
13.398101171685 43.139836207584
13.475817572568 42.950691554693
13.455650773598 42.845076428675
13.285411337079 42.967746662448
13.505568349059 42.910279734505
13.232700689825 42.960202539342
13.277393359841 43.142427209386
13.312439255583 43.060341182214
13.269469409396 43.033794473893
13.420111189347 43.06157315248
13.546315199505 42.953547157347
13.416266938886 43.143267910084
13.480348977039 43.035409345329
13.460814631314 43.191761603224
13.238282582389 43.001660175178
13.34515542462 42.897651937298
13.449029503155 43.168982287037
13.418820604898 42.925972160404
13.278936016524 43.160475151709
13.379971122567 43.037012851835
13.528003088 43.079078920243
13.320748194291 43.048971757802
13.522160730589 42.945137514263
13.219849164255 43.059032823008
13.333208959726 43.04837109991
13.311293687372 43.090565327618
13.51758978868 43.089494448684
13.249471668291 43.117973357049
13.374542112192 43.223242527465
13.302141397422 43.003276709955
13.375549555486 42.918295441644
13.458870162025 43.154414355848
13.538106542818 42.948119672943
13.457679551329 43.119530499524
13.459999408808 43.089246497552
13.305295346934 43.105864137016
13.317907621322 42.975773928697
13.335806304766 42.968813446357
13.355023962166 42.888449060234
13.533694986058 43.141789851797
13.442865863204 42.850293954786
13.209984480056 43.099310142987
13.511451989206 43.192121280933
13.493724945252 42.857912233054
13.536915856219 42.910448489224
13.349308666491 43.107627378382
13.328794527973 42.878796129452
13.327470826624 43.171237163812
13.485450071995 43.132514391177
13.303393543395 43.00340084827
13.413931124592 43.164267569412
13.242292747501 42.957523476334
13.382527187666 42.932357045346
13.519611683006 43.154118620418
13.324198428248 42.939790181343
13.463071118346 43.202465188805
13.444934803289 43.029051173979
13.408059440299 43.039264249189
13.236337029506 43.004275437933
13.348600213599 43.134530365551
13.439885930384 43.22389470519
13.215030974364 43.025707910336
13.343437866023 43.162319440957
13.532638063923 43.059206432246
13.326465887191 43.193898724503
13.503061294345 43.145999473609
13.440119488856 43.046105075204
13.503720068628 42.951223873997
13.481824761502 42.849287194151
13.544003016124 42.946623524181
13.262219038935 43.145251626703
13.448398393809 42.974770896146
13.415949980012 42.994596657827
13.37483596635 42.860878053543
13.334553350406 43.104647588055
13.310170700939 42.980719869968
13.43099827295 43.075387895629
13.245598725179 43.084657365517
13.246156118946 42.958363918124
13.348963907638 43.079180386907
13.517416877468 42.868625996594
13.305163065135 42.984364412273
13.48532764033 42.949421638155
13.485822023605 43.01843850271
13.489148484326 43.094076503133
13.310532105787 42.976274790252
13.452490811934 43.159745541497
13.454388917191 43.046644694215
13.375670969217 43.027197411318
13.464147216878 43.136489893394
13.537881554376 43.133872329806
13.515430931263 43.148640476723
13.42804732056 43.212604108852
13.248344417798 42.925161292297
13.507939425555 43.086030792972
13.38192122822 43.140236239035
13.27915872602 43.14256801465
13.257746627695 42.963099147197
13.218784073956 42.964838913647
13.408040378454 43.222704452122
13.275720013921 43.000012423864
13.335868945523 43.189373453723
13.4229755618 42.849234268951
13.319030871319 43.003273541596
13.544843599009 43.035645606965
13.392093511502 42.861972007857
13.293677188614 43.165526829758
13.308551496991 43.182352746477
13.278151640353 43.166169501939
13.336811654913 42.998044049853
13.498063196215 43.021362050933
13.414239665707 42.997684114167
13.312848789784 43.130066639825
13.527207888464 43.037007315588
13.281020562782 42.936867280855
13.383705160315 43.159584058078
13.529305916081 43.020122852207
13.492542559066 42.977812281355
13.468741370139 42.856777875173
13.428513118286 43.207353078878
13.350759968812 42.869089657866
13.294805593016 43.075559736751
13.487061290784 42.962801206861
13.429284661764 43.172130088423
13.41006424532 42.98553180696
13.285838489109 43.052538038277
13.311585501934 43.082749970317
13.290290692977 43.069315841009
13.443859398593 42.924186701406
13.372462405086 43.139892768201
13.418341118593 42.950019042471
13.288634152307 42.89372227245
13.520021491482 42.945572518739
13.372633597542 43.150405236145
13.475637232662 42.886471974166
13.481649626292 42.878036682924
13.23251150282 43.043489503715
13.439215895945 42.839526968954
13.339978445966 43.185699744258
13.53473260886 42.969644535805
13.24572698413 43.058428738314
13.349430110489 42.880217546097
13.464912382658 43.118596743403
13.388114324973 43.160278904813
13.319736186585 43.069738579036
13.297677052833 43.037595840675
13.325333300685 43.136424177411
13.27060074141 42.953176628332
13.330047651369 43.172482232199
13.269005824958 42.985353277545
13.286978522005 43.064442968047
13.300662710958 42.972401165877
13.368431270781 42.867979528808
13.32588189811 43.05520671471
13.217661722686 43.105311950273
13.332236151387 42.981022707199
13.395180662833 43.014642010471
13.243780268956 42.975417196295
13.274594614431 43.163517085467
13.24502894389 43.081205516181
13.423266981481 43.152071343361
13.452197083504 43.048199453435
13.423324893913 43.217401152133
13.309579839306 43.131120699146
13.369029143552 42.896881147726
13.351528363953 43.12316040656
13.495852333745 42.992847198638
13.215449296059 42.994817756135
13.3865807417 42.941685406019
13.303809242486 43.03571174996
13.365255478961 43.073721066173
13.422968543818 43.057775304701
13.389018509273 43.026611034326
13.409601439002 43.137444132558
13.440881179406 42.949673125518
13.428560295363 43.093179539376
13.347116743397 43.179518537235
13.288801259051 42.993461669441
13.393164157606 43.147918083795
13.514956395403 43.090675564546
13.471188386211 43.103415831061
13.455942056375 43.130616115022
13.399479052259 43.162136002075
13.222400287756 43.091928437882
13.481635662041 43.11370310055
13.396747704801 43.161303288399
13.350518974194 43.20938952605
13.429880233703 43.073594991639
13.506938409783 42.89695014895
13.35425730953 42.888551189533
13.273802314568 42.902774853142
13.453099332982 42.874155231248
13.511922761126 43.148675350563
13.526505753664 43.093471395382
13.447183607375 43.021422767577
13.354151160177 43.021174324242
13.312421250789 43.037199993656
13.36480328646 43.063250283295
13.233613636013 43.113498585233
13.259783805956 43.128862335893
13.423146197325 43.047883892941
13.481538914855 43.162147875972
13.375744014243 42.875225246847
13.513191170785 42.979168793198
13.242707489658 42.930153655342
13.270323877677 43.109402048548
13.509261680094 42.869293892251
13.524017169871 43.173130572875
13.284418612872 42.880697623326
13.440596242661 42.921714406911
13.340023432106 43.107634331171
13.477894466614 43.059573554483
13.495339903767 43.058659332853
13.251431301374 42.975974158394
13.519002525399 43.127989442634
13.384004991236 43.157804535796
13.481470561832 42.872924401387
13.493140443479 43.185055514905
13.502401314931 43.038851126602
13.451242104404 42.954600700643
13.348856384584 43.167492995138
13.359777502904 43.093718609372
13.329283639497 42.907596224431
13.516763617546 43.100257614695
13.398593408728 43.209792998738
13.520971570893 43.018752505567
13.240379760175 42.965837843721
13.225040103435 43.03824928174
13.505459871865 43.061713607566
13.311182016673 42.879327475058
13.338667176377 42.885584210945
13.486763747657 42.852274836459
13.272915980461 42.931207269885
13.459504891422 43.125734232446
13.306829662692 43.185712028402
13.347539328222 42.857327660966
13.504016355867 42.862256857989
13.406211451837 42.913016083631
13.408094095277 43.213716347822
13.321651047732 43.087290502681
13.431772276516 43.167314909032
13.43297193082 43.025098675429
13.374478782257 43.044858933934
13.26136608017 43.104825861822
13.361274222567 43.062888881708
13.476115376466 42.856070092833
13.399071301075 43.127212241372
13.331595667813 43.099009550709
13.393241529091 43.15482358085
13.343432482513 43.210023170922
13.358724088596 43.189030510482
13.304050233843 42.88547622968
13.520618762202 43.094173849651
13.415970139886 43.072337546906
13.377986011758 43.034821597896
13.466110700048 43.215629485557
13.518665726559 42.962404871363
13.492345303547 43.096092977161
13.46023735055 42.900641608492
13.397884347682 42.840130037575
13.489093514408 43.026373208534
13.423039201399 42.971504811671
13.326339567719 43.131840349257
13.520844094719 43.116671300569
13.222595443142 43.000820462613
13.379959730629 42.999042438364
13.5430490517 43.117279902642
13.322531169452 43.008638854164
13.4140463264 42.910083971897
13.298558339637 43.167372984445
13.361877855569 42.935221420126
13.4348800762 43.200939950648
13.228415670001 43.107352454752
13.238241366243 43.11387407042
13.410293398171 42.836141535957
13.279117330128 43.021187379987
13.476953181681 43.192782924621
13.443807283178 42.985847314368
13.307737136424 42.964250788097
13.287929217952 42.902594865741
13.369484282757 43.089181426044
13.483131142113 42.93305824696
13.516743170359 43.061045676519
13.463434701091 42.922169374287
13.340036711369 43.098347308647
13.22371526401 42.976014069757
13.4331023686 43.097286642595
13.53680888218 43.129351643461
13.240661882463 42.957927809098
13.509962141772 42.941572957666
13.350693963652 43.107803022095
13.391269992309 43.098954986848
13.450099749256 43.207110484248
13.489626449782 42.891481085651
13.537389043524 43.029320762527
13.218907934736 42.961148278791
13.336121151867 42.96631580452
13.327429856347 43.090025960065
13.531389622752 42.894517734153
13.311944591048 42.96259090817
13.332791891125 43.15595265301
13.302128005003 43.039083238265
13.409648632377 43.07294885354
13.476049456522 42.840244076161
13.369246552891 42.923603701391
13.310991409866 42.892071119015
13.498837152284 43.025655276641
13.300779171449 43.040512942283
13.252757072587 42.992672205455
13.373056360715 43.000407896026
13.260853394543 42.934256138736
13.445241854289 43.034741045944
13.367764337181 43.106684265729
13.427194814418 43.066100320831
13.472184730469 42.967573355889
13.503775614569 43.003270260547
13.426083690241 42.999226507751
13.378347628016 42.989060239882
13.303863767697 42.890765365649
13.388720501882 42.843821072434
13.431784658449 43.051456230738
13.359665830342 43.133946098471
13.549224276372 42.947275786657
13.496161035514 42.887378025303
13.280369392748 43.024385557542
13.354327959195 43.121008398554
13.345259457077 43.055389598059
13.248407280675 42.908479306825
13.514733946677 42.903434869344
13.444816883882 43.171168251995
13.534065403314 42.922289154943
13.314574325625 43.152207146025
13.468684111961 43.214246808672
13.538773560703 43.080608225952
13.442956840847 43.21574496816
13.471718867084 43.086977679344
13.435293949433 42.982152013586
13.497186883605 42.853390006767
13.441295671503 42.931525422249
13.395552030504 43.234950732105
13.244609709964 43.017246747884
13.259900123954 42.934072749214
13.276974783895 42.998336500043
13.474517500736 43.153808302804
13.535962807285 42.985889442279
13.254653970385 43.141979088628
13.3748478314 43.026651685625
13.290896592818 42.908327580408
13.373725946256 42.987922972084
13.432260501421 42.893617633702
13.456346420339 42.955263682641
13.46057606512 42.934122283468
13.46575828386 42.961202054287
13.234262330588 43.043488292996
13.443315185834 43.055989898788
13.401445241853 42.86213416369
13.475822143034 43.167609458888
13.387149108775 43.120197909961
13.490814995736 43.175696170992
13.508824771528 42.959962126336
13.371798334372 42.876367375218
13.395267649293 42.957453863696
13.493900918187 42.98262533314
13.359801245576 42.977874817337
13.229304876772 43.006496864395
13.413460896098 43.092700070766
13.292682800599 42.949894227551
13.269830245671 43.039144935591
13.399771009779 43.104355672444
13.40643713784 43.053492975467
13.483971266788 42.882554377861
13.378005990024 43.130433298729
13.328743253543 42.903854983369
13.220861495131 42.909029223935
13.231578646822 42.983161531402
13.396428878159 42.919503384719
13.531817289804 42.949142141265
13.307839994483 43.170886364866
13.49867686189 43.188498078489
13.390009276306 43.090867821656
13.421980116734 42.840183058235
13.421742143793 42.990832420083
13.461639461809 42.923178096287
13.310934159605 42.930812350463
13.227226439059 43.049516764514
13.389824450219 43.180923626863
13.426602991983 42.96490265802
13.474205105342 42.915049985964
13.351536209414 42.951141338794
13.318979392929 43.063787307175
13.414998304779 43.11434813736
13.360093381445 43.092288023856
13.266739300132 43.121375892389
13.473542290516 42.851017979391
13.434531510565 42.811815025218
13.331109496009 42.945033982392
13.371939409253 43.142855463171
13.33950955718 42.997685257365
13.460692829222 43.013383369454
13.294527147123 43.003751671896
13.547339499738 42.887258057451
13.394766319748 42.915562381018
13.442007569823 43.00660670132
13.541012330254 43.029641672072
13.534418377829 43.049980423923
13.533959679575 43.095081720566
13.372478571915 43.046459838791
13.525789305368 43.035353453867
13.35872355588 43.10811822496
13.386210818976 42.897137892406
13.372581777357 42.854809196154
13.333012374294 42.951995133887
13.531325191062 42.957883731929
13.496646642006 42.861084787131
13.526374738464 42.97553934251
13.31331343267 43.033327438439
13.369661037072 43.224183700173
13.511050959842 42.931645808265
13.393059200811 43.02985622132
13.299634893585 43.118121653406
13.329099571041 42.964124309835
13.288993852834 42.980064810731
13.492281794798 43.058382182896
13.431552289276 43.168625211443
13.386935837302 42.963218860798
13.336830571937 43.116034160909
13.4743829819 43.042183910537
13.401987495575 42.959004056176
13.268651186169 43.041944780893
13.413117342842 43.053310690494
13.463853596947 43.127087653695
13.304228488519 42.965145797474
13.507396082185 43.096385771009
13.462430358635 42.850188933264
13.230154401751 43.123279977668
13.365797393681 42.937283140599
13.339087499485 43.155184444133
13.420602066194 43.014095690129
13.442429777462 43.106147511001
13.423798131044 42.859575536058
13.277802504284 43.081275409146
13.377579192362 42.954360672273
13.378476673934 43.218724761747
13.410136361353 43.001898794923
13.289944402564 43.058246028658
13.319880129939 43.079600512108
13.439342761638 42.909373902695
13.472073089107 43.0457563722
13.232239211107 43.130192597478
13.300175973375 42.951023126485
13.535134864776 43.140192526013
13.461299692982 43.219080800314
13.480455586 43.103713156259
13.355376039352 42.909568673444
13.522806043535 43.090386084344
13.309346129817 42.982754550887
13.386687688731 42.869029705838
13.449684910707 42.997811736093
13.533876125505 43.014511525193
13.412509447177 43.159412538728
13.527330629794 43.1639870178
13.424002852975 43.242472800094
13.536967097587 43.098899449755
13.412272518248 42.863737900699
13.280111289735 43.073848563767
13.283038410045 43.122812542211
13.267867220711 43.099531295311
13.381162370288 43.070749860777
13.380727767677 42.847325121002
13.50555151261 42.905502990331
13.476958907918 42.875456329398
13.224722220222 42.929253827769
13.252516944566 43.088721866782
13.290236138429 42.92484135645
13.299589629446 42.9773893091
13.518423025293 42.957824034618
13.375687799612 43.099236515884
13.404607874551 42.946165111843
13.475930032097 43.166357214661
13.478123113291 42.995889879317
13.302092233369 43.11810346421
13.477601820381 42.846663962534
13.397678505835 42.90076944602
13.300769233772 42.920977028537
13.390443686133 42.840955423138
13.460818249968 42.907469095174
13.333077679564 42.951383898033
13.337730100557 43.019987767127
13.245257862979 42.990715623384
13.513225700966 43.001798782985
13.36680124207 42.960445456675
13.313560578208 43.041603076778
13.442318667419 43.203841819078
13.328601081098 43.06331946799
13.306539708912 42.979651068349
13.347463885505 42.958060876002
13.359920473027 42.994221559278
13.534422307079 43.083842194234
13.502101052342 43.06772357836
13.324166578413 43.058533544235
13.317730205768 43.110967943518
13.310832781883 43.122096490193
13.271305645963 42.967749501584
13.526083205161 43.0120881093
13.234413895886 43.057172157384
13.265662478428 43.068770086911
13.317613998131 43.1564360369
13.303633992723 43.029579750763
13.352771131973 42.938413462594
13.420067806479 42.940845732571
13.510256060658 43.090787861094
13.271362306698 43.017788905214
13.417804550129 43.06806007126
13.450775380943 42.938126535147
13.344195935591 42.914511676393
13.341516771999 42.860667043787
13.393243751227 43.156670981646
13.387888530471 42.917658164614
13.408945226788 42.941642280196
13.358973042762 43.024459397918
13.446826072173 43.106620550692
13.407093728172 43.20183047105
13.498421091374 43.090486992214
13.446078259261 43.160524469896
13.243829953619 43.076027448346
13.309506734067 42.948001679495
13.513604437727 43.112349566146
13.331185505435 43.0859705676
13.308624110349 43.057473511483
13.26160916095 43.123343335543
13.346812932935 42.937000514
13.461229808399 42.947234504853
13.520087502229 42.952463129534
13.524425108717 43.122921161432
13.31012089567 42.912490490339
13.519546385186 43.148868489635
13.478080230543 42.856718223962
13.543649911689 43.108639835917
13.337113577119 42.913552179913
13.416615216742 42.825781827732
13.219803279389 42.969125586568
13.49680467534 43.161369740593
13.518054653221 43.068379589875
13.470090587398 43.053487789397
13.492777404626 43.037471564991
13.292371011962 43.046300865287
13.36467168313 43.095499859257
13.413042573006 43.062189231211
13.344731671917 42.888612033768
13.25115369926 42.990366322005
13.308210445732 43.112143182735
13.434631076399 43.026411933858
13.530430055957 43.160055487512
13.473071594498 42.897251237157
13.467236160539 43.066634884622
13.440938770532 42.89277437047
13.281363538618 42.930512575421
13.368252722739 42.894101272309
13.366755126236 43.052240585954
13.50093503834 43.120136779344
13.500503738199 43.048661278139
13.241576833318 43.041718814097
13.414402020378 42.898376418717
13.451292804208 43.006599748531
13.303217619354 43.027722529635
13.421853490391 42.957039721311
13.48818882859 43.11708432071
13.530016915675 42.927231481752
13.277037121506 42.894880862413
13.387822006099 43.002335516292
13.418862027798 42.901105341011
13.361147184114 43.066452386841
13.529078765108 43.157137175185
13.44023950374 43.005478630797
13.401388095434 43.131682597649
13.501590255437 42.911297413035
13.537799688328 42.912836255952
13.252398707111 42.918546033075
13.311883374284 42.996777202488
13.228773296007 43.01321926576
13.385138771697 43.025995079461
13.469267080312 43.155946047605
13.327606633479 42.894577798871
13.491165003058 42.887676702781
13.493976775808 43.117987263558
13.433630805686 43.251194626231
13.435247374922 43.247287526397
13.236874849667 42.901524814287
13.422219480605 43.157789812518
13.518057156616 43.09896040016
13.467115097918 43.056516012224
13.300052463703 43.053496858617
13.254484224738 43.055762487045
13.381793282194 42.920287467523
13.33326384955 42.929084085847
13.417993707332 43.008218573431
13.484080364243 42.993161732349
13.361987424738 43.112230999469
13.396609755439 42.935971896621
13.391277130896 42.858033078678
13.511740487794 43.105480412091
13.232219913172 42.936864855691
13.402519430242 43.173866739599
13.532815403574 42.92122509003
13.318453698588 43.127163730642
13.484848845997 43.054094093898
13.340622549125 43.157687721868
13.465356067526 43.197015553826
13.532984710102 43.040395987726
13.521930597055 42.991030168736
13.373540186984 43.062114948457
13.32473389775 43.186300731372
13.45106108696 43.110899148582
13.286561706723 42.972738055521
13.215377873397 43.120477335605
13.244254571055 43.092282486678
13.222646211399 43.061468204533
13.356448292919 43.180924897653
13.487372160672 43.151674342433
13.274753657319 43.169586859743
13.502237659668 42.973833635458
13.284402200174 43.167555651727
13.32064856699 43.175701073474
13.240661912265 42.934482342554
13.426970571965 43.039983643259
13.273995088096 43.122972524338
13.462354951309 43.173080656779
13.331956176729 43.049393808979
13.275069034342 43.125199515917
13.227001879491 43.085374504389
13.459204191577 42.936095638658
13.445832920489 43.230867422314
13.359314073531 42.86078771991
13.447146647839 43.222464636558
13.290224785141 42.918965103554
13.54127315692 43.024982824954
13.523664839831 43.038431089876
13.31606128037 42.928431065741
13.379894218605 42.912306598368
13.256691746089 42.900233940196
13.423044061041 42.898428423304
13.421731119262 43.101323364371
13.45237308205 42.965264105709
13.5189015691 43.175240032012
13.406127073081 42.918725907786
13.232573919128 43.065623180992
13.443509349827 43.05731002153
13.246568765161 43.142369798938
13.444044011407 43.126912516156
13.38140270646 43.123448269055
13.437504538094 42.976072089756
13.496407880234 43.007306341572
13.516448457987 43.036066319831
13.545733884718 43.023490860625
13.475693784897 42.834367529433
13.46582842642 42.905098529975
13.491217369929 42.878194965852
13.258512077529 43.096741394206
13.274404628351 43.125435621557
13.243754061539 43.092774338619
13.281800131466 42.963219752539
13.535976994588 42.887248360986
13.349073868428 43.135601882441
13.531200158678 43.133274270305
13.233877780046 43.069135163033
13.502103599043 43.001735195074
13.422334389047 43.009397526297
13.414646397559 42.897016097765
13.354802597966 43.035513184071
13.463380129779 43.040882964659
13.26263219179 42.930684576265
13.316664203239 42.921925111658
13.437667393816 43.232587488032
13.347525730446 42.867188107181
13.401669495947 43.066592455894
13.491877642245 43.192418336979
13.445363314119 43.169875809557
13.524131146525 43.070275451576
13.351937161478 43.147428490311
13.409547472119 43.15565435458
13.378900320001 42.874155475255
13.524486224432 42.980729652115
13.395431578364 43.057066130965
13.520198332409 42.887436405724
13.550364854092 42.905568281166
13.245447037877 43.041953379795
13.498247778296 42.873266003057
13.527627419947 43.179377753858
13.402379542798 43.098223344024
13.41487367752 43.0960268649
13.436548582502 42.963178701703
13.482107574366 42.860601739448
13.467124203924 42.95532697672
13.489087909243 42.998452595921
13.453872864833 42.899680019796
13.374545627935 43.082410146076
13.231508380862 42.948843940624
13.500269441654 43.119592540508
13.527707360486 43.102710767718
13.430410358811 43.087037096793
13.375204279749 43.171480760545
13.511588126215 43.093230106932
13.414349029986 42.830718723999
13.365678343182 43.031728941052
13.235791724306 43.120501518327
13.378057764575 43.086930209367
13.31730953388 43.178252935979
13.305458409875 43.136860275726
13.423873384236 43.095440834826
13.360204347132 42.983157694353
13.453575384104 42.865064703818
13.398539070247 42.895338881733
13.326478675647 42.945729229129
13.535619207928 42.920267268068
13.387581812419 43.2125384711
13.379974891164 43.009760340236
13.308151296504 43.019800235548
13.498188856311 43.10215137347
13.436596086939 42.903971365629
13.497578457251 43.177672411419
13.432977521083 43.064742021314
13.457842019155 42.993703298289
13.463735962058 43.107873793297
13.437333055065 43.194152920618
13.410658451941 43.211092146233
13.230308640411 42.971332225956
13.493534338446 42.870655877011
13.305887520942 42.992978561687
13.356035149377 43.138165239796
13.391160369123 43.214440315617
13.399001093322 42.98460272375
13.422848780857 42.828885710274
13.282445255354 43.13220050101
13.454633502522 43.194032442867
13.486112518018 42.986684046235
13.235510837417 43.094023697609
13.346044543381 42.928533740329
13.531036580715 43.132445100312
13.265619400568 43.020592970339
13.320953445214 43.015711990679
13.546308035772 43.089251177914
13.523463594061 43.108339954705
13.231982554904 43.103951470064
13.241149228665 43.063005461408
13.283083443683 43.13238091682
13.443154816743 43.09324338573
13.537640427976 43.015345120365
13.406908101613 43.109116854218
13.497164270627 42.955504082609
13.420829269321 42.830548199301
13.475818038229 43.08435613994
13.297853414595 42.918918869441
13.408276361624 42.949906317515
13.456705995603 43.202650447491
13.452380294678 42.978594866592
13.505263062916 43.141178640624
13.392505047581 42.919321517443
13.227949470409 43.116250947659
13.237454787494 42.977334932435
13.470055212041 42.883256577388
13.354544818122 42.955739412457
13.450044493887 42.926470798893
13.459286778469 42.826555509526
13.440458934049 43.192305484432
13.413388130003 42.837737321799
13.358352422902 43.203176454291
13.31426473258 43.083842303198
13.237401207575 43.003620424796
13.37503826079 43.21598183469
13.29351509192 42.936884705435
13.496451919685 42.986500826679
13.436963546314 43.011433223289
13.254773242539 43.123157630753
13.432784456982 43.073137648924
13.325890608305 42.890402781747
13.522640124693 42.868625044317
13.319107724989 42.917544019857
13.229735874699 43.128224049776
13.29977184457 43.128876174415
13.493890009606 43.189398759154
13.492187788029 42.888443042493
13.361517039783 43.163752200179
13.455357305473 42.841248843766
13.389841251278 42.963541862559
13.250126926832 43.064030138827
13.415913185785 43.128089454571
13.33401676285 43.050208368849
13.465582462265 43.154929944407
13.311967072709 43.088783419288
13.400324835649 43.159924172892
13.53388621685 42.888156752071
13.27893804541 43.001851749628
13.391934502608 43.016659748304
13.490929092996 43.040460177271
13.315638608002 43.069492999983
13.39489101965 43.126735328777
13.448730407513 43.154818189424
13.230851013342 42.974420252265
13.368239110063 42.915684451796
13.330741809856 43.203477471717
13.318622326648 43.092585327634
13.55078950133 42.898377852954
13.445891861567 43.174462299896
13.405676912261 42.872433710339
13.34480875283 43.12411082963
13.471542849446 42.997432779075
13.235092871487 43.095033594938
13.314327302091 43.172951629021
13.338617318954 42.858384397767
13.329207950912 43.201754538457
13.247763614772 43.155002374761
13.508965638259 43.077702144684
13.477966882066 42.902886870759
13.47654145375 43.036363605913
13.475148803797 43.195624161158
13.459628030427 43.064863490458
13.402333905197 42.876292002351
13.533239756049 42.958424979357
13.326714189431 43.042197192594
13.224542674734 43.115066029672
13.477237791066 43.1657754398
13.447564742292 42.870346164757
13.41351546741 42.973986480394
13.489684908434 42.964599452917
13.524258807101 43.077287832332
13.313380442261 42.941928584588
13.453146073268 43.228604310785
13.459446203664 42.982852889238
13.401143173429 43.186655353863
13.415613523433 42.872255556713
13.488063993181 42.950014978645
13.356411981583 42.872027869298
13.476900319346 43.092045542848
13.413829269567 43.043545509264
13.260064526138 43.161488235093
13.544471196639 43.004334176914
13.302493062498 42.911103165222
13.453792166663 43.00987472574
13.418642935093 42.88618531168
13.41518908714 43.150996042041
13.244775903081 42.960736228621
13.475449790024 42.972466474873
13.400613783601 43.157269628813
13.352476261741 42.975121811507
13.314222747162 43.051242303614
13.408337425186 42.84874437465
13.452909054932 43.003266072389
13.353319395519 43.182358492272
13.390664319245 42.894037900464
13.330354129605 43.003764664311
13.332779263788 43.152370094879
13.410023377489 43.073726811967
13.299214336716 42.907421798423
13.372236388464 43.13451402084
13.36073095091 42.891828205873
13.379233454552 42.984933425221
13.28084122265 43.148625564852
13.513963212985 42.864100573542
13.260784222421 42.976916658702
13.340153987699 43.024639438405
13.427216212951 42.919389006665
13.252941873063 43.110264848059
13.36823422481 43.196409287975
13.219016090158 43.000352177324
13.460173659728 43.193667961396
13.374600831615 43.091213062469
13.24049669564 42.910287497079
13.373944135578 42.963533706036
13.294578805258 43.176832436222
13.40032261072 43.035274784584
13.53494733925 42.916394730546
13.375980619072 42.925869333544
13.449977917362 43.052177717023
13.384789358559 43.096570558446
13.408949160229 43.159707031774
13.325647012503 42.902052276743
13.336946514613 43.091510918521
13.489509174849 43.026589949649
13.235795524102 43.131204533938
13.246973686988 43.153147539682
13.235075561926 42.962453632153
13.408689456272 42.843631193921
13.446650292488 43.142378253484
13.223482936746 42.935212863134
13.458847594216 42.908493896459
13.281668394025 43.10097392795
13.428228564315 43.003266649343
13.419280539483 43.22075033759
13.372158923381 43.01374194215
13.454679279355 42.868929495529
13.413712428165 42.900096102127
13.222169599155 43.074492906742
13.347883757852 43.082273790672
13.528219912468 43.065918754838
13.474221521765 43.125261274246
13.363788997014 43.129060636821
13.415137914224 42.971193775542
13.333717692354 43.141262158838
13.326340304395 43.177297723117
13.328255925036 42.909856585299
13.409416689283 42.917420929746
13.210995676581 43.091699614253
13.541669659124 42.971971199856
13.24782074303 43.087241021978
13.52032972107 43.086567455964
13.245063682688 42.939717240159
13.379772687063 42.958587488627
13.3486530764 42.922401411909
13.457919908456 43.093243814138
13.421731190508 43.232774045913
13.306539536152 43.053061507222
13.449325290273 43.098459506474
13.509493712594 42.954485416412
13.296177989031 43.037558046208
13.415257494645 42.8317417269
13.40067937013 43.185391802448
13.424829796641 43.186459181007
13.473541187364 43.031366576942
13.444159274217 42.887238979308
13.504263242031 43.137081322345
13.39031597154 43.126437950494
13.34778585117 43.16789374883
13.373889595465 43.120202823619
13.309282888823 43.046900893139
13.42600902611 42.98744690932
13.251787691981 42.916228824743
13.499979398467 42.983867980088
13.43046215711 43.087350901278
13.456120426069 42.932300835372
13.41512197231 42.950186699627
13.45760144177 43.005766634853
13.46035859152 43.082954017039
13.302189360069 43.083595325765
13.236496264246 43.109415021331
13.423148988033 43.039935752323
13.54430111432 43.120478080197
13.41001027704 42.942341035226
13.514773474801 42.931686852582
13.48407076417 43.045532642906
13.459160126981 42.851683265947
13.472412492855 43.03706063334
13.294169138809 42.9611462364
13.27579014577 43.139834614091
13.3506317378 43.123338160183
13.453148005297 43.146178674973
13.313865407072 43.045445547947
13.419838103217 42.898244463812
13.31563242402 42.934427307909
13.353125431295 42.961380476601
13.252945778565 43.100309724522
13.461511240833 42.851857070416
13.538644775089 42.95866220724
13.450641531262 43.237578151879
13.375097581381 43.173513349247
13.286125540888 43.041601303074
13.459637498252 42.86653183769
13.413987270305 43.244473941759
13.393522082567 43.193597558531
13.396733524018 42.879815673886
13.506345945667 42.92556268767
13.513065878096 43.046840828421
13.282753668413 43.003859284822
13.266452345211 43.056114861323
13.242710243113 42.951512347905
13.498377634 43.028373238665
13.498056349597 43.095091654053
13.532805456583 43.059015884578
13.423635684172 42.906417643629
13.456533672056 43.144466701983
13.411731737413 43.170649091348
13.471348944361 43.04243016573
13.535425351737 43.114299436174
13.54756281925 43.014451527064
13.24461603411 42.979545480118
13.362221770178 43.19033451855
13.358599976359 43.140542269305
13.503377576614 42.889456083502
13.376858961965 42.996618969385
13.509255117529 43.094558892371
13.513064075521 43.152425218931
13.322556552183 42.977561731368
13.425247006803 42.967511661822
13.495209508827 43.202768507529
13.524010438271 42.968875328551
13.445779384342 42.818882614311
13.279478915187 42.937470494761
13.520908836073 42.997192251981
13.317596691364 43.146658061627
13.358597047349 43.069792028104
13.455157253193 43.034740040582
13.501164332287 43.172246877671
13.221640974407 43.005718095252
13.403157209255 43.183555984976
13.410475007471 43.026730775867
13.354681048728 42.970714820091
13.352048944401 42.957879507916
13.310051598286 43.116195236873
13.316299908031 42.887714110749
13.529349860071 43.136916097338
13.41332704083 43.146547712475
13.449470473684 42.945270230058
13.516702100431 42.933230251529
13.37538360917 43.155648191087
13.530980826624 42.931650644157
13.472732371892 43.200942499678
13.460584926654 43.087759340709
13.422279859645 42.970140929341
13.376561949692 43.218470226165
13.401907154567 43.100719499004
13.290887174353 42.942827679211
13.533769145878 42.987810704407
13.488078152078 42.936220357652
13.498902706217 42.954420929309
13.243352823559 42.99641713176
13.281014545041 43.108519845714
13.412088114516 43.184027484725
13.464142196583 43.148451999851
13.51299814999 42.890995227236
13.271007080244 42.911695701981
13.36977485447 43.121615290719
13.286227109463 43.048516548564
13.237474307549 42.933420681385
13.269108737034 42.899493946202
13.468203365576 42.854597323062
13.398171981072 43.059140369345
13.29405128506 42.989110020937
13.470162000747 43.185154918223
13.22233445722 43.005766021577
13.445351876081 43.105672602146
13.308554698878 42.913430434632
13.276975403224 42.886110398421
13.449522413544 42.832381931542
13.260297318131 42.961686697792
13.526393607991 43.005895665871
13.432439275308 43.127323214045
13.362840144154 42.965953167533
13.473849752228 42.908600015544
13.444687676844 43.193255783635
13.379600718815 43.183389821662
13.541324091883 43.079482488392
13.454347680555 42.924977347706
13.545198431048 43.139524906494
13.416196863382 43.146619134672
13.357111030911 42.86790224766
13.309819684995 42.937221846535
13.51977710359 43.142858554231
13.464863805338 43.021840875068
13.523104947325 43.005480372836
13.511519259567 42.89557459482
13.490086712192 42.928359130851
13.419159533672 43.040938544593
13.38912937205 43.060940831483
13.233489532619 42.940618890797
13.227749189489 42.927112833118
13.44618476112 43.188085426219
13.260548705377 43.070513043141
13.539648750138 42.882181290503
13.411027571399 42.950068250296
13.457428055584 42.908560305812
13.236041255892 43.001674491468
13.342062797112 43.053086412185
13.4075723856 43.079860627244
13.294106917148 43.160884355756
13.434034136813 43.013374143773
13.252155819581 43.060499362231
13.453859265195 43.161005807671
13.477352258993 42.988936455936
13.404065796383 42.898686767995
13.223016631449 42.96476949519
13.348007379283 42.891879559
13.41886982809 43.077120808476
13.30048322228 42.98852044718
13.405618651049 43.143989127217
13.540179104351 42.965386371599
13.474216523822 43.119639280795
13.352661151624 43.022378054479
13.349806927328 42.938669244286
13.48361763243 43.086460391586
13.424957642085 42.985536402106
13.428758670331 42.844228506502
13.483500761226 42.966456450993
13.279336753452 42.901009264843
13.474151011798 43.032903440799
13.478911271563 42.889819290459
13.514663597364 42.872191317807
13.495674253228 42.901168185727
13.422021783175 43.186222816925
13.423937976579 43.09318911896
13.543827379397 42.932416254644
13.446185051692 42.959492127413
13.268889615924 42.969420377172
13.40525844621 42.891887843114
13.463668647459 43.126722343812
13.522586868875 43.13994108801
13.371644213058 43.185998602412
13.506708960771 43.029329743737
13.490379284385 42.887016053746
13.34451415827 42.943948613009
13.488724599375 42.939075857394
13.360983793813 42.980490044703
13.523473308686 43.090850532118
13.348967641776 43.204036695999
13.421905749695 43.21968146519
13.36253001979 42.87807703294
13.469095224288 42.979961545684
13.446012663884 43.076862669141
13.298096106547 43.180826414482
13.364017584086 43.112267894744
13.340031941135 43.101087297381
13.24764954033 42.959787933158
13.344847864187 43.167733009072
13.388064434954 43.033722570668
13.213021104344 43.126570658838
13.297210875592 43.028910233674
13.324679712471 42.938822262913
13.24526085299 43.075975925252
13.4763650091 42.845248280973
13.423052876474 43.025832686606
13.255370975612 43.011959874098
13.369654068916 42.956026846543
13.468618882594 43.217645371921
13.396370422301 42.969187004964
13.50026771405 42.853696929244
13.475761274584 43.177776862971
13.435114487764 42.852023840834
13.443104312051 42.950249799059
13.217954475089 42.984697067658
13.512464347089 42.895870227805
13.251024203513 42.989581810792
13.444525627647 43.052247447007
13.478304999659 43.031009547448
13.49242027874 43.113160518537
13.528407115291 43.106086992729
13.318020012399 43.182790894633
13.220141449135 43.056218696805
13.31166875705 43.023507501962
13.450536219168 42.830069789139
13.490874121681 42.911355888916
13.245747089056 43.054397206334
13.234613214284 42.941025574219
13.324019999415 42.872130058667
13.309996844435 42.878512309829
13.410246042281 43.090987874724
13.478781395836 43.187964477685
13.286124554151 43.005366046936
13.450937300686 43.055976117077
13.288643140501 42.947716096878
13.228066228923 42.949908058622
13.51097805172 43.100915360798
