14.529799724666 42.133938521207
14.229838938676 41.661833061097
14.338606843116 42.061993767236
14.181183212612 41.889367117237
14.805474952588 41.757488354483
14.639777623669 41.618363182909
14.027232492609 41.78155699374
13.878373984584 41.672684135787
14.524493439088 41.526258808901
14.188418964871 41.908019712711
14.534645504518 41.745645492825
14.165231691916 41.574739466854
14.959113371002 41.907529689887
14.564560909997 42.129365595327
13.920874812324 41.823453863165
14.023651146641 41.628696337425
14.559498436868 41.584947266886
14.385413758098 41.811082207603
14.427893146119 41.943481883217
14.599118483367 41.574364254775
