41.839839371799 13.156074616686
45.307735053363 8.3836654718191
42.502769008534 12.71671577206
43.461703114448 13.059249411386
50.153265383632 8.4044111475369
42.48051262718 11.851788690731
42.986503587119 13.252460032374
40.001543068014 -74.446470579006
43.756356532593 13.718585605157
42.574098937036 13.635093303714
43.143814614596 12.757079246362
38.231527991865 -90.13613896764
38.052793501353 -122.11673372912
51.155058339543 0.2980074352529
44.974634482441 10.080094551798
41.039718758634 16.873362961262
51.033894943089 9.4889556721267
43.678231673652 13.736134022838
42.162864702851 13.333975986754
43.725357347527 12.468387490378
46.245718271216 8.5872140503895
42.835546723977 13.748146512915
46.709824866599 11.963890508334
43.448313096302 13.349549828281
42.238951891327 13.82329971244
43.967942427691 7.9715109330702
42.802111799758 12.203955076285
42.629679250845 12.014207926141
43.181364387379 13.326284448789
34.484035342077 -117.86926809436
42.504722548439 13.278754957637
43.705293720472 12.516576063615
25.946985170669 -80.793337993969
42.03908492163 12.855367857451
42.688713844742 12.624733044612
29.527188444764 -97.430133834243
45.441774391309 2.8130952882641
42.80358122515 12.507472642955
61.63133448578 15.926968610811
43.098238457992 11.942230694456
42.821336024844 11.972161201768
42.468909945113 12.345874319035
30.522956779703 35.687153511186
43.421442566657 13.797167436146
41.969191047835 12.40744708127
43.367121798178 13.195338613931
43.233773504514 11.92788358078
42.583161938297 12.569297926321
42.641688390023 13.072719058077
42.280604396167 13.147211243954
51.587546222651 8.457602440127
42.013570660287 13.181364836742
51.276168895548 9.5360576997213
52.51955203061 6.4649340243614
43.071990266962 12.239195694348
53.316249530211 6.0425437871798
43.73177363294 12.648550837624
42.056894169237 13.203262870781
46.921671261043 1.040696516652
43.093179539376 13.428560295363
43.152256697974 12.152913783769
42.423271733554 12.171999336321
43.746241589445 13.634320894573
38.317146011228 -121.94734654542
42.368248948089 12.146899520975
42.605341756554 12.254174084542
47.648354166955 7.2492212021021
46.287595486222 -114.90214067889
43.587194189724 13.795160502587
50.697916295239 9.7212817863195
43.421783546203 12.587140306659
42.009400373816 12.890691115491
51.181034528735 8.4180837275545
43.466762413043 13.689893546391
43.634436138291 12.686737238305
45.103386757012 1.9303155252385
42.281182234327 13.16897996525
43.793197474833 13.051162196368
41.836614754927 13.609861871998
42.317057331261 12.436910723561
34.485293747797 -118.73026134463
43.079915356415 12.622787148071
42.903209655056 13.052725233183
42.468985671883 12.284057737016
42.627779894356 12.817031418375
42.237397283447 13.071326732224
42.09251177783 13.347001522031
42.7220226297 11.949796684084
43.643588849198 12.394060227293
43.434457049928 13.199930022119
38.064707309715 -77.577791387165
42.269045406902 -76.128413757263
41.936518279361 11.997251963263
42.576241346831 12.771817894102
42.745997076291 12.946379624303
42.405852975999 13.372164647289
43.450839986324 13.237708253452
41.939896494143 13.607679546183
46.35262223177 10.18051659436
43.587497194127 12.627308103569
34.112641472738 -117.43153456549
42.24085624995 12.019397029218
46.458894610153 7.2677255944664
42.645041019511 12.443317694351
46.804836717809 2.2674424863734
43.193255783635 13.444687676844
51.697098112757 6.2715652322031
38.218599488303 -76.995946659664
39.435375515283 -78.194197558382
-38.387045051617 144.72024092454
34.033706187466 -118.3294129581
