43.678401605563 13.295009955922
34.316591256016 -106.16568833749
46.290826335801 7.5620994208414
44.17070001021 11.264837004163
42.474730095137 12.673170183654
51.703860805232 9.2192533804193
41.858984359961 12.808701067629
45.788620669552 10.198364879726
42.979837207135 12.906594176754
42.514836450834 12.485153252971
42.211690905624 12.118635426817
46.034716004801 8.4994630139784
40.11613083046 -74.717066248413
51.023552446171 8.9031653832193
42.325590816033 12.672746291253
43.187789442126 12.40085258635
42.848220876834 13.232293513267
43.309217399617 11.87309114119
43.16713870932 12.292332063586
42.277907749323 12.530562739622
43.457676762018 12.51251296725
43.152858125138 11.864948536693
43.761182872488 13.282266417671
42.517629124021 13.127638787577
42.274756526258 12.010640305027
40.656792141023 -75.391067937796
41.672684135787 13.878373984584
42.229613512417 11.935272621447
42.391501345409 11.869944088587
43.03922522072 11.835178202894
41.9843992456 11.857867326542
41.852806594641 13.654968468798
42.579171200108 12.860889474818
46.59206150686 1.4264100168023
43.132383612533 13.755339004472
44.60430471923 11.767890042072
52.296215784175 5.8573174272232
42.625756795365 12.425722686327
42.579116282344 11.896665860872
42.441193045809 13.353014507051
42.867482306861 13.475158913303
43.731355463051 13.37430535323
42.636592927706 12.607071820485
42.32438728929 12.156249718369
43.515552352909 12.564408900966
42.098362949744 12.56280265218
41.863869756418 13.277312439085
43.977960904748 11.404457316477
42.255085629551 12.565291491621
43.529731523048 13.717616812681
42.899671298426 12.783961268528
43.119063181413 12.008513828299
43.372650642143 13.770816817328
45.603044092701 11.401961230907
43.321580103769 11.939325722859
29.050732172126 -98.116324483964
50.954802071887 0.36787893681689
41.969530112583 12.860245506235
42.093000232306 12.619395675913
43.453379776561 13.117211608757
40.596868618821 -73.559090953246
41.951033296993 12.217006808269
42.757675341239 12.519141629135
52.734318833209 -7.2560428107418
42.21795819712 11.844702215814
41.934251784803 12.382534255938
37.808923460921 -122.55425772886
44.115293004697 13.859703560923
43.247404632295 12.952822982798
47.018978639515 8.9225795128954
42.223657060074 13.089977264933
42.578923411027 13.143329580868
42.552512186858 12.399760827164
42.012494297259 12.571000302497
43.819775821113 12.632065934444
43.132087843109 12.452778008998
42.689235403079 13.720710659756
42.845904939292 13.198306340838
42.035943916105 13.173142854692
42.322738014333 12.80204434546
51.92655279484 8.5660626709303
52.595955138139 6.2887580550922
42.13999080294 12.759924609589
42.611534458891 12.388873889313
43.156792611443 13.800431169963
43.747675433658 12.53115355809
41.881299326628 12.574292228846
25.692274762623 -79.570108445436
46.034246557874 7.9627913310951
43.271311115621 13.783067179298
50.901167885354 8.8062685466401
42.737613856226 12.544778514462
42.469624480472 11.899503964905
45.668981481681 8.2941860201276
50.680668853307 0.5454323694275
43.186952085808 13.831268278824
42.986032663393 12.71082693979
51.708945837435 6.2930852228511
