43.009225860263 13.016735410812
42.696558735213 12.014040845939
50.170986560719 9.6853553828249
62.738903132146 14.760259643551
43.106497217506 12.874409625735
42.070255419293 13.766576984344
46.978495642533 7.2698748182831
42.488898284051 13.302124094845
41.89053652386 12.162485418938
42.143911645137 -82.335742827403
42.897377551972 12.38465447837
42.322023837532 12.532511569829
42.416606440424 13.831268993149
43.320059434681 12.318739504257
42.688159216537 13.782123814257
42.643710936275 11.849835148032
42.985552319805 13.781169739937
45.034604160157 8.248428359464
43.573048180723 12.286358171763
43.477173369155 12.556661530678
43.188320462235 13.303220990276
51.86236820317 9.9200824903883
47.449082647194 7.4123727057187
42.21766193689 12.662356499446
43.527310396602 11.594663812378
43.403232449409 13.393223735242
43.779011101846 11.857370515774
43.466840672079 12.930568886909
41.363881909712 -82.594020309411
50.576475496672 8.4649109325674
42.746545262538 12.766716062004
42.207900971292 13.191935513745
43.545363020892 12.963592840363
45.277661536484 7.0272968560562
42.393582424819 12.29433010255
42.307130217369 13.010100422709
42.561440535638 13.722018573325
42.51253375763 13.017663551524
42.767593394878 13.476162989401
42.537100923053 12.847450678187
45.871828068037 10.637680647025
42.417817427992 13.816330790455
42.473142282813 11.991621827258
52.147279394161 -0.16809044605032
46.250784534612 24.140096650058
43.079304646759 11.985021241023
51.960297385678 9.1333951238233
42.21133608057 12.823288308861
-38.152687740118 145.45897531268
42.765348164276 12.117277072818
41.850486338556 12.096197119048
42.42517420392 13.70423484256
42.578918707848 11.991610173153
42.093415564456 12.671858540604
43.574933486814 13.687736692248
45.506098628979 12.850130178654
42.928676528844 12.099350388695
45.24946611945 1.2087783069391
41.720147296342 -74.688208505032
41.841507150739 12.781818201219
40.959859243177 17.820233800807
42.142018117098 12.835308386423
43.565466918801 12.13536217724
43.308575926048 12.279298912419
45.425989954931 2.4094445404641
43.418465187058 11.913058662768
42.623199197309 13.388474839941
42.616266109241 14.300321929206
43.525329394066 13.23740539061
43.409546659074 12.325927322903
42.707916137182 11.963117626965
42.874532618522 12.649242436371
46.057274639095 9.2518546900022
42.840772295318 13.313727352004
45.99713593714 9.0611078153649
40.033958607521 -73.952443194685
42.782704725781 12.15016771443
41.968289566233 12.167238327308
43.221097629641 11.838771134561
42.485456681126 12.945203573904
27.334538658715 -80.536077575805
45.848204697877 1.2358499128538
42.94489100575 12.968638018246
45.319254640638 1.1087604938581
42.568587268057 13.702331422711
42.149633689874 12.647601583829
43.20944585663 13.345212864871
42.297392239488 12.924971097135
42.733329904628 13.416006782307
43.2733986165 12.553048312477
43.164142021378 10.735156043405
50.407247499287 9.2343400512982
41.920574781469 12.460153192051
42.830201624369 12.405416145199
43.170658904228 13.307541278355
43.112580444272 12.796869663448
43.259292002909 12.927047713181
45.34489799025 9.6495238435895
43.590949403418 13.718571912387
42.988685711768 13.456108596409
42.739979376451 13.207228405053
51.410993243759 9.8681494672169
42.510199180131 13.377772306755
47.552622895014 8.8721327818335
42.492307932832 12.913604787997
41.95937012695 12.334918270996
39.757653063977 -82.280748589272
41.857388211834 12.469207160414
46.916197141128 7.5731500767046
51.914242527408 9.5758813482597
43.072297525181 13.26923038732
43.646885382799 13.422327858614
43.526154374504 11.874510955494
43.637056720761 13.665608956344
46.652027652903 2.6085309887345
43.100712974628 11.027346550989
34.078581251886 -119.17631474919
43.045469226358 12.878854698932
42.349557719377 13.004060148284
51.329196847663 9.5135890732117
42.951462046707 13.399297230153
43.776389343581 12.676031771917
43.351409723701 13.045115657193
42.664379598438 13.325828498402
44.376286636445 7.7915618909739
51.448370463424 8.700172228599
41.943229282735 12.346280002217
43.495036252095 13.416019574022
43.562137992404 13.21829313378
43.088129343527 13.098598782971
42.721354848131 13.481890023466
43.456284669461 12.204015810159
40.27323190482 -73.067554037847
42.401753139425 13.729522746417
42.835414846838 11.946206784337
45.906269087508 9.1034935864636
43.392924571916 11.16807604226
43.593339145015 12.095384740336
42.468967892935 12.171306430929
42.314985945523 12.23466048589
43.353837733808 13.804726398014
50.222159161802 9.4524831997475
45.796727995759 2.0126447412244
42.13262084647 13.195864730627
43.042425402015 12.83977623977
42.843410452776 13.498673646033
42.538767592322 13.030707005447
42.166193893278 13.439105420599
43.389896267296 13.030286959873
42.456012311625 12.114903862197
42.831976599934 12.070152884403
39.685907147092 -75.778741063951
43.741543123865 12.267033499345
43.154637347534 12.575583931813
42.495259287553 13.253882434358
43.500197299544 13.579524143424
42.60271237262 12.372694195908
42.253335927752 12.114006222765
46.085523699476 8.6035147085802
42.811199188166 13.159350847921
34.267217830136 -117.05433894827
27.587082076528 -81.700308617334
42.128702439449 12.471780146247
43.654061741056 12.658965534393
43.052294568204 12.650216589074
42.241141753405 12.678836638445
43.274647544287 13.301316642829
46.398743374459 2.9873668076412
43.80872096813 11.980968125642
46.245302087742 2.3150223671994
41.954477889463 13.333913833545
43.42446063993 13.796561578215
42.906409829367 13.088012853699
42.935512362505 12.283917023022
43.193323193229 12.986437069732
50.817081532822 8.4370726400228
42.846658631643 13.633003157414
45.04207024271 10.060004792649
42.696221690905 11.910745411255
42.443877806649 12.800369155056
42.703087432193 13.34758916469
43.478065592015 12.98430557271
42.470049376839 12.606597502088
34.55573569482 -117.71862885553
42.630573668832 11.957708336414
42.551447123567 13.285106951525
50.697778947976 8.0765675986542
42.507335579746 12.056818707428
41.854458917351 12.280660301133
42.160456458668 11.957506585402
43.568346336304 11.959303332495
42.66524843439 11.992804690747
42.593435894064 12.782844400885
42.806286303257 13.547109220453
42.455707620131 13.357233974339
42.883455963306 13.057106776676
51.2637790012 0.32492629215817
43.327537942386 11.992680534272
29.57217991333 -98.653322749172
42.782044448344 13.550063065996
50.381019608295 9.2729687380013
45.486126718666 11.24088246824
44.30172541591 6.9886744548281
41.961339144505 13.607550156141
-37.117476777694 144.08081459414
41.933299302113 12.597616909837
42.498553802047 13.451943737221
43.131008181337 12.180704075948
46.142904866088 1.3685732601995
42.702270050881 13.337108110256
43.199202784451 12.980851621379
52.331244885843 -0.021551505258093
42.281479096658 12.758325820232
42.212107234289 13.004635082115
43.090732543327 12.056348618633
43.736481510932 13.026115294113
46.27915275529 7.0595435989367
42.665138746943 13.662868008347
42.184969065352 12.634309452809
43.110549181772 12.177142333343
46.454333097886 1.0458469535438
42.54031184762 13.130785984535
42.704818299389 13.205220922479
44.915241646404 11.588002219323
43.140236239035 13.38192122822
46.173736179328 8.4839013523813
43.476240070314 12.37932074276
42.16927798242 12.076038201862
42.002144125312 13.493544928515
42.972682892819 12.477959520893
43.65943145971 12.044913825621
34.33170943847 -118.59040059342
52.483666633395 -6.9895039115696
33.09941841931 -116.84125573623
44.609907981853 12.133879831917
50.167839990076 9.0112364790455
43.46647066414 12.820960638982
42.436322498825 12.341525097092
51.605599245571 0.056977752571454
43.574051349712 13.790322981698
51.360997217643 0.42809718722389
41.863634784663 12.684466095515
43.359190410657 12.136254568669
43.067536847253 12.080619933608
46.323414235061 8.4210667826333
41.977699123334 13.514265171047
43.032297934442 12.915161630586
42.738848452356 13.272562212459
43.479907339683 13.115559736807
42.666026213538 13.315468999259
45.972974847058 1.1935268813714
53.404860797294 5.7759287059428
51.429459170638 9.1613962520665
51.289250377002 -0.36306614590485
43.379128288675 12.078527328616
50.969756205086 8.5010992910252
43.248114466338 12.165656464738
42.339077340152 11.931349604845
46.393333407768 2.2992103087246
43.325019344329 9.7108129080203
45.043941262944 9.4086200265254
34.396043250368 -117.66020966657
42.323868095581 12.882618386265
43.532101000928 12.094728678064
42.070163057705 12.037433759348
42.295222264407 13.17618921782
40.897147149922 -112.37032932047
42.594095842745 11.950796752235
42.363018123157 13.094607149316
51.809495009626 5.6583692989817
42.640200705121 13.235985294581
42.648592982764 12.14757373938
41.964714581617 13.168787939574
43.317619817966 13.008880286503
42.593489749654 12.654194310633
43.246042767675 12.761300334617
43.114707270712 11.968638676691
43.610583547808 13.543991526397
62.83208668131 14.507338001629
50.509466576162 8.9584101619937
41.896059930297 12.895388525417
51.343225746575 9.2270920463964
47.342591273292 8.2284534313848
42.236214808319 13.027496928849
43.267022607528 13.391624901647
43.558056065628 12.935804808969
46.154258818344 12.255561398622
43.770878783341 12.551796322035
41.957089788281 12.101759067339
42.950025624593 11.961623477753
43.244717998565 12.245544591123
42.538703189969 12.565179430233
43.510633430237 12.471128337791
42.322233712937 12.139778847427
43.217999206513 12.983090620035
43.517753410881 12.165832223935
42.513712062761 12.982386176953
47.145815912914 10.349793827347
46.094759453132 2.1186138131277
43.085434910902 13.571955387302
25.232695811054 -79.790474196142
25.151644901892 -80.255954252019
42.253168589109 12.089072458974
46.639391719475 11.900568511638
41.977224527522 11.842720458022
42.093345819571 13.198498390263
47.483693762262 -113.54937511205
43.722925044954 12.743329334906
51.50510496693 0.67460291160485
42.159281049019 12.824195885039
41.863384028854 12.374777729353
52.335124542394 -0.071174503854087
37.278886395452 13.926858236679
45.626764505625 7.3258803164497
45.009515236602 2.1715733474919
42.110784070173 12.64901505443
41.925732285236 13.045510008042
51.336991377332 8.7773530207469
44.962440062788 9.5246818596146
43.765580100851 13.45879542106
42.861194942103 13.549658636839
43.748549469651 13.669959825797
45.294659365383 10.568293292128
42.370619103972 13.146426433321
41.973241291949 12.121905721336
43.265533526573 12.78853018807
42.44982197345 12.869045539719
51.965604669398 8.5761118268483
51.020085447477 9.7774031738645
50.053767145636 8.8516565644423
50.771516266638 9.4738275038422
50.93270014363 9.6857768579786
50.250185773359 9.3742247775077
43.151544129568 12.090926312905
42.719578842057 12.426848076504
43.308146970511 12.601291693582
42.660616128568 13.41422368654
43.0960268649 13.41487367752
43.800745453148 12.561379119105
45.291089184278 10.098253787262
43.064742021314 13.432977521083
43.539665971224 13.439819350599
43.168992695498 13.581670079206
42.343373453891 12.937114375169
43.428706005902 13.606545755943
42.83113127522 12.761043043717
41.898325403195 12.8745780042
42.454153555212 12.434399980809
42.76343732784 12.119009471575
43.505386564206 12.259760963872
42.246623159988 12.368298909354
43.511038678492 11.869467713365
43.772242753216 12.821932809365
43.629848689621 12.392033784388
43.632944741602 12.337712763987
42.959369276652 13.146917121574
42.632830904647 12.206584393164
42.722861327589 13.321956540629
43.494982024906 12.089085273973
43.497721545651 13.382032871911
43.605118124583 11.909030518473
43.798354041224 12.240068535919
42.538178078636 12.610699602242
42.490795185573 12.094433322148
42.240326342772 12.357237114758
43.164222979084 11.916648100578
47.332762609857 7.9228788353144
42.333137465817 13.217104596674
42.93156676133 11.958161918914
44.298050476074 7.6730598766021
40.459772833574 -73.918843176905
43.758386984842 12.443493094057
43.43535350658 12.650733076826
42.306728546206 13.360100668112
42.868202195462 12.479398946988
46.8524119966 8.7318432676754
43.456594044576 13.275195170343
43.157075917908 12.864586319732
43.287926656815 12.919089744317
34.439488010865 -118.78479955271
43.698159068703 13.615174583933
42.27995241402 12.966684042016
43.055620692252 13.734919054331
43.548770024718 13.217475494026
43.611229478222 12.898369615871
42.167632506095 -83.625260393168
42.210145261723 13.693569837016
40.491037841745 14.056954464622
42.746777450103 13.659497780588
50.370432257825 9.7333134448777
34.591656045838 -85.113467196894
43.068709236157 12.232940917964
42.388357746151 13.77991086609
46.037364173232 1.8625321029045
43.163617156078 11.921333419143
42.19104288902 12.48707418867
43.244588255086 12.567152616387
43.718044298591 12.879036569467
33.080415408418 -118.1024084966
45.620546592223 2.8457684180912
42.80787752981 12.236101801638
42.303269088431 12.110009079406
41.937934206791 13.216159085865
40.209666579579 -73.492447605167
43.269290461817 13.096683987017
52.071782002957 5.4091205432355
43.186831668127 11.84965660325
41.87088382473 12.082359452326
43.811690919035 12.359676274659
41.924551640157 12.608427197977
52.855597877575 5.7381593650152
42.83156216977 12.806385653024
42.305098850443 13.076465773453
43.254830458807 13.1458337401
43.353595013916 12.223951981528
42.099367395576 12.649498894203
38.860796719899 -76.897995141247
39.016066825199 -78.420094049225
42.646996142665 13.32367334858
43.039326454552 12.883488545161
43.151722810323 12.200086746013
51.805601161348 8.3534080476283
42.831215402519 12.640924564417
43.116195236873 13.310051598286
43.334748452241 13.240608492534
42.513052535503 13.108640258738
43.134471357884 13.143162287859
42.447625359284 13.002509966515
43.780444405426 13.594982997347
43.397337736302 12.840677022415
43.802098198723 13.248238990686
42.221802536988 12.960449136796
46.881392244194 8.3545318261509
43.126570658838 13.213021104344
33.255312033305 -117.97884050374
51.005868961106 8.7502131805523
52.317859726873 5.745568185577
52.325544116472 5.6108233173661
47.280757800807 8.6915555576289
