43.525808885494 13.69785640889
41.920087172634 13.633620737902
43.231276899705 11.992914538848
42.956757101697 12.290664148208
43.146009374033 13.127975006203
38.447376670666 9.1317832478027
42.431311592682 12.380900376209
43.686134480797 11.347615020395
44.995034968969 9.1150334158517
34.820301369394 -119.0577820198
42.812093946551 12.604872695007
42.462894661123 12.503070425032
42.326280198699 13.453850616002
41.850713190843 -76.232422419826
42.631593124325 13.764670202886
43.023863359852 13.357829976549
43.459280924175 12.407685116144
42.363667026353 13.002989553869
41.902608651178 12.332609408245
43.051593810365 12.395308443085
43.112580444272 12.796869663448
45.519418187404 11.030529943009
42.613023875122 12.609636442109
42.603739229333 11.978520404093
42.842876872927 13.397978646421
42.040718247455 -83.436175282058
43.418758592784 12.057354264009
41.901601179478 12.513365811928
42.018809758622 13.574576226817
43.588446845596 12.592142667918
42.696567421193 13.078196919581
43.464524043961 11.840558101836
42.652778094494 12.625461132112
42.300125044466 13.158433551995
51.075959084125 8.7979174870057
43.243713113148 12.503912840294
43.254419708298 12.372931583979
42.897478429108 13.576066552019
45.6580521351 2.2827359252995
42.070282210184 12.66358825644
43.010649877626 13.675917772912
51.007478974297 8.8730773105626
42.0122465445 13.118092328386
43.670314299276 13.43779943254
45.186365516922 8.3774176045937
43.298223417412 12.733865045839
51.009261615113 8.9648099466994
26.031296050639 -80.318829114973
43.164267569412 13.413931124592
42.309927955435 12.225201033182
43.214804014312 13.270598343255
42.35949685164 12.523353321742
42.644005902432 12.488667614541
44.638463490286 11.887464279045
43.297448067154 11.991088401077
43.424096987801 12.595697581601
42.578750478394 13.331712308515
53.479741584966 5.5811200122494
45.105007546071 2.2765931837617
40.915807026073 12.857310134663
43.714102703035 11.973754718909
42.404072681185 12.073544654119
42.335680533843 12.223489498379
43.194933334012 12.90492689095
39.476370940864 -110.94322480431
43.152256669103 12.308256648645
42.694421802992 13.113868423812
42.639684846012 13.666152506001
49.643487271803 15.080937467786
42.759258975649 13.622945234956
42.461045416773 12.921635055899
42.800332344065 12.014158611679
43.448076663768 12.655913042231
42.16634890121 12.13179831215
51.120876991246 9.2006705441515
43.534188807746 12.343917359779
42.057462596848 13.472192177324
51.044301213717 9.3757762985191
50.443024818992 8.0578852761806
43.427131931983 13.684360987381
43.446064729007 12.428751041868
51.783395046733 9.8912815614097
50.514177614597 8.7134444214001
42.711667613013 13.63389638843
42.136551582339 13.602430729031
43.701264131696 13.057233962744
42.064385504632 12.130524938798
43.333075729375 13.432618958632
47.418564405022 7.4690091407248
43.716534583253 13.663013279768
42.61188617193 12.61718284649
43.505968601234 13.461306001761
42.720996269847 12.971809575342
40.120813104365 -73.957013476201
42.425252491827 13.308216637165
42.597417077349 13.144043107605
34.410587910002 -118.59739102666
42.047375773588 12.282555713471
43.234889597762 12.209564345076
42.351100880372 13.217941263813
42.712437704558 13.832914533968
42.803359151747 13.398755044883
42.989581810792 13.251024203513
43.279418357333 12.76207410023
43.429580980667 13.321240036453
