51.011955116881 8.3822050492196
42.844182038628 13.404417651915
43.702374228624 12.963455278896
52.160075154463 0.48561103426647
41.953351027332 12.995121668112
43.826729780935 13.566836860782
43.233234271537 13.76927336157
41.988171388411 11.837566681152
43.261793022187 12.970310268465
51.169911340424 9.1941418597447
43.304701285134 13.23044017622
47.146305972313 8.9592225602638
42.475352145508 12.506696715277
41.912840142361 12.352179531193
51.579839268736 6.4336887312511
41.281707212601 -87.424218742674
43.607489071625 13.613545582471
33.427921985981 -84.997442583459
42.395425176453 12.021055503314
41.938948320217 12.393156796432
42.809833604309 13.799188064804
50.733923017156 -0.61195007978098
45.382746259325 11.593465012239
45.394988241254 11.699737921613
42.579176232975 12.466124776523
51.033296084047 8.3681079653875
43.016354945983 12.386196912002
42.306547364384 13.74040035195
43.827466349058 13.830912500562
42.428105369896 12.801282564107
42.858104426834 12.186961361315
42.589524937623 13.278100431582
43.285231224415 12.685784794731
-38.682702521646 145.84482274214
41.940850045991 11.854599376628
43.753842268511 12.320585106204
46.849439099361 2.1023137420892
51.797268143295 9.2970142296036
42.129298696841 13.239378572108
45.26807549748 1.9015026874382
43.197124998198 13.791703355888
42.809611075024 13.814310344802
42.448753146685 12.975717091477
42.125482180235 13.717985665315
43.631394995226 12.331231569115
41.862923175054 13.083840646841
42.946820246052 13.603368613705
43.474508462716 12.999827867395
40.644715074902 -74.650972973524
43.640201297908 12.87821901167
47.478366801738 8.4342691085461
42.831909478119 12.818756563991
51.02128099558 8.4745622982618
50.367520532742 9.0011136624967
45.193345672005 11.44282108233
45.759306884189 11.77864927595
41.901831827102 12.908313420114
43.358296947276 13.239310714549
39.867463472894 -111.91593010985
42.211111683983 12.341635574767
51.309241812587 0.3581734077298
50.325630220736 9.315615600122
52.829676114176 6.191288418342
41.981319471275 11.83846863866
42.325826879298 12.702143164234
43.266368180193 12.799373436181
43.543597074034 11.981569590991
41.916107857116 13.775264987173
42.004292150517 12.127553487743
43.379011133883 12.407570691524
51.567055946014 8.4526569095685
43.591355848888 13.503885852894
42.923121338695 12.846793843849
43.696137331306 12.840358382503
43.188442747683 12.75098588541
41.155937893075 -73.793043071905
43.225677929013 12.633135950509
42.287133998392 12.533818895732
41.85570503627 12.03248717686
43.452025927369 12.436964400337
43.170235574346 12.573032945217
8.8935893601242 -79.004845458551
42.061881956229 11.835856118184
43.712793192713 12.227757100143
42.629036575404 13.557631042601
41.886546457155 12.076388520245
41.920972547012 12.38109614394
42.250492333572 12.139989231799
42.757297222411 13.357581774426
43.610449100684 13.559185467011
43.020038717457 13.544819785091
43.56005546991 12.508298335855
50.551019771281 9.9034275100117
50.156002222167 9.448730411217
43.475682252329 13.513173617683
42.389891696365 11.855358546553
43.40305217842 13.300837659438
43.454395605018 13.513601222336
43.13624534159 13.632410282119
43.753310433961 13.248949854772
42.609870022933 13.239237848802
43.055692740297 12.142023858701
26.191626531144 -80.721750246507
42.48592920533 12.113461246322
42.648305440644 12.615697639371
34.691676884469 -118.73092164822
51.57723671737 9.4710286597121
43.205806907383 12.416006111755
43.560375051855 13.147690954708
45.967435000449 2.3568095687576
42.188843133037 11.868153159932
41.863496213178 12.669470452105
43.16850862988 13.025526130605
43.216644298873 13.110122161524
42.14530669115 13.060933031657
38.04449087104 35.124642023875
42.928850722487 12.959962630647
42.964249330577 13.594460248314
-38.352482900188 146.04873390002
42.926521689152 13.688759507953
49.443322427312 31.957872332985
51.48584476881 9.0449560443149
42.437009121516 13.409542134709
43.319523078094 12.779265201569
42.52067433324 12.895178390639
42.029820048285 12.406138451514
43.817806877132 12.573226980687
46.586235442006 2.4533091240811
36.677426767386 -121.30541123135
43.405500183557 13.161533479675
41.843982565165 13.578338083636
43.710354192069 13.124356404026
41.864232383626 12.600275017622
42.458087000299 12.314685399346
43.28808730018 13.693705585664
41.962522141173 12.33754276083
42.255128410785 12.20496378059
42.799844083304 13.232518718707
43.744925297699 13.795509784408
42.253352556051 12.196883027089
42.74654722856 13.547342397548
43.626417197134 13.579942900979
42.45885257493 13.467477734905
43.410847366068 12.872790211773
43.273285889215 12.220802010161
42.573645739173 11.852263181888
42.209083485535 13.186591113094
42.82204277621 12.740124246471
42.286022305643 13.819002387051
43.53976662298 12.596949080304
42.547035343289 12.649084571141
42.938132202711 12.269405128581
42.602192590315 12.736661878313
42.574236780228 12.321401683784
42.497596070423 12.930809033092
42.458432438552 13.595300872643
43.07127345126 11.933373877303
41.906105681765 11.918611568382
42.920703865572 13.524253206593
42.753683340176 13.64152721627
42.66887559449 13.721358753166
43.260601345126 13.695908574732
43.770395263944 12.814114778703
42.996371253879 12.789210617465
43.143098819623 12.120425819496
42.892734232795 12.125310229683
42.588509625585 13.799082994389
43.622291683996 13.228946587664
42.585305492687 12.629492380039
50.636750497241 5.0658518712087
42.608197772714 13.536372417389
42.666262407187 12.211108553808
42.055941209244 13.814413063628
41.880512564408 12.946105150967
46.23190374171 1.8164803682903
43.29648006863 12.615106677478
44.597086343398 9.4824361918202
42.330568647653 13.767707432533
43.510746657642 12.531790174347
42.048022614835 11.924847410978
33.556358191157 -118.4462128538
42.403700223402 13.69828829297
42.220697927412 13.825374973878
43.786040165383 13.282155161876
43.468368098379 12.611773586207
46.155226160379 1.6956940492129
50.779243234442 9.3193757135046
41.001473992158 13.27317268873
42.863136951536 -83.847846800132
45.239486307646 8.6010686639026
42.055109805009 12.932884152503
42.058633002734 -83.478183969354
43.614676774787 12.853984721424
42.34414289677 12.298328595862
42.409722303718 13.061466449456
0.71011311500804 0.98006223932843
50.309378891862 9.4860198690957
43.39518241046 12.029863902403
42.948470847213 13.577194618351
43.27731243862 12.991444753034
42.633365123849 11.908662513343
42.555009810999 12.401010030623
43.207067003591 13.240669669251
43.589981613511 12.643117275875
26.645364726711 -80.495425507932
48.290637138011 2.8223776321301
43.575305001633 12.237651350574
51.81895581182 -0.49397537978551
44.304256956398 11.842133892181
43.412864274559 12.065856631431
43.355980168283 12.150059632582
41.920105078707 13.611053268731
45.82137715715 2.0110066784597
43.517531561927 13.662353973234
43.063782983976 13.122154271774
45.656025473334 2.0696617407117
42.574111469844 12.239536781462
42.117401657702 12.333901480948
50.516209616101 9.1558131255004
43.698151851419 12.910996152999
43.722266495585 13.026371683959
42.692145600327 13.028393339866
43.667689206411 13.677037283183
42.675559181124 12.74391678059
42.280968286715 13.074204554837
43.455451947404 13.092172655807
46.326322004171 -114.10168988877
49.11293907527 5.8254720413966
43.40555783615 13.592007908801
42.613557192338 13.143581071025
46.865411640082 2.5197212144359
42.401305940909 -82.941672718333
43.346002868559 12.374140469087
42.914856038503 13.116981264745
42.883503392306 12.091157477413
42.639845261669 12.453084933338
43.462244787955 12.248359872631
42.499066931449 12.570309378959
42.280194059631 13.062282908758
43.237525595484 12.096879459052
43.366144364891 13.484194768839
41.932653113258 13.426833599094
43.823103957748 12.407209936274
43.684294288386 12.323799635455
42.841982816759 12.007260376612
43.74718233747 13.666977032885
42.383530900548 12.472970397919
45.51190339658 1.4129725715206
42.223004909357 12.140470629179
43.557798880433 12.18272444989
-38.259539691387 144.10020677394
50.511916954774 9.7327878520511
43.017900935869 12.508015057795
42.788067995027 11.965853640349
43.269833059197 12.239953620958
42.207226581989 12.188364027177
43.616702823277 12.260956447714
42.81661624129 11.9374656137
42.443439082004 11.947118918408
41.85905117118 12.324392696549
43.243228782568 13.761541757643
41.887359603277 12.936875696286
42.234672113918 12.653847906133
45.144879532114 2.0910715107299
43.554418899864 13.63091442067
43.776930307421 12.780630186119
42.842158838123 12.328728895343
42.054992436478 13.637772273125
42.594632540196 12.696983370344
42.162425740719 13.271498176417
41.844890656364 13.290764425572
50.557066525592 9.4738253245474
43.635520815235 12.296832869454
43.67340446623 12.549046100394
43.073297482039 13.33164892922
42.766882149881 12.082818384342
34.152004630881 -83.582638895783
43.783470638017 12.267099016026
43.80852216941 12.698868841745
46.919542784765 2.0926891053527
42.96173870657 13.452779452083
42.355871315301 12.243184020877
41.001343504212 -74.524242785669
43.367341553519 13.639856925088
42.586535444777 13.014209498679
43.413472367664 12.85214588507
44.591678246898 -73.203816585009
43.242169990338 13.162666902974
50.992191693276 8.6139420902421
42.946508448567 12.135416287547
43.281444048195 13.435163436681
40.719195049277 -73.461411959372
43.731596084208 12.895572571522
52.566041496147 5.8185752746968
42.100984457948 12.920928324557
43.594700578432 11.851853243493
41.908739298095 12.347047890253
51.42018639565 14.037613785494
43.189202187226 11.876907805876
42.00834263072 12.531670716394
42.695721437568 12.153323017153
42.033079215362 13.228945222811
47.761086010517 12.493876348268
43.158140840569 13.158442079184
46.944296335776 8.4220158375902
43.458095844604 13.611895602502
50.638481772336 9.3773135698295
46.354076484849 2.2227040791058
43.340085847948 12.244428180293
42.945451415605 12.882072462666
42.225259866691 12.891650698584
52.388182495203 5.2398957812646
43.48485577364 13.229602746793
43.549824850911 13.509008733348
42.384175491254 13.273468000497
41.983751818551 12.925561855068
43.771057925567 12.307008705266
43.359855578004 12.824310496854
43.195800657962 12.212838020761
42.913737027887 12.352180687896
41.168687508052 14.584789019208
42.104944381933 13.407395721158
43.617309425335 12.193551565632
43.12887502982 12.979888588667
42.41680232131 13.329148782126
33.111124033805 -118.9076235688
44.437790218691 -78.890571119075
44.748906162332 9.9073138495498
42.815092292084 13.660727848162
42.280550211354 13.015777370921
43.356636755821 12.421862098606
43.675789585673 13.326112137815
42.503706055483 12.287031748487
43.675843254533 12.215790997846
44.14107302506 7.0978157592717
42.069312911068 13.012072303825
43.742663080705 12.179686039791
42.499545926016 12.98665955152
42.922725764088 13.811144105557
51.195392161233 9.3969589138389
43.482957412735 12.406382710883
51.988627802575 8.2992194538467
43.321998284835 13.527925001724
43.147673925009 12.08727958432
53.178167545087 5.9121075324538
43.355987255183 13.390138118265
50.942116221153 -0.47280188164804
42.285426288997 11.897192801322
41.873155521191 13.56089149304
42.883799420637 13.251969743658
43.293629564968 12.346824136745
42.042415378656 13.177713541883
25.945556241045 -81.044647478329
40.727716462246 -75.093572296377
40.388458411076 -74.232214581927
40.463432074426 -75.349726769902
42.064729119821 12.344351791283
44.891131605693 9.409825068321
43.787422339354 13.218770555343
42.739207845081 11.943548801815
43.088532106547 11.98351591268
50.453666403635 8.3298016531997
45.275111359672 1.8261352553154
42.036721674764 13.602479222998
42.965263565076 13.737001047834
39.971881167004 -73.86675157443
43.697995509833 12.384132821778
43.680479705206 12.657510358236
39.723616745179 -73.494038014018
43.433210182226 12.93533981218
50.254355847488 9.6461298920429
42.571860373307 12.184859604216
43.068736504816 13.154994957708
42.475770124942 13.315114826132
43.816747081867 12.504497495736
43.105011323071 12.192661200295
42.367594769882 13.67138216026
42.986446859795 12.47902935628
43.1313837367 12.086104400517
43.739625020318 12.044022862841
42.433326060641 12.94729412533
43.505193407904 12.13428274923
43.799920491336 13.812048752726
42.797520683074 12.375501326481
51.585704989073 8.3711384941689
43.066044240776 12.466769055236
42.068490724132 12.195035113134
52.005971364447 6.5909915109356
52.958416850985 5.8778464687652
42.931525422249 13.441295671503
43.305422738823 13.040988265111
42.070996213758 12.001063842814
43.07215966476 12.554162761476
46.989150179545 1.7346316025288
42.985708433218 12.710417475438
45.276465060318 2.2468431532601
43.014394607423 13.157566927468
28.128827059229 -83.071039272523
42.40114182208 13.748570366201
43.428202750382 12.288447572539
51.968560051624 8.2460598229645
42.155899902434 13.06598675489
43.633560991696 13.727724656357
43.349449848009 13.670840910969
43.684787619268 13.106314997725
32.799852249625 -83.619046613304
42.700528615036 12.861116049768
43.144870910882 12.200748839064
41.844709313423 13.183138806945
42.424811779275 11.970315543011
42.462077784123 13.697623961485
49.512765525264 6.4891102064606
42.483204848379 12.705476194504
42.547685717509 12.26857491085
42.659138400901 12.761633942279
43.332781882201 12.879091400152
43.345508823353 13.749977886116
43.680011313746 12.651705407862
41.771515488204 -74.47515888594
51.650072791916 8.2353032437318
52.729246706343 6.2066420137215
43.264286249554 12.674836175852
41.900533502896 13.361569026209
43.550616673937 12.751112346908
42.061461531141 13.511995668317
42.180888789346 13.013319904478
43.102998368511 12.033255233466
43.448259703579 13.22676133284
50.858543225498 8.3998648358508
43.631416575833 12.343977862219
42.030576057767 12.372869068486
42.069317835902 12.798175098302
43.539824176852 12.052485737529
40.953236810607 -74.878974367129
45.125476632791 2.9085881691
51.032985706596 -0.94580792405447
43.316760520619 11.88970057803
43.510633430237 12.471128337791
42.370152413573 13.633081395961
42.119290011546 13.110380258018
42.369304412703 12.889859695423
42.504560905299 12.201598057638
43.388530536757 12.710553522108
41.926873391481 11.891699337837
42.330164634797 12.26698388686
41.930681930378 13.80168003768
43.103713156259 13.480455586
42.069205053204 12.477424611581
50.943084280679 0.3573333584924
43.098636271033 13.062166648036
41.857752389695 12.701029133865
42.656821137621 13.427036073744
43.023312732609 11.876351156235
43.106316799834 12.318979715167
53.02405130096 6.4773610982706
52.153108461133 6.5675085358403
50.461162497039 9.8195701501423
42.040586703031 11.886421048982
43.057172157384 13.234413895886
42.406689557457 13.816564982693
50.63294384332 8.7449615536001
43.645971650114 12.112149153909
46.352264633834 13.271353280519
38.396450643191 11.740139006446
42.462956813866 12.114729469716
46.602294774541 2.4098218723246
42.402762455609 12.889100315019
41.954128319397 13.22532175587
47.102920257069 8.2426159131539
42.35378609756 13.824125221404
42.96484288434 12.841503570735
43.519302956557 13.801499891489
42.305951977778 13.720177805873
53.99254829995 -8.1728666439526
43.344264026447 13.433931548837
42.526460547266 12.019330964454
42.901105341011 13.418862027798
43.466717394307 12.655450770492
43.045042352399 -80.340449878895
62.309843198075 15.527159800533
42.286676627738 13.022144169578
43.657037212375 13.009404753826
42.254289108934 13.460994216383
42.202590644475 13.081874078664
43.595696135257 12.976605133629
43.392152764572 12.006368978439
43.513476428836 12.932657618065
42.981661236857 13.156547281519
43.777107522274 13.695852306085
39.935538921161 -75.263672254768
43.077048289181 12.153628859762
43.051275812134 12.024680258739
50.240900405795 9.8889124374319
43.282501320507 13.694697792055
42.42613456653 12.629733462201
45.547127977268 2.3862524630438
41.999529568499 13.080312550592
46.450406774623 2.8127994895041
42.644723470644 12.747911436853
51.863168644422 6.4878245302186
42.15322337821 12.912373740672
43.016426969348 12.568042596622
45.419150575725 2.7535968282044
42.140654172369 13.462131339362
43.830384468136 12.422518288003
41.899817560774 12.375743347416
50.445805774278 9.9052075990034
42.775186117145 -86.838164236112
42.64123620963 12.824704520344
42.32384461042 12.807174401289
42.834469489232 13.595172248148
42.831629665977 12.852436359458
41.930338608555 13.719046655001
41.910922586897 13.271433187796
42.515446665958 13.512343662119
43.372296128151 13.342712179007
42.724687358257 12.812472215322
42.170163880668 12.404166744765
42.9598504263 12.653168282331
43.634622369744 13.755937070027
42.363012893781 12.402632002927
43.76812668462 12.323510002982
41.871362868658 12.134996065022
42.459997867004 11.862909229895
42.360929371513 13.735590610085
42.746837739736 13.330529096711
43.258868503526 12.833281394503
42.131440448191 13.49349980873
42.105783964578 13.090751473855
42.794543648064 12.66983845351
42.918918869441 13.297853414595
51.038578902156 -0.63723506394179
42.976316308147 13.088185162346
43.060463612948 12.701977719435
43.609748029455 13.289162192649
42.025099987663 12.106458918262
43.231508011593 12.604818992154
42.217412262812 13.751650010141
42.484157348764 13.177770509954
52.927582362633 -7.8527661067679
42.724172640019 13.016714045341
42.191523891984 13.747414480333
43.810569712825 13.303690677671
42.119597422036 12.410902546465
41.9858287112 13.157429036313
42.04290732047 11.875179060232
42.204979228091 12.878119138755
43.60832822493 13.652349161775
41.97745283927 13.666573998384
42.654546692362 12.917948537489
43.152305271568 12.314694781955
42.148458344021 12.53496785908
43.640761140122 13.447089709571
43.191823179013 13.097154166616
43.123152452599 12.11203090947
42.749397010447 11.967403439811
42.563942978908 13.436199876238
43.615932009956 11.945509924083
43.261666050789 13.693155059469
41.963394955736 13.818162154808
42.656095400779 13.122159503478
41.297959537536 -73.410538628089
43.754757467564 12.240213230851
42.660610700355 13.750220071429
48.113569120718 13.495000004321
40.980353863587 -74.243109499815
53.431308634082 5.4419689456429
45.137958506652 1.5182299076199
42.500553941608 13.531279403985
43.007747306979 12.357105338202
42.235915205572 12.278514063136
43.770333315626 12.680684828537
43.418033817999 11.995407389961
43.340268269361 12.710536459347
43.485943680411 12.965605676645
52.454356281066 -0.25870464805919
43.76492399341 13.346057462688
42.529196617927 12.260376757619
42.28376270194 12.937531151801
52.17786453789 4.8787494097505
43.787359122575 13.043265603524
41.364328971442 12.657310450567
33.497649544467 -118.50301098172
33.547739648366 -117.65074313067
25.883788893859 -80.821015658049
43.023193887932 12.556027690694
43.445243585152 12.243598184217
42.584271121132 12.266841117438
43.538522956699 12.539245805975
25.345553347985 -80.662617654192
25.412869053137 -81.088221343551
43.231333579065 12.47641732894
42.115721765515 13.296474305141
41.91829794923 12.706538706437
43.005324070598 -83.709519070645
46.955829535125 7.9359163278415
43.560432534947 13.698410499722
42.829298012366 13.286773363749
49.202926903634 3.5100184330568
42.646996142665 13.32367334858
49.606275531322 2.0779885592572
41.842638365872 13.608330401896
42.075091268923 12.93818671209
48.748900665827 3.6951173941386
43.140845703979 12.522952385511
42.154041030071 12.167200116074
42.262390375746 12.565704839123
43.199429919591 13.036236425434
43.517577216757 13.021716893682
42.221802536988 12.960449136796
42.823065522531 13.404705485073
43.037319241596 12.76277768277
51.617052523241 9.1485620123095
42.81455072335 12.242883768067
42.406255054498 13.148227913395
43.586656365838 12.807535633842
43.579157521308 12.783416180326
42.102693320786 12.201399000476
51.977721496475 9.169371601273
34.646348835121 -118.23300565348
46.719620654695 7.6203886734417
52.233909084338 6.4083402173865
43.666613715101 13.00154182643
42.620506106254 12.711849404851
45.075373665395 11.500467383466
43.549893822798 13.360037346559
41.850245302494 13.291839334805
43.817208795744 12.762184419114
34.487588963083 -117.84804992906
29.712076480663 -94.726755593054
43.728030642855 12.96157651069
42.101922052981 12.135964296377
43.32419964083 12.555913909618
42.971793256242 12.791451277135
42.820714676457 -83.131850295969
43.749402305016 12.114545372389
43.084832349853 12.989476011616
43.153333400934 12.216093578498
41.877783422788 12.904863373819
