45.347815048112 2.6787523858616
43.472371989171 13.103239918662
42.695314042149 13.635678735413
42.628132222999 11.938296300817
41.732663352058 12.777641597843
41.964476658036 11.974951555496
40.282789598336 -73.423471825907
51.010870580567 8.0476973988338
42.596173985694 11.897890735391
52.39456043015 6.4978856727238
42.837523745318 13.34378069052
43.034581013061 13.116666268633
45.78119715072 10.692815358675
43.335805449812 12.892847843439
42.476887282693 12.90141189515
42.461361234778 13.152187326549
51.165709174082 -0.41946738237955
43.646340410547 13.24964593644
40.47703958247 -75.126848192145
51.726633375383 9.6431016785293
43.163612483166 13.763562564183
43.728914010699 13.513364283628
43.647405974424 13.671035969032
46.642629782037 2.6957657279893
41.895352439927 13.413821353325
50.430229439505 7.4403767037161
42.256606135192 12.891658365231
41.894977309713 13.414420454046
43.182421506954 13.441424293204
43.108474331979 13.777601431973
42.677633823698 11.921457291565
42.984771693605 13.200806722625
43.01041955876 13.29667543403
45.917161975136 11.941710885655
43.306655704208 13.244913460822
43.803906715405 13.448317894011
44.860629893332 11.734176754641
42.095851996979 13.111156573126
50.050607586769 9.3262114209711
42.961610841102 13.623071008207
42.2776962767 12.748682130963
59.615904981092 99.89418273973
42.876117038038 13.314581508916
42.353664884064 13.636530040149
42.443278046552 12.417685460515
50.710724690562 -0.69318661550208
51.90185809224 8.8318433472104
43.154470806103 13.258775605496
42.136912597428 13.775265823966
43.967942427691 7.9715109330702
41.999052804915 12.674199373796
43.430938226393 13.645442761802
45.945550855343 11.980038123054
43.661572417108 12.570963846341
43.729884591314 13.514417813886
41.868794979488 13.66431942522
51.766160084757 8.2843778907714
40.27323190482 -73.067554037847
42.832918077185 12.090985254914
43.021488914297 13.258451555997
42.532334870462 11.926748252461
42.84620211734 13.641632487386
42.12785820997 12.539548018288
45.45524865692 10.187843418954
43.385022646948 12.757775180881
45.421410901203 1.2485035584534
43.096810487165 12.357234392037
52.352346235585 -8.3690192971234
41.963721781973 13.495402721009
50.573831233696 -1.0077446005855
42.490323124237 12.450929916229
37.273819554642 -122.55964745763
45.764310480917 1.4103441817734
42.30058292921 13.051352376629
45.246299652777 9.7865541094596
41.480423778205 -75.211371209237
43.154637347534 12.575583931813
42.564042516336 13.576295333738
43.556855756604 12.321175694636
42.694521897817 13.803231473942
43.732124081709 13.121263310856
43.03200873969 13.55567541048
43.179035123076 13.812338407085
45.136242617451 2.7111827096488
47.046869150385 7.0746538206351
43.428523334429 12.229738197883
42.296722606449 13.684303461914
42.390127616206 13.295483328561
45.165572656396 1.3429515796448
43.31248316558 12.847020961294
55.569226105497 9.8875253158098
41.840544471464 12.952646115794
42.470982986743 12.296499193805
42.988051235691 13.668243252539
42.941643700929 11.935863148412
41.985530327554 13.152088685519
42.098362949744 12.56280265218
42.075443605017 13.712317219357
51.167000145264 9.6163445490489
38.65156738598 -77.522071305188
42.658950739402 12.033012246284
42.243583334744 13.690854976296
46.291007617624 2.2492402667409
41.834405269418 12.087271635948
42.151177079974 13.516287765261
51.272748497209 0.70653199804786
42.647403694546 13.00457477991
42.656288488163 13.71523036331
41.861959543036 12.388580495228
43.482481702477 12.886605993347
42.923117382437 12.364854220492
42.641830424632 11.855407006061
43.445278947004 12.395504380316
40.841105532831 13.236703209945
42.968690039596 12.980419331708
43.654919871921 11.929143968492
44.38976159173 13.051012098143
43.62235884772 13.318743840961
43.145297383978 13.55989535088
52.092179036509 5.540552801355
43.154804966506 12.364901705836
43.562436485946 12.410729215227
34.52706988939 -118.21537357697
50.282598817853 9.5599798749015
42.735942082843 11.942339004477
42.96490265802 13.426602991983
43.381684070186 13.606758651162
42.885404585828 13.689193255144
43.26512121703 12.029210215469
41.922344572827 12.714694533385
42.582862981422 12.651621072878
43.563850636347 10.907481416574
42.358719364462 13.027379822485
45.84911656778 11.227842448569
26.795143414176 -80.531966756621
43.321055898148 13.61379238761
51.259566318365 8.5879429595489
42.823703621453 12.413751612631
43.616469663876 12.020706459911
42.208370255424 13.039800593669
42.715480836928 13.258989255551
46.826187688776 2.107842249846
42.816814560379 13.495155457659
45.11326096601 11.228412891399
43.61468379044 13.602300886366
43.15926575484 13.597082110887
33.088385512807 -118.28840283859
51.288323796488 8.7942869224559
45.617175607764 1.4797995902969
45.645481702707 2.303027493089
45.76804746912 9.5751868807595
43.09378011438 13.002373240445
43.237465864179 12.712040159273
42.279046754969 13.232390228322
43.487763719416 12.729885605525
43.740649894246 12.526098568258
42.823038148167 12.985119269244
42.003403267846 12.773740735286
43.330227094412 12.104554682108
43.264487969368 12.846209562333
51.764322236536 9.0818058560052
42.413217143369 13.360757502916
25.26054697727 -79.90244507021
40.40111318637 -74.034383580702
41.85620186287 13.41642259921
45.105778609917 2.824709686369
43.350576673353 12.940563482226
42.523888307889 13.606001359248
42.689779952045 12.550721840279
42.624335991996 13.026245911639
43.664071739982 12.946736503389
42.701603222055 12.690719723113
50.370432257825 9.7333134448777
46.312302218896 8.9542280644897
42.954427667428 12.815902862167
42.554223405942 13.229903843382
43.296485223966 12.360254144485
42.977561731368 13.322556552183
43.419895316225 12.846193078389
42.035751920231 13.255496587279
46.239235055279 7.8093599112748
43.570949510027 12.813766870116
46.500674584182 2.8348647969937
53.496589165601 -112.362162837
43.582026023244 11.984649199541
42.441437291674 12.724995617648
42.449639901749 12.048541634853
43.56748968531 12.662034179413
