42.96292433469 12.615286833914
42.954007454216 12.647461043528
42.952630947809 12.637656946519
42.968477005145 12.64580270913
42.966385522863 12.624375841426
42.96211168636 12.654727092339
42.968118177267 12.639976705744
42.942830850365 12.603375570685
42.95175059093 12.666106585744
42.948184296486 12.577330524857
42.968182094401 12.631638386602
42.970494537622 12.657213440492
42.972039993395 12.652874586497
42.941523287905 12.634810149055
42.959435013125 12.593206283934
42.968101428828 12.659602851004
42.931624930341 12.652280439016
42.957279928495 12.660572950591
42.924986575251 12.659442474462
42.928707729547 12.672931432127
42.932355720074 12.640617867785
42.926640472362 12.661151992486
42.935438998966 12.667825614434
42.962859599855 12.603981132456
42.955389214214 12.647939309335
42.95667618001 12.664412091351
42.942360993003 12.678527694998
42.947098572735 12.664182639545
42.936623616136 12.637829959245
42.928659049316 12.633303918726
42.960779955613 12.62890408918
42.980261304893 12.640218951593
42.954845354427 12.576845357484
42.930103274982 12.628729507641
42.933312465892 12.627250070997
42.925925138859 12.670550515743
42.956971037668 12.6738842622
42.960090047217 12.67506999556
42.963768897117 12.633536183591
42.960009526929 12.663244559294
42.970655635007 12.633254159558
42.95571989799 12.666142897546
42.931156620372 12.627362563588
42.948648588263 12.641822287667
42.93961140699 12.67233655542
42.941278431093 12.623798317587
42.939836149097 12.589645019097
42.942755363876 12.668060306792
42.934902145052 12.610709048647
42.947114375882 12.666266424913
42.937113188199 12.647341217702
42.973587371418 12.660546277513
42.93108719819 12.675432311241
42.952870345674 12.666159180324
42.971308049754 12.615176176494
42.929491939943 12.646213076865
42.948546763507 12.6153421894
42.921594341736 12.666223015036
42.946215228174 12.639081005326
42.947271497917 12.580404522189
42.954124731943 12.592441610823
42.936521086833 12.628023321588
42.934613167299 12.673585994038
42.943301174784 12.595821938776
42.929327274195 12.644242898882
42.923127368078 12.668525278435
42.9598504263 12.653168282331
42.937952313099 12.632342715132
42.942593912588 12.660738576532
42.956329063047 12.614752075477
42.956554859877 12.598970394881
42.924863042296 12.661570034319
42.9708954366 12.618494073238
42.958820838949 12.596584162042
42.96149309073 12.609403389811
42.968466508674 12.63908524424
42.963465408426 12.676967246329
42.95691044489 12.633953027278
42.975197785078 12.6609126044
42.93134975572 12.672041244673
42.970778704163 12.642763590295
42.944902766491 12.579584637948
42.949312200302 12.666090614028
42.962284760087 12.610394557312
42.962824332997 12.618366155151
42.983116287751 12.64651734321
42.96882758104 12.632772397566
42.934743058393 12.65449912739
42.966811453929 12.640317050128
42.940734723111 12.671385431065
42.953305226284 12.657350065514
