43.473500207308 11.864113173871
43.172562248175 12.862797656054
42.375746709025 12.034347058311
42.458622765496 12.944379845164
51.717733682467 8.3293121668181
43.206238915795 12.934325736006
51.718795075882 8.960352744423
42.74881067164 12.899750392393
51.769726872803 8.9430985199023
42.433623005393 12.262200161492
41.873498388063 13.155943891593
44.930466470553 10.169294732792
33.125213717814 -117.60085467259
51.932398449132 9.0858897949038
43.593986381609 12.889089090719
41.901706973532 12.71499184601
37.418438217798 -97.236529116629
42.088007925606 13.125495030624
42.798347995544 12.995171998646
42.651385685288 12.488262351851
39.187115657732 -83.893917576899
43.487360010637 12.467618628644
42.798885324432 12.883744658404
42.870365089698 13.274812668711
41.849287801373 13.659499499809
43.458929977614 13.541805210331
44.245079310816 11.189059817504
51.500681827078 8.2263784241985
42.489010123785 13.345394598036
45.684298372678 9.1458367211515
43.467899155576 12.346709797341
43.384260422284 12.359364144692
52.83652034371 4.8669579946981
41.914918107428 12.05183844366
42.246867180472 12.11541957276
42.092869853199 12.917893164774
42.045874923044 13.515194694773
43.320710926487 12.008557620949
41.882084653679 12.02862655142
42.962634605825 13.817983945768
43.7114433212 12.519546790311
43.542155553395 11.883132678423
45.907217351306 9.0509368174481
44.006680060321 13.519167262001
42.042664596852 13.205801624456
50.182591233022 8.0130655127638
42.424761278774 12.837870795225
43.633674972075 13.363666247301
42.84168022726 12.051222534895
42.632294732927 11.966560588689
44.879935357485 12.277343043561
41.900945052014 12.7445029634
42.583402626816 10.902195269846
51.11913394724 -0.219088747785
42.835414846838 11.946206784337
43.211212430734 11.86142407493
43.727499584403 8.9566448492029
42.721612106434 13.37852802613
25.796573027391 -79.880749235149
43.293159057544 12.048728508918
44.909617801665 7.9549223909155
62.270112782377 14.540010587098
43.783182786698 12.140066443097
42.683714336589 13.352051295991
43.374367676405 13.451650478643
42.202836924348 13.113405344616
43.296909256532 13.010842387125
42.176767945859 13.303376718121
45.879970220327 2.9004431473559
41.885413685316 13.597488639244
43.415794885466 12.019982691419
47.238088455907 12.59968651335
51.894524152574 4.9849601398385
42.680549502711 13.589983367191
46.650431344586 10.094393425109
50.466746324891 9.6566813661049
42.512879397049 13.436725345665
44.849017236337 9.6687064059399
43.394722182974 11.903557226038
45.635808656896 10.29801452397
43.015587298693 12.921271197017
51.14490492346 0.03432853423261
42.290528434485 12.714337353483
42.965921830391 13.395849261638
41.962040666494 12.657652040805
43.360876829087 12.670377956105
42.599455151076 11.906056732382
42.03576171076 11.993099122792
38.664438322956 -84.747631352138
42.892070979316 12.849654966916
42.208895409598 12.682755743492
42.158976692336 12.59432772344
42.136797131124 12.518310620246
42.084020746932 13.4142298654
42.432739858738 12.190861756558
42.888809255759 13.675681735259
43.35109886918 13.336951745852
51.253047775129 9.28855751282
37.044732516652 -96.779759109383
46.227286955445 10.408849954705
50.66781048275 8.3995111470108
42.680727294053 12.730280846253
42.116843524464 12.508713268467
42.573282061433 13.774574325802
43.096079344927 11.943002587644
43.579594560724 11.965421233797
46.64098822262 9.5678724359594
42.612000815411 12.562934753303
43.090732543327 12.056348618633
43.199392863663 13.653669356694
50.492172108261 9.1681205291153
43.297485048577 13.012032564756
42.904730900633 12.390679264178
42.072005771621 12.109598320515
43.01843850271 13.485822023605
43.689946581486 13.243604262028
46.50794307399 8.6969066824284
43.160343125558 13.159090513459
42.856726434574 12.581135974234
42.308325887357 12.645806461894
47.804101327809 7.2060291511966
42.130906904664 12.332352666826
43.743631183537 12.091203219321
43.318132945506 12.828217749891
43.189155177788 11.879696434794
41.872449275533 12.187783385735
50.943398560837 8.3785690280509
42.928544624696 12.756295398251
45.764970280121 1.3546665391674
41.86802431611 12.99370511949
43.325818452226 12.403808862646
43.603855067701 13.45023668627
41.906232224289 13.617136102478
40.526392033773 -74.473040842469
33.926699084701 -83.84092153499
45.164995169784 9.8564710755374
42.506589810621 12.929012853175
51.990029266332 -0.10549912378913
46.26433254607 9.1384121237967
42.471246944981 11.965556995017
42.580167840526 12.056001911453
46.197268246579 8.5279043602421
42.530182950467 12.876410193239
42.450287541605 13.38846000211
45.771351573554 9.3312299749749
50.78786239996 8.6064026204899
43.260604806387 12.250312157113
42.642005500238 12.380690768559
50.17652423234 16.23485709761
42.461305108157 12.13326998948
42.361035625639 13.574629890555
51.103633496493 9.7265811565922
43.743555942918 12.703935815836
42.863751992075 12.789320481398
42.528295757516 12.49157738664
45.194449818108 10.111813619482
43.625342581268 12.471110846622
43.760628539978 12.598094970287
43.022260143919 12.128812367643
51.007625810573 -0.88964880816622
43.023389664511 13.148227976259
52.295315314455 -0.61408745391484
41.986124230563 12.414895744277
45.356708197417 8.3224543295672
42.7233387268 12.860787649595
51.350727880537 9.3859080362068
46.239965674554 8.3540294024624
42.104544846876 12.494666382922
50.583684632826 9.0048750629671
43.336656653966 12.668529220258
51.928175991833 9.408931108382
42.72255509429 12.017489080812
43.814607164757 13.543571236817
50.472397805877 9.1577799903032
43.211285220113 12.663608264042
43.701264131696 13.057233962744
42.194150966238 12.373236218197
42.438743224593 12.455515914364
44.556030703248 -78.573387901428
42.277578374521 12.301488798273
42.385565319765 13.118691109663
43.064315312127 12.017325257446
41.943006765092 13.046997574201
43.174462299896 13.445891861567
42.49871679933 13.753808832168
46.882903042195 2.6868488964098
42.675144871567 13.118163321709
47.80364421094 8.5927023215185
43.193667961396 13.460173659728
36.712494646519 -121.80767438974
45.044589819875 10.019457159175
43.679593308235 11.862610002471
43.751944018899 11.852439197664
42.334697918212 12.62830140799
42.256633064384 12.605229954072
38.351585756394 -77.188403678639
50.585997538914 9.2818887025499
42.979066623852 13.201708043109
43.739331459526 12.964789286726
50.821680836762 8.9629175229757
44.546779828892 9.5938717597136
42.118575499935 12.711017291414
46.135630029342 9.8020672524357
52.021658698295 12.435738155728
35.279473363607 -78.366339416038
41.920510802868 12.088826838012
42.727505762955 12.381377389853
43.760814533944 11.90629261497
46.478941920902 2.3633554193021
46.047106169701 10.190620424243
43.185154918223 13.470162000747
43.411083824679 12.088830781697
50.003921928817 9.1807531501077
42.205322406837 11.838155813926
