-80.510888504843 26.353825647532
-80.47639327872 25.944898383649
-80.588346351487 26.381623017762
-80.726577441356 27.015757193314
-80.573603429443 26.128259828357
-80.475915161458 26.296522379043
-80.44501668589 26.000890797453
-80.495185612741 26.308246680662
-80.634995483899 26.728726328207
-80.374701884094 26.337241071882
-80.580273691179 26.762937654614
-80.45502786713 26.254110401132
-80.54928570107 27.563814853949
-80.40624330379 26.28655107331
-80.693540756258 27.015711419275
-80.380887858557 26.647883906314
-80.492377742698 26.945179008836
-80.469920002878 27.94151856179
-80.458282008325 26.00843001016
-80.536077575805 27.334538658715
-80.569587898509 29.312453226235
-80.475545088792 26.994934868979
-80.457401960645 26.368874307411
-80.480009620577 25.856051098471
-80.674103341189 26.854282748335
-80.686465522869 26.846953741652
-80.495968182146 26.223933739675
-80.470561839669 26.188593740646
-80.395581030281 26.914790137149
-80.477443791958 26.161459349154
-80.506835660943 25.821064220641
-80.335305356386 26.74600328864
-80.482974020333 26.097098581055
-80.418135823686 26.449324368226
-80.677376307207 26.70166686022
-80.495425507932 26.645364726711
-80.622862401518 26.566293636584
-80.579320875542 26.092344564877
-80.467880052542 26.823682834761
-80.530397845489 26.493952491068
-80.708254250837 26.857141144024
-80.438217062023 27.703118007901
-80.489947635718 26.89616947242
-80.465559398316 26.168266731376
-80.663217339311 28.591661900926
-80.410445758608 26.53073454159
-80.602831496947 26.365148087651
-80.497199180111 25.995719260983
-80.564680183845 26.789437091329
-80.661786215963 26.540729694303
-80.510706592399 26.839220762627
-80.467049222461 28.581500912259
-80.349354595384 26.531842780064
-80.44378755057 26.753420544191
-80.395871776616 26.622348221292
-80.431569129239 26.727081301944
-80.529286698029 25.974004551273
-80.413848612926 26.632582410051
-80.561123009842 26.278279336748
-80.472100276995 25.95589312395
-80.603951037021 26.998741949891
-80.400696857363 26.859641666442
-80.567645079065 26.808405889558
-80.505355888557 26.796754422486
-80.627445209408 26.961977663415
-80.661246391131 26.533054278463
-80.428776521711 26.857004076159
-80.596325615043 26.975469847181
-80.452405184528 27.01671064225
-80.691700914924 27.885217172124
-80.501556516203 26.385373583226
-80.465372804113 26.211798106402
-80.503108961086 26.953051107431
-80.381187587032 26.476698175278
-80.481194676865 26.092881585032
-80.478480195659 25.971019851013
-80.545696877938 26.880642636141
-80.429101374935 28.428058304461
-80.544862457149 26.631404009925
-80.611571952795 26.629541861169
-80.393333523061 26.589674413462
-80.50107361334 26.909723403339
-80.454367247897 26.019093086004
-80.445623661409 26.161286133865
-80.72199180504 26.970194475694
-80.531966756621 26.795143414176
-80.511916087988 26.579871873624
-80.435278906965 26.559994946012
-80.574617805037 26.182177423102
-80.554434868109 26.772282430779
-80.508343868004 26.092877705142
-80.538957494396 27.028192055615
-80.490197340996 25.966200664141
-80.470201185467 26.852506131779
-80.590029083199 26.644523721429
-80.65177443402 26.92770118075
-80.492627587674 26.267308247849
-80.623758098676 26.734455035393
-80.711169107027 26.86678094083
-80.38932217191 26.504367413683
-80.517321771061 26.432714800069
-80.610065134802 26.479721393177
-80.541360005798 26.319973655177
-80.375181142225 26.617698543044
-80.640475096755 26.98355980215
-80.435086325755 26.126000748523
-80.550862743585 25.896710497728
-80.38833503377 29.370873998461
-80.556592443561 26.034157799556
-80.481627959326 26.292367225632
-80.555983713431 26.796732711028
-80.602285727483 26.409110576554
-80.501078361688 26.611701179098
-80.334906307946 26.552136961611
-80.447233888804 26.084001047559
-80.621440392087 26.635135756619
-80.476811906355 26.515429094657
-80.537373937261 26.469851646774
-80.56710754156 27.001290916449
-80.573377992103 26.917159825042
-80.446984923462 26.757364210077
-80.600493139211 26.262071782362
-80.408682744019 26.555599891822
-80.458898193226 26.596231423579
-80.665543420819 27.695614943508
-80.542180093999 26.28215001209
-80.500842208086 26.393578075504
-80.455796282295 25.989471273009
-80.39456733269 26.327488178523
-80.359717312246 26.627111679218
-80.581743962678 26.601360478701
-80.521232112829 26.232034626508
