51.571435338385 -1.1277417401959
25.606456818324 -80.913454054158
43.042774114799 13.570116190526
42.712673063277 13.820191121597
46.05711543423 2.5058322462746
45.683510805333 2.0694252653371
43.585399085018 12.520144301264
42.911397910657 12.074186050854
41.610756073571 12.343576399115
42.41624895691 13.075848620441
42.192122960108 13.829883966537
43.274284110553 12.399719877841
40.128018645781 -73.680946158694
43.668524301943 13.495554982936
40.90535218243 -74.293317476687
43.628144242649 12.474916147776
43.562613229085 11.84862611205
43.466058222349 13.248227500959
50.398264940082 9.8823051256511
42.980183464021 12.906639460452
33.057249088987 -118.49279638626
43.709946426449 13.429413077642
52.036654759448 5.5522011438395
51.705805300365 0.33615465193343
42.147665145897 12.697400552566
45.428908532685 1.5684459919894
42.600464996251 13.493193505583
43.722491493806 12.211753300976
42.031763567625 13.150995330976
42.332483476669 12.702155708218
42.061695908712 12.017208126403
42.881195442717 12.940673158032
50.751570555266 9.2602268882376
41.953889308963 11.909220213049
43.189794066471 13.026849353719
43.357660436259 12.035288814958
43.247979028287 13.603724307217
41.923293330226 12.197306734157
43.330046528659 13.206239347463
43.502183033408 13.247174479669
51.118735360968 8.3453833020038
43.766943631606 13.148524714724
46.987420363812 8.8646742174703
42.415544498926 12.64639493995
42.540739087661 13.394004722796
43.298156616904 12.224187547466
42.164694069517 13.529432973161
43.119294964785 11.942927779159
46.280386972863 9.4675025361904
43.428620548208 12.743396489782
46.093992785129 7.3834503872243
52.10413690964 0.8505157715364
42.618128969177 13.342544483201
42.145411767154 11.976023685663
43.809774356827 12.746586884275
42.577791335351 12.164986533676
43.510433766318 12.586239423897
42.986072304207 13.504602111666
42.93591887177 13.188673893099
43.304548612842 9.1034973225573
43.141801094258 12.41608587348
43.550379775742 12.627763360586
42.572034465436 13.764265191653
47.881861466792 3.2260710740328
43.347406640366 13.083226792574
50.721102865749 8.5569552870267
25.338895843971 -79.532496287079
62.266246396241 14.926501084551
43.711075451577 13.083646837216
43.554170286096 12.271548486928
43.730599687796 13.571082172271
43.401971198361 13.189433359185
42.510439467875 12.629038601031
43.536256901725 13.68430849385
42.164807852921 12.132624233224
43.419104815211 12.791105302906
43.771118421022 11.83833766211
42.650251323215 13.387161316551
41.867900850676 12.743746601412
43.549416347218 12.339928799954
43.209093282118 13.771995842837
42.524483556659 12.105190804298
46.402922906169 8.7520611191877
41.999689230716 13.455816326896
43.024287960059 12.259709745322
43.306956918143 13.726249444192
42.503964555705 13.464925276353
42.498587067725 -82.421203259782
46.032408473097 1.4922212988568
43.182618544543 13.683410251852
43.30826261237 13.028077992179
43.392337843514 12.880279675557
45.779111158466 2.513764547889
50.546850605191 9.1328355163023
43.4431950089 13.336228194824
46.648112754639 7.7468095243661
42.929429245635 12.236319732052
43.375847872077 12.573929991396
42.81353048182 12.262875921702
43.135601724116 13.626225899752
42.555350830592 11.995552068129
42.895275878227 12.199258912003
43.778835595969 13.743029477442
43.811509136044 12.555260451324
42.918176456337 12.695138998209
41.908578628885 -82.972084806961
42.260017277349 13.661452483249
51.224328022788 0.27542321158826
46.564557448895 9.0568420801832
42.633003978374 12.250916928191
25.843389662824 -79.632037568941
42.634620033055 12.967283832381
42.704696205794 12.042554668192
50.948170067253 8.8415448301665
45.125398212662 8.2708832174148
42.913070788122 12.595650853422
42.757893618105 12.331182585739
43.268272856396 11.914505180884
43.330814122397 12.228074398019
42.87569692215 12.974421049477
43.273995617088 12.663297154339
42.603508472745 11.953757210634
46.972687835792 2.6147292645717
43.499443863772 12.044451406267
42.705526292674 13.625976899951
43.779497133021 13.586377185132
42.341586911765 12.868970802479
41.858741492454 12.749143846703
42.670187435446 13.120726715385
42.619633265149 12.963299603671
42.499308347024 12.495043169493
50.594801233893 8.649348276504
42.303388814604 12.875881431122
43.089238008081 12.272016229256
42.969479569706 13.694829434501
42.487356857179 13.241519934166
43.146431356292 11.995009656549
43.723971307636 12.431720048411
43.392387385218 12.481039772987
49.239070196398 15.00603245688
43.857029355719 13.731955383242
43.713266099691 12.954969573766
43.385022646948 12.757775180881
51.606182924987 0.045223499152452
43.595406457149 12.585705179084
39.395962020301 -76.137202968303
51.318105477289 0.46442819915453
43.127578438806 12.556319548563
42.162068432759 12.926331673735
26.543028841031 -79.592991477896
51.125396924152 8.6263979992952
43.347667334319 13.67238971019
43.680963518436 12.394847583231
45.082504146305 2.7289209942002
53.324772103142 5.5466102039426
51.970832027016 9.5684243294263
42.012578471689 -87.301073976282
42.620631379385 13.39590874428
42.883513078526 13.692973688589
42.035821286999 12.860423628662
43.080563386495 12.164522321061
48.325846439167 13.88116522386
43.625646448075 13.047604188366
42.57417397975 12.925920668045
43.610877173327 12.18106807127
42.595352329146 12.259938847416
44.225877210559 10.78770947216
45.087307827916 9.121947546849
43.235306278933 13.574470770368
43.69430977094 13.270895576252
42.645913028946 12.525377079179
46.151158296853 12.591357777518
50.798777877492 -0.78968206089906
42.427848317415 11.83762292605
43.748146382996 11.999888238052
50.826771867846 8.2361346740444
43.575112748714 13.737735861811
42.343316716323 12.770764897026
51.890532745696 6.1668910348867
43.60797185714 13.572309925508
43.155398673471 11.841926084313
43.493552341842 13.498064026024
51.104044519879 9.6598903325665
52.359149344666 -0.067416586530119
52.513743328403 5.8626218713413
41.959892836867 11.949024644678
42.044084802777 12.483184785828
43.364598068599 13.05414831643
45.616696950801 2.2649350754288
42.445180106205 13.474877860639
43.142668485263 11.925809292575
53.443809513908 6.1996721944072
43.683344215494 12.400663340672
42.929195126972 13.702686680829
43.028259112999 13.822646142388
42.847751650444 13.390844322944
42.376869680556 12.697334956723
45.679383033202 11.029962529372
40.05805468158 -75.332834635682
43.612898451583 12.102510979002
43.57546244218 13.486657642076
40.662924221246 -74.301882448878
43.361335518028 13.269063342509
43.139836207584 13.398101171685
42.491055725392 12.144588364377
41.946032255884 13.782176099637
43.282928045526 12.950685367452
42.790395061409 13.045160353691
50.716543033587 8.8317223595603
43.324820904699 13.776888448196
50.350144739891 8.5868831712692
42.691751475323 13.58690858848
42.667512236961 13.479030857572
42.885657768199 12.224304364654
43.692456733313 12.660632118911
42.069745220763 12.443208472565
43.500818498221 13.830436161196
50.692792760997 9.3321113303919
42.03232063217 13.205030907062
45.226014719261 11.073977833902
42.442560313497 13.072535364478
42.966323983395 12.000767901561
43.450642056063 12.828817575646
43.232823576908 11.964957385329
43.614632708328 12.496582842684
43.694243938075 13.116096836124
42.099428505704 12.918549713662
42.163314024084 13.206818764215
44.746188926159 -72.801245171156
42.373422247087 12.06961013708
42.191062518505 12.3309955757
42.574760476416 13.134056655308
43.505152518186 13.199140399343
43.289109265122 12.171532650113
52.949864403089 6.0286643469141
42.084736819439 13.654361558938
43.449281846869 13.407095955895
29.010426322837 -81.311471981411
42.23979112007 12.191225546057
42.082837954689 12.947633787521
42.130906904664 12.332352666826
43.740160587609 13.126551931804
42.600034294485 12.584708176381
43.056403494487 12.991366064659
42.247443324091 13.238960201519
43.396971634795 12.440347770455
53.499021386727 4.7778989998754
42.77034300464 11.892673066323
42.188678877537 12.754914692044
42.104591069347 13.468006950111
42.178133615397 13.460586482894
42.221046961502 13.333961204337
42.392329909111 12.607907504147
43.72285730055 13.80585159727
27.013206500083 -79.277897498044
45.428550415872 1.4324744899908
42.603250886616 13.418807639491
51.760250856057 8.1328566023767
42.967091582721 12.190028189325
42.685728303031 13.67984362772
42.031247676851 13.525732136132
51.068524083155 9.4515697590316
43.165573543501 13.769970346622
34.105282840082 -118.95069658876
43.585485152263 12.653837376134
42.168790605019 12.023144979062
43.820898990084 12.197055863329
42.924309232258 12.289933125644
45.073896266277 7.4247440281417
48.149535677617 -121.19636882424
42.354610410705 11.903508023335
46.236788396368 2.2244096129315
41.958222157789 13.206212728867
42.67205068223 12.645268230555
43.62170539222 12.35289064208
43.381693627418 13.288322501505
43.054802459246 13.162785594914
42.817388841353 13.334087804602
43.29748783975 12.217065305105
43.509780861696 13.684529466429
42.664080462283 12.781046213036
42.774918821091 12.784021796113
43.505386811472 13.253404540149
42.832942593786 12.423993204473
41.840133870433 13.581181445916
43.224183700173 13.369661037072
43.18902557261 12.134581381539
41.933658778192 12.692392001738
42.962409264877 12.088903142667
43.008396050452 12.382949075861
43.448731217298 13.181825882395
43.652637621713 13.541676500154
42.423877204521 12.932483181347
42.427856398035 12.412860574414
43.43981577758 13.127568187738
42.498291662216 13.465938839368
43.014095690129 13.420602066194
42.370152413573 13.633081395961
42.607549362654 12.337127630777
41.878015947027 12.103943611099
42.172902720616 13.76616137466
43.16343131252 12.126430204218
42.241155212413 13.151072659621
42.813780149379 12.168753397285
43.055797880097 12.750990165768
26.697729064925 -79.328125944789
41.842208876688 13.672628395128
43.780624084559 13.502840343187
50.862706208072 8.9389840890369
42.208370255424 13.039800593669
42.480993405695 13.783913863278
39.626841232181 -76.725022001954
50.589207661613 9.0732951914302
45.941315259291 2.7441420051009
25.151776474023 -79.913747811459
42.617066588095 13.703152557252
43.218593655743 13.177300541765
42.290305500541 12.392877177074
41.914155395683 11.861723082097
51.856592664562 -0.27107027769403
43.336420893847 12.066826012038
41.797311733612 -73.965532577424
44.624165676315 9.9740008725897
43.193081858679 12.717321583891
43.74070521341 13.435119475462
43.666150504123 12.301360130471
44.882847118459 -86.529802435218
41.935088540418 12.133266686079
42.471363568453 12.209984086573
43.140410688792 13.120417726303
42.807285940672 11.946986655235
44.083020829748 13.013671142498
42.513311672732 -111.27720676991
42.845256858454 12.264177393778
43.075504940059 13.585585845928
43.363723980453 13.787402660508
50.401913496387 9.0315789673624
42.067593579699 13.568814875378
43.176881948124 12.485159084448
42.112149945068 12.499969860793
43.825723535321 12.580010554579
43.54168928535 13.601586204789
43.81828581256 13.497704994652
43.429761967843 13.718744276447
42.146955515813 12.76283120681
42.158800383193 12.625443169694
43.138165239796 13.356035149377
42.733788747703 13.604157608305
43.492162572004 12.917048441229
43.594113557897 12.623728917292
46.38049300731 9.3758773711421
53.306321492328 5.4304671719114
46.449489698023 1.6279341790955
46.193430156071 2.5003789889162
42.858403918754 13.534234068626
50.183725935493 8.3760123138204
43.232115370351 12.878091622574
46.327156806517 2.3829343283469
42.829472329409 13.036546486468
42.551546627933 13.764385367189
42.520850247967 13.338800394155
43.277298444404 10.505197248752
25.605400429372 -79.653395698054
41.947169295509 12.435529391971
43.716561870538 13.645860681166
43.618084418431 12.840788283798
50.077162249515 8.6452554867814
39.730164038808 -74.690884711124
43.254005554271 12.63479044646
42.215496849856 13.503299482422
34.631407491265 -84.224312081945
45.938261951082 8.9089942073491
43.22075033759 13.419280539483
42.063949469993 13.365202054572
42.985251208781 12.296915063794
45.192975140711 9.7816159974954
43.504792076792 12.240069513342
41.939896494143 13.607679546183
43.245728232568 13.522458270456
42.858824274458 13.616355421795
46.43826165676 1.3794647885391
52.063736638317 6.4710497133066
42.539133288238 12.680904314726
51.758847177382 9.3839337645955
42.613071487592 13.712739283572
43.436135566552 12.065520366705
50.933222512218 8.5111308067623
42.966134916996 13.087703574511
42.889597930296 -71.675799086757
52.707708377022 5.2312793645455
43.719297183568 12.8749251654
42.740989371103 13.716248649061
42.381264855818 13.742843963107
43.335391609641 12.379141810548
41.17801645467 13.224392109466
43.143822128507 12.263329768231
46.805411398786 1.58052984559
43.402146572455 12.636160678547
43.090987874724 13.410246042281
50.928522834055 9.2480239119604
42.768915933005 12.477138273195
40.017981661666 -78.462773701816
39.922965919272 -77.970935017282
38.161681602958 -77.814408246766
44.924140174978 12.493286056335
50.798836302151 -0.26955489040331
42.993579505495 12.608971324588
39.664568964876 -77.937085214467
45.404921600762 9.444051517336
42.162506184637 12.811079131838
40.357789953802 13.573128938404
43.178141123254 12.989771749375
45.767957334997 -74.507985782718
52.213384754822 6.498766020289
43.684372270819 12.216570451978
42.377343329798 11.884695930839
42.933230251529 13.516702100431
42.254967558803 13.165181148895
51.711516588093 -1.0193384071483
42.484100187909 13.704340659897
43.797631788926 13.02867670966
46.915795964615 7.1379089761236
46.82237555218 7.8736704312608
43.294878868079 13.526998061953
