-77.088872802444 39.55143924054
-76.267389658381 38.925543193871
-77.170457171705 38.57991617965
-78.232304341375 36.863606501411
-76.859414351923 38.195264889218
-78.307015971048 35.992862227424
-79.595713051869 36.947859492649
-77.229406252569 38.0923641424
-76.113097688585 39.413980530036
-77.695954801798 38.667961872202
-78.264235836315 38.254235794757
-76.99653223013 38.863216429594
-77.311935146102 39.354373183202
-78.375963262417 39.418475323726
-79.124094616923 41.199380382269
-78.031641046956 39.656156490105
-76.517968174331 35.877748973357
-78.022701320798 38.090708266456
-77.417423953456 39.516060989299
-79.46187841193 40.978686347806
-78.277816002477 35.775562371078
-76.090524258923 38.674753400387
-77.963394824823 38.800210810348
-76.980651002793 39.223556078317
-77.124980462267 38.352302509233
-77.258670197414 38.2295740366
-77.798845944251 38.157760493265
-76.130066837594 38.633360501874
-77.452047636437 39.25615813659
-79.22660577984 40.370428949048
-80.259525489511 44.183544089384
-79.167999918758 35.118542919095
-77.94251981503 38.997073121568
-78.217851683092 38.71067206193
-77.018374532087 38.412595681509
-77.993809359961 39.609837976768
-76.728592748376 39.303939501575
-76.994982469318 38.93398157475
-76.161511052697 39.584257471517
-76.416051394538 40.097329180612
-76.932645927822 39.076192026864
-78.089336510407 38.698561947588
-76.123647892878 38.930663088104
-77.198538441977 40.018510903517
-77.047515602413 39.452182297908
-77.958963801241 35.192195327215
-77.136950216279 39.269849751444
-77.219638702521 39.995128042702
-77.237796440791 38.537058880977
-78.5686620282 35.266213973747
-78.427886499716 39.75588902418
-78.486078569851 38.180579135918
-76.232422419826 41.850713190843
-79.373224942896 41.418046683014
-77.19752381328 39.289466230973
-76.713685253927 38.884938275096
-79.110105479896 39.888800814908
-79.318835888449 41.023805968687
-77.082613282835 38.395734324944
-77.48477899162 39.615777927446
-79.169979204831 43.774261191128
-78.292829786523 39.7168066367
-78.318114147163 39.340173872055
-78.157242593854 38.331836605308
-77.699095796613 38.623923206701
-78.420769185914 39.379263771583
-77.31711011683 38.996472291067
-77.075489076904 38.251954527625
-78.162316938096 43.335842578065
-78.662930098761 36.207218649949
-78.121777172216 39.940882958618
-77.142251691806 39.937002369813
-79.406554243507 42.771763989689
-79.963811185522 42.91021148179
-79.219218123119 41.894545519536
-78.401038909608 35.274238023624
-79.643231467421 40.290939256897
-76.402219061811 39.062026106981
-77.444488635919 39.220647464318
-76.268862093025 40.036746592211
-76.248809893298 39.547507289053
-80.278612113084 44.499901066979
-77.576116130449 39.357299231799
-79.25509416294 42.98281423942
-79.152847749961 41.206873920123
-76.657377066822 38.184521825313
-76.299828867452 38.273683187879
-77.283549997116 38.370753584776
-77.423966515966 38.166910295627
-76.198199252109 38.53470316807
-78.303116717942 39.182431616148
-76.694997040155 40.068139483529
-77.292462218648 39.580199069322
-76.641631455884 39.216578862905
-77.459642098383 38.225419162146
-77.637596657215 39.023191762833
-78.912590386168 43.980073617042
-76.958872409478 39.456667447384
-77.39420255779 39.207301011084
-76.570084354388 38.493835801167
-77.531305502375 38.802302520804
-80.158605385043 44.585347020086
-77.416646359176 39.095675619538
-76.090734336872 39.492562635523
-76.037671600325 40.083498348944
-77.48114100269 39.098324194532
-78.205795274637 38.192428805198
-78.529068430757 36.637529335802
-77.904392955871 35.80459922176
-76.705166327123 39.368602359082
-77.267432724089 38.039530748712
-77.713065707882 39.593885865047
-77.047106755413 38.543946290816
-79.328163041663 41.251326957581
-79.985746822556 39.959666576896
-78.043828741161 38.606895589726
-78.37614207542 39.37140872923
-77.220954745604 38.199583153973
-77.114977083647 38.753385101039
-78.408677406759 38.488787537842
-77.724314771423 39.21333129126
-77.253208244762 38.518969958133
-77.930612565411 39.943131179696
-77.569018519242 39.293156245568
-76.95047225983 39.022685006446
-78.337811535807 39.668070175705
-78.004391668791 39.8482248542
-77.536593044851 38.195833194335
-77.66587897743 39.112291185412
-78.027929713456 39.109669466728
-78.350902304642 39.919227518743
-77.228148357077 40.034516629953
-76.59848479671 38.130430416905
-77.141275805446 39.957873671004
-76.815591209441 39.610104894724
-77.50257845056 38.125389227876
-77.235822935658 39.120209914862
-77.099519385962 39.461372839676
-77.711346490133 39.601306451473
-78.310032925206 39.081931444563
-77.309184550411 38.185299856849
-77.683682056887 39.020477964726
-78.231903544229 39.412232709018
-78.368292272222 38.531212097455
-78.027639453737 39.456790874168
-77.881470724844 38.354580184784
-78.360615547408 38.444578885948
-77.366853170693 39.703528578895
-77.965239024664 38.193457710355
-78.00956388699 38.094676007735
-77.475883098279 39.727484624576
-78.062517691392 39.708706581072
-76.158748993153 42.372326827606
-79.084703401014 40.249293758397
-80.035310696139 40.324938622201
-77.895332636147 37.984440553661
-77.658479138002 39.16491292305
-79.934483354192 41.131851677125
-76.63435662046 39.222608265653
-77.702617347993 38.150972558896
-78.208199341969 35.154522677545
-76.137202968303 39.395962020301
-76.575154760614 39.046112288916
-77.804995715021 39.882971345567
-77.268913726655 38.822462646485
-78.643349941477 33.247919054428
-78.026159987756 39.164160814387
-77.564002074768 38.335437290397
-77.572096958907 38.761880326174
-77.098524043266 39.265472644798
-78.019244720809 35.921713728525
-79.152019296468 36.270194125077
-76.654395781721 39.965439379839
-77.103444840766 38.34843110094
-76.051624774247 40.168966880482
-78.289143764042 39.320658144399
-77.275400112936 39.520865601904
-78.933883159719 42.905512610153
-76.74240620232 39.140316736658
-76.491279821445 39.72490111768
-76.849849250988 38.199562641128
-76.615489771835 39.384210020657
-79.078101565875 41.435241588806
-79.54214839128 40.566255692403
-77.221922586517 38.612322578769
-76.291518874635 40.248337770395
-77.512922899313 38.420836002573
-79.915895611717 40.997622207018
-76.749676590162 38.650465636525
-78.426752255456 38.58483144639
-79.41808135665 40.615408250629
-78.944814289672 40.551687366798
-77.084470743436 39.865531199485
-78.219089377398 36.079362773428
-79.271655416951 40.164385041976
-77.262738588813 38.378857076984
-76.97606678395 38.453156201554
-79.099959878854 35.859759207805
-78.017109186356 39.423400228283
-79.399631493223 39.535665904633
-78.300223037234 39.889055168844
-78.6031721585 42.960307491205
-77.254583748135 39.363487955061
-78.082916614597 39.264845154546
-78.409750951138 38.48291308333
-76.219562326633 39.624756926761
-77.42248396917 38.797955339855
-79.12638436785 36.625914197296
-80.047892283914 41.029808666317
-76.96565966388 38.206391262652
-77.810736906976 38.769961571414
-77.304667208693 39.90319854603
-79.369945714665 40.067247862705
-76.272963424889 39.115941740097
-76.862059124889 38.336965573454
-77.522071305188 38.65156738598
-77.213889043495 38.09071281131
-78.990475024335 41.132755433949
-77.546899952674 38.383131172395
-77.712310837873 39.13710299484
-78.621714526123 41.267834398857
-77.805783870623 39.15231375071
-77.307282457696 38.372830860664
-76.48954847986 38.94350267263
-78.890571119075 44.437790218691
-77.032063688126 38.477139028651
-77.308779262233 39.898543069028
-77.720733684096 39.377457306766
-78.058631321402 38.224094061459
-78.387423756206 38.819009970963
-77.128495129776 39.159110406662
-77.368981698659 39.152516373213
-77.224756341957 38.361346052371
-78.156534789162 39.272527484524
-76.920786060315 38.385434179455
-78.280214275789 39.267927977555
-76.943210804768 38.604390372046
-76.525593192986 38.09246678253
-77.332282994522 39.869702263849
-77.646663150545 38.772308943861
-76.771080337783 39.625472503248
-78.254511953875 38.570492714618
-76.908167275982 39.700506513973
-77.094390587884 39.514451391012
-77.124147320183 38.972106834103
-76.884732241182 38.337659105059
-77.193064378158 39.804921377999
-77.910077470738 38.449407399084
-76.670644647713 39.312144148949
-78.225589453773 39.009546470541
-78.017588662417 38.804987274659
-77.712546868541 39.951938647929
-76.565445730685 39.2714423815
-78.380905584103 38.727497609845
-77.403315774312 38.216171970866
-77.682381572945 39.156745625441
-77.15472804339 39.886715694918
-77.710693370841 39.347304774318
-77.369948023596 39.040219999111
-76.843069530444 38.238553742232
-77.476374689671 38.69268741974
-76.635361201385 39.849174981109
-77.919111526493 39.365041036969
-76.748715484823 39.46102439977
-78.339951956297 38.161657776002
-77.383519821938 38.42829489559
-78.42724317654 39.732789226857
-78.369584027809 38.254444673484
-77.501198268222 38.64939306724
-77.842724983001 38.918609527542
-77.79874407766 39.854285345519
-76.774477408587 38.36366121645
-78.174641570248 36.582535602013
-79.347906349479 35.865237226702
-79.792741560989 39.490617031672
-78.827457533228 35.973699045876
-78.437093721997 36.009880341649
-78.252029244996 36.78805557634
-77.656874765686 38.030032765936
-77.368816919756 38.816333491444
-79.230430818979 41.003931937488
-76.773217995505 38.955567560778
-76.769052227935 39.836236577341
-76.639375896466 39.01045390998
-79.283782003823 39.499330433996
-79.94555038608 39.575725915391
-77.435286906027 39.11329275682
-77.134514784928 40.005180155569
-77.373058517376 37.982610452782
-77.178120818497 38.495590245756
-78.40616746867 38.984718910585
-76.648810865619 39.56578116768
-77.44257933663 39.113709581777
-77.7332356297 39.116070681242
-77.620018687347 39.028929438164
-77.239467339661 38.792066271028
-79.807151110996 40.195033332636
-77.526143791749 39.790830193656
-77.098213656345 38.155119197689
-79.644299946337 39.656810353097
-77.154491028314 38.785281718783
-78.2067405596 38.847459388069
-78.241831914594 39.207592390283
-77.181516150522 38.640220404144
-76.493769798617 39.114961510752
-79.288922442966 40.20688995191
-79.613834724359 40.905204387084
-78.76005255941 36.380239479476
-77.210601029889 38.459143239886
-77.603033209239 39.822608399924
-76.543179524268 39.560930723786
-77.427313345102 39.635261405755
-76.950900681644 39.390129807321
-76.657948136986 38.653047733047
-77.370668450893 38.655607692006
-77.665478353192 38.429296098092
-79.965774778504 40.091341221494
-78.328297170923 38.287516700412
-78.874219966092 36.56982046055
-77.519336173046 39.485751841618
-76.163574975967 39.977589832016
-76.575889684503 40.404850421535
-77.711277052119 38.796755506737
-78.377431053803 38.50439943321
-78.704144988399 43.641944554214
-77.17966009122 38.113297647092
-79.61556611877 43.630615559912
-79.480746964925 39.487344365075
-77.236964968227 39.029265725469
-76.453452699302 39.217760626664
-76.965840322375 38.790946933052
-76.529759792817 39.668655484003
-79.678336234856 41.136667915896
-79.697669164845 41.026898882577
-77.479945831649 38.465248073376
-78.209975969234 43.633812160695
-78.031963083326 38.000803133673
-76.49155301784 38.528126428426
-76.558019316291 39.866069340361
-77.300282223032 38.959496376363
-77.452787981929 38.409216858372
-76.130656037424 38.797759220576
-77.045742271449 38.670042949283
-77.189741402095 39.828512405534
-77.404189961423 38.50573993578
-78.20960559236 39.383138110282
-76.886344420164 39.03756229552
-78.317999754208 39.145532854143
-78.365595591384 39.908148902134
-78.338960468886 38.221693676708
-77.635493001224 39.176381897903
-78.471927822747 38.172560571482
-76.714551539918 38.690844469734
-76.768834586573 38.31786092403
-77.66684101968 39.649314367223
-77.490010745545 40.029405763561
-78.389052875015 38.570656498403
-78.084939849096 38.187243997381
-77.891170416402 39.179640315265
-78.044421629494 39.430660308713
-76.513880984591 40.008640471558
-76.951773948904 38.234785362896
-77.939638530301 39.72275744709
-78.444905512201 38.114432491124
-77.864434655652 38.590658762476
-76.922761629259 39.755695582893
-78.178228778341 39.938655018486
-76.862254081655 39.697094331994
-76.522924234362 38.572881535602
-77.513092191622 39.621645287609
-76.654693820312 39.744693890735
-77.514163886861 38.067662325893
-77.749121138203 39.124140404397
-78.359071045775 38.886205915017
-77.455215811901 38.867282369752
-77.165378131009 38.971576709927
-76.521363194303 38.892023096916
-78.019540226055 38.286260071052
-77.033418419746 39.376695038635
-76.801421732509 38.595056721926
-77.030159849647 39.486838497622
-76.750447775546 38.209454580016
-77.396711981999 39.672355628128
-78.039658718254 38.052741689341
-78.241669829075 38.617241783995
-77.008958455604 39.677221174376
-78.144321731784 39.338870599732
-77.330437350666 38.809450757309
-77.11695957744 38.064381385892
-77.720580075697 39.170892026063
-77.851039571112 39.463039796258
-76.488885292505 39.91486100214
-78.42059185418 38.888882588252
-77.38165854397 38.194393131681
-78.358149646442 38.39698409651
-78.090248578229 38.373303371364
-76.991998305034 38.323972239018
-78.47238966468 39.709107746874
-77.543989873238 38.775639653741
-77.874625978427 39.052620903322
-77.189174727118 38.893277311822
-76.941670970458 39.783916519097
-76.48750282051 39.075093607162
-78.443650939668 38.768082783158
-77.371090071408 38.279491589243
-76.592465615601 38.478570713593
-76.88157103108 38.446973464834
-77.141348566419 39.261381232476
-77.853973625119 38.155130550977
-78.372792330238 39.551140472724
-77.343828585118 38.622013407757
-76.563792497607 39.736616401053
-77.108800633355 38.387584028654
-77.953387083423 39.932968282284
-77.918355711191 40.026919058711
-77.236490567284 38.741848561501
-76.61643969106 39.685010651154
-77.513740680845 39.705619993657
-77.667025413634 39.899217826907
-76.532686540133 40.013756838342
-76.618402713226 38.219201001615
-76.694090271185 39.530510764059
-76.896086563267 38.337781044986
-78.253567002791 38.240624624125
-77.485425178147 38.679625404558
-78.113204189123 39.863288946095
-78.347755457861 38.420973989551
-77.968039093483 38.380672835165
-78.035133043745 38.957716758517
-77.139269372938 38.651101045788
-78.133488042301 38.954961805292
-77.078808957241 39.143836707584
-76.840767602321 38.976325269952
-76.970780510867 38.973056534467
-76.700636046293 39.399787505518
-78.400222765893 39.296268815021
-76.859683951723 38.309756341709
-76.639342693869 38.625825148076
-76.827359030368 39.284237218396
-77.912764183164 39.815673824954
-77.305339748141 39.073797919065
-76.679572195556 39.545394308827
-77.378565650103 39.778028536193
-77.418272850723 39.655457736938
-76.846059776264 39.273177438717
-77.841878353038 39.962000085663
-77.844810020997 38.529067596375
-77.366788332015 39.194985428624
-78.315981995421 39.514983863984
-77.644357565584 38.095205404083
-77.056160511434 38.147808670309
-77.60895163497 38.461433087399
-78.105167195209 38.214024839265
-76.811602645425 38.277864584537
-78.402798542434 38.527765097982
-78.03453485153 39.727087717085
-76.88771873517 39.410007639222
-78.469301571782 38.915232047108
-76.946727498835 38.586085731145
-77.043834754711 38.124648864148
-78.109744635421 39.679307513429
-77.869901958752 38.714248599526
-77.408255798892 38.527231638274
-77.802555566521 39.483618692894
-77.649878937082 38.441866583571
-77.216186917447 38.359216800301
-76.494367682564 38.492548058213
-78.100461835979 38.386153417528
-78.431052851185 39.289365350112
-76.725022001954 39.626841232181
-78.026947395382 38.688777085889
-78.393808205289 38.710713948163
-78.480241321676 38.083952712574
-77.841180082762 39.540746558418
-77.964387642628 38.599295189592
-76.97492683208 39.002508909617
-77.483353150727 38.80467198518
-78.379466705626 38.762788754952
-78.340844988941 39.315074866027
-78.430929407172 39.277685788763
-78.137189330091 38.943020879439
-76.722535121085 39.699370666441
-77.247092470135 38.669664343374
-79.594371765906 39.809529782862
-80.010750468603 40.782878734282
-76.515441037447 40.407087645411
-78.595066050648 42.738031934546
-78.85102009496 36.165415928365
-76.477251868757 39.256665088314
-80.082820018189 44.631348306819
-78.170097672885 38.913672438957
-76.646917572506 39.61339049646
-76.993664219932 38.187367573176
-76.520703184154 38.434052887283
-77.516500531896 39.845195634858
-76.594159887653 38.771099511763
-78.393577785374 39.835374986385
-77.487631220557 38.899821865034
-78.772770252767 44.452253394251
-79.056756857121 39.901160991451
-78.350245661479 39.817408234872
-76.660728161738 39.37122971982
-77.363409944007 39.606962323646
-76.393798341776 38.009617788658
-77.6325707508 38.916117848032
-76.844012107366 37.951624812406
-77.123974695819 39.061824233474
-76.585039395605 38.555735881408
-76.15778704398 40.659054790423
-77.716357327359 38.445794067262
-76.376032569926 39.541363147297
-77.910905969247 39.921285031966
-77.100640869706 39.731862998617
-76.498343770118 38.319703346441
-79.087346381639 35.142672200343
-76.504797902964 40.142361883098
-77.787019826332 39.189744587784
-76.438117918657 41.843198894275
-76.680208609039 38.568412682451
-79.815603102249 41.19937451028
-76.916380291259 38.963421488338
-76.251231459635 38.277782805329
-76.32561264904 41.011952550089
-79.510063040551 40.238304577625
-78.984031150819 41.429390173818
-76.772312665575 39.828969565648
-77.577791387165 38.064707309715
-78.322881666122 39.923786941123
-78.573387901428 44.556030703248
-79.104871830729 41.209197738052
-76.699280719948 39.326752627155
-76.372080976538 39.079661939666
-76.128413757263 42.269045406902
-77.967441604341 38.435144349404
-77.839524074342 39.758931610795
-77.544128110304 38.125413061844
-76.309043761836 37.985105975259
-77.9224816508 39.382096688641
-77.221729297036 39.413779389583
-77.231745121385 40.034150167661
-76.342587286042 39.510981876452
-77.224219633113 40.018100046372
-76.956665923541 39.337477142425
-76.599452045909 38.675181477379
-76.805722334881 39.371660195866
-77.14759267056 39.13104122259
-76.344053146673 38.832905307736
-76.798248528147 39.60926642424
-77.76989957722 39.365450612148
-77.933809819684 39.226205357857
-77.875854315262 38.464910220507
-77.393989524015 38.795868590553
-77.310253460995 38.524078023572
-78.970751059335 36.164356456319
-78.663557354311 35.865903025069
-78.821696042091 36.203184150775
-78.835129934842 36.449876175061
-79.166585317515 36.941450696001
-76.644297555348 39.697694169391
-77.30569137643 39.449530966032
-79.035853136591 40.218730768969
-77.251252925956 38.356737974466
-77.561115141713 39.749824886268
-77.188403678639 38.351585756394
-76.300260316704 40.43463490575
-79.395647493618 41.285784351519
-79.455929549401 39.956075637793
-80.073040582982 41.067720738483
-76.875832036895 39.251415802949
-77.974607907108 38.535603735114
-77.621700589719 38.0291374123
-77.903326354294 39.715688666397
-77.489738173895 39.627866928027
-76.192898428041 38.501852541199
-76.94120609592 40.260737388793
-77.356555413828 39.487891833802
-76.760400841251 39.546661302902
-77.05991387079 38.803585001376
-76.126389282233 38.388635163111
-76.859474119549 38.989085594387
-76.149937673891 39.030093140183
-77.193085281618 38.598427659845
-76.604919153431 39.834747485474
-76.660087558167 38.321875581402
-77.046763049344 38.18639458698
-77.765637631769 39.839038542131
-76.207526684719 39.202819069676
-76.865230168037 39.018474070098
-77.469153931001 37.990100300601
-76.260848635813 39.170085695386
-78.454311686739 39.266925642565
-79.401553566066 40.713918740009
-76.030734953058 40.355221380524
-76.147864689082 40.958644006206
-78.373467158194 38.797948550513
-78.330796059334 39.301087729016
-76.508103833984 38.651625968964
-77.280761596154 39.43214822748
-78.27570811435 40.01203368855
-77.900978113438 38.678775282601
-78.291951466447 39.315606565536
-78.208525942229 38.406746385983
-77.539636973037 39.610356341109
-78.40504850462 38.633969680875
-76.954993098913 38.731687022422
-77.420157773109 39.52260299255
-77.778935208773 38.734579995325
-76.888649903145 39.209213788427
-76.497701528207 38.820972716061
-77.977621863545 39.823107949084
-77.341735137279 39.488910932961
-77.583538497563 38.151206714346
-77.388512307453 38.530873072289
-78.482204806243 39.143987873345
-76.995946659664 38.218599488303
-77.620257176241 39.251921560441
-76.694683958593 39.458986437336
-76.543380254161 38.336169564496
-77.544631209437 39.335513358335
-77.078331263732 38.432218827683
-78.326914616972 39.704125727563
-77.906506968578 39.987087087408
-77.84606977215 38.261933451814
-77.516853515724 39.715560195544
-77.640202274338 38.380438684837
-76.816368857272 40.010118837181
-76.771631862821 39.697340718504
-78.16611300785 38.742929387426
-77.805956338867 39.410852200717
-77.804279475341 39.660735138242
-77.26583174671 39.218733435307
-77.745730912619 39.000123912177
-78.171508441718 38.702043982258
-78.176401367918 39.936178539558
-77.16906575909 39.482799307842
-77.412730951945 38.552401195712
-76.790970732786 38.57685376422
-77.133205572164 38.851500784152
-76.726166278421 38.321549062941
-76.796980075403 39.618751889557
-77.942076932106 38.403665759497
-77.837913155905 38.957541547404
-76.898944006679 38.576513132989
-76.488406574075 39.807401219002
-76.872785563015 39.306240112372
-77.298129237355 38.392480401679
-76.809709613548 39.37515891192
-76.897995141247 38.860796719899
-78.476860276605 38.280619731012
-78.406429655067 38.559077168784
-78.393991587826 39.172270032366
-77.027655772837 38.056066264133
-77.275343982125 39.612794707523
-77.174618197646 40.019894018021
-78.420094049225 39.016066825199
-77.214888405114 38.772976244403
-77.96760534117 38.898026042279
-77.644720992799 38.878145190073
-76.726100327744 38.954901183643
-77.878903978873 39.052611029906
-78.194197558382 39.435375515283
-77.739856396174 39.81532476013
-78.455037665725 39.889756650321
-78.219008704709 39.08611793139
-77.962089748995 38.535453695296
-77.063336775161 39.563831572392
-77.749254959944 39.59666891255
-78.233983206631 39.530750668098
-77.3128821944 39.711084596852
-77.288373242226 38.927141234885
-77.279802535284 38.558899715046
-78.141758310168 38.981506711503
-77.781436461813 39.118773197985
-76.570036287644 38.802954008419
-78.417484960207 39.639869988437
-76.896452325307 39.244364510578
-76.723254645074 38.964001860627
-77.978145697103 39.973607842972
-78.299214881478 38.207904560762
-76.871773661014 39.306131430287
-76.839503909346 39.964679588721
-76.588771931129 39.102294864355
-78.188412522944 39.081277223982
-77.200914101728 39.489557195391
-78.462773701816 40.017981661666
-77.905804418874 38.279943978253
-77.970935017282 39.922965919272
-77.814408246766 38.161681602958
-77.887834142335 38.638245154643
-78.061143676272 38.504443491287
-76.591167441338 38.751370646584
-77.374593783769 39.738514359161
-78.112670584594 38.500294940022
-77.023966546141 39.594228239249
-76.838073331281 39.842399501808
-78.178465770134 38.090025624476
-77.298713489068 38.074559237551
-78.145619860412 39.726971537387
-78.203826968147 39.485333828656
-77.817901403983 38.351062705147
-77.039842366684 38.183564769364
-76.597998062852 38.606121694194
-76.714932424308 38.861856320051
-77.541309551547 38.730908109855
-78.023731596273 39.515571610019
-76.51963877698 39.722455075521
-77.924773602671 38.073795399837
-76.726229769475 38.248180602967
-77.807904277332 39.59400060818
-78.175154209643 39.82473577382
-79.874677290013 43.685006267456
-78.322881606051 38.803855790374
-78.265610504758 38.079954309297
-76.059647507501 40.524613170463
-78.41967985623 35.563477486739
-76.742645846519 38.919156097943
-76.881648572066 39.516867129081
-76.853600278853 40.006380095324
-77.336272045154 39.615592251527
-77.450098655821 39.244447885835
-76.737820159481 39.053568637198
-77.937085214467 39.664568964876
-76.690893915763 39.147397311181
-76.893898044623 40.043506013424
-79.038827307783 40.965901894691
-76.719970962327 38.422460983878
-76.968089694567 40.001010679349
-78.947441392331 41.041543364756
-77.68415167583 38.406877408168
-78.366339416038 35.279473363607
-78.574566528331 43.906004948244
-77.598183650761 38.42065884955
-77.301653882588 38.181498553863
-77.827197516216 39.178735053424
-76.841484565639 39.083123757251
-76.919049648955 39.730842715178
-77.338104395313 39.499201852304
-78.481812587657 38.947819981874
-78.40993917795 39.651583577518
-77.827444512742 39.304238024484
-77.859144699188 38.298045298863
-77.502456572566 38.30655478904
-77.781498608037 39.603381415818
-76.702138907097 38.57555131705
-77.49234346133 38.266398045998
-77.964850640258 39.227219115783
