43.651349413999 11.919731695654
44.228158334332 10.793579485195
43.369675567567 12.839242027087
44.656630541785 9.5997637941711
44.667526430205 10.322143630577
43.453018515137 13.706556775957
43.81181431555 13.768479359249
40.187652709202 -75.21062482963
41.937871970228 13.504619996319
41.945016724519 13.257456877875
42.205812360277 12.558093044722
43.423763497485 12.355743132253
42.187659561277 12.140491886151
43.597254353409 12.629496372619
40.844547717951 -111.72695881428
43.352594860083 13.739745092012
42.783258679243 13.37443044615
43.288583523749 12.096639835807
42.332252017398 13.479729793279
43.783481863248 13.24942196314
42.960254628679 12.485379827456
50.110615173988 6.1011679554619
42.832048151585 13.026072189245
44.600771333999 7.9531687113494
51.876636218688 8.8437408087047
42.952335263136 12.239296517933
45.281291495208 2.8494535595409
41.862733888397 12.879342962487
43.810201317936 12.865659279707
42.905162545364 12.43795995623
25.531730462562 -79.434854463686
42.709099275877 12.360635927602
51.451293736906 8.2952260604572
43.285551279006 13.481059461146
41.846319324286 12.702908122329
33.299684568627 -117.62761785288
42.450459886107 13.332303699282
44.013563079116 9.4255412581706
41.932653113258 13.426833599094
42.240839329681 13.204272940871
39.520865601904 -77.275400112936
51.858455374073 -0.083477359820841
42.822210363982 13.528825333144
26.327126098932 -79.427181267654
25.027907865584 -80.397621308914
34.16089058306 -107.47823780484
42.158976692336 12.59432772344
52.23097936098 -0.13681004347596
42.692981397145 12.552633303496
43.655993503614 8.4241609263113
46.738086732637 11.793538467096
42.439700037467 13.256274796231
42.949535326098 12.151061722634
42.287613654198 13.23949087145
42.204381843214 11.894463780308
42.021660188244 13.757367082314
52.152764393556 -1.2830016707201
43.817110413621 12.276836578418
43.719881044591 13.162908287816
43.586003852371 12.954975296743
43.565426506852 13.155831606221
43.232449508401 13.60720048037
42.691273211844 12.48438772677
42.283690571007 12.525685471748
42.343435493479 12.377462150726
42.021889517115 12.639137664197
43.114184009451 12.323486211881
43.090025960065 13.327429856347
42.887378025303 13.496161035514
41.948419147168 12.594266023319
50.179801911665 9.2317433921768
42.963362556886 12.691310003743
40.494423478372 -73.611404645328
42.793425660971 11.987334839549
43.072338639348 13.003621123754
42.482770422719 12.209086095567
42.088703050806 13.461488556353
45.699278587801 1.2094688346654
43.428406588954 11.937065782948
51.675687402103 5.4051941175271
43.882879663041 12.595380845245
51.862725410547 8.8372462512167
50.465015786916 8.1981666089027
41.872204624078 13.459640211661
42.664437246839 13.079194162564
43.73832754641 12.309277319514
42.568168380118 12.48925545138
52.667833898295 5.5385809679462
43.832564320358 12.123275862619
42.521036075692 13.605988405948
38.138991089411 -122.56238280494
43.191772822867 11.934317847239
43.273948536869 13.006770418981
42.031818758732 13.029269026627
42.090628690615 12.789664116145
43.363650777102 12.014106809655
43.439698642346 12.343488073157
42.031721174753 12.578447691455
42.274572843001 -86.120381733274
42.367585726275 12.399834311309
42.659258890759 13.502284013455
42.302189576601 12.737250794555
45.239777915757 1.4581726041893
29.874851293635 -95.182162540327
42.060633194682 12.607081529988
45.55210807412 11.53795887499
42.526042643269 12.483664185055
41.83667377703 12.33984748618
42.965386371599 13.540179104351
47.562323829887 8.8658663187483
43.453795338282 13.01780402803
42.779981972103 13.039812760467
