53.139138452075 6.1453660164938
45.282888521106 2.5612290024577
43.04855600516 12.17693736368
51.130082875318 -1.0339310588985
38.95119763651 -121.52786245189
43.561964661166 13.433563755582
43.657112401306 12.645157133551
51.88990414184 9.0525210006407
51.733713552697 9.4928806789652
47.517980790938 7.1025032108196
42.776398400227 12.269009824523
38.111485971464 -122.52152812643
42.86562744462 -71.765801340916
43.669021849387 13.333741252487
42.748026875217 12.67722491162
43.242406500637 12.198259606605
41.97447922687 12.097105980917
51.852787959321 8.8466445244135
41.856540547638 13.352350311539
43.828772674256 13.366443982539
42.612607002565 12.430170399824
42.644262435701 12.878906527033
43.476352483743 13.29856374643
43.604751101998 12.961399741474
34.422958702225 -119.21099870365
43.499244810801 13.084615551461
43.809912409566 13.401912767648
42.306292185724 12.270599498095
41.815886338023 -71.614024265242
42.546646365087 -71.898365736644
42.481990424077 -71.046114437056
42.432339272997 -71.310702122645
41.789353124567 -71.216506277529
46.559402723126 7.5062483807589
41.837021400944 -70.455462825914
41.490889876246 -70.829662938275
43.026788054533 13.216105557634
42.622016616942 13.072185156922
42.649488651983 12.533110890341
42.740036217861 12.915580921322
26.760701239912 -79.518681120179
42.156950903685 13.225845323536
42.514732390463 -72.09909443913
43.730839449808 13.405130266422
51.893172641701 8.6356127083467
41.891109160584 11.863623138475
41.924384634928 12.764549744692
43.098238457992 11.942230694456
50.123564763052 8.2107923399707
42.858991245695 12.857974340628
42.740658034936 12.684113750574
50.606821609012 9.8956886012553
50.333955367717 8.6507291387072
41.982208671992 13.634009307101
42.940147831563 13.659306210794
42.793059798981 12.26406044844
42.165834492636 12.441841166693
43.351525398622 13.347068301119
43.329969008162 12.082103997994
51.513114380889 9.507146257212
43.359855578004 12.824310496854
42.063473497568 11.872011925055
42.355089245085 12.764139971607
52.236645489808 0.02837525071501
42.45214131032 13.609204922176
43.492177284107 11.944672963577
42.28369410491 12.900640309763
42.50050941787 12.281245075318
42.885950777648 12.30725767573
43.366046952741 12.96275531175
25.889609208262 -79.238319421108
52.927293708281 6.3928830268061
41.901241824937 12.916646574606
42.418153404008 12.759027868418
43.695662900219 13.801051116011
45.253411312568 12.524496011864
42.724151504584 12.41275771263
50.125754674955 9.8791279778253
50.525927276363 -0.28357395641206
42.326288541952 11.975299545108
42.037845254567 11.875911027412
42.171536185067 12.972591426022
42.4341119707 13.807649047511
47.63852793334 8.9636250622401
43.099126961615 13.006422509463
43.801445328559 12.080395796395
43.219861682162 13.255908400892
42.798597153203 13.12317253983
50.666517717376 0.1913985000371
43.15950618135 13.135553885335
45.67843797462 2.1881928407532
42.82780839916 13.148020301104
43.016487534652 12.368703331991
42.352889436017 13.516688905452
42.60182980711 12.460515393645
43.336704218007 12.004234912828
41.897248294178 13.512349470312
43.043127637863 13.08580766019
42.646756287986 13.333741283221
42.920927189275 12.723757941168
43.177785035327 12.963943187152
42.012501018614 12.187434360959
42.624616816952 12.739636223197
42.158684285452 11.887178891773
43.671495223286 12.425002675722
43.316588354931 12.435346233882
43.007908296796 12.948224881661
42.450883645795 11.957648980433
43.62272248262 12.489095160521
43.256389845769 12.300419526801
43.187362966236 12.284123505153
42.638946642021 13.022477892725
42.943294705818 11.918774823641
43.545844946332 12.694537517028
51.910739470697 9.7593628274088
43.016279419759 -70.952769572577
41.978942061786 13.165531313145
43.185391802448 13.40067937013
41.978277649741 12.543416983256
43.090246982004 12.111868083084
43.200566468875 13.078051002288
43.14755770154 12.340746660897
42.725598528874 13.707161135856
43.775698339949 12.099075391024
42.05812100093 12.051516903144
43.122040640175 13.063136254953
43.346710012477 12.719822019695
42.889597930296 -71.675799086757
42.216547969232 -71.573735795003
41.96842603883 -71.262046877169
42.644172864668 -70.756707373645
53.442285584725 5.9242036227017
51.800642962242 5.3693626861178
43.382352761658 13.396683390458
42.182364772646 12.403468082402
41.881704363938 12.589334824418
