42.538457044672 13.055468530441
41.877023547386 12.898311155356
42.197122904119 12.26627007607
43.368002677063 13.677648761646
41.916215168294 12.643074817345
41.871788429989 12.678051070647
43.554351424146 12.255800888548
43.445537879826 12.282256220154
42.424704526304 12.660799256389
42.329092647589 12.413344207433
42.75901754657 12.304325118358
42.426724668812 13.747908932526
41.880355989526 12.191534014529
42.886897652378 13.034677062221
43.626999830674 12.532283521992
41.836365906001 12.394292208105
43.161768252592 12.393777979277
41.933315864754 13.532934414026
43.144360460429 12.847093232392
42.899864640061 12.55739980219
41.995532175545 13.650430305719
42.158373352701 13.58593342762
43.142631282186 13.792282585445
42.505558806728 12.656219735603
44.847599849381 10.502173804262
43.658118286963 13.822980047142
42.862390405455 13.357815722657
42.054020098457 12.604161744308
42.507659771271 13.527827172807
43.197404834089 13.504723474639
43.647422800629 13.657472734201
43.593431556895 12.026714364566
42.624207477863 12.578506761055
43.44773289072 13.63320362972
42.098519834757 12.970669609968
43.613905805004 12.693865571049
42.191755693982 13.420316905466
43.112813869565 13.737557378496
45.95277446669 12.460591934554
42.71268364543 13.623955568145
43.053725730208 12.806750746375
43.326222617818 13.03909432892
42.366929107072 12.727067183597
43.779071661096 13.298577502996
42.694519462408 11.920736537299
42.922402174197 11.990587733237
42.444046647516 13.500392531299
38.677201833214 16.151930287316
43.819600372978 12.387580211476
42.58570159908 11.881296177826
42.227167317771 12.493497101841
43.101730033358 12.321416631512
43.184442400574 12.869768379216
42.551021465844 12.610115897216
42.966205529408 13.346359816096
42.529554994579 12.794434043504
43.365754653891 11.894226670703
43.575295906337 13.232870637103
42.624549848805 11.895709990031
42.485328434748 13.372822718889
42.811628280606 12.501351647333
43.740834124287 12.099437699255
41.921337388906 12.185804009545
42.510199180131 13.377772306755
42.409173033412 12.338667066947
42.999395833371 11.943840539078
43.68055510415 13.344670206956
42.908959589877 12.343501857663
43.72726035806 12.094187423186
43.007853601618 12.752357050217
42.87658625139 13.47297263123
43.546925076094 12.895465633804
42.680549502711 13.589983367191
42.271807128711 13.462358482884
42.245082413447 13.060988452801
43.039681104517 11.945972678713
42.405440022913 12.268532111456
42.329091073188 12.982517504612
37.792256187178 -93.9333664195
42.86702307589 13.092332216044
42.107336255793 13.243220466323
43.231203771325 13.716359882039
42.772488815625 13.281611138176
42.447681667978 13.190092118566
42.299996155009 12.426861877307
41.922580815837 13.148922370371
47.241893576571 8.2733194941065
42.311710409055 13.411322436508
42.865309944335 13.829700982605
41.908547874519 13.741964214382
43.377465381949 13.596657195427
43.687580076853 12.40847295311
43.751165374553 12.60797587766
43.760944177306 11.865309040486
42.285405209442 13.222000863527
45.523409842361 11.199906784156
42.221697642127 13.162606266424
42.265967455372 13.642960037891
43.641867190454 13.289932061608
42.529075387667 12.712611565719
43.358182248847 11.894500193158
42.882379110869 12.896656577448
43.288099921929 13.025453206185
43.286252610074 13.149168519394
41.91427799778 13.746787856236
43.482053854748 13.493011204776
43.110322871783 12.147566547707
42.149214694833 11.918897184992
42.445293885884 12.1348770406
42.198720089739 12.994644033741
42.360280010107 12.406208261592
-37.330601263014 144.13957954873
43.242887914315 12.749819133335
42.16742757904 11.92037803259
42.032712832595 13.292194054153
42.154287949297 12.92954802931
38.186894468967 -122.3349100713
42.342108395597 13.593860609754
43.222464636558 13.447146647839
33.269646126942 -84.69002441945
42.116455021855 12.137452060442
43.826155423592 12.833571952246
40.322694817031 15.883241649428
43.704938159674 12.641628447774
43.180644414027 13.674364867024
42.065919992566 12.155660797004
43.221576757853 11.977794867951
42.886313581807 12.11191072462
33.627641264215 -83.63504913423
43.497937505386 13.662040028119
46.496040222466 1.6448982323729
43.316544017923 13.12383129083
42.115897902363 12.670028635634
42.750034942196 11.897194594118
42.002196516864 13.177000940881
