42.070319686139 12.973359769684
41.840141460712 12.151365287693
43.642058499477 12.312551716975
43.816795676417 12.747078027479
43.574872628143 12.047009102577
42.889145285326 11.955313969404
42.865300320513 12.328366572211
41.89081901402 13.025702046263
41.920151520504 12.952828386332
43.474025097452 12.390082713885
42.427263177686 12.3468735625
43.232776123694 12.323258114685
40.085114826938 -74.430976853953
42.260133950182 13.474019848518
44.900576419013 9.8960126687521
43.550379775742 12.627763360586
51.317637841365 8.6685619864932
46.229701313763 2.8007702374834
43.377338094368 13.005343837221
42.536504797908 12.220439872828
40.44408262976 -74.54992910979
59.615904981092 99.89418273973
42.947833013718 12.264723237748
47.743799448977 -121.40979308506
43.48492822588 12.472540057971
42.840489654749 13.348609246963
47.412290736992 7.8173221318317
42.758141283786 12.75610883385
45.105777846231 9.9057267763236
42.287546443442 12.051995272793
43.226284410931 12.502480409363
40.828430801535 -75.161866734392
41.90069106824 12.614867188809
34.545116111464 -84.562809202058
43.706959929667 13.007432923677
42.257699351433 12.304804973002
51.870916150683 -0.1076888973907
41.914190506078 12.679411288688
42.12785820997 12.539548018288
43.703460546093 13.760987276121
51.637234347238 8.0926361871383
46.237435962184 1.4605003387949
45.606929474327 1.3860190936299
43.25168325207 13.139334040314
38.583499749928 -96.84751490869
42.820147631162 12.170703705501
43.649495811525 12.739996408478
41.953469624742 13.162010637674
46.542791283011 1.1764740073944
44.517692382712 10.161911632289
42.998394350542 13.611009173866
51.882311822559 0.14296864160941
42.034453084729 12.52935642543
43.189209990778 13.099945897304
50.847001714095 9.9075856850984
43.804792412952 13.08365974721
43.466520292457 13.616948507103
39.990151324496 -110.74110706218
42.259604833231 12.750046715976
45.501521498385 7.4316393144366
43.699526243724 13.719633886015
51.602649995406 8.4877110880277
42.739155639328 13.556017716695
42.313390055373 12.899498790011
42.994817756135 13.215449296059
42.999042438364 13.379959730629
42.753543359134 11.845192430956
44.081510511612 10.94471889853
42.032075975592 13.632770174033
42.841019387304 11.982501392266
42.044577962295 11.840793382323
42.434238207284 12.569476471569
42.633366154823 12.133325462313
42.628424505551 12.524855698259
42.877362234947 13.621587861174
43.722612401362 12.846924707709
51.964722950228 -0.21163932109327
42.248235774829 13.519542864787
42.218129169784 13.276065351125
42.489394369784 13.361054806694
43.219480057836 11.837284144425
42.42219644341 12.320828357416
41.845728608263 13.619454255637
42.93246873048 13.668711020944
43.250128197969 -88.743121688746
43.024982824954 13.54127315692
51.248617716249 8.696648948219
42.540976074331 12.141426038084
42.585828879211 12.368004925741
43.087814678034 12.885176707958
43.653896792652 12.500432759312
41.869469078684 13.326060979334
42.224119425877 12.471839212122
42.097804582279 12.574107003687
41.923258395851 12.100902445682
25.844763867002 -80.999791107881
42.25758478013 12.919189771621
55.542141038711 10.09692145516
43.577148762821 12.337001255426
42.322599242147 12.094262012345
43.454944879981 13.095445587365
42.814666132843 13.098302829612
42.097151370785 13.171726492335
46.620970282993 1.6900083835656
46.239235055279 7.8093599112748
43.687507656278 13.23823944539
43.565067321346 12.525963684344
42.149946749301 12.187192353062
43.709000059289 12.536332584257
43.432445307485 13.75219852561
41.860482475211 13.379716077086
