46.234821960251 10.134115855363
43.280789921678 12.782423760662
25.166363572762 -81.036857298402
43.26208467563 12.817282115511
42.062997004068 13.41475902752
41.887177135298 12.042053768452
43.470764253529 13.577425856899
44.658143471558 8.0059896232355
43.037142286115 12.306112179231
43.774922912391 13.475028421972
43.230274392886 13.310339047273
42.64514375417 12.441675627831
51.456482313553 -0.44499314928194
45.727597157621 9.7123264562839
43.392337843514 12.880279675557
43.025894123628 12.861131545113
45.44717729485 2.2901093448932
42.914611715805 13.001836096424
42.10572636507 13.52591805466
42.464324816833 13.573223909651
42.854523111554 13.553982565458
41.643951719042 -71.115096815236
41.857396607224 -111.72951407262
44.850501509805 8.2487238937284
42.206095397589 13.073193352259
42.942404274823 13.030866847875
51.208073415093 -0.39025873035469
42.77579575629 12.272804159353
46.234394616021 12.124799031753
45.734441558241 2.959892057795
47.078454837028 12.466262417385
42.591418464033 12.934031476257
42.179276077647 12.514661935884
46.009553980087 8.0960620479174
41.9759655404 11.881586135797
42.99982471673 13.656395079895
50.951438749186 8.5846862851571
43.559409907835 12.850313995916
41.951873089185 12.725655719997
42.526801597593 12.29536701941
49.325552945177 31.748482382274
50.470430288683 9.0671581658847
45.186095161727 9.978398424654
43.255069564236 12.154999447614
43.869347582862 12.038537678958
52.115624847177 -1.1269782093526
43.737715699609 13.779809941922
43.698700385515 13.216219582251
42.489985152397 12.895388724255
43.677230762188 13.021249787447
42.824653510875 12.66472678944
45.968046350855 1.001421009191
42.224360834467 12.423506180508
