42.162388813313 12.316964282357
43.512639338876 13.737793301131
42.466768366057 13.397622831372
42.787814446647 12.824049779619
42.332473199059 12.531633600396
42.654499609002 13.406583501027
43.01137610155 12.707032399602
42.57560107979 13.486580798184
43.356571423077 13.361523627027
42.93312296736 12.272445991783
43.554168245569 12.670136130282
43.176403939361 12.129292654886
51.958263957854 8.8975924117945
42.463197082983 12.193428851775
42.190863115823 12.008583637911
41.923963606343 13.056275475352
40.016294947985 -74.478474407345
41.844711364661 11.907417963702
43.665966575831 12.491534282703
41.932121802576 13.543886977057
45.193207372491 10.661515139098
43.739050598249 12.061040323277
42.054572890093 13.107217833471
43.585952616591 12.551378519552
38.273683187879 -76.299828867452
52.798363476665 5.3865686392582
32.966139012972 -83.500862747105
43.76022272222 13.596129506194
46.057672614049 11.56397612503
42.748394144137 12.056884579408
50.411542752484 9.5180365198841
42.943826591125 12.484090877012
42.984486971064 13.130237829487
44.724155845251 11.810338959477
42.311605533751 13.088892464123
43.381088072167 12.748734634739
41.987979950399 12.337483144078
43.502886117226 13.023518108795
50.203295083346 8.2885006928297
47.554282623601 8.1181441806807
42.463261895584 12.148933770225
50.433033761304 9.4501462501707
52.376038841845 0.85397521347924
44.572061966347 11.046112944414
41.848269774529 12.620813062725
42.675386938136 12.362998292971
43.132441064426 12.173573256106
43.69770007522 12.349980160312
42.075976578575 12.792777617852
9.0642305352093 -79.573353592108
42.88547622968 13.304050233843
42.499493779868 12.683810812295
45.898941607633 2.5473761761316
42.643495671306 12.842392098572
41.855064376677 13.112266920115
43.811102194645 13.238281235696
42.129280164453 13.180271093839
43.113937076255 11.839471710792
41.055319182287 -74.628185622818
43.531030722696 12.204685872071
42.363128937505 13.784087143759
42.160282033591 12.190512858907
53.29014084199 5.8361507170303
42.956979198848 12.342609265068
42.262084426501 12.476601227895
44.720323924611 9.6401647988218
41.90885793043 13.621106968572
53.103836452404 5.9980855208114
43.445597948269 12.433736904282
42.52389935058 12.347706667796
43.682285330597 13.49104196417
51.800503308093 0.64900960984594
62.206261660068 15.78697965843
41.558091797334 11.800131380742
42.236385371667 12.563219726369
43.726730833655 12.632285483963
42.450883645795 11.957648980433
43.537384642094 13.425784766428
42.601893752183 13.305478998623
42.096500303662 12.147154410925
42.040053651242 13.717022196279
42.67174674278 13.393341754767
42.304389781947 13.376462618551
43.129819601185 9.4448202361772
42.843591563936 11.506141485694
51.507017797328 -0.17767934188604
46.285708976577 2.3000951545779
41.879801892175 12.40435563887
29.794532682402 -95.361954427785
43.721124511103 13.675493900068
42.324092616499 12.386223782055
51.206048381378 -0.79421226349855
41.879758970777 13.494790881192
