43.749108496958 12.618898726843
42.835423008949 13.31474378908
32.922028871871 -117.92637730815
43.128930413245 13.426721396144
42.399363711218 13.057234673343
51.461449269886 8.5881200626437
44.97936885752 10.382458462116
41.89873847875 13.254236481292
43.584749754346 13.303148587862
41.984642092152 11.998224081026
41.43530522419 -70.391037654985
42.492305602316 12.981594537653
50.115707548855 8.6739213297488
52.471175022876 5.1593392465307
46.790726471595 7.9546532071916
50.872427815046 8.2897466655307
50.492709878596 9.3588700291509
43.480092494062 13.644730069996
41.989642823131 12.939959914417
51.014398311272 9.5616014639668
42.034389629531 13.660096055691
26.854282748335 -80.674103341189
50.9242385388 9.6170968583865
42.201997063238 12.576953098468
47.698815405694 7.2714902573598
42.902662347047 12.580102015112
42.10502738466 12.475327433795
42.191520410234 12.411143573213
43.60677192018 13.080622148293
41.389362370033 -71.945507409232
42.273579714968 11.948587293734
46.159262792677 9.1487512902607
46.252851122107 9.943753892206
51.922584039123 8.8252851976199
39.551959686238 -3.8081256401763
43.733970675515 12.500321319115
42.745519065666 13.116664347314
43.39859154096 12.042902798899
42.643256190088 12.307446057607
43.380553552613 12.29268610726
43.797869480142 12.752419068849
42.959123494571 13.79234391257
44.512100671868 10.85746702301
42.600458445328 12.966797103645
46.159665741918 8.8199599722982
46.480040417162 10.176358601023
42.949789486823 12.03706645364
42.571740664363 12.371048276041
42.450885159194 12.455460445723
50.82350626859 8.2731507268144
45.923569094934 10.001752674834
41.940433716395 12.048194309274
43.279464405647 12.253280198806
42.526554383604 13.20450472983
51.450021460396 9.080773697738
42.027537176419 13.059188250967
43.771237802141 12.627129186723
43.332130041615 12.619493802388
42.761352961793 13.365685256855
40.353540950154 -3.0736255455174
47.130755795227 8.814878914419
42.617967895242 -70.289342212831
26.313080069272 -79.152834451638
42.21931815346 11.850369722534
46.082039330193 1.7759786805957
60.555253562243 16.688929340026
45.675650306826 1.6576839506895
50.364784536122 9.3276511408983
26.250835581782 -81.043838685208
37.075721932491 -121.60513007654
45.158361392123 11.078108017905
42.509144811218 13.499197589487
41.375197830972 -70.524970335405
43.369774418145 13.680909058417
46.624436176673 2.490251795617
43.672044933642 13.811273603168
41.851442972616 12.540495761477
41.995241975896 12.868463338778
41.465504952246 -82.837929761635
53.229430921715 5.5101374437847
42.540603341342 13.369239701617
42.113948327563 13.623434595609
47.008138078269 7.3146726509159
43.564432718544 9.2061509989464
43.425668841382 10.847428277553
51.876076654241 -0.67967912079285
42.970246310819 12.585174401119
43.64877256504 11.971028848559
43.260185967342 11.913857527989
39.180166437204 -105.46444966002
43.799597197606 12.331649827015
42.206926219283 12.158104769515
51.500248932513 9.773478891595
52.301901663561 4.8379940842688
40.459264373772 -74.629715489648
60.805601210243 100.4580597074
41.991601616161 13.391042601055
43.07284196332 12.098530690718
25.136011501355 -80.965332632678
43.691319098573 13.349569142514
45.925383629338 8.8594799332132
53.010770710423 6.3586484303738
51.991734377803 -0.94180691989688
50.79085836317 8.0600779368822
