42.221933870701 12.229305397381
42.216818101826 12.142630928749
42.219484385226 12.209981070019
42.261562775963 12.110962879917
42.337420764092 12.196163935234
42.226860146631 12.249237402945
42.333554386338 12.177353624358
42.178910352394 12.182769962693
42.175235471325 12.23780449493
42.220443924081 12.187002149519
42.280253397918 12.20158459863
42.217999819789 12.218357604585
42.308853220359 12.167073520931
42.165761621767 12.224912430751
42.20378596906 12.194622140489
42.319400962146 12.15469655823
42.262519433306 12.132150929504
42.2794733049 12.231989005244
42.238642629834 12.125909613991
42.228305126202 12.213490817816
42.183486279207 12.248574482414
42.290539629914 12.145839891485
42.318430459762 12.251991436024
42.284715307564 12.239962264097
42.330213109672 12.219191802323
42.163573423032 12.242355327256
42.254650188284 12.184985452439
42.195265696962 12.211987346996
42.235150440727 12.138290778354
42.339209412869 12.204973922228
42.298079413056 12.26636504443
42.186222182229 12.136016544039
42.274821201488 12.162497721243
42.270792402474 12.157796438412
42.191344160231 12.14755811365
42.306077437639 12.251917090405
42.342064841831 12.211876571764
42.322652730331 12.182297077136
42.202066165045 12.127024603622
42.212240854864 12.167197023152
42.244197371551 12.175475399578
42.272198366615 12.2284702781
42.242467223335 12.127452050416
42.224245832427 12.193657403457
42.301956435827 12.239012308085
42.241099202673 12.150369480343
42.289394145522 12.156946423558
42.222819778262 12.188189703148
42.22597054265 12.143390816724
42.200684458597 12.254348505893
42.332361234062 12.191239093075
42.268344308396 12.173383082831
42.342128808325 12.163220434081
42.339926335674 12.152843378111
42.310099485496 12.221765873612
42.239789201545 12.255538396212
42.198256107626 12.209076844274
42.215800968586 12.177358938019
42.19985540502 12.138631963722
42.286433149749 12.138858353805
42.245127067105 12.15872995984
42.232592386789 12.215198659925
42.169328567672 12.157501982154
42.169986675128 12.225040015425
42.312788567207 12.247685716158
42.246621332733 12.214018235569
42.307554412797 12.177593822229
42.231997545006 12.134633333506
42.332827873238 12.208737359966
42.33784103458 12.206870058203
42.222477755168 12.129714217118
42.237456667834 12.214781801337
42.211690905624 12.118635426817
42.164269452081 12.221208587413
42.202893501729 12.262916261939
42.31271586351 12.252822923613
42.228474854153 12.158815544194
42.159692934344 12.233950914014
42.287082010103 12.128999440081
42.291858701192 12.133708428209
42.194152006525 12.22865493003
42.20213023119 12.227455128577
42.302202060515 12.133813124699
42.323739714161 12.210403907232
42.216167103155 12.130966689054
42.291120880906 12.164520471454
42.250492333572 12.139989231799
42.199264592724 12.136823577682
42.254729958391 12.265783317532
42.166584961215 12.240430668129
42.202467595342 12.250360242229
42.227825618476 12.149217214526
42.196880058032 12.257451109729
42.316483117343 12.21728456312
42.292197258369 12.156426764653
42.307432253544 12.211941284713
42.259349626631 12.202179277431
42.192076550441 12.254598532943
42.312059890645 12.154505738616
42.223715913142 12.111514997276
42.191764034441 12.219606526785
42.229384541174 12.226389168888
42.187659561277 12.140491886151
42.251276476912 12.225266094445
42.173211095491 12.169880674321
42.2499575295 12.226449203804
42.294270130498 12.22729675531
42.271847617029 12.151844989134
42.215858825138 12.221384573852
42.228354100265 12.174207622753
42.162603695508 12.218529675279
42.25804254939 12.23311994424
42.338132461711 12.158512636648
42.283756253463 12.193778641633
42.234799117912 12.13864828515
42.251556037598 12.199453420585
42.252506945421 12.123571266499
42.23638080027 12.256753524906
42.267687783722 12.202786948182
42.287193213279 12.273572545181
42.254062975896 12.219541063655
42.315882621967 12.136433390519
42.246867180472 12.11541957276
42.155758508109 12.203545877826
42.252814080239 12.107883490228
42.203079889644 12.235687386375
42.271313060688 12.216408253304
42.255128410785 12.20496378059
42.260559113373 12.2708262947
42.233483232688 12.13232622397
42.25175108821 12.169697372343
42.316113467031 12.15337633118
42.253352556051 12.196883027089
42.2329899046 12.158038319649
42.188798978102 12.192005848622
42.187908482381 12.191294968238
42.242751064379 12.19698798854
42.183507714527 12.196038288642
42.299710217558 12.174203718649
42.320691291413 12.235667534303
42.21629191435 12.204322701902
42.305406918447 12.176173889181
42.255255614547 12.119475273026
42.284872765341 12.164569418044
42.262322860447 12.164877537736
42.238829241266 12.236819047146
42.211990341198 12.257158491436
42.224445283538 12.195999308136
42.220519332339 12.153338477574
42.248882489881 12.142608245922
42.184136134213 12.203431042493
42.328304956375 12.141659482004
42.201582636333 12.233950384091
42.275773872771 12.220219265327
42.272206062599 12.153494920208
42.308613702354 12.258826413799
42.313016972671 12.13815657477
42.196362614278 12.204190847114
42.273350906707 12.277929691283
42.258333565809 12.168433380413
42.299684300248 12.175529034445
42.222594767468 12.208194408218
42.194801156986 12.166838029498
42.263759304913 12.173012076513
42.202009091269 12.198020836452
42.188030846991 12.165112076891
42.270891370865 12.278523869963
42.314985945523 12.23466048589
42.255205313349 12.276062260066
42.239355000334 12.160362182281
42.261616147266 12.183013120772
42.24851673762 12.181524560427
42.253956492198 12.210450789545
42.335683673798 12.182794947749
42.188719615449 12.2067726088
42.265533152181 12.121688144825
42.254606191674 12.231686109806
42.213663566978 12.125959219956
42.237866416705 12.129164829466
42.284411224224 12.222775742536
42.258284273233 12.23586948555
42.162978301853 12.239117114937
42.230692397466 12.258168065596
42.205277437926 12.233954828362
42.171348033108 12.159449833075
42.211689468593 12.193021217006
42.308322820046 12.206395962858
42.246221453553 12.24305490185
42.281318482164 12.139052843761
42.308619157576 12.224014510992
42.260125255354 12.118999942282
42.259477198731 12.163081191111
42.298379835367 12.133461184417
42.275839719139 12.189613861607
42.253335927752 12.114006222765
42.172791922566 12.193741204794
42.212051631537 12.260833894976
42.223004909357 12.140470629179
42.247818209367 12.239362335896
42.189218951033 12.150065348109
42.328671739145 12.195868328326
42.266622019611 12.220148014028
42.169507171127 12.21306871728
42.207226581989 12.188364027177
42.297984169025 12.184867181922
42.178927536227 12.190228021813
42.165776121994 12.180097420805
42.249705493122 12.187843443934
42.215142648788 12.128589511464
42.30491949867 12.153341945353
42.245687261359 12.170168493975
42.210625729177 12.13668512934
42.191949898487 12.212365990159
42.218072250608 12.132076545235
42.193898624852 12.177379224553
42.26079817503 12.272041021528
42.333665043758 12.159639025668
42.254054907849 12.195823695157
42.340694948279 12.189810089876
42.246037787893 12.240193262363
42.305595140136 12.144754721406
42.247470741296 12.109530091823
42.31075875012 12.160707442651
42.208139738186 12.21245931846
42.260373362482 12.241749350115
42.267142298777 12.207000280382
42.213661011429 12.24657789026
42.223970413333 12.116557822638
42.329676846682 12.197761521788
42.218648927875 12.186601983026
42.263881028774 12.150832700169
42.294163310593 12.247923441833
42.253334009228 12.178319072921
42.215264213858 12.2520243783
42.168106633738 12.184563699846
42.176230114056 12.190984747017
42.323724158746 12.190590984763
42.326641253369 12.220626281232
42.306418547105 12.233252239543
42.277929735986 12.218767707359
42.24127932465 12.150663350334
42.281856862515 12.262805811273
42.234664805364 12.168262999139
42.255850835378 12.271800147983
42.266322747484 12.251388587661
42.211037719276 12.142442490527
42.32438728929 12.156249718369
42.23460348662 12.140782518865
42.343012744276 12.191109741682
42.185763048581 12.244587568701
42.262324634151 12.192312575056
42.244906750643 12.211176936168
42.285429245946 12.162147510428
42.266510243673 12.284095492833
42.236632797067 12.114647292606
42.306013042271 12.154270348232
42.241561374295 12.194328301698
42.167972335691 12.191064044478
42.188837370944 12.219562676393
42.241638627037 12.181843464834
42.276961495318 12.195099596512
42.285945659658 12.253820400359
42.215501823584 12.118415674737
42.305349564809 12.192959447968
42.244670312055 12.162322819795
42.31295984581 12.213844959279
42.180703642418 12.228714372625
42.29969750873 12.244889715356
42.19641591806 12.203261807211
42.280730678386 12.120617513156
42.283872713022 12.136904306795
42.221464569339 12.210272316009
42.264049164163 12.236921976917
42.279772803804 12.259651257333
42.178626734868 12.251372333288
42.189341921468 12.254544831021
42.203361354884 12.199428218065
42.278528542409 12.212061284695
42.178096181817 12.146300264258
42.206629602356 12.217813335482
42.282258734725 12.215502397744
42.256035219553 12.237468892374
42.269529414044 12.186518500201
42.301177032919 12.208418742872
42.284057175428 12.200921459238
42.176352984841 12.146377567291
42.158152339143 12.221044698388
42.262798700625 12.237531725449
42.331219388813 12.170159963991
42.337766879416 12.208721623409
42.34004150349 12.210144734129
42.209628983519 12.158853622714
42.310775654556 12.245492615872
42.250666706495 12.17475068626
42.263691309983 12.288262987665
42.218788487028 12.193246278092
42.319756097796 12.185748367678
42.255482834904 12.246275307281
42.155174364895 12.203663140651
42.193479395117 12.15362960156
42.309927955435 12.225201033182
42.191058195306 12.134170454545
42.283460369021 12.162427956801
42.273762450702 12.270486011317
42.20913219324 12.201110873952
42.23979112007 12.191225546057
42.245202401322 12.210557973131
42.225751759145 12.218236360356
42.291235850349 12.186724078484
42.167089415813 12.178628465265
42.298139361359 12.178135019365
42.173612666884 12.149166120307
42.232280801645 12.124245151956
42.17368650726 12.227769770321
42.278399497421 12.19713547418
42.29742776991 12.206402014592
42.157864105051 12.224015417634
42.205864565098 12.127983986946
42.185882198732 12.213053125077
42.259941398774 12.185645164098
42.296142630904 12.24561768225
42.28311026391 12.134101457977
42.308926433955 12.195814330243
42.279634986224 12.204334617709
42.271363390757 12.21516413114
42.215380623592 12.120606712143
42.211772796352 12.22252049589
42.31291779613 12.220037843224
42.32915886509 12.218355953816
42.211876964782 12.225728122178
42.21003731678 12.198360695617
42.195208442509 12.246321780277
42.233948324937 12.181292279263
42.211273209311 12.248822159271
42.234791035894 12.168797272357
42.266321370057 12.162611260176
42.265904937084 12.154817225039
42.303444187319 12.212182249062
42.276123277061 12.284174608686
42.264172513182 12.281623220223
42.155642073229 12.231922984252
42.247590207165 12.260616009266
42.258462048277 12.285711113983
42.323070834097 12.147674969953
42.227941986301 12.179398615483
42.265891856659 12.258348283499
42.241435469262 12.138707940552
42.20211730257 12.212305121709
42.247173193513 12.225200159601
42.215265041804 12.12621169685
42.318189227657 12.153146173897
42.222481100945 12.228722025768
42.31367542332 12.149044469555
42.174342504339 12.166051938763
42.335982199004 12.164942192477
42.314763292372 12.23048655981
42.225568617354 12.195386381932
42.220931722441 12.150055853741
42.202584653277 12.219543671359
42.230849352328 12.121964024923
42.245202256036 12.170768072464
42.329045127786 12.245139773605
42.321639448575 12.166070818534
42.160282033591 12.190512858907
42.286138348901 12.19594067812
42.276492707115 12.130709048908
42.303222507866 12.253523330343
42.275134836473 12.28279463543
42.299763871983 12.22122915055
42.211042187296 12.247519724207
42.318616911473 12.245439536074
42.241855261981 12.191643428633
42.177786052331 12.242472491827
42.335680533843 12.223489498379
42.26686707107 12.191931626404
42.290228038251 12.213357349512
42.183077202285 12.143219744874
42.270375573223 12.211344693441
42.161054780921 12.239870523957
42.216808752744 12.2584583784
42.255970236986 12.270671301668
42.343849447737 12.209609899789
42.259466033105 12.149997094271
42.309274917633 12.209562514562
42.322233712937 12.139778847427
42.329557526565 12.218003293156
42.255795244268 12.159113828654
42.303747721645 12.14631654983
42.310123392081 12.240271355624
42.267082980514 12.26585766315
42.330989435956 12.179619105637
42.329094806395 12.222530039152
42.284335819226 12.177203931484
42.213115604249 12.217601842369
42.186663063351 12.14076367169
42.286833170956 12.22884707119
42.175469817231 12.155838695914
42.147392869085 12.237295361833
42.234372089747 12.251560628552
42.314689937215 12.214258154975
42.235025998335 12.242862974893
42.235619749539 12.261928470017
42.218170797575 12.211105707221
42.297504626374 12.255259467894
42.214805723755 12.145818616818
42.214201897503 12.17516885615
42.31711691076 12.170752489109
42.186533069812 12.183363413545
42.190282534452 12.141242407815
42.235859016087 12.139769979839
42.217590690247 12.249232806868
42.214385559903 12.257265978634
42.264287043041 12.132154820104
42.237886617092 12.238414480017
42.279108469525 12.268810173643
42.234421764631 12.176648588954
42.180592174281 12.239139814062
42.300245305218 12.194256725833
42.269108655078 12.19267261505
42.278036085108 12.213437208095
42.188071349744 12.190386981347
42.216643541708 12.229678640736
42.225668236739 12.205941637629
42.300578584124 12.236146459487
42.298818355586 12.241622426215
42.166767178668 12.160771182368
42.256427696581 12.283751902324
42.206926219283 12.158104769515
42.191884154564 12.181284785376
42.17884123848 12.212715965816
42.251674978666 12.10745210068
42.200023795127 12.175891354783
42.170415385261 12.226618445139
42.163204866677 12.230659574189
42.309990042055 12.158494161537
42.31229991529 12.175866345512
42.263159620719 12.230987849308
42.199437230474 12.179510273144
42.161554095432 12.175592766712
42.295121836634 12.130255309947
42.194548692666 12.245004966059
42.260671717723 12.212603922588
42.335515415008 12.239191813061
42.3192060354 12.173504252554
42.254664723901 12.137042341373
42.292728150886 12.152546390052
42.206400428084 12.158454252502
42.312497143335 12.216807654715
42.2206761177 12.137379552788
42.259605029274 12.127455524249
42.299529695578 12.182949833678
42.154113043658 12.223060880447
42.202902082935 12.241276164207
42.178030703786 12.223296089223
42.320448374546 12.233104770201
42.225552463564 12.149515695495
42.19766334409 12.181660000806
42.183077999031 12.204375257832
42.329103054653 12.151371419056
42.341095245157 12.150169388016
42.261093808015 12.272986109051
42.21152866504 12.16940625441
42.190465386135 12.216050373046
42.279638576007 12.229143413377
42.247691957416 12.188089808092
42.318090475799 12.197490228919
42.274896610212 12.260371837442
42.228901833423 12.234435445759
42.281715897995 12.275116900131
42.25014649811 12.181642217667
42.210027092721 12.154684224259
42.320988071322 12.214184818444
42.190107556635 12.238894155381
42.231573419309 12.122579173263
42.198142709789 12.126908220431
42.229443717876 12.180044190597
42.267507827986 12.161483445301
42.322737141218 12.168691577024
42.287204782168 12.198381174003
42.181172989414 12.138450692028
42.241973017476 12.204433496226
42.175694233375 12.162078532021
42.237237738577 12.118299656158
42.277444511337 12.265069070417
42.340766529732 12.178603457391
42.19469025556 12.258751641169
42.236622654964 12.221621534446
42.290181821834 12.219421928406
42.33523170854 12.184076648312
42.322726216339 12.160643950201
42.199744659124 12.164166815211
42.282327066328 12.202072314102
42.162378238611 12.225333339195
42.314442018214 12.232775156981
42.315707165916 12.144776715054
42.189282571075 12.23729483191
42.237233794891 12.124771871683
42.207897232032 12.22622569663
42.233107507824 12.157971664426
42.275009600595 12.246975836014
42.210027900178 12.241208864509
42.295520813363 12.18098522221
42.240724911581 12.180864613608
42.316347891167 12.169758940216
42.237218243201 12.15726125436
42.234474781565 12.148442052861
42.282332794428 12.24840426319
42.20502041711 12.214864784041
42.250367724474 12.154033273086
42.248228411792 12.271551015469
42.161550226252 12.228111085144
42.24080494013 12.265134898159
42.229843306949 12.202965511125
42.304092959198 12.210143588137
42.265828711126 12.208124917584
42.237354272642 12.107471424226
42.186421906218 12.219502300613
42.204128713929 12.136669248427
42.225199979856 12.226167361378
42.263817614554 12.203305575647
42.276478851364 12.223822848997
42.183559966846 12.182783621469
42.266569692787 12.187356578294
42.255856641243 12.284942716979
42.192483106273 12.21436826338
42.311467973216 12.131249951281
42.189514088554 12.194803851303
42.236385745593 12.188063605331
42.256564440812 12.14446687195
42.158139902727 12.241336758848
42.256570770546 12.137621102008
42.172026779604 12.24483394776
42.213417694559 12.253055111178
42.263885439983 12.208299780383
