13.055821341509 42.594682045113
13.075076365899 42.634131788127
13.013674381682 42.672861903775
13.050270102031 42.688401027924
13.025990164872 42.678530184423
13.078964779211 42.646210945533
13.039917482103 42.664420725177
13.084724157178 42.669897636732
12.995118019655 42.645613052738
12.998918467222 42.642600686144
13.036821666677 42.626054000888
13.059437719222 42.596542586871
13.07235898828 42.625026944405
13.028920446557 42.679117336741
13.046053623357 42.65002714549
13.060920613402 42.625873850505
13.014231672538 42.655695224507
12.986739885077 42.635400002208
13.057172357152 42.687759502666
13.060877596543 42.659540906411
12.983352155438 42.63582214186
13.054491337435 42.656391172065
13.066633424774 42.703152730944
13.011617072884 42.626945112679
13.029630750918 42.662569932969
13.033606122285 42.64699077685
13.036884864365 42.593631149567
13.084623010424 42.66031586272
12.999241777251 42.67787815571
13.070575352346 42.627364087232
13.069384232682 42.69934333523
13.036189748943 42.684307111767
13.001126993003 42.650814722616
12.998981557807 42.65092068943
13.059680359487 42.606471810793
13.078541487979 42.705789245083
13.025293650138 42.605868225289
13.047196378509 42.654719050368
13.04586796979 42.596493308266
13.084893036694 42.652297163707
13.075678081774 42.691096347168
13.036344947331 42.653772153286
13.004656557017 42.668897556474
13.076564310175 42.698870624762
13.036051389799 42.587263338562
13.073588731288 42.625506002303
13.057651222731 42.660981276867
13.074013854898 42.694957559807
13.051044961482 42.644798506838
13.050452217504 42.583518383852
13.038426124995 42.602309633814
13.020168371995 42.615576176746
13.051174147565 42.587900944815
13.012430086759 42.599401134832
12.997868964469 42.624506268962
13.032460303804 42.616545337213
12.98227557774 42.630387704668
12.998226312009 42.624570879931
13.043446532492 42.590935596561
13.069428060723 42.678832571825
13.019352476608 42.626236608099
13.054669226101 42.663781968276
13.045395398555 42.637527335287
13.029866376461 42.654022469045
13.046879264569 42.618900609512
13.071573829333 42.691022761975
13.089124220486 42.696677108641
13.053012257953 42.628079626091
13.000466516263 42.616716846666
13.028502452222 42.593260979111
13.003205219306 42.652518344437
13.011707943891 42.615103289327
13.057431485552 42.668893092179
13.084192591314 42.674897968639
13.078196919581 42.696567421193
13.072185156922 42.622016616942
13.070756472235 42.614256326416
13.03908999827 42.683458024975
13.001822825222 42.635754954433
13.067482370936 42.693514697132
12.991898228897 42.638437181564
13.060396995445 42.633487041424
13.032548375464 42.643294176873
13.084142157868 42.686440873766
13.056697270415 42.62484961919
13.072766327354 42.703396341646
13.010726065401 42.671970473471
13.08811300906 42.677343846635
13.003928408515 42.647471866893
13.022131398352 42.61456154271
13.091738199413 42.674602112602
13.046583437404 42.64187298328
13.078886876406 42.672627734355
13.075683907196 42.648952385734
13.044515934815 42.639007627817
13.040457260835 42.682978103276
13.037769369354 42.683098057158
13.091524347261 42.687260899568
13.038672639562 42.660149508484
13.053907086188 42.651336343352
13.011731347096 42.651388564006
13.052247910806 42.629204135236
13.018690685771 42.683340191715
13.063966215639 42.6615601311
13.096224052432 42.692087715369
13.072719058077 42.641688390023
13.034437450617 42.652418661256
13.029929202085 42.641397621337
13.039921561761 42.686385293832
13.005725649675 42.660856536918
13.060987033465 42.628492069279
13.079128433077 42.642594448145
13.074777801577 42.628784593974
13.039442713877 42.602084265392
13.00457477991 42.647403694546
13.079981572053 42.681440488774
13.049031973395 42.590953821147
13.064393138564 42.646531731212
13.014407583074 42.606893178845
13.069986240061 42.610633863907
13.060228443288 42.596121311021
12.996073853244 42.661739786019
12.998206729555 42.656567683305
13.053365850401 42.674015452489
13.001976144522 42.615230606711
13.004946954572 42.62445424668
12.996963487026 42.661024951705
13.038134302983 42.588632909876
13.010666153885 42.602122346706
13.005069578555 42.655158019951
13.087404897033 42.668598383066
13.077260011238 42.65852555803
13.074837448131 42.677687869744
13.018994036626 42.641749114118
13.03986348402 42.684166030367
13.031889241225 42.602841301657
13.070993022116 42.645384660778
13.03131049549 42.616470081574
13.052357301627 42.624388092044
13.058299953166 42.641768315661
13.017606889393 42.623974155015
13.009471539433 42.61225430698
13.092154367425 42.698690973569
13.031053118909 42.638490322364
13.071112248169 42.690438912593
13.050827682994 42.586961312048
13.009820907868 42.647661586149
13.031303343864 42.615290781791
13.050205140419 42.583145328159
13.05706270137 42.671630694865
13.029523689335 42.624795720759
13.052235692785 42.642295522935
13.046182208271 42.682690563019
13.025704775504 42.60041087989
13.055929555139 42.663770073424
13.018380169786 42.6506282425
13.079645955784 42.696572837418
13.017485158547 42.670901707241
13.044460510877 42.662033893032
13.010885594904 42.611221207611
13.020058420051 42.616458045161
13.061391938993 42.667392589018
12.998467139454 42.645856334218
13.032598543948 42.610806420751
13.079194162564 42.664437246839
13.040446477516 42.637248903831
13.04927405114 42.658349864047
13.026286643963 42.66842739131
13.022477892725 42.638946642021
13.004407896218 42.610117755204
13.024921407024 42.637466367186
13.053009397396 42.690181173261
13.082877073497 42.695435513156
13.053953984798 42.671441304831
13.035415127445 42.602607029792
13.034344707187 42.628725781885
12.99540730102 42.660563753781
13.057406445082 42.594572499227
13.022495016487 42.672698848749
13.028870310669 42.612248571896
12.999062182868 42.641100735257
13.071711280438 42.69871247641
13.028218502213 42.584984441581
13.048598430163 42.585291629485
13.026245911639 42.624335991996
13.057474334306 42.690478951547
13.04850184689 42.665796920057
13.066946671862 42.696921887687
13.04331925888 42.589872706977
13.022240317458 42.676147724372
13.040817111771 42.65246190396
13.001179382227 42.677880559453
13.024271813254 42.602493469439
13.086029625559 42.68097550642
13.005530219083 42.665744331531
13.029211624094 42.685785846659
13.070868250502 42.675141954664
13.037479708475 42.682083993092
13.024331080294 42.665333382185
13.006533300994 42.66459392277
13.039096430915 42.619015444379
13.077935122476 42.678465569729
13.022557743857 42.645277228528
13.058314717889 42.694665311249
13.053613875573 42.67024741262
13.072831071503 42.700073402722
13.022612060452 42.62610534703
13.04360169223 42.592494798655
