43.002726775151 12.335348766474
42.153260077442 13.287752389597
42.830956655031 13.786883914765
42.140059311495 12.93574597965
43.789676509255 13.422849477487
42.191700338962 12.84334463621
42.200143511056 11.962769505106
33.592665600745 -117.48908394837
43.27017927618 12.861407710806
43.622189388921 13.402260661334
43.314685549755 12.801381729937
42.473964036684 12.120971437155
43.29463722107 12.438616435734
42.042489330791 12.136559262491
41.927705688389 13.498489702839
43.230133282615 12.515277552679
42.148161731285 12.888083481664
34.641801090157 -117.40687340476
61.394750289337 14.273327164945
40.225731750566 17.318253818864
41.303698790003 16.214607755265
43.449291091177 11.971333825968
42.538302262678 13.554337456126
44.245079310816 11.189059817504
44.766303107243 10.822011170314
42.573456884184 13.674309525043
41.835548830629 12.841499927401
43.064268765556 12.271552472057
42.798237525785 12.69887122174
43.808281053255 12.044804856223
42.415313611953 12.791051066404
43.040465184993 13.048302784606
42.80167676315 13.536613066486
42.808297561879 11.899460395307
43.091522224777 13.074442630689
42.484983364951 13.158782956541
40.736525919657 13.024953786228
42.753969446197 13.772189749785
42.475883092974 12.024275341569
33.745468563626 -119.02558038205
50.546610351441 8.1292121103635
43.784551631114 13.193963352236
43.061468912804 12.374978022846
43.452190180075 13.553647338692
51.735179650707 -0.52313306864031
43.384489181186 12.631712085417
43.015537107857 12.414286026014
43.322152840964 9.3923788588901
42.907671342582 12.31902204564
43.188610008561 12.692862741527
42.201059389974 12.088312069482
50.711713629641 9.2506044349869
43.621522536812 13.186599087544
42.482963118017 11.86119761919
42.760402671902 13.739158236787
41.974835955547 12.118931028137
45.183051407888 2.9770112237786
43.226577619683 12.287260395164
43.025470078956 13.736652521781
50.824993516237 9.0775661031145
44.180000191287 13.312063456169
43.245626056702 12.297153891224
43.705780615448 12.736831357135
42.372464739446 11.860420938072
33.841766968941 -118.87507553049
43.232587488032 13.437667393816
42.888972901243 12.192182264401
42.8317250064 12.123983648684
42.906885153126 12.381340009359
41.850778038099 11.997445761246
53.522866217197 -7.1034982763713
42.544719749871 12.845077163489
43.75782611957 12.000884342494
42.684881785293 12.988766691198
43.140542269305 13.358599976359
43.454944879981 13.095445587365
42.768060826609 12.085250697159
42.917482896691 12.129101735155
46.20740506342 1.0665020854522
43.642167488899 13.167976555514
50.64679980215 9.8345228111532
42.287930642875 11.88255624982
43.400720397684 12.956684492064
42.714893735833 11.879697721882
41.874996860009 12.746784681357
42.657414294641 13.250188249301
42.806872866048 13.076879291386
43.818898222346 12.562196401696
43.268926704449 13.643484706845
43.635448282436 12.017327413458
42.19719462108 13.134040206754
43.301196261936 12.929842326778
43.680377972184 12.718085995765
43.667946578336 12.790980412548
45.181767132684 2.935198550548
