12.562215145494 43.314631337002
12.619397925988 43.343732491782
12.55642931331 43.35442973366
12.618909741595 43.289406397536
12.597247285602 43.325169212357
12.568641796063 43.343714947062
12.571359234683 43.338309730116
12.579885006708 43.307299692814
12.623720307121 43.317001527977
12.653652865299 43.305938422843
12.654799366696 43.320298739413
12.607000578499 43.296485633748
12.602244273595 43.327188160909
12.592841776385 43.326597064907
12.663476217402 43.330284329306
12.63407651646 43.293265418773
12.648360005437 43.291723648243
12.615453603519 43.347958097417
12.646706206115 43.311433803456
12.597739999016 43.317473550496
12.584472188088 43.352237881346
12.576613749667 43.374134776843
12.556068174821 43.309528511183
12.604920788039 43.376761353771
12.59842773976 43.362643624846
12.601901486817 43.344565633866
12.609857129238 43.292988555663
12.629257058573 43.391558997071
12.596948160158 43.315887843427
12.624683217457 43.341397770395
12.55232565319 43.320334796033
12.549894462617 43.329381822317
12.615946453838 43.322965047494
12.558505985701 43.321172076448
12.575106889764 43.365985057508
12.625066176373 43.370376282891
12.592029671947 43.382094107767
12.598263707777 43.318795765454
12.658349535756 43.360857340696
12.619136590354 43.376169036339
12.655632013781 43.363188518401
12.61610893936 43.337712994489
12.566853965918 43.358969009204
12.606006868952 43.358368935251
12.630937760079 43.285778422994
12.612377671365 43.389247247686
12.61057046552 43.349151037351
12.592611573002 43.35075409822
12.605213711341 43.3193213336
12.573929991396 43.375847872077
12.583092488641 43.31863154581
12.620704538965 43.380262810935
12.638676075118 43.325398931452
12.624038834436 43.280718163739
12.586116452995 43.394310109056
12.632068621776 43.371397499655
12.626939795293 43.33962959069
12.560192425086 43.354376482963
12.569584851905 43.307597899508
12.614564984878 43.397284135894
12.602306142285 43.374244035883
12.615341286483 43.3007223943
12.572248883367 43.349317629074
12.585005444768 43.364901440409
12.582320823161 43.31242867669
12.589173037854 43.382517146611
12.622492255954 43.338489243008
12.615106677478 43.29648006863
12.581604511769 43.353249230142
12.569774579077 43.315833944995
12.624429240203 43.287666538885
12.59450397158 43.286914437698
12.628854314179 43.365321137202
12.613491313839 43.303515357593
12.620459966671 43.287907951201
12.627418470416 43.350520180257
12.562863488965 43.303493646136
12.564883561623 43.305765331886
12.563338188738 43.374478799952
12.630629607791 43.362585039068
12.646212029593 43.293103592162
12.552317985146 43.350389521288
12.610528169039 43.387038979881
12.646807230866 43.350035698803
12.555120037682 43.348193512947
12.645450008889 43.374439833415
12.592615858017 43.346772584781
12.559884790613 43.338548080243
12.599025317768 43.289351688388
12.59451406572 43.290467223309
12.614395887898 43.306305970229
12.644679671009 43.350159231757
12.592442958447 43.389299422239
12.590404254215 43.292081456788
12.546803295422 43.322775208097
12.628774220438 43.355629799608
12.587022089694 43.358078138159
12.602136944256 43.391271085216
12.587794529103 43.3481304666
12.670377956105 43.360876829087
12.586891456801 43.339271566544
12.604100283072 43.323567514479
12.620444395424 43.35051801726
12.619493802388 43.332130041615
12.607548206883 43.302859098347
12.572014380068 43.365733442554
12.651802557845 43.357836222929
12.556913464145 43.360558465312
12.617409061483 43.330393967394
12.573997814962 43.357601030917
12.611840023965 43.359907062913
12.639435242715 43.312025604005
12.644779119496 43.336215748164
12.565829475229 43.330348724674
12.619378480438 43.358431907093
12.5756558993 43.333909362265
12.649084961365 43.301553734274
12.621946044577 43.384374445504
12.570787572123 43.361766503848
12.567504342465 43.322251739151
12.626175355944 43.393219687714
12.663536789691 43.357462409606
12.649380150109 43.338835506879
12.60802001909 43.289698345277
12.572673712213 43.37437886904
12.605530743325 43.29066474146
12.556071700808 43.333420271696
12.583813242907 43.33551718452
12.640815032965 43.354567345418
12.659900056992 43.342348218145
12.595767643601 43.354324485361
12.616478876984 43.304888214148
12.564361444027 43.368711229141
12.585462892722 43.363892148439
12.589342031923 43.330035185616
12.635281807129 43.369605512551
12.631712085417 43.384489181186
12.620704335005 43.344807899273
12.622485355785 43.285131067191
12.613979051662 43.319025789091
12.62854598913 43.368717314402
12.612608725977 43.284751352542
12.62097810752 43.346457611952
12.654436876857 43.337292143322
12.655323522026 43.36043661712
12.57035376393 43.335159461191
12.593023372646 43.375750433384
12.618246700458 43.300399392538
12.64259094125 43.335393994758
12.640220650325 43.316652897914
12.61891365315 43.366623881465
12.620991714143 43.300778431048
12.655749618868 43.320529191459
12.641208602901 43.288264863814
12.573929672883 43.375274448386
12.57017494953 43.349493860451
12.656142011611 43.328130781359
12.609319258786 43.400673707223
12.575055335471 43.308258619324
12.663201316988 43.326373336826
12.584407429038 43.343838086999
12.60236691248 43.369614667452
12.640164035692 43.340459507604
12.567203198845 43.35027268268
12.657461388829 43.343781154318
12.593811033591 43.340574799285
12.589469129981 43.380489623838
12.629923702998 43.34026944143
12.608736994515 43.396272093263
12.620580131964 43.384360734573
12.633355466034 43.293390456279
12.56322044209 43.305772160809
12.639856606575 43.29868502279
12.59944145458 43.351396076566
12.598019975071 43.32444365852
12.571318486061 43.343896591286
12.627308897987 43.337465411696
12.650858675919 43.369074244711
12.628422643372 43.395193648264
12.606224747212 43.388046144244
12.634203264806 43.381101960515
12.624077224019 43.294276091428
12.588501093273 43.389177011528
12.668529220258 43.336656653966
12.577787507615 43.393705925177
12.599941356874 43.374186547668
12.601291693582 43.308146970511
12.598264563663 43.367120257771
12.559467089644 43.358483033908
12.573881015004 43.346154289968
12.623662981982 43.285350505882
12.664659721176 43.329389373015
12.62005179127 43.301600149063
12.670431817284 43.35842891196
12.638129332421 43.390795425715
12.644607571275 43.316847959236
12.602907351986 43.345501999087
12.585359159219 43.381817145472
12.600992422386 43.371702616763
12.599976288921 43.355204020813
12.617722686689 43.371627480917
12.623551579038 43.394731221925
12.550423100868 43.333730737855
12.593135957438 43.321128999985
12.655322977202 43.306824181858
12.613087195744 43.321588024202
12.614739735918 43.311306907496
12.636693558508 43.305944780983
12.577810351096 43.364656031323
12.663665861221 43.335446335553
12.59974541126 43.348907373563
12.56601583567 43.314979721494
12.57339609024 43.356176098996
12.623025011117 43.394109560381
12.614614138221 43.316185175609
12.640321486017 43.331522614871
12.616710958845 43.38352824395
12.634750598427 43.343085107574
12.667178247921 43.340148389985
12.630816005485 43.376522869068
12.656042737281 43.35408371007
12.652946170279 43.349451626369
12.584864771827 43.320866968306
12.580422389147 43.315695026592
12.579215684731 43.377160613622
12.555132240802 43.323379391976
12.617138777702 43.323329182048
12.564814857026 43.380905568332
12.574351833025 43.363367426399
12.566433096124 43.323491465472
12.561388321038 43.352399584091
12.631474435645 43.363076597177
12.614401772925 43.311052941883
12.61992375118 43.322549166795
12.626946680561 43.381265033235
12.590593904087 43.364505823427
12.59761743324 43.395061704069
12.628123534226 43.33623401885
12.602076394319 43.381677104825
12.62682628011 43.287312865412
12.583691915324 43.324691205923
12.583992011207 43.3474155792
12.555913909618 43.32419964083
12.554999293573 43.358885809036
12.617290887824 43.363257752922
12.569810951881 43.305293191388
