43.677222106011 12.86530599413
42.994644164126 13.769558557689
42.355144020822 13.112440747748
43.56588360556 12.439473604078
41.896188171553 12.914685050007
39.952535965183 -112.47356544536
43.827228380773 13.680424333888
41.149871869234 -74.387856409731
51.146065805175 8.3127012184415
41.696265143318 -74.219504820493
41.852924928953 13.14070773925
41.132755433949 -78.990475024335
42.094899329888 12.681561976078
42.968690039596 12.980419331708
41.976434686697 12.098535765495
40.623989294093 -74.441216100725
53.331663654573 6.6597878560004
42.853390006767 13.497186883605
42.733038822551 12.898148346666
50.844522095679 9.7371807567483
43.471585004365 13.374379806416
51.028318569077 8.1485583042486
42.963460108735 12.958065896296
51.520380184896 -0.36051672831932
43.752067702728 13.434531720579
41.856190068601 13.005520689325
43.151296516041 12.882979711019
