9.9146184646127 50.967310608815
9.9486876418575 51.021873448986
9.9279197044335 51.018966967714
9.8597367344702 50.922938724944
9.8745710471992 50.816564035051
9.9199547967501 50.931134363139
9.9611977571441 50.927221793647
9.9349046013946 51.005329765848
9.9328792672292 50.915674697103
9.9776017824084 50.962619429437
9.9248932129354 50.979752173172
9.8890153383319 50.817967687183
9.8549191755498 50.890148124606
9.8455121255692 50.995395678559
9.9437047145067 50.975105450943
9.8776552904759 50.813629367302
9.9463710840542 50.918695297986
9.9212137148349 50.946126161584
9.8186423195613 50.974982265371
9.8817122722425 50.813395994629
9.8652225392243 50.851767260978
9.8422995176363 50.951443579957
9.8971688136911 50.838927219081
9.9632625062779 50.951445841674
9.8668186999237 50.862792138412
9.8909787055529 50.835110576747
9.899306475138 50.848217838373
9.9473391119146 50.965547537415
9.8676678500453 50.888609016262
9.9623960298311 50.795020851677
9.9907030207062 50.8852812163
9.9603497278692 51.029325740891
9.9075856850984 50.847001714095
9.9943945300739 51.006837083961
9.8405309663343 50.945850148306
9.8682017004435 50.805850229136
9.9503757362023 50.938287021564
9.9777806145036 50.837205775938
9.9024102100648 50.804350961374
9.8774128541711 50.839155055042
9.9247202179044 50.884680250606
9.9376918519557 50.910270397044
9.911140539642 50.948627258627
9.8532118349584 50.851478626882
9.8624088758893 50.844756037856
9.8771138046296 50.827086358716
9.9295502300046 50.901878847695
9.9049115879018 50.886575659219
9.817845196844 50.879088607095
9.9237178354169 50.811066452326
9.9818844236349 51.011471953714
9.933946433912 50.892470402127
9.9927401323769 50.979632063294
9.9228000864027 50.881047950071
9.8577244057589 50.887824986543
9.8265512375285 50.915309670807
9.9122365926915 50.962807747052
9.995099934747 51.002965721769
9.8682534139921 50.863863379165
9.8749268440879 50.971731714891
9.8337438753032 50.858502102484
9.9450039001857 50.793585904778
9.8417809064695 50.897895150305
9.9581506172932 50.806895973537
9.998326847329 50.981943982645
9.915032373236 50.963940037398
9.8984202378888 50.895983187899
9.901528991713 50.925479411113
9.9531080405941 50.877773585207
9.937796721206 50.973337476595
