47.873764099893 2.9571944305218
43.633652340006 13.364086913135
41.924080039826 13.479265946208
43.184734365079 12.050581525124
40.948897751164 13.047678177079
42.664420725177 13.039917482103
42.989780035817 12.914369927235
43.188320462235 13.303220990276
25.057597894231 -80.162531605807
42.358077856434 13.167383916309
50.943954008372 0.81043587517945
42.064966911967 12.476223475077
43.729940343543 13.13917883075
41.023805968687 -79.318835888449
42.771954978265 13.122702980958
50.424342886277 9.5376096910507
43.526869768078 13.769862238232
46.989801550745 2.5072631516993
50.23892323032 9.0235544904245
43.096029480054 13.131091889542
42.226826061621 12.077758687606
42.935989977783 12.877385566441
43.026016109656 12.771873106629
43.58326358098 12.555057335924
43.037904145235 11.961686907805
46.591633543182 1.5729140530214
30.748665063356 -95.000498546962
42.325823310004 12.464997046865
43.25609112219 12.317664520518
43.516990220902 13.221343991471
42.788003760778 13.286318404289
43.093956870557 12.41906558837
43.808174692026 12.459456848681
43.146612773739 12.056589172269
43.312840352467 13.30202954139
46.48074699821 2.0253310972011
43.741128155862 12.456946036081
42.354554158822 12.138700328853
50.003446049524 8.6974184581532
44.200199913539 11.484986955412
48.947747713003 9.9946119699114
43.245012261109 13.306289991062
42.836188944001 12.65717132236
42.290528434485 12.714337353483
50.873656556417 9.6856043854196
41.087098851132 -88.225600307462
43.368948677282 12.341582633269
43.541205346392 13.823720631129
42.125379660712 12.720714523348
44.833914687661 12.616796863578
39.732789226857 -78.42724317654
46.464191068741 9.4679097723998
43.396679981817 13.478782401664
43.517478561291 12.372216905662
43.490163058292 11.883428627592
45.257184705628 10.413678341992
40.671909791565 16.430527481081
43.693356419326 13.036465555002
44.516125183749 10.286244876374
41.94471905706 12.946998362891
42.398237456308 12.473433230779
47.604373931023 13.496444103327
43.759877854867 13.104844041704
42.389892813021 12.282974513866
41.383680078871 11.973793436693
41.997629228068 12.449764595132
42.040694400242 12.682987224184
42.662765566589 13.374076043916
50.509466576162 8.9584101619937
42.412265104455 13.79016274858
38.832458411712 -104.92731104763
43.290466096408 13.750638627818
51.145153383326 8.9017046079513
42.56595364288 13.629985719302
43.338143564008 13.282457546018
41.842503578815 12.050878194205
43.391746321431 12.13399397823
42.25970971226 12.479919048736
42.005944592902 13.464806189532
50.492521448756 8.8751578386292
43.785081253308 12.311603076922
42.210375138677 13.143688445999
42.043897146401 12.201478759407
43.197015553826 13.465356067526
42.650499345127 13.335827138918
51.818051142533 8.8181621082212
51.589928475483 9.0043319887502
50.546538444025 9.9360329573676
44.833982031275 8.4376307469036
42.344801405626 12.915159991458
42.462776470235 13.164151556422
42.95300140744 13.705527078244
42.967203697964 10.791033662388
43.318686143199 13.494553933171
42.692867747852 12.440059082343
42.637590828204 12.867982077838
33.168878349734 -119.13491235615
42.543169703143 11.986130679041
43.411305730444 13.463793174601
42.202765266992 13.542858179467
42.115721765515 13.296474305141
46.555519218138 13.309353624403
34.029808755829 -117.76592738939
46.095955828715 1.3907021285923
