47.37399564794 7.2232741546926
42.339212374009 12.653768724622
51.561067420319 9.2604592671899
43.718563738169 11.963343186308
-34.32969768527 148.15188818905
33.055371368509 -117.59025207637
51.723674155177 9.1785997986694
42.12429927018 13.530449987657
42.479497189412 12.81560332927
32.458843140772 -97.438977871452
42.268581852463 12.49294625108
43.509195838847 12.456835073187
42.933434352269 12.742741385376
43.698307461242 11.767867950198
42.460394454424 13.673351820427
42.981377585803 11.912171094193
42.804309074231 13.808596909909
42.35772071099 12.751070648337
42.792040808051 13.352775741554
46.444871423508 2.128269773502
42.62414091391 11.909380636157
42.475759311822 13.754093298595
42.651858415314 13.646570468644
45.865573084851 2.329129549828
42.292391165317 12.069863036794
40.58231099877 -74.595025533753
41.841982217919 12.501744071276
53.523647709993 -7.7313115246274
42.19652233936 13.080311529862
43.337346741642 11.980314878759
43.689244996167 13.755862877612
43.561067923254 13.168802816055
43.33856345731 13.747555273023
47.896680614863 7.0431269719466
47.860761738783 7.5075699405314
43.496770225252 12.751165268848
42.88659643984 12.94795444328
44.779938929542 8.3271527797809
25.39804028038 -79.93417755632
41.891103522822 12.335622089161
42.047237437727 12.825680870503
42.331364192244 12.555374327395
43.440877588441 8.1350331386016
43.016964217891 7.6645284698412
33.754165971521 -96.705814848999
41.963586112488 11.899697343793
42.805267554638 13.816968279826
26.784378224866 -81.001103445698
41.985479380484 12.228186146949
43.147206490018 13.763742212117
45.452108400619 2.9602387184092
42.915380330738 13.696491748906
43.76813211749 12.994464263338
43.368116280722 12.899519744769
41.855175184505 12.023324051438
42.877363811211 12.789599274208
43.232829736209 13.551966384331
42.55096159065 13.316821339243
43.396274007131 13.678172273898
43.775878480552 11.837269995307
43.653783608088 13.328305586415
40.179181360409 -74.570161725791
43.049078385389 12.975015004641
50.018678120812 9.1728387727276
42.415825608867 12.246803418403
42.413829549895 11.991776583733
43.382525687771 11.923062915899
42.696567421193 13.078196919581
42.768427126023 13.063364549125
42.033190990835 12.242169510241
42.54720732737 11.894992851159
43.340741175872 12.325947573581
43.611938872215 13.143280373043
42.893628802588 13.366109115263
43.336707907441 12.836260545478
42.012253064689 13.325982747772
43.688279385554 12.008977800633
43.355759606418 12.418027007702
42.780515727972 13.217833842739
43.830978304556 13.33456243732
43.091343784768 12.477960466185
42.617020759109 12.408951756756
43.506405107934 13.800071312508
41.919699290267 -110.82345180541
45.841061557103 2.2328772895191
34.193559210223 -117.38711045258
43.797001844664 13.366565575084
42.207284563804 12.616054673521
42.260185593416 13.538701406952
33.125485808915 -96.636459657154
43.14525107536 12.145122122574
42.652709743799 12.245841901885
42.975833117506 13.691545134753
50.716934168114 9.3454378472387
42.567192681419 12.910227560417
42.977869874557 7.2967611808548
43.474698176384 13.415481910324
42.751233806739 12.457356277622
51.570178589583 8.932943973659
42.095688454872 13.708503605683
25.642215444523 -79.225004054055
42.220433864866 12.958897319159
46.9275182597 2.360850318503
43.469860456192 13.199796666971
45.613703931502 2.1367137507241
42.820146942448 13.040284958242
43.27698155135 13.527634922682
43.007214198845 12.210020948786
44.931534566675 7.0263451319078
43.140716987283 12.862862444906
42.167015953088 12.777170999359
42.813292123311 13.782878708946
52.99589754571 6.4529658540631
42.210917261083 12.982269960003
43.7593268374 12.358003555053
33.965187396223 -117.41124668714
43.780021202203 13.159287148716
42.837682772373 13.550733886937
41.979845466104 13.805795316049
46.552363870923 1.0225218543888
42.633242596722 12.028157342725
43.427552546595 12.76510745185
43.173256463939 12.033096113279
42.680910916406 13.166471811576
43.148814578165 12.802938101742
42.526460547266 12.019330964454
41.884166053463 13.715589192119
43.781509912026 12.837225088329
43.813706079432 12.42457980731
42.136551582339 13.602430729031
43.316769230814 13.191226639895
33.816494510119 -96.827471976246
41.600576438429 12.37209389916
41.921508165526 13.312372365667
25.965124648031 -80.408780035097
42.886821957273 13.041063237975
42.235319471117 13.626591133732
41.924732391708 13.218789362472
42.160538405276 13.820673768346
42.763669187114 13.041345011949
33.360749516908 -117.22991964039
45.002834543587 2.5944333596129
42.595278890636 12.698446364954
43.013374143773 13.434034136813
53.153364254699 -8.0337408571661
41.995486164484 12.030398844311
