43.793235826231 13.371855879397
43.801693831033 13.384535744986
43.801519914924 13.388344458972
43.815185239474 13.34299889225
43.829046925006 13.415233112155
43.811404097758 13.395543670953
43.829670257342 13.372290401914
43.823414842071 13.385972416229
43.82197968609 13.342897669593
43.822511853123 13.357943442838
43.828772674256 13.366443982539
43.792761299684 13.367302043555
43.825361026856 13.417737965222
43.817341743439 13.337543819278
43.816143249097 13.349923709591
43.809912409566 13.401912767648
43.812095648543 13.37548835828
43.832266190964 13.368296814344
43.818039684493 13.410555195276
43.803229002677 13.376823457154
43.825366489063 13.355992884562
43.827168338873 13.329558942176
43.827929492515 13.394235176705
43.822633169996 13.371737229366
43.830978304556 13.33456243732
43.797001844664 13.366565575084
43.830375642923 13.33992082271
43.810786826003 13.402799064502
43.814017809862 13.372763601326
43.828714396746 13.412257865284
43.819240589563 13.369304522134
43.812998562985 13.357471228765
43.819766575408 13.35175048299
43.813603016016 13.377983830135
43.825137329227 13.37430523402
43.82107376627 13.416030123113
43.829719065165 13.37401683974
43.807632503497 13.367358748993
43.820845721227 13.335807287312
43.828818642941 13.382276111481
43.830679573992 13.344250621455
43.826566010188 13.38443584993
43.828221312665 13.363770947982
43.820189125773 13.371467354901
43.825198878008 13.381453057018
43.810745777961 13.346774244398
43.825540302727 13.41387077908
43.831036362739 13.334450339144
43.818959467515 13.348913551957
43.825481370031 13.38601674439
43.823518589078 13.347481772952
43.821857190629 13.406962092711
43.820319335379 13.362401311476
43.814375614682 13.378417047404
43.816636081721 13.368005029584
43.824178080479 13.345326167713
43.82048896787 13.342479468504
43.832219075354 13.374892488783
43.827918326889 13.381151079864
43.801212546344 13.372062587374
