42.449992723062 13.329813627235
42.457844405669 13.330327969685
42.490520457987 13.315650866069
42.400296790267 13.320411464835
42.502701726997 13.318741881458
42.493418694259 13.302959791547
42.465450424473 13.274817332774
42.397752985099 13.31872419052
42.466533227131 13.324510240168
42.488898284051 13.302124094845
42.462076857922 13.326284578243
42.417971230793 13.33182277222
42.469544689201 13.290313628705
42.485926095788 13.271737566975
42.443748512533 13.253873312054
42.471466831172 13.294406225597
42.401276808906 13.311467848884
42.459824016553 13.253053927933
42.494567509992 13.292729947408
42.428924838302 13.323432032656
42.421005787079 13.289341726496
42.438445403466 13.308095657897
42.449095674555 13.330279258255
42.502720673824 13.30921791231
42.482005929473 13.330622280448
42.411332210273 13.306484064251
42.398519841695 13.310756566634
42.500561355402 13.318154376635
42.465864782925 13.267869475443
42.438392634263 13.301785829639
42.486950428473 13.291473501519
42.412749091842 13.332367208031
42.428882459399 13.31445536593
42.451822356087 13.285655795751
42.406372388104 13.308673903511
42.453148850937 13.322368680671
42.459559309997 13.303337275213
42.497833937659 13.324020893485
42.469565368963 13.305460716761
42.442195742618 13.32225053076
42.439413569628 13.330473649956
42.449937819268 13.292724647251
42.418404436886 13.332899820236
42.458449177213 13.337968278389
42.490101157471 13.333144286824
42.487589380021 13.293926313677
42.468328251742 13.300304996942
42.418701326691 13.311464534307
42.416146685118 13.325645139614
42.447484142376 13.283680051253
42.446663981998 13.290718635235
42.39839305889 13.315107577648
42.422786845578 13.346478473112
42.43678311607 13.354252903443
42.437431541031 13.351943731027
42.451962746911 13.35252187699
42.475812585336 13.304978567804
42.432147138509 13.270140789596
42.462200967831 13.348837509003
42.411071550313 13.293388447416
42.445585682285 13.270614383424
42.420295664792 13.25935313958
42.462366079682 13.337606645833
42.470114656033 13.303633860009
42.43493460048 13.255719940318
42.466904176638 13.270173088794
42.464916982926 13.308789253865
42.482430616639 13.264580040849
42.481275761279 13.319922101854
42.457496513381 13.291085212182
42.407107910818 13.346932645138
42.450459886107 13.332303699282
42.430598967465 13.271322306393
42.422135032931 13.286196387062
42.431891562174 13.259012013815
42.441193045809 13.353014507051
42.484326439225 13.307677751571
42.466181405127 13.332661622845
42.447839072669 13.260792812941
42.472775129843 13.301728592881
42.404830387537 13.302624735212
42.447002893077 13.299281309985
42.440652180689 13.362405006498
42.399658808692 13.324745950461
42.476892527902 13.259766250525
42.473965407591 13.298380269363
42.444512451761 13.330148405105
42.464921741053 13.255670006993
42.462370692523 13.324277299628
42.408627190838 13.344740894805
42.441834501802 13.296586296936
42.47895688914 13.305050152517
42.494331245096 13.27798908638
42.397288038136 13.327900345145
42.414223589217 13.319261185995
42.416376294783 13.278454142773
42.458870176926 13.339085923221
42.430170345807 13.280720988906
42.446670711735 13.306604390196
42.41680232131 13.329148782126
42.411305546042 13.291770930093
42.399477288334 13.333017614381
42.449348486259 13.281256240013
42.488306664179 13.272733258697
42.439700037467 13.256274796231
42.444209579141 13.349085754433
42.407574447548 13.267747769744
42.499242914163 13.335395555655
42.460830281724 13.24821941056
42.455230565975 13.348901851286
42.482290989965 13.344203616674
42.417313159193 13.270951118467
42.458327513423 13.347414231576
42.490876368962 13.274181798249
42.457074879903 13.3128972302
42.474326826874 13.29641525603
42.481237913727 13.316729013977
42.431961780636 13.281324541348
42.438806029728 13.314983852375
42.431541258691 13.322436261628
42.458508708283 13.28405647973
42.459451930832 13.259594148632
42.403953949664 13.30904936155
42.412161139519 13.311356956305
42.482007991768 13.330343015667
42.475770124942 13.315114826132
42.407880424733 13.286376869926
42.406313611405 13.27136891024
42.434694872927 13.355971711875
42.414185713259 13.33987317485
42.437033987829 13.291655289632
42.416024415969 13.334215678917
42.47362494586 13.310652111357
42.432670430037 13.3653370251
42.46957924986 13.295533957118
42.457898074064 13.337168893489
42.441669006127 13.343610978401
42.437189229523 13.355381909013
42.404358894774 13.338488818325
42.440046180731 13.351449819466
42.463852319638 13.336097017574
42.410668874372 13.280307368993
42.481002378057 13.31381192075
42.436184468903 13.361622935816
42.44298277073 13.360376121199
42.485039485865 13.280356799404
42.40121330947 13.330410203606
42.42708389483 13.288926073506
42.495921578976 13.319317934739
42.476158746761 13.270179853456
42.452842679107 13.286535024332
42.398630035316 13.340108155918
42.459578950659 13.302508972747
42.40483081222 13.340161948644
42.439700033741 13.308577101377
42.435051548518 13.329454512975
42.427097155932 13.355795332417
42.49335858996 13.279888794443
42.432438041772 13.298509872213
42.404586907686 13.334373364402
42.456651887159 13.293512838119
42.468903045409 13.316132598259
42.492761065037 13.281189401786
42.460767037005 13.315991650969
42.467426870257 13.259889300123
42.490454002533 13.33647235361
42.407102944074 13.32898098015
42.413450218951 13.27780935649
42.426359604798 13.296141742422
42.478662201447 13.284285309412
42.44482355867 13.328503320168
42.425252491827 13.308216637165
42.453383041312 13.337955719504
42.417612179864 13.33259728941
42.437673937754 13.277090322842
42.478208483906 13.259700391584
42.449756422776 13.311944665088
42.461713834902 13.344391956641
42.504627272743 13.304822413879
42.455709539121 13.290009036351
42.496278502299 13.314697443675
42.482179610304 13.341598428035
42.422384456483 13.306119898498
42.456611182774 13.274650008567
42.499304186806 13.330156101554
42.464448251533 13.325569648003
42.440589042607 13.308023762122
42.418815715454 13.316882741806
42.463689668341 13.301655332254
