50.940721350694 9.2229798926148
42.014279496418 13.518724275084
42.164805485499 13.272090686633
43.132970977658 12.865177904214
42.832462552878 12.917647822743
50.386980524001 8.8753805006274
41.755407994173 13.332637186129
42.57202030002 12.52281949323
43.329214402183 13.072658848538
42.993827165123 11.894036322338
42.724689296805 12.404284255323
43.243888285611 13.047830855983
43.142631282186 13.792282585445
42.837197356337 13.535004323153
52.026795971453 4.9582783194297
43.547500241824 12.978330758877
43.714887432177 12.413940372159
43.146123193759 12.283220312245
42.779904271394 13.566680117329
42.317774955818 13.054373088805
43.473844895847 11.883338356357
41.947708742224 12.780817207334
41.907958228119 13.255427227495
42.159689764122 12.724689235338
43.266368180193 12.799373436181
42.157540930064 12.289052814401
42.233826498631 13.401441735889
41.218820632563 12.905473552533
36.565900546679 -122.60569663297
43.447263022183 13.401144589971
43.519190737309 13.641473058
51.662832805031 0.016603852113063
42.912116450238 13.239483838102
42.977859337359 12.017489997699
43.202283821184 12.067406034615
50.553443104752 9.1778230910086
43.436971487702 13.636095710882
45.464743656716 8.8396105201168
45.204532442244 2.4485429806861
42.693338424777 12.021718338629
-37.3320817609 144.1486235836
42.625108607425 12.376147678784
42.359133924546 13.064569699163
45.201551259498 10.604752132695
43.387335752338 12.929984504811
42.273629553299 12.043438892387
43.19050944235 13.006186598004
42.38953857051 13.125199636989
43.825361026856 13.417737965222
41.262271099054 12.572410109997
41.868799987675 12.691192054533
42.039683896622 12.421205027712
43.416151209018 13.230566671247
43.522594372541 13.350996283999
42.71595277533 13.341461919428
41.836444062591 12.969945842873
50.630847959142 8.3396771039533
42.872610765471 12.568501928641
43.650852303345 13.291127313085
42.247530273298 13.240082533232
41.2777990627 11.791425742389
43.028672130347 13.0007641474
43.188784191028 13.209543362378
38.139989585681 35.927385950893
43.045503574466 13.36918371516
46.44758796573 1.9309057932957
42.267196672183 12.348370605332
42.139063170265 12.489071523554
51.794949363822 8.5120939805694
41.745645492825 14.534645504518
45.064117546689 1.9661935618921
42.34474698286 12.999535859583
41.99974099421 -87.674777744486
33.86690616652 -84.292522130112
41.69206002547 -73.267184924256
50.764673518373 9.4938770073903
43.100126664222 12.417391274805
42.429696123337 13.39109916726
42.421965836765 12.651232946057
42.637903513705 12.953235187567
51.108868896081 8.4712814546522
43.650852859344 13.347246356026
42.423942361711 13.639015036954
43.523169412542 12.918658610416
42.958067784553 12.842088777519
50.722781839651 8.1282128547915
33.378567643819 -118.57542193737
41.887384262836 13.221766786774
45.08538165539 9.0581652385686
42.175352166044 13.05908682761
42.906711507566 11.954076384194
43.59396708507 12.571913773947
43.578510780643 13.653054361091
42.032892554569 13.282860199142
41.990526351163 13.139173020229
42.867189091124 12.379727923043
42.175464511486 12.414280592678
45.663042042713 2.8871297323551
43.50216661 13.040924458339
42.324515733109 13.310708963944
42.117383432185 12.076411345565
26.990716408451 -79.511777964934
43.799658340795 11.893915476715
42.131128147327 13.758033692745
42.692383880139 12.787475094587
44.658715486135 -73.049365494095
42.679015224671 13.161255632623
50.333955367717 8.6507291387072
43.730161130324 12.93989787902
42.243461311929 12.550664412135
43.343191321654 12.786039659209
43.139653755904 12.352346778567
43.44053275347 13.070745491942
51.079236134458 8.1891853111746
33.47525264112 -112.06596654734
43.075399740124 9.8578358846287
43.539789301616 13.223009068178
42.291256660287 13.18766159156
42.854334528977 13.64361592228
51.739001672826 4.7930093785017
43.056472487329 13.761595144312
42.875888553411 12.603913334035
42.229952290317 12.306902537752
42.227455546275 11.912072924877
42.822214574491 13.164144942634
42.018912424829 12.754326849617
42.658470624454 13.223137095695
42.005351373949 13.136179837017
52.348984352243 6.4531509246226
43.513420864268 12.348974777103
43.763910491862 13.243995200512
32.956215514355 -83.758210607599
43.550142480803 13.091990127758
52.595422354106 5.986142992152
43.543352111982 12.698097879879
34.128223001591 -84.544949429736
45.119441432701 11.476477947748
42.32486673974 13.62522461995
39.633595163293 -83.381976304465
43.462437019454 13.058714660399
42.841555247031 11.872795643712
42.463847934971 12.770689826373
51.653139271845 0.81601285082569
42.4119581871 12.320272090549
50.233581730739 9.4476447233221
42.652586140529 12.38150833241
50.823865783784 9.5828999772588
37.214023325737 -123.3193461656
42.188849460908 12.335156237418
43.112585459909 13.663246426596
43.550299045907 12.807942588745
42.624388092044 13.052357301627
45.807748943527 10.289436728128
44.426484044537 8.4415347962158
52.595892278522 6.0027366090811
43.428039381035 12.085275203982
50.732415628961 8.1621228759932
42.885171733298 13.612845629294
42.36032641046 13.309030000751
43.143751391763 13.024024555957
45.839529101196 2.0967845507417
43.643892270368 13.242991554685
42.76410177248 13.382293654805
45.016979753376 11.687824059782
44.933143364097 12.015598900342
41.964466824666 12.291479336255
43.196997835414 12.214082779949
41.859404460948 13.726947693514
42.26298186663 13.566253312682
42.893130964105 12.349794743767
42.5014041865 12.272699957396
43.193371925148 13.547504040223
42.747514266729 11.441336963045
42.776035356718 13.203360232175
43.048567147038 13.794319537859
41.390035185442 -74.939907526878
45.857542397854 2.6382175337701
41.130088844123 -112.44209103573
43.484275632784 11.869590899867
51.041216996518 8.6456590633121
43.682285330597 13.49104196417
45.144806543433 2.587060646893
44.86589844097 8.163211291427
44.106268875048 8.1766539619451
51.231683239449 8.2476108610852
43.778119447559 13.542501703644
43.482252070926 12.009461046222
43.019800235548 13.308151296504
38.513224444591 35.221248224015
42.700188680086 11.828920519643
42.74124803617 13.23722867122
43.015345120365 13.537640427976
43.784784286669 12.036773406473
43.780102725525 13.47985737283
43.295938722948 13.295105459327
43.096926225881 13.631995227503
42.195206593834 12.041302851907
45.926923152025 2.8277920376639
42.625514117382 13.76455476033
51.220038493034 0.26077267534602
43.080080071522 12.681751782879
43.051159338605 13.752660431805
41.920162885434 13.641570964217
44.971579606191 8.673959827085
43.522690395158 12.30292407812
43.159707031774 13.408949160229
43.372999509991 12.363359780241
43.356171896402 12.964665917684
43.050878308292 13.645213725832
34.66922427749 -84.119062578268
41.848222395356 12.177020648132
41.940261358388 12.177442150294
43.231382952666 12.656278297166
51.978318835133 8.4444430486506
51.182115362111 9.2589173076017
52.83549359778 -113.40429986846
43.470803561395 12.589863614009
42.018617529452 12.109238180869
43.67530509118 13.623665309357
46.228919681569 9.8937020699209
-0.90423318785812 -0.89428732120166
43.185094935927 12.71046650864
41.938408972222 13.732719932579
42.491591819812 13.117260662914
