42.639313426187 12.092944318027
43.381332299871 12.467298247624
43.684844114692 13.665385891083
38.35671564926 -121.92028978682
43.808999090853 13.4711294144
43.615939053083 13.230135741306
43.672638690433 12.257807443991
41.865547608077 11.954475703649
45.322094136559 9.4823745386127
42.939190003082 11.846019018856
42.472497483025 13.655606650608
43.718147827668 12.385738924812
43.020410595492 12.781093506062
42.237926918679 13.227235093374
42.78634706318 12.313733220733
42.489199387158 13.126781689549
43.252943426975 12.307303982485
42.366695642197 12.678528149484
43.664362570601 13.398472470438
45.61694720805 8.4305204152527
42.181724547514 13.016529676999
41.227362265125 13.129018931987
45.822249312593 11.864726178658
43.10762473948 12.924663259168
43.804611787596 12.775583105544
42.424247590978 12.509073492959
41.834945317768 12.379381732282
25.210810515645 -80.778743807864
42.349138775558 12.402992148627
43.241931587126 13.155884610583
43.111786531358 12.544941769722
42.648667691133 12.412614488256
41.850829136044 11.902014287164
42.769799108996 11.83535733115
43.330276061024 13.418157512538
41.127859742114 13.092500008497
45.494944716569 2.9460658705542
43.166530553816 12.169798191271
43.296776900227 13.630705090554
42.246264366103 11.976383447191
42.18294764181 12.515962459874
46.030026650743 13.923789602045
46.378630820838 1.6046841799303
41.836807782707 12.626830385845
42.136742652479 13.017199825059
50.510240769717 9.5242322303933
43.620529512719 12.207829578897
42.797696683017 13.663305446835
42.906287565805 13.657895772114
42.93604051414 13.1473815917
41.836502070484 12.490460939489
42.94217972969 12.07794030389
42.702934353495 13.290836620301
50.707956439214 8.4480734874718
43.49700880821 11.970796753194
51.679112193957 8.9131850539302
42.050802510276 13.084851278053
42.693700970495 12.213592870281
42.989594614149 12.784090800131
43.470331658384 13.156080948748
52.091650636211 -0.91467531818182
41.871613149492 12.276140525155
43.459501760781 13.134177263444
43.703589047188 13.139776535418
46.217750414376 2.5207224993597
43.778019241906 12.9258711757
40.965831482765 13.838983164883
47.023266187104 13.022093604017
42.139048776209 13.142097769858
43.563734828757 24.876894437651
42.131668638986 12.424650715883
42.506887418941 12.721829537659
42.712323441523 12.354306472186
50.712355611246 8.6633302004371
43.018560476631 13.099434880141
43.660621605676 13.399840453381
42.554469809215 12.262678748606
41.999883458971 11.88529376403
42.366522314219 12.852036711712
42.4611681134 13.161375001169
42.275171934776 13.031299574802
43.817877569172 12.82160896662
43.380665640079 13.308746681713
41.969591842505 13.684898095545
45.560949463658 2.5766552782509
43.298639833622 13.205168616143
43.712856856062 13.759086680973
42.294270130498 12.22729675531
32.386651261119 -96.050995711885
45.14671286342 1.6261997537809
43.351169481592 12.070992012562
42.84577205027 12.327660591515
52.222193986048 -0.16523419286833
42.745408216394 12.374081536391
43.627896388375 13.49395340613
43.187311675508 12.645336322342
43.505159172486 12.792467034812
41.256125171009 -73.512097469435
42.602309633814 13.038426124995
42.587900944815 13.051174147565
43.801696067139 12.637605591529
42.986497099526 13.667995621782
53.048368413489 -7.3558231924455
50.043119166532 8.3028334054643
42.62511137811 13.640612869377
42.536216311427 13.736670581522
42.556912752149 13.490520335518
43.82340120844 12.443988839392
46.968256913365 12.540227046276
42.588673631024 12.344963240619
43.657230802207 12.320992699529
43.03922522072 11.835178202894
42.519417558128 11.908850865417
43.161002660732 12.145113006323
42.138995399784 12.005536319712
43.328971786133 13.043507224921
43.596584337597 12.51289059108
42.4667106818 13.772666854233
42.692449993332 13.5385777031
50.961672503483 8.8779067838927
42.167261441337 13.535200109976
42.419837988198 13.56904301495
46.082032761109 7.6204439837581
29.000525873163 -98.315308371733
43.165223037456 13.487608256532
42.52657646014 12.537093349538
41.838472963257 13.749334635117
43.073955856319 13.770339568525
42.959434252234 13.140647890133
42.492415306409 13.535801372296
43.733970675515 12.500321319115
43.244357339241 13.088760645191
46.633532171994 8.2248637856566
34.417444972795 -111.11967655464
42.804439413757 12.547979938608
43.045465256595 12.14738922156
43.467253469169 12.775286899796
43.811754916728 12.59530060675
46.041422314659 7.4693861170319
42.276540107244 13.172898070057
42.906111319061 12.351525170448
50.378210501921 8.7046797302108
51.761966060969 0.17177633850918
43.157742185613 12.666276226151
42.142610712996 13.161495274495
42.842735922843 13.487961167718
42.213004875583 13.556565144845
42.135016162498 13.704359521507
42.147083856255 12.905516443285
43.494972988283 12.955198019743
42.768067201512 11.837570377105
43.626356559187 12.860708686014
44.146701473299 9.6845520068797
43.198132137416 11.973633782016
41.989583614764 12.828415470139
41.994660534914 12.112038518841
50.987799385557 9.6027796043096
42.645336749819 13.730939496204
43.049338435333 13.647416920258
42.075912995786 13.438028814496
43.664598234328 13.568447116582
42.571681266006 12.861193901816
42.171133320879 12.269177112409
42.450885159194 12.455460445723
42.96935072635 12.030834110023
42.196336829216 13.10435200443
43.819540691499 11.928197580377
42.475164172948 13.755767460354
42.872759944092 10.899731602103
43.141248405998 12.169917327918
42.457540421515 12.336634383249
42.453990997048 12.776399294763
42.266622019611 12.220148014028
43.597660058943 11.857727791603
43.231213356963 13.421728809116
43.655203153705 11.836491590311
42.660510036957 11.998103655895
42.157559832187 12.995650878195
43.035232272502 13.789491868501
42.233164763208 13.279887192568
42.515324192383 12.400596803727
45.787563159057 8.4504035757158
41.963126141582 13.163274712958
43.110563198643 12.908418564104
43.271482827755 12.455692816293
43.830253518128 13.108064607788
44.617152229264 9.1240672872048
-38.36848208791 145.58453007691
41.98446331128 12.839839936646
43.624396653226 12.730122289516
43.050988303077 13.449226599417
42.902318714162 13.301888887932
46.171988452865 7.048110682074
43.478144604025 12.921584340728
42.147085615523 12.710847161597
43.548765924104 12.895713105305
42.981840941136 13.16744518709
42.740044950408 12.479160127474
35.043044470916 -117.38663186133
42.197354987377 12.042191689409
42.033079215362 13.228945222811
43.757138867305 12.755506680254
43.929686336489 12.458301815837
42.945858347691 12.542224987218
42.332674087201 13.207010285115
43.142427209386 13.277393359841
42.563463709135 12.381936261629
43.603968020831 12.75278236661
42.275170941986 13.469863896032
42.223192026964 13.433644226044
42.624910219884 12.860486106903
30.219218627018 -95.796536215695
43.731057829585 13.287022402665
43.4186899436 12.913904305994
52.090221721488 -0.87257505440273
43.672759269233 12.935192135619
42.643058317103 13.579931829881
44.858298839914 9.6538140860427
42.011060328715 13.717314679065
41.034956145268 -74.129147667164
43.088113035137 12.284417566997
42.962801206861 13.487061290784
43.415481965738 12.098237017702
43.807940737276 11.885749009406
42.007749062522 13.459644038465
42.043318055611 13.280002624414
43.415369395847 13.360381677004
43.122463122554 12.878336057963
43.101614542374 13.000657041113
42.601111995823 13.128053839399
42.530032605666 13.561303460322
42.08306240762 12.116691311897
43.130616115022 13.455942056375
43.713152706976 12.346883380502
45.101191970101 1.9511317722272
51.210903894254 8.9554109638349
37.375004016157 -123.09357524768
42.545190078016 13.785221226434
42.153444596193 13.307662871831
43.632405087202 12.348854091202
42.542816847371 13.702510381466
43.455586340977 12.950133078729
43.458671566334 13.750879770515
45.537081298787 8.0831402323108
45.101690388306 9.2672395550703
42.488383229139 12.100068816983
45.17336089079 2.2073484217782
42.740358438709 12.165053776563
43.611541252423 12.272934890035
42.513368444312 11.97727615853
46.381239815257 9.5767734038047
50.648707929835 8.0084311612921
42.605449886364 13.417254555254
43.462726949951 12.418693853293
44.792464323338 10.858086633618
42.137792720545 13.77878583261
48.18159550332 -123.02240075058
42.996894902569 13.67167665284
51.219178288346 9.5758662631623
43.356268173736 12.738084330123
45.075278856079 10.20702710685
42.662105972277 13.441771618317
43.474330710955 13.52687564612
42.312542543913 12.756538248994
43.399472677822 12.977941980131
42.35266190227 12.498179639943
43.77264301191 13.018927861035
43.417572402611 13.244601733186
41.981688367215 12.811160078671
43.09538145463 12.678395056037
52.416017724162 5.4710674554673
41.918839605043 13.59950652702
41.847556914153 12.208607367824
43.264238681788 12.391432788426
51.055301676763 0.45628331431481
43.426001585308 13.725884477501
42.775628552223 13.404308831063
50.612455488933 8.7378965391488
42.438857993336 12.881667168311
42.21688563808 12.462658696579
50.159260884933 8.1273613554087
43.748915461727 13.373004405023
45.693075580379 2.8564825783747
33.259653032263 -118.54881931844
43.487524392797 13.090498214185
42.034397445656 11.868277927355
43.477413082273 13.13251880844
42.512338151018 13.044026546222
41.672518586355 15.970935634112
42.195274538007 12.58843303315
45.089467601427 1.9904198283285
43.254955223436 12.601189061369
42.855465280777 12.626631883286
42.566844453389 11.956869945862
43.5900988931 12.061946690598
43.942457837445 10.587561882512
42.422796797691 12.545729722637
43.536373450226 11.915448305644
43.049872355114 13.770697264381
49.624434782134 15.68253924613
42.559285988381 12.994777722768
43.74902293123 12.819007821783
45.31788750287 1.5273242432286
41.877849286386 12.598029383758
42.646386995768 13.245090433066
43.056419612887 12.626235147785
42.752298800646 11.876493622978
43.170572993446 12.028668830671
43.783054344276 11.945094396356
41.984459179933 12.843096342817
43.770324958868 13.408769154201
42.741371178434 12.07129463652
51.796389815768 9.5102453182965
38.976325269952 -76.840767602321
43.159875275663 13.143343074335
43.486590859728 12.56226843391
41.567858878462 12.473595078135
42.918057273125 12.002787512749
43.311120309102 12.042591101065
42.534832162121 13.656583278301
45.729559092216 8.6742563415664
43.389253919215 13.596113055777
42.564422897813 12.442540657468
43.723803950366 12.718165337929
52.06976405255 -8.8846335838943
43.528472526266 12.378341162309
42.249763985767 11.912487683332
42.510434824766 12.06575302552
40.474014929181 15.03318763053
44.507976256107 8.9217222478807
42.470448877902 12.897723136443
42.920927189275 12.723757941168
41.842318570655 12.842026662029
42.656821468241 12.631393507904
25.963512802463 -80.887112248446
43.614682839559 13.002137498021
42.000238758533 12.217646999873
42.548628630393 12.846191873258
43.309036941898 12.712130262403
51.35428545431 -0.70679547582603
41.984480232014 12.515367821586
43.484509061803 13.717138447222
42.000066843836 13.095730846813
42.232771647876 12.577351235399
40.4941931096 -75.279579216876
43.041576948523 13.72826786515
45.475955630434 8.688463162672
46.621815927151 2.8540241233325
43.809435166816 13.137440692718
51.052191831429 -1.0514269234433
41.992259014415 13.655555909826
42.640436662215 12.469395881758
43.534610116193 12.135481465692
42.793315932545 13.243663216144
39.616722833482 -104.02428730194
42.008030916123 11.873212104625
43.547202509638 12.661563278039
52.651002226468 6.2710210622852
39.325567571029 8.5821566325824
45.33656066204 9.6315453180746
42.186542946488 12.099849930101
47.343717334486 8.6446656597055
52.202006761777 -0.96270329601722
43.005286791385 13.554582587257
41.932465407987 12.146592619452
43.554366895742 11.91278983185
43.08610883175 12.135359025644
44.504315840478 6.8304244607153
42.594572499227 13.057406445082
42.849661464288 12.134470838206
43.191772822867 11.934317847239
43.096077989271 10.399088319437
50.443675760386 8.8904015742663
42.002845080126 12.558631310055
43.560476425852 11.873968066144
42.74539907686 12.681913650468
42.249585527598 11.896710848874
40.310505632142 -75.212744362883
43.434629127141 11.91320406923
44.604310331612 8.26208316943
42.567987292825 12.855473239394
43.152305271568 12.314694781955
45.24548681278 1.5663520323887
39.840973944562 -8.8926658322535
42.603843127214 12.558273119202
43.392752878106 12.786504083235
25.901933981043 -80.800723938454
43.695132503165 11.905461925059
42.128394526976 12.819361723431
43.147255108316 12.437011124325
41.944302061568 12.852440474973
41.887836273263 12.20271696255
43.521881861411 13.592131696473
42.179275747493 12.25437014238
41.851139886256 12.145713654436
42.826728956714 12.921648152623
42.142739113508 13.194868254121
50.504665715389 8.6163453909645
34.365797076861 -118.46118316705
43.785024126447 12.235914692414
43.119703848923 12.29421733289
42.593688028696 13.090676541038
42.354849209264 13.080727550725
43.717503710074 13.00309222706
42.824000120102 13.7231551417
42.340465122082 13.689052393536
42.218955508556 13.025653683613
43.720421245212 12.198724893035
42.989294081011 13.709419481808
43.72125031276 13.529725293431
43.212128533636 13.200394586309
45.259565314865 2.0518764080721
42.060444592082 12.040589996653
41.975127983848 13.78074190059
43.089852017879 12.965122434315
52.458638650812 5.3390236224928
42.24085624995 12.019397029218
53.348975721676 6.1254836299342
43.802891879737 12.176107398337
42.732432560426 12.723632115763
42.129950040102 12.88975110647
42.099116868407 11.924864506335
43.61462636509 12.304332928895
41.963699778131 11.752663000905
42.445441792249 12.227857304007
42.01952475033 12.552685799356
42.256564440812 12.14446687195
42.44256593496 12.518243099825
47.336214226361 8.3087968743913
42.052417692774 13.006729230774
52.368658258984 6.7475395537901
-35.579408745352 150.02645653029
41.905331376451 12.834415193591
42.338862155743 12.661759707009
42.294636076474 13.758499691637
42.119112752454 12.250247376177
42.809835836224 12.328030505391
41.922169798504 13.372240300485
42.286359287487 11.877978661062
46.933093897036 8.0944165476106
45.444638062757 9.0993752966376
42.373477468462 12.741292670735
46.950968135125 7.7606284281987
42.927582556835 13.551556116714
42.471956649105 12.851965344463
42.227708003611 11.860839166169
42.099670262609 13.576617214187
