42.588934227188 12.31119064817
42.411253691863 13.813707400513
42.834460833054 13.43922845483
41.346881917048 12.691646529961
41.997633045094 12.665014004665
43.141315747139 13.702377207925
41.986718863264 12.434994194415
43.28946563943 12.249964379843
45.477723232667 8.9242067315007
43.507834034298 13.130616279866
52.456322157735 -0.76045519526603
43.775339283897 13.119834422211
46.248247000367 12.867166746996
44.791090975858 7.8288432444325
42.623199197309 13.388474839941
51.461457164707 9.5035401165968
42.103994042216 12.855412032409
42.189499274937 12.951912559102
42.85167384236 13.528941473725
42.343716976414 13.326961068144
43.129306974902 11.892118751042
47.136946043317 12.527198664878
43.741829971684 13.808600479203
42.647760747789 12.365688603097
42.016839534539 13.113116878624
42.377590563811 13.292507429764
43.295102448361 13.422908181077
46.335982796427 8.9196079740858
42.516875292902 11.906003529183
42.647971621593 -87.837332321446
42.729294930014 12.791745580191
-38.770167131336 145.24562586034
46.342761915733 9.7057365972808
26.022197413252 -80.842013135288
42.518354709523 13.182296504372
41.972632887781 12.0032607252
42.811454929345 12.06049737898
42.769669704519 13.39334092589
43.247093076488 13.148750127849
45.362925533374 2.5916449500209
41.564383564 -74.195450196731
43.462667851945 13.524137321193
42.680120290129 12.145764796618
42.741118464519 12.645207128343
42.174934277879 12.544131189859
43.001260918587 13.133341996082
50.42916000701 8.8409414630574
42.992435773852 12.489630221638
51.311652999982 8.2284660210034
43.698235386397 13.474811155591
42.256094612787 13.310404599344
43.666921007779 12.089435769308
51.861213357822 -0.32280287446119
42.08306240762 12.116691311897
43.136250831737 12.203667509951
50.036099931708 8.1980020656241
43.713383300583 13.306253962848
44.991831884276 9.4314300994535
43.259353465077 12.19843305845
43.729806703411 13.109359623471
42.063734500254 12.670728381591
41.975559383175 13.148436944091
42.931265894778 12.312307947482
42.463322956817 12.436017407328
42.654852028796 12.932574122668
43.641460282116 13.756056706794
42.191009067344 12.709259203453
42.032902486193 12.821685318307
50.879088607095 9.817845196844
42.936920529223 12.039505266158
42.124944109549 12.297490482378
41.888928464117 13.580229190469
43.756103355345 13.41239889453
43.214269764377 12.887026205627
39.164057632307 15.227906918024
43.438154251074 13.014156768126
43.141178640624 13.505263062916
55.946362185733 9.0590089541203
42.360973400253 13.706183885574
46.039961450286 1.3800068974402
52.089849787573 5.3673537683754
46.336837214903 12.777149713213
42.214627560349 12.393461676984
43.327914108696 13.346097184993
43.55024186922 12.806797535555
43.280131654034 12.098960915182
43.68387840955 12.801625780224
43.473248315751 11.994466821216
43.016721050749 11.851007602129
43.413403414403 13.262628797585
47.754379198306 7.1179745589001
42.06384360935 12.289868206873
43.612659969208 13.195882744268
43.812697673616 13.557973581181
42.746481235508 12.951140258925
42.081997671224 13.228649190289
