13.625634655669 42.212184523818
13.59052395338 42.209332489993
13.568321551948 42.220389848233
13.631938197034 42.203842858434
13.622845412077 42.228668785782
13.598915146964 42.243055911869
13.648773172728 42.205147096538
13.590224205812 42.210627006952
13.612473566857 42.205164549523
13.605877118488 42.221267974594
13.64004416656 42.226996048015
13.650077609669 42.217292022548
13.580715677061 42.232595636173
13.65080860988 42.232155792079
13.594931934793 42.215279354369
13.616291821311 42.210818443101
13.589694361964 42.195335702617
13.574404976619 42.233896635137
13.545359634604 42.220801643685
13.549172763058 42.193835291657
13.636040795912 42.215559385838
13.639209016079 42.214687079312
13.636170382463 42.223710280503
13.567375357082 42.224539864934
13.62332200942 42.229970754718
13.651688930903 42.21759899811
13.633974195309 42.234785728753
13.620044975851 42.189915018731
13.558566886747 42.231982959563
13.580539760471 42.214135321444
13.617377620965 42.22115943407
13.591774316336 42.244010048587
13.61438899518 42.258809161048
13.64775432306 42.239314026332
13.57303506025 42.209131028156
13.601298392586 42.203248247154
13.631177475525 42.18225490685
13.638716250511 42.181353174721
13.599153018391 42.188844153301
13.561553320199 42.219626099926
13.644258879912 42.189092373119
13.586768402547 42.220073870041
13.565824161568 42.212595306923
13.598368960732 42.183723226762
13.609811817135 42.208488352249
13.604388573044 42.246090117512
13.587719587904 42.204440493253
13.601302586797 42.190331327839
13.57421459007 42.206929642359
13.614035698892 42.195862658434
13.555141367298 42.190687185729
13.608682205739 42.168979864202
13.54424117859 42.207224351471
13.555173962657 42.208433547641
13.596061532684 42.181664115389
13.569167122531 42.242686392873
13.596965925136 42.166583916271
13.556565144845 42.213004875583
13.625151339765 42.175395190818
13.579694523301 42.204134933767
13.612852415376 42.182534265904
13.571315326084 42.232944466769
13.578382449515 42.1840892058
13.643707413081 42.225516084708
13.569889440953 42.177592689741
13.618734022912 42.239138634076
13.604275852744 42.256607945218
13.586894796524 42.216629161156
13.633725147545 42.184081197823
13.560730046875 42.176068219925
13.592916025146 42.238046276515
13.577431134704 42.222881337287
13.588378579185 42.194928396139
13.643904519588 42.226569447793
13.644481498604 42.198064104301
13.644005810697 42.224715200378
13.63991794674 42.242450202018
13.587003822733 42.237472488211
13.568165027356 42.207601545496
13.576906281347 42.196106672865
13.573644999237 42.172712676329
13.548351786376 42.20704367722
13.61658844336 42.250680622317
13.610829891477 42.251872956891
13.559110966792 42.196880563741
13.591352391353 42.253416455024
13.625559544969 42.185148459501
13.610292842451 42.255773780076
13.62116792084 42.234965709169
13.652422123448 42.2071699003
13.61451240194 42.21782276652
13.639261360599 42.206584716333
13.619847967599 42.203658428159
13.605332395365 42.187961162642
13.596783803609 42.204204199952
13.575179403005 42.22460217833
13.554709507432 42.196827518401
13.582621923474 42.18783853959
13.630748011952 42.198557283843
13.602653309073 42.177617474097
13.642837619264 42.209317600007
13.5516043853 42.211881194849
13.585344791706 42.203904258669
13.550296565329 42.225809480655
13.562149578057 42.170273262642
13.574228635812 42.194204757567
13.545965303476 42.200087538569
13.559045296909 42.221928698135
13.604567888961 42.188798959942
13.550955480708 42.219084710937
13.578987616871 42.206331858994
13.613447147728 42.183066609887
13.558811932152 42.196534600687
13.61157866272 42.184695159658
13.558753193637 42.236985383687
13.605458447081 42.227759923913
13.608745165474 42.261859615942
13.561777364745 42.225316871084
13.593370484486 42.260896292658
13.611162752219 42.17568978305
13.624388705785 42.211767690842
13.549471775347 42.176597154803
13.607235507412 42.239900389353
13.546326480616 42.212894600471
13.587245744016 42.181779831754
13.550779375059 42.176892217818
13.544668116416 42.203918684856
13.596171301623 42.224312428976
13.598507412078 42.228301412088
13.585819288916 42.178033507067
13.544296799036 42.213791631283
13.558114414384 42.209786158174
13.645679737297 42.226620677054
13.63045201808 42.215381579129
13.570367849719 42.228939422068
13.590812195854 42.21948888072
13.610278244436 42.20902486297
13.589769419113 42.242743194237
13.640220781176 42.23209314946
13.615764138597 42.208189798637
13.581300648687 42.24187135151
13.582560584707 42.182672366606
13.5611258138 42.213136225128
13.616184765781 42.240306591282
13.573804063079 42.245627995716
13.587136025835 42.241562078375
13.560256331044 42.191649797483
13.550015914997 42.188385692068
13.596902925354 42.167199318862
13.567500954779 42.21966159682
13.57088303455 42.211991869964
13.58545814158 42.18867191171
13.602140187122 42.192430913559
13.626591133732 42.235319471117
13.601832566153 42.249726237866
13.639372488337 42.19319977017
13.543301483425 42.199684087301
13.567694109684 42.236992630308
13.609689267657 42.236398245339
13.591125428042 42.201535304192
13.634494826048 42.18963085219
13.570903716896 42.170279316239
13.647186923163 42.241205186716
13.542858179467 42.202765266992
13.567809855851 42.23192232767
13.58611140709 42.174699554788
13.624311197395 42.235970575959
