42.135369097898 12.477243311481
43.401091220065 13.101205480353
43.042945351027 12.100263287381
42.553231357875 13.254528561747
41.906280531991 12.779605869588
43.691313504119 12.612017609485
42.518047773076 12.535089020887
50.321171738357 8.7641274681148
50.606821609012 9.8956886012553
50.333955367717 8.6507291387072
43.210331788871 13.275599942226
43.146356546875 12.862849567508
43.105864137016 13.305295346934
42.681389637164 12.265539829764
-38.884220827317 145.41734658171
43.238725584133 13.662102802055
41.951033296993 12.217006808269
43.62455078199 12.169162571064
45.629536212715 1.4412160592346
39.995080962123 9.5991682234449
42.900698043846 13.05093357344
42.941990189714 12.429999369418
42.28058992388 12.456471054583
43.020471414582 13.772940296595
41.839589242304 13.54743793029
43.665863769926 12.615173802087
43.117217348964 11.989245584251
43.375967158201 13.470169702785
41.846683932884 12.607184128208
42.108837887251 12.14340065801
42.467173973337 13.380327548564
51.990516488436 8.2904582467351
42.749634677914 13.522119534
42.087520829464 13.729564214952
45.938261951082 8.9089942073491
42.272794754858 13.520569972026
42.355030308198 12.552445843628
45.763978724048 8.956291883465
44.485732214214 9.1656465443622
43.436011837554 12.445056734835
