43.433916279804 12.642351696122
41.888670424434 13.403999692038
43.790378817281 13.057238060097
42.028195428696 12.583201894829
41.985784607488 13.364419651874
43.039860584347 12.336288658148
42.667926898093 12.972520707183
42.573705652551 13.767900953914
42.929509328201 11.893666022894
43.552028659078 11.896837816081
42.872440486177 13.412032183473
45.428932427885 10.920852553901
26.485331812617 -80.060854165653
43.589864122511 13.72415632185
42.09726916493 12.425299991141
42.349200931096 12.80387792217
42.590885915624 13.678525738755
43.813599501047 9.5638902300102
42.795225404482 11.19931025109
42.785690589729 12.812293781833
43.651222993944 13.210454256858
43.03646136731 12.015277981786
43.532450301842 12.232162302489
43.134533305736 12.878194549551
42.57202030002 12.52281949323
42.130181023001 12.728977124567
42.254650188284 12.184985452439
41.898448931074 17.677087664896
41.219681936952 16.700461082463
41.960552323147 13.166646630136
42.146675748374 12.385865945104
41.861124078234 12.260596797944
43.433155654687 13.254961611843
43.125839771782 11.956639188808
42.10464929936 12.930675223458
43.78081657124 12.440577221329
43.543467041379 13.678455946838
42.521105790309 12.714412295613
43.736315400704 12.997866651995
51.661333668586 -0.33605159886463
46.655407019053 12.744913017512
42.090785064332 13.172299527199
45.689642951235 11.203914396232
41.956319483463 12.056470243308
42.336409917279 11.991031877248
43.5605018969 8.5834564213797
41.925216106218 12.842137673817
42.565053890278 13.470387097688
43.159091724178 12.424005058347
43.391219441051 12.866069037892
40.15185088911 15.870382446246
43.468372435548 13.197785179244
43.066035041172 13.539288388372
43.055987224496 12.64480212037
42.131540855009 13.052544802938
42.531313155115 13.036959067025
43.602018815767 13.727958187821
43.370493755869 11.882852175239
42.218377567019 13.2052739301
43.162014879848 13.368480709574
42.493130917912 12.998343327569
43.566907289723 12.000598015285
42.910582875812 12.244790543006
42.693339571235 13.798847252896
42.560421455934 12.15135499751
42.888023901234 12.205982087763
42.371879982956 12.625271216347
43.294832727564 12.692877891817
50.532906401685 8.5096445658755
43.573438282413 13.452267519896
41.976493263162 12.499981870663
42.291120880906 12.164520471454
43.685314957393 13.074497726336
40.336257932494 13.651168508479
43.059740249582 13.717605016549
43.575053925449 12.045337959235
43.317791226489 11.992517578433
-37.356954152396 145.97024491817
43.478140461037 -82.851551000128
43.186005106303 12.106668791339
41.923302448806 13.696325846362
43.393946150988 12.934497577129
42.20158829924 11.864991993136
42.019811330393 12.327491595583
45.220816220122 8.446026544597
43.194854537137 11.928493754926
45.024047734018 8.6544808110243
43.19050944235 13.006186598004
43.65336739025 13.090969673421
46.124203252224 8.309762673783
42.441060258768 13.40560583605
43.003526343987 11.929301873303
43.12375641948 12.416969129565
43.681379135105 11.972796163064
39.979481120348 -75.087048264104
42.626657931913 13.470169573797
42.201392752699 12.859596331094
43.269962209424 13.169112309913
44.795672132024 9.7425682774966
42.126746452494 12.569574183605
42.37579257899 12.164168100902
43.555662708171 11.974363469993
42.006971696882 12.654185522673
43.415659106085 12.334400628404
33.932180103071 -117.43140086729
41.985608960516 12.380030533962
43.039582795503 12.809192099541
42.390484429633 13.333780839284
42.606118917303 11.93031774041
43.374478799952 12.563338188738
43.707267879859 12.35218781391
43.068422729668 12.224776187572
42.951986632309 12.847614244508
50.162900049315 8.9924384541774
51.539054023819 8.3973879811342
26.050385112415 -79.502088983121
42.299090542059 13.483203282826
41.948596935763 15.911442713282
53.039595404891 5.3941282190588
42.05605633841 11.991851876507
41.992853128835 13.037015663032
42.689485921867 12.302843541535
41.834590012152 13.329562749422
42.030637294555 13.416901164438
42.816146846796 12.610874903694
42.015826173155 13.622304909708
42.501394570128 11.88583701287
42.720543024487 13.567907480343
43.345643574088 13.497421814847
42.87611299377 12.757708514483
41.943650649855 13.538122797656
43.808124686523 12.890225609269
42.329733215447 13.688045959795
42.415971150371 12.119411988726
41.986660501934 12.804006211389
42.848340483798 12.427270761911
42.711193920931 12.743866128283
43.738805569142 12.947589895219
25.909262952335 -79.489241980985
40.925878712009 15.876887601254
41.823453863165 13.920874812324
40.372332805105 15.125360562245
41.15165438054 14.346589777966
40.948586599507 14.064460167412
42.349790881572 12.211516592771
45.197238617203 1.5067889934903
40.491292970869 -83.379201479926
48.782730470708 3.0283577016431
43.618198594853 12.812461316985
43.007737503877 12.490621328138
45.706969076305 10.747896613946
42.147741000723 12.808475709918
42.98553180696 13.41006424532
42.996544711777 12.226202864326
42.068177497998 13.101683811353
41.893805510336 11.931340319559
42.512819822206 12.855189229781
42.396025853903 12.533181839892
33.903614213962 -118.1801560366
42.544718905627 13.323087067049
42.111630359272 12.372884139613
42.425347662284 13.009689301278
51.799404710438 9.6326975951124
42.016963232338 13.546612316087
43.157124156227 12.995597858467
43.46647066414 12.820960638982
42.636571500768 13.639311799167
42.30689924413 13.42156323952
43.373402396878 12.87677717019
42.450463799991 13.757194355969
42.501820928206 12.490047531452
41.923490790636 13.7909956732
42.744682238339 12.542383848497
43.584346194113 13.525969982413
42.241274600516 12.966797362087
42.711773555613 13.471715936678
42.154639038816 11.836262604166
43.576126249331 13.576722547701
43.800502622428 13.437148923279
41.871710217053 12.459616756302
43.144102993509 11.851797853083
43.763610483989 13.445530507942
44.806980314619 7.6016849047722
43.729925171367 13.374965550108
43.609084920797 12.160820498227
42.199803844208 12.485502023497
42.329094806395 12.222530039152
43.37479802846 12.411130098838
42.617066588095 13.703152557252
43.536371597825 13.49383046084
42.443214474939 13.656214056397
43.819775821113 12.632065934444
43.735041602878 13.639912546466
42.534965807842 13.048310613303
42.660326822524 12.455358727137
43.245608123155 12.080450860842
42.876413752754 12.788791546986
42.081759508758 13.230395012663
34.148544611658 -118.64884653374
43.044327076566 11.834537875783
42.664437246839 13.079194162564
43.631350546925 11.876185410619
42.747960197177 12.781340691646
42.940969629672 12.381854305708
43.73832754641 12.309277319514
42.985126242987 12.040816740173
42.191281707136 12.972574283377
41.957052668558 12.698515022985
43.776942050933 13.13744899639
42.548884472155 12.785818592567
42.445649727942 12.708753463232
43.818959467515 13.348913551957
43.310227672269 11.854051863728
42.959604954349 12.403574587986
42.073070680778 12.588858223815
43.427038926851 13.036548517217
42.323613623795 12.863856134894
43.645908797016 13.109958434084
43.0911409171 13.093546022726
43.64984737043 12.05069532669
43.517583016103 12.473269571326
50.59374031685 9.156453875432
43.672046176492 12.885630157278
50.521348438701 -0.59209215906546
42.74975669421 12.728032043564
42.627243245334 12.750774767155
42.548236761984 12.972585780089
42.540734726277 13.376928471691
43.687335517599 13.321785501841
51.222796949196 9.7005936301782
42.947591963221 12.06383112404
42.125487964214 12.887119139047
43.174388493513 12.969546746004
41.99679605851 12.995061344486
42.771097437393 13.194146969467
43.567570414679 13.053207260602
43.568446186191 13.82905705407
43.620407682222 12.307803687338
43.602263157092 13.104614881868
41.167762449707 -74.214136549503
43.642545901559 12.288155722587
43.302184799382 13.291082233813
42.349268682485 13.772236187857
42.351685417069 12.597972454337
43.289688164524 12.418682193134
42.455403234111 12.873982788957
42.350385953856 12.403287050057
43.653583594923 12.106746607065
43.747294871506 13.746548651155
