42.039799545 12.225503747477
42.03628927799 12.67787361784
42.263813665746 12.903737878403
50.635328850539 8.2529128493056
50.912234340754 8.5507001129681
42.205164549523 13.612473566857
40.512050396299 -74.008438717421
51.134472962299 -1.1209210191066
52.111470849072 0.21794339041596
43.678951116616 12.100087090463
51.308521166355 -0.34219685637028
43.480222841504 13.570849316947
25.814063669079 -79.246668879333
45.308194412528 1.4191697660923
25.167541311649 -80.951530305921
43.36394863036 13.825612144485
42.646280940944 13.107877827321
26.167189072878 -79.686002076733
42.022445441255 13.217541074503
42.096696150555 12.047016087497
26.673509985039 -79.949399496215
33.59493421888 -84.923193414101
42.481535524841 12.123340105716
50.308247153791 8.520592649244
51.777217878391 8.2743435754787
42.873984788972 13.728807594988
43.78347467856 13.752888702228
43.472664538546 12.605648077862
42.636999701002 11.994988613781
42.504363992507 13.454860678641
43.352366386632 12.021842835502
42.562377152782 13.56108105304
43.562799714789 12.252919477549
42.329017465177 13.423764871186
42.795849573724 13.320652291349
41.897062064587 11.904327373928
42.547035992421 13.653838757285
42.054969042121 12.964710797653
41.943229282735 12.346280002217
46.055451389428 1.9639374515805
33.565545056092 -112.21338908804
42.499308347024 12.495043169493
42.846360437056 12.623914505667
50.305700196561 9.857008017533
42.794911253192 13.646818839336
42.553110830764 13.180233657465
43.305175401899 12.184859553925
42.366520671831 13.785815492659
43.798594058884 12.19177475117
43.236337146387 12.551333744357
42.48444617704 12.32807644148
48.110597502947 3.1643753822764
42.254609331163 12.059453771033
34.558577771838 -111.56796181183
43.264963738299 11.873017835858
42.077351144572 12.66501032827
43.432485016285 12.161055354032
42.909557103624 13.167491834244
51.727545539256 8.6398295632749
30.626140635118 -96.358275337055
41.987332393896 13.013451141333
42.209614717986 12.498713856816
51.272604604844 9.6319361406527
41.973412189641 12.490154263347
41.998989116887 12.382452821092
25.129704375329 -79.339251659313
42.409414945848 12.614220806239
34.420298244813 -111.39580858425
43.200461729544 11.857084887522
43.807984687785 13.711909307054
45.663042042713 2.8871297323551
43.485916309772 13.437494197619
43.516201469377 12.228484335949
51.581099615237 8.4920518232938
43.165572407754 12.949305065439
46.4237936468 8.646069935591
43.294455249952 12.891132977761
41.932470865072 13.028668130782
45.081979447083 1.7275416845118
42.072005771621 12.109598320515
43.474037313144 12.907313645795
42.487475153307 13.513357832357
42.361519041195 12.021361810186
51.203296743894 8.6477467886395
53.403063246004 5.4723150021035
43.386207404282 13.531694705401
43.141725163528 11.967820498167
43.617962894339 13.29267877356
46.995276063213 7.7797719630319
42.253942410601 13.158862659803
42.127099311991 13.022682450743
42.189373239984 11.960024187809
42.506463011984 12.260951338944
43.430475220771 13.017305376037
43.199797378967 13.214851443777
43.49146443677 12.673820590469
43.739933123246 13.073950910531
42.249842724435 13.029515188688
34.511895146173 -118.36029745312
43.743328028726 12.822040183408
42.469202501008 12.145115356515
42.116505783592 13.594862453006
51.361868192145 8.3187719505833
51.647167945116 8.5584347986423
-0.20326158087852 -0.67079494459126
0.0013571153401197 -0.49362204526254
43.644505362813 11.982512423782
43.365093726856 13.243528089155
43.663533627386 12.209388281803
41.881549055654 11.843157739326
43.507282021247 13.106577633019
41.84304096172 13.245911040945
51.530951938373 9.9990814076732
42.661028601092 12.531282190968
50.886575659219 9.9049115879018
42.571558118154 13.081570667274
51.759044558862 -0.39657626697168
42.44298277073 13.360376121199
43.411067646675 11.974666451579
42.443282398623 12.769853446546
43.818282030925 12.387272516001
38.027792450979 -90.850525011683
42.235259606168 12.993097031041
42.700493187991 12.542099806288
43.060978025713 12.828180480689
43.520496195446 13.253643017401
43.339152996607 13.007327013208
47.88859913167 8.9797032349648
43.076099669152 12.834006441701
43.128633929497 12.560362628943
42.452437883009 13.165003361744
42.130548282143 12.346343241349
43.485586162438 12.679370273242
51.684645831438 8.2877157047799
41.34734769616 -74.005636134785
43.143986720214 12.179808260978
26.497217050502 -79.529699130971
59.337035068933 100.98130491189
50.799518154841 9.1313549667277
42.7886732625 13.620642295883
43.355137837771 12.995408287291
43.22075033759 13.419280539483
51.416838756957 8.3358478743284
41.882119582466 13.120022617823
33.120186243076 -110.96666542393
45.101855970501 1.629378757267
42.53109711482 13.073003572001
51.170383296521 9.1101051453082
42.536138982783 12.501754788005
41.964651492429 12.363661059834
43.560951081387 12.433446914646
43.806521603303 13.558452885879
42.174283215878 13.023272237307
42.568745815015 13.110837801898
51.594450536947 3.5492745980384
25.625339881325 -79.308846862009
29.511605476099 -94.795108599236
43.565887469617 11.938907592084
50.046028333738 9.9664366473288
42.032237992192 12.713382901511
42.633188261966 12.804423433658
43.570710071184 13.30601000709
43.497475928414 13.591836665588
