42.339212374009 12.653768724622
42.634087452516 13.787885476757
52.476784469083 -0.25364272685891
50.821738506119 8.1287523252558
43.402460772287 13.7060732533
41.872486690021 13.812152675287
43.381212653325 13.011554035385
42.154412126262 13.010659467455
42.662753308987 12.843273336481
46.792344831299 1.484896244707
41.977800581149 12.474077673871
42.451645689782 12.522576144695
43.403035303786 12.03212907262
43.543644361006 12.582259228745
43.605210865219 13.691918286372
43.6890630325 12.142983098602
43.76645870498 13.379010489408
42.532800561086 12.001772071722
41.224912315852 13.159980249943
43.669785726217 13.631402548252
42.344013727917 12.294351139264
43.633420288879 12.002327318325
43.138928380881 13.82399117894
25.150286550687 -80.850866029245
43.201057323369 13.32360829011
42.327477195939 13.360219386595
42.701024054431 13.49449670433
41.940964397968 13.208904094181
46.075738888388 11.381345600601
42.286443152154 12.570547669016
37.601914369409 -93.032552140564
42.901229456508 12.974762554755
42.780738104054 12.187956138157
43.407032443887 13.779569720768
43.392938435747 13.320990781936
42.456233711215 12.019352106873
43.652299571176 13.632071663475
42.131498511032 12.488365974526
41.889642537541 12.15451461738
44.620241556095 9.8100787242223
42.536208534884 13.417732572399
50.229170215888 8.7964860409482
42.086755424334 11.932353803412
43.424223116818 13.396198876408
43.512474974411 12.844712407743
42.804831319884 13.337665314964
42.16415326959 13.123533132565
43.204501317465 13.413229884328
42.225016129329 12.002803829055
42.150065845901 12.028812272974
42.073376358542 11.991431347577
43.492177284107 11.944672963577
42.83368947491 12.811137149043
42.250666706495 12.17475068626
41.873979762159 12.888215410492
43.292450663791 12.750470334569
43.018144240167 13.600587441421
42.278930069564 12.695256857081
43.559292841984 12.021611831648
42.106920374163 13.510273339951
46.956183066571 2.8192879840821
42.960370017684 11.947629103434
42.383766715615 13.273873809408
55.650302902167 9.2150100070122
42.117757391726 13.275588945635
42.063552950094 13.422561723491
25.352105946427 -79.513142147616
42.303687895345 12.697447068404
42.130190590478 13.362227685939
41.670866670539 12.776973856321
26.476698175278 -80.381187587032
42.374889708087 -82.885631578197
43.328130781359 12.656142011611
43.466417109832 12.587361620102
42.487954910627 12.721770215671
43.106219234481 13.550248528642
26.245200332351 -79.741581384248
42.097581470452 13.661388243412
43.39036986578 12.786570973616
43.052173148886 12.602323767099
45.305756744605 1.5658329360028
42.60152304482 12.706433684449
44.959918434059 12.172046869862
43.630987161154 12.362229752544
40.922973961984 -74.950954868948
44.104885510495 11.185146274385
52.933202086684 6.0533605889899
50.113743255434 8.4006504693072
43.484509061803 13.717138447222
42.911286196185 13.019349462848
42.729227499466 13.33580427914
42.320114346391 12.546913914192
42.117405690794 12.582684588911
43.127392613409 13.035157403946
42.377829138387 12.879819100688
51.68082043374 9.5449817355466
53.750504393669 -113.63552275376
43.755327824876 12.416548472113
41.946696075141 12.394471297711
41.993882865663 12.796630210635
42.762233914718 12.697733205623
42.472663441914 12.289460844982
51.630867712959 8.6958120747916
51.749307493097 8.3099081922834
42.867423243314 12.181413589617
43.573212950778 12.842736194324
46.376253282827 2.7534863407507
42.612013840888 11.937944693949
51.231677528579 9.572955351124
