43.485084601459 12.241752548743
41.918477139419 13.166881498048
43.506401741668 12.753199174441
42.59850267118 13.75623388486
53.312630012544 5.611713763262
41.898728075877 13.808423599626
42.811687481057 12.163433864344
42.40928266824 12.463969705863
46.249344274983 8.8373294457967
53.113632861578 -8.8687531570293
48.274806153877 13.081957231102
43.428620548208 12.743396489782
43.812631409083 12.198954767661
43.764808981591 13.353915134631
45.99713593714 9.0611078153649
52.138180212881 -0.67031164457104
43.365754653891 11.894226670703
43.375847872077 12.573929991396
44.253611518982 10.40126173897
45.76068933297 1.7422903421066
43.023275722316 13.298385013055
42.607654578822 12.300358579189
50.031163545806 8.3611516837781
43.108533130565 12.744027518569
50.064123702731 8.8957528145498
43.337477601311 13.303971325676
42.081984418969 12.004038043343
61.943163164399 14.711284776084
40.785123975068 -74.614731859368
42.833595973849 13.11990600832
43.079622931371 13.206690282678
51.957815125565 8.9100720840087
39.76874816426 -112.30242151954
33.768674275545 -83.50446041978
43.306408505119 12.045749067837
43.568208331062 12.024348593815
43.436184467506 12.756236300246
41.864409055519 13.629503465106
45.613450088172 10.538747378664
42.279886143433 13.76700363672
43.048432188618 13.381022097276
42.609921427749 13.651266936537
42.55030269902 12.772605394394
43.471777337844 13.821629942798
42.326655453244 13.332662081056
44.84783548559 11.030337902217
48.751909896548 2.3885594517615
45.358708337068 9.5268715090266
43.813680555443 11.880138263612
33.65665647263 -118.80900906648
46.358957101758 1.3005669290668
43.610803865667 12.780442085502
42.14185350397 12.697031851738
43.003751108911 12.401258717965
43.134530365551 13.348600213599
51.498328731741 6.5591683568476
51.702478345811 8.3500261448091
42.578202866774 13.060577426155
42.419651693881 12.56388127739
43.560608083199 11.932050772466
43.033069187812 12.763675097753
43.82107376627 13.416030123113
42.020058269643 12.553468340355
42.564721302413 12.356400773116
43.261679108397 13.144272381994
43.704582502483 11.995002977569
41.866531785536 12.939194773782
42.447799056532 11.837520892212
43.558871960549 13.056704001549
43.328923647932 12.473479863032
42.370978477605 12.676635267083
42.526460547266 12.019330964454
42.894577798871 13.327606633479
41.858515924729 13.216646067454
42.916161811893 11.88636620293
48.271219529126 12.80147371271
40.634475239833 -74.007874188995
50.583970803716 -0.29672082702239
42.624737589001 11.854217882221
43.411984154702 13.525027894215
51.246272090239 -0.61808808228377
48.944143699202 19.515634194489
43.735659384067 12.13160261846
43.36519822218 12.080337008054
42.46326950449 13.190207970438
53.137702708895 5.2668595786751
41.945808232292 12.902060531055
44.687635158672 6.8836790092003
43.409222056369 13.110851626916
45.98790498543 1.7475887740718
43.073726811967 13.410023377489
43.311054342592 13.717864961719
42.72029061337 12.747396286736
37.565218413978 -97.772315013582
43.005652687536 12.505757191009
42.923974499558 11.992797442264
43.343323328248 13.475818741844
38.056066264133 -77.027655772837
43.092348482989 13.568816949434
42.343436683709 13.078551355341
43.543236223789 12.244357493375
43.594741521701 13.274769244399
42.433640053719 11.992161870951
46.326582988876 7.1019658777406
