47.08612864913 14.215940122847
46.668198042183 13.188514825298
46.206557346345 14.120261679767
47.277422200806 13.574267550893
46.810830315275 13.045678225155
47.612681404761 14.209115444568
46.720024492249 12.575852472391
47.739256890623 12.571283913272
46.87842036524 13.427103129668
48.304722361197 12.970099570004
47.357251448046 13.583905088775
48.185777863828 14.185086237607
47.896019871086 14.035679776492
47.464660400529 14.181548238605
48.295257978998 13.97837910453
47.615079280064 13.03429571147
46.604502393887 13.047137427939
46.902458190195 12.829037999443
46.52308631645 13.337391067242
46.533254537768 13.488633744434
47.554074905393 12.959387169454
46.821955726187 13.263315445189
47.453161729965 13.35060688895
46.587309323219 13.462690104435
46.638576674361 12.937211255768
47.986464949107 12.696342252773
46.042550707861 13.253792242858
46.551207336994 13.223471164935
46.514835235577 12.819055181505
47.180446427653 12.424135566675
47.996341990559 12.95266200439
46.790104021009 13.754669879237
46.434744939664 12.924764971002
47.37474860806 14.215783161
47.975033661127 12.614725921843
47.991404002782 13.279503598728
46.482443958999 13.288494731222
47.513327703838 13.801960406987
47.493269593007 13.950410177696
47.756133895042 14.120927581874
46.030026650743 13.923789602045
46.655407019053 12.744913017512
47.262300684027 12.875023901658
46.451335328164 13.047160982896
47.131887456717 13.017832600774
46.780956766254 13.81908321677
46.903098811139 14.277044319465
48.231661366661 12.593894273573
46.895544112865 13.113676301976
46.782107498861 14.514480835532
46.648680356447 12.924533275268
46.663732542754 13.125328364163
46.079444272277 13.013033468179
47.451794895342 13.400270719521
48.274806153877 13.081957231102
47.868121455616 14.178959379775
47.388189958843 14.125096494178
47.408440323991 12.604127124487
48.295727590956 13.733116877395
46.600130240035 13.838716123432
46.163804185981 12.847298399192
48.308541127878 12.900900169018
46.71056759948 13.167005027669
46.248247000367 12.867166746996
46.750026826419 14.275746059055
46.761764171762 14.986729407485
46.97492118204 12.493761460781
47.362453896975 13.025984321056
47.023266187104 13.022093604017
46.483218057094 13.825994230514
48.240183348202 12.736039206517
46.983736176756 13.320965521907
47.998786745381 13.440872576547
47.936543552429 12.653203248604
47.138720406538 13.446856004182
48.011231396141 12.40354235887
48.181331394579 12.989912176754
47.916851329832 13.531964345405
47.095639415384 14.150279644735
47.084710130296 12.98967990956
47.110578420412 12.681406281994
48.102619769353 13.741992893297
46.906488760119 13.594652409265
47.294491596445 13.790720189612
46.984267897685 13.322810253998
46.830032976787 12.988177448239
47.188819718889 13.715741360682
47.327045168668 13.371231654154
48.052339487056 13.186327828901
46.812139491251 13.811051280404
47.136946043317 12.527198664878
47.682498206025 13.136090645884
46.363631037021 14.098252880687
47.778512569761 13.83439018595
46.78548326219 13.752565670431
48.04341828152 12.941478312242
46.779280393561 12.921334792239
46.401997093087 13.858074681555
46.805708464864 13.075490606772
46.772078623677 13.312400415473
47.911381405059 12.496855679453
47.721693786917 14.002645696303
46.931432251575 13.031799516444
47.321929404916 14.010990453212
47.886497415803 12.558138671379
48.113044169807 14.668967273186
46.504926435673 14.181674307085
48.315309587335 14.036255702647
46.731684568001 14.289368934387
47.224521842678 13.408620967974
47.377074405515 13.235703523169
46.659447068909 13.832486372617
48.161322727197 13.375944847204
49.096923468237 11.824258378835
48.866367614323 11.581550947405
47.637804165803 12.151615420637
48.567563628134 12.180527397259
46.875212035803 14.083674501455
47.927680806943 13.775245337431
46.968256913365 12.540227046276
47.906781694131 13.679872600466
47.164428076572 13.952856065937
46.161373596981 13.104524932606
46.929833286749 15.091846468244
46.852785589359 14.127284924813
46.464472451717 13.372488741725
47.45942926733 13.528625817538
47.428474910079 13.756503900188
47.566868131567 13.456090343651
46.303009169697 12.775796575109
46.444810662074 12.643587209792
47.657520181431 12.447188293492
47.357273389074 13.381406818482
47.703170825868 12.860028561021
47.363442281219 13.725923286877
47.748700666844 12.531825711055
46.766188930399 12.737209885978
47.430334371969 13.716756818472
47.520584630345 12.74276624354
47.845765009239 13.42181378974
48.02205514748 12.548904375217
48.315609314414 13.517434144887
47.803274834225 13.011823022066
48.049114696027 13.831352150243
48.266695668833 12.364110368727
46.661300604328 12.712936847591
46.906614006242 13.6650022707
46.702427166629 12.639593652536
47.100399794823 13.782751523577
47.369031632279 14.058517237009
46.611315856761 13.968912085292
48.086892718278 12.593172323954
46.311435780429 13.044248959432
46.507494297834 13.678150529146
46.373758933469 14.027335391646
47.863347515188 12.49863504667
46.999256448142 13.821120962671
46.8360496384 14.041489973472
47.78320164065 12.193190216058
47.274509402374 14.03666943851
47.615429135114 14.024838554473
47.66891847328 12.524519848204
46.568478636031 13.105592704681
46.797009843533 13.012808059706
47.881681751659 12.486488513663
46.428127408481 13.510649090193
46.921081977182 13.971059106065
46.912516770632 13.824098562528
47.043161279356 12.866464593733
46.728965344501 13.62477749594
48.306440042263 14.083321822169
46.360818693836 13.226830204377
47.977472620794 12.87556478261
47.841475866449 13.744366272953
47.414871826284 14.274150470653
47.558800519958 12.808508452658
47.521900175636 13.907570473129
48.116876303527 12.884134863703
46.40474119361 13.379410147632
46.426163743716 12.736221792275
47.089584310369 13.447036601599
46.587252681111 13.469215945979
47.693561463262 13.873411953178
46.367959096326 13.014185716124
47.990336962294 13.8593801667
46.847488128297 12.906925117807
46.783698409949 13.332811073809
47.238088455907 12.59968651335
47.550982814793 13.02174445594
47.79155511611 13.361955219836
46.411635135746 13.308592239327
46.200700032067 13.696905088912
48.325846439167 13.88116522386
46.971711273546 12.792550495517
47.582453389711 12.535358456932
47.550400988243 12.621131180863
47.807184268884 12.482969841467
46.370134564093 12.849159448829
46.242286266675 13.202039988366
47.078454837028 12.466262417385
47.894549248479 13.118091106258
47.017774192943 14.055675122459
47.675630116007 14.092491311318
47.102311364677 13.612467596846
45.941816937026 14.687609891536
47.65054436689 12.802087199105
47.399034183912 12.364934231578
47.316205885662 13.537255364974
47.62184948112 12.753109240205
46.994082712819 13.994739068923
47.013313211295 12.517148921295
46.990329372015 13.873166566909
46.418787843065 13.089639054907
48.262249335091 12.595012433427
48.113606815999 13.478950193629
46.520106364538 13.995758869006
47.225368625843 12.543441337109
46.397893140532 13.87794217813
46.956245624694 13.884476038362
47.816124411002 14.054473271873
46.906154443254 13.834271914037
47.492809878214 13.899821599687
47.695571041312 13.933504160251
47.901215089227 13.573616079576
47.846093913257 13.666183918347
46.470359576385 14.058564423331
46.498407688478 12.747874958577
47.799569478885 13.482342056943
47.315728326729 14.115885589114
47.316630588314 13.116718304652
46.985744441641 12.44449516525
47.081738143986 12.416716084798
46.870323572036 14.103671493777
46.401774706294 13.622633789744
46.460428333378 13.707344358439
46.464052109052 13.771552026885
47.761086010517 12.493876348268
46.336314178482 13.150634112626
47.813806676939 13.118900556892
47.773517290744 14.150397761583
47.508452594771 14.15418957253
49.688426211571 11.617760075191
46.775050777625 13.238967971776
46.335495167568 14.002906794195
47.120594052843 12.313027677903
48.100896746687 13.181396289136
47.470837882727 12.662957416013
47.538667322175 12.865321191219
48.039120197568 13.275995965964
47.581220580324 13.992475375318
46.633946268903 13.664103709259
47.416693115123 12.373917435258
47.699730754013 13.814275072124
46.290394700268 15.266352587038
47.370479815135 13.871215288721
46.536250552666 13.434263944151
47.27837295822 12.529744724778
46.894667309914 13.684974228605
47.739243003672 13.375398081225
48.26046557762 12.930895764602
47.180718467443 13.735093407463
48.153074579639 12.826041478371
48.021383135843 13.463341424711
46.50767372877 12.786665736386
46.485053528606 12.862127235442
47.587026117922 12.562900731949
45.77289057766 14.652726389613
46.826770699291 13.677012316986
46.743181081157 13.873000052021
47.257061341685 12.342434304714
47.256182901934 13.811541549096
46.73714047267 12.567952899408
46.492387373949 12.902345753949
47.1238006892 14.316757040965
46.885131750456 14.217088813317
47.058293919826 12.359534880568
47.532307620662 13.133907203413
46.30030915509 12.772293917144
47.241463347704 13.5578226103
47.36690901402 12.729322299955
47.604373931023 13.496444103327
46.589717397995 12.679796973814
48.082852412308 13.638443587433
47.292872216943 13.247673228752
47.984032250722 12.778404018992
47.076237453903 12.615909017232
47.821106175131 14.117240417126
46.969081246999 12.388922969314
47.427797221801 12.18351212399
47.65708962977 13.040304016595
47.453116153366 12.577007623446
48.155794399651 13.675873694579
48.016868761537 13.456987033133
46.903870158107 12.816414368973
47.563729501846 14.244110452844
46.905654463661 13.694325655345
48.024974765056 12.847132919073
46.566568066418 14.188122290528
47.929701358301 13.523315138215
47.580246274909 12.719575912442
46.516961050714 14.301149766821
46.899585311508 13.959999738962
47.170855176968 14.167889788148
48.066792575462 12.440093719859
46.817689755521 12.751041596767
48.257411105466 13.953562094597
47.014263429008 12.502264739036
46.920231438459 14.108782785783
48.21910971625 13.497561125105
46.927157652319 12.542551287025
46.439555164885 14.174850698896
46.681522095216 14.279916164384
47.657918768564 13.813427755776
46.811963738574 13.592279003066
47.600908308358 12.795423376533
46.420831724007 13.255377334503
47.033818112025 12.456440026873
46.395811216953 12.690681642893
46.351830040131 12.81671365081
46.392938689374 12.747736164435
46.256267621629 12.855426228256
46.998292686671 13.083795075598
46.508698848567 13.910057829439
48.146340612178 13.705508202431
48.285981872972 13.618759824039
48.228734872664 12.714183239853
47.216897883342 12.44610460335
46.966472155653 12.661174783579
48.145268253372 13.884713584757
46.536895736624 12.731639751828
46.352264633834 13.271353280519
48.275980940471 13.720392933705
46.718599882777 14.181159867989
50.132491995701 12.042287444292
48.285448520831 13.840043226436
46.57559003449 12.96681882284
48.271219529126 12.80147371271
47.880072016467 12.835564862183
47.34964831867 12.946230119789
46.805814325973 13.21855813347
46.786665865375 13.043096265564
45.737169125461 15.730395546989
47.885918084574 12.7254321074
48.065299924747 13.322332715088
46.513219983344 14.238095175374
46.785393198992 12.903727436055
46.086941346706 13.014865766879
46.957781654085 13.067017433519
46.990156529721 13.123381605217
48.184766983022 13.28890435483
48.280630363536 13.65837566564
47.366312965709 12.624296705317
46.983313899268 14.28420749811
47.184904719112 12.41389935974
47.349540857549 13.613462293594
46.787314883588 12.624547532373
48.539441823559 13.264035803596
48.196254772479 13.565141453459
47.227802248566 12.728012567513
47.550382566217 14.279032087337
46.762793779051 12.514648840325
47.530891101377 12.77162488425
48.245056381351 14.182872085705
47.298296376524 13.076074543233
46.242125846781 12.874095523146
46.836348703309 13.607046270814
46.495851045028 13.413856874201
47.431878142514 12.980759617652
47.087865853977 13.844275252144
46.555041260133 13.00283896157
45.920861861166 15.472526688349
47.440315975335 13.053524325881
46.242692144442 14.210150964963
47.779882156907 14.304592069634
46.546755934643 12.621985073745
47.98539716682 12.763754999409
47.252074813376 12.516556666727
47.625596323596 14.122781775737
47.821403492878 12.644696993376
47.75970165306 13.211180345042
48.313406353751 13.011144885121
47.582944477968 13.257831521241
46.630116281365 12.871041892407
47.212133370227 14.248968864695
47.399126401171 12.286462124917
47.800816245538 14.203232239815
47.82814311952 12.930907370279
47.479246164683 13.542842310429
47.340831154439 12.607989139926
47.483117007664 12.789096873875
46.358976846982 13.078027165785
47.709984685879 12.895206397604
46.64387324694 12.595501435986
47.984453408995 12.098560265914
46.640591484115 13.842246748687
46.495901662875 14.124747923887
46.962712068347 13.063272667401
47.021191558159 12.400842869257
46.080962039309 14.492003774807
47.010560052262 13.432708361641
48.155433174083 13.393628548802
46.40115345734 12.864500822657
46.336837214903 12.777149713213
47.56486655544 12.925250411253
46.664813500952 12.913221953743
48.113569120718 13.495000004321
46.924470573629 15.478894788064
46.560917920017 12.966877151985
47.637207031335 13.682474794904
46.092418198806 13.009606378136
46.869175424965 12.596849091055
48.119670281962 13.129906738957
46.595901384084 13.976421685201
46.758024016422 13.242449722493
46.453360676765 12.897524234579
47.763297189636 13.121474379518
46.569619746001 14.238095644295
46.619175737335 14.2466661673
48.290321769582 12.672249571056
47.524469709522 13.034846314965
48.146465326981 13.116057930356
46.474420351451 12.748399887836
46.883840635153 13.332753824945
46.555519218138 13.309353624403
47.365717517636 12.967062194139
48.167406204954 12.396466632812
47.158008981358 13.194893625444
47.610736617891 12.61281009864
46.577175271289 13.315495476527
47.18835003196 13.018536975404
46.473454476808 13.598366667583
48.001335874454 12.355882856949
47.219870366978 12.501426165014
47.238614201911 12.941250155906
