41.954310123343 13.110537112763
49.729988299767 6.1730571524836
42.382684258012 13.754679887928
43.113404510617 13.215735865413
43.740060535625 12.749208508895
41.969122583985 12.064145332253
43.763721835245 13.41912024257
42.019883397997 13.024864215436
43.028311179985 12.209248205765
50.811374509154 8.5054149117812
42.065338126435 12.375562079912
42.63867410537 12.785931132655
42.137320006351 12.838268215248
42.311598342544 13.426954759039
42.520748954995 13.096166236392
43.55662319325 12.71255688358
42.14049037834 12.445178242629
45.446031787312 9.9912245813018
43.42094292234 13.644321157918
42.306132733054 11.838107938824
52.586555528495 6.2138918677642
41.947694633153 12.31737425754
43.760930707588 12.727368869713
39.478480263076 -105.418082943
46.74240203376 1.6554247241725
50.366688057485 9.6564974806535
43.731606429804 13.270611748246
44.888142610452 10.984996411011
42.459824016553 13.253053927933
43.759323695118 11.974997945139
41.873498388063 13.155943891593
44.550631982091 8.7401241418627
51.459975097543 9.2121500392501
42.079242615087 13.396855368485
41.971374361318 13.239531225192
52.30425411477 -8.1712059672788
43.15905644661 13.202840791665
51.351381718345 9.3834665847865
43.66217208221 13.644611066994
42.136844079095 13.508488785733
43.000362448881 13.679546952119
43.645995141329 12.425350695602
43.723278620172 13.171194406793
42.793127183727 12.553579773567
43.518601783814 12.856238801918
41.962229236033 13.781639384025
41.9643656374 13.273408597484
43.316408591979 12.020005445492
39.827569692085 16.394902824005
43.173746356377 12.544609129238
47.463113446004 8.9753058915843
39.943574425424 -75.196165929771
52.17686688722 -7.0072266468812
42.650814722616 13.001126993003
41.901695414422 13.114123231806
43.076400447228 12.470627276933
41.931979314413 12.743381307362
50.077332829627 8.3047325151529
42.323857824956 13.080073671939
45.399220804474 10.099760384345
43.67656192869 12.554300335515
40.395761448295 -73.488945444008
43.554290999006 11.862265922086
45.987601930735 2.7026237392345
44.546964438372 9.3983667074252
43.087412175784 12.961852763783
50.965061350244 9.7896458407816
41.886546457155 12.076388520245
43.811340095874 13.447327909755
41.855670700735 13.572921559502
42.989224028324 13.559184588308
43.059740249582 13.717605016549
43.142096519557 12.080994297809
43.752083336374 13.552693051099
51.709569601207 8.2162672184483
41.435288433876 -88.140584627713
43.526210760498 12.22682027578
43.221803813831 13.382765951766
42.464325127895 11.960618569984
42.013451607925 12.139705116947
42.064432024075 11.885881581312
41.712995519495 14.928036871587
42.686980582183 11.851982593954
52.166075416685 0.050907217869962
46.931432251575 13.031799516444
42.760224392081 13.375962212412
43.444879493904 12.009391563039
42.247349351315 13.222296433182
42.938604592338 11.891761081729
42.435817207899 13.50514020517
43.120958491772 12.923421503496
42.937646736849 12.359678023683
42.345261254995 12.816449359926
41.849403364535 12.739983989757
43.193179913907 13.124403298911
43.706976327464 12.979104597133
45.201551259498 10.604752132695
43.577032630156 13.726000355916
52.169283946822 -0.66026527936117
51.998577198246 -0.35021358563574
43.43881971365 13.721058522708
41.853585627814 13.065378689259
43.201288202427 12.942809765222
42.142679407349 11.959611605389
51.947327161649 8.1287556067709
42.451179445487 13.617477776791
42.455698447535 13.388584818427
42.497114794116 13.575602004128
40.601824728273 -74.994704072958
43.807943124256 13.043553012465
43.80134067817 12.22521415086
42.652599375554 11.948522937481
42.190920380985 13.666981668077
25.48650330978 -81.108039444172
46.284150582871 1.3501494691475
45.805430498349 1.5733886345166
45.370418855075 11.438133727705
43.178142180305 12.086049165638
46.558566373102 1.6750705766841
42.411245952573 12.971746339936
52.390521720001 0.46713020529465
42.554829231743 12.230608204042
48.220558613707 8.7301035973908
43.533823734885 13.275231855605
41.957635454369 13.40085467717
43.329799552157 13.457239551238
52.51127455281 0.48355877955811
42.781349533622 11.907610700444
42.005772918952 12.560052433799
42.533354612337 12.766709421208
43.193362354878 12.48371787813
43.979811129369 12.98763224089
42.003992765699 12.32664933073
43.151136187928 13.159446442595
46.228109282082 8.7446764841418
43.047050579494 12.666856278531
42.405739585732 12.892100321356
43.097679747102 -83.426554901466
43.293159057544 12.048728508918
43.619814765018 12.923909381949
46.666677243387 2.3282946917826
42.296887181859 13.204604539671
46.999256448142 13.821120962671
51.758782301917 9.6708274468178
41.914505211152 12.073545355871
41.49561025194 -73.644301000483
41.840785230922 12.301944181019
50.617570341387 8.9582039420298
43.691191031475 13.563998432648
43.778596405323 12.360752565044
42.408875050235 13.200094779136
51.713137862605 9.3105738373988
43.701913676107 13.276385831331
42.298379835367 12.133461184417
42.058558284353 12.795312836692
43.254955103761 13.260199385837
45.849454462854 7.9911727186484
41.852858006441 12.572669265614
50.406414575133 9.6921516394672
51.999529730296 5.8018635250869
40.207454743578 -74.185669709681
42.073170820306 13.139477164571
42.056777063339 13.720838478657
43.04545650682 12.742428431654
42.139156165619 13.292009557289
42.181351612427 12.947995470834
45.857296151974 1.9955722666325
42.280661651085 12.616592110908
46.370134564093 12.849159448829
43.426477086019 12.907491108846
42.71751046775 13.787126239311
50.711177599482 8.496859356061
41.974545406187 12.11601909956
42.585704839616 12.25276386612
43.653771781222 13.531562326279
42.501223986291 13.492542320647
43.374738801932 12.439328451866
43.195388526768 12.074545189328
43.702910442254 13.041880016256
41.87921116125 13.127215959678
41.84245000821 12.985945371925
43.818709064677 13.744868598315
42.489617887202 12.443853913103
43.749811409411 12.248461134403
42.383473787191 12.363254638579
42.09180594894 12.127993744879
42.92366494982 12.132078976453
43.768445681694 13.121017379764
42.02962075317 13.197644425203
42.722273219268 13.366105316864
43.05699968529 13.13690364183
43.347291012943 13.198128539251
50.224955014989 9.127120010614
45.229419414221 12.303829990889
42.882140067372 13.025415588203
45.817447455513 8.8180577492448
42.372404135958 11.874983045701
42.046638499057 13.190944539493
43.660983422169 12.063061247164
42.828697298129 13.190384963637
42.327252049172 11.91735118067
42.452252786372 12.28311203482
42.47532717675 13.216103521297
40.985231048572 -74.605320876878
41.162308077555 -74.459429619248
42.642640804261 13.623856569021
43.755523568392 12.948524236676
41.200764233573 14.702060792245
38.238553742232 -76.843069530444
51.013743143535 9.8921199785043
42.850481424432 12.977918844215
43.697150275923 12.043373974547
43.615337937912 12.594111449849
40.235597095714 -74.692491095967
43.000119280557 13.646578590708
42.906999155391 13.103477624314
43.176902902416 13.25036956989
41.406588291159 -74.182241089858
43.213309726333 12.765103763347
42.020821395826 12.812215149336
42.018912424829 12.754326849617
42.561899135638 12.093705189945
42.250666706495 12.17475068626
43.773254168601 12.009161428574
42.766700766893 11.878194222657
43.014649104355 12.424754764172
42.48159995234 12.297094229768
42.14631067691 12.733028524918
42.075578228627 12.87468945371
42.890526779897 13.734268523184
42.811205871336 12.337584582801
42.514001068919 12.895704154829
41.882486218553 13.500217036598
39.978116244673 -74.665625509219
41.872449275533 12.187783385735
43.694188447082 13.284034967576
42.657695270005 13.664200544222
43.018870526955 12.024761331766
42.923023699302 12.531686227106
43.417615683499 12.642279300227
41.977822039287 11.866893099114
51.295304202845 -0.40061321831802
42.572509822258 13.227835096546
41.99583237201 13.579161415167
50.504145808869 15.642608086179
42.48640981481 12.396141596344
51.179263727357 8.9780875514159
40.770249693234 -73.725631808866
42.915444790367 12.720246745164
38.847459388069 -78.2067405596
43.491130392971 11.804036592927
42.343414955488 11.903316096379
43.128274215932 12.739409673859
43.542023764731 13.747893771526
51.100077666622 -0.83169873521742
43.328199891082 11.869928108023
58.637025452795 14.069098962342
42.572207846035 13.036530270279
43.708165162594 13.478385253122
43.196826230847 12.256693723286
42.349151817334 13.284775325716
52.198672369349 -1.0585364487927
43.161841258037 12.162428469959
42.987553592787 12.864810413639
43.740760563307 12.255368463369
43.763610483989 13.445530507942
43.354561828729 11.968991165056
42.638602925783 13.352351067307
46.385739804681 11.926552928391
39.797986874263 -4.9938849545987
43.733770245444 12.567955237172
25.604729655929 -80.541179829339
42.245447176178 12.048895428467
50.053368910706 8.3406231642424
42.340754297276 12.812446724557
51.185896386342 7.0549668844602
42.007585097827 -82.939066189054
43.346943550302 10.61880059737
42.216570743016 13.265492933016
43.082928865742 12.825254597175
42.233758250847 11.955390213523
43.512753557208 12.077055366767
42.636274989546 13.720525324701
42.480930795672 12.100919135449
42.737727864544 13.593612606003
42.641091158467 13.205213135225
51.406419886931 8.2406022903698
44.531770072056 11.139849191315
50.205580783289 15.300900764205
49.862733987678 15.259841995202
43.395483372473 12.710471304485
43.706854491845 13.432214819117
42.920977028537 13.300769233772
45.837839844561 1.7145201040965
38.398916436545 -96.256745360911
42.103594554192 13.334633325869
43.829729241726 13.000838920495
42.995193333849 13.623862802363
43.150186726914 12.923236357499
45.037710689491 2.5959388234634
42.02589093478 13.57624165929
42.025581460479 12.260198485714
50.759075972139 8.2399955108948
41.881007526501 13.405718652276
42.096325760773 12.101100284209
33.343931236178 -118.44829557467
42.909989777 11.979414849554
43.368720038987 12.000947563465
50.713971553237 8.2795847092194
41.916573857871 12.570525735438
41.884166053463 13.715589192119
42.245147562721 12.662937293159
43.129222423385 13.063674729834
43.435359607209 13.292429386795
43.511527207939 12.392086624371
51.068031555306 -1.1050292212586
45.273432938509 1.3902322134889
50.92626927743 8.7831641504463
50.698026776639 9.4602803031263
51.715931494122 8.9308502045138
50.826420222794 8.2123427857702
42.511334266773 13.496150287586
44.59097037904 10.570975798844
43.123035351358 12.314228635914
38.238074626802 -121.95179175832
41.856952153566 12.801331831536
42.413921843497 12.649848771139
43.374558975184 13.62193536091
42.094185551228 11.876838062854
42.274662526939 12.529650149203
43.40561398 12.826551245931
42.739764108688 13.022082380516
53.137702708895 5.2668595786751
50.701465158584 8.3359185896515
42.028038558584 13.007316622442
43.460710932736 13.283279495932
40.238304577625 -79.510063040551
43.517033119948 13.140076680661
43.103290995186 12.240270398224
45.169199733261 10.808653040302
51.062550782022 -0.90309961746125
43.517583016103 12.473269571326
42.326636611657 12.051954070151
29.144807113153 -95.510366708571
42.118570988608 13.293674239581
43.00423167462 12.4831304534
42.404120750934 13.078723114973
34.433926814943 -85.341941920175
42.438343830166 13.25120996232
40.648328019127 -74.855624004712
43.021950902914 12.058540362913
43.395556539037 11.967047097633
41.891360728041 12.443676238176
43.092229150765 12.49752377092
47.753550000374 7.0104054254528
43.036362016611 12.128529478877
41.94681253051 12.153756869584
42.655090275547 12.54411135362
50.72040069709 0.65253068046497
42.282492022648 13.386918062545
37.239168167344 -122.6280430093
52.737654918098 9.8574756424188
33.221295688118 -118.42283071812
33.82178853229 -117.76718774782
51.851901805425 9.6109812420844
51.656514855175 -0.81764054434729
46.285415657791 12.62814033731
42.289331931777 13.352762867882
41.837993837373 12.713978038989
41.837855191381 12.652936292672
37.234038672902 -121.0801921391
43.760575820136 12.648779598854
45.34763778157 1.9106706380428
42.769269071433 13.323983263396
42.451122132361 13.156904649549
42.502238406123 12.668638159853
42.014162890641 11.9018845828
42.709216504709 13.062412394726
41.557161380778 -69.9567763109
42.156603514311 13.125791371414
42.053595168562 13.240252539183
42.675539375618 13.487888524557
43.086460391586 13.48361763243
43.129896977185 12.791443385648
42.1885983959 12.982223455807
46.951602754161 7.9305947320213
42.48806810497 13.344674579049
27.885051352236 -82.075957793434
47.920726752803 8.7590080889682
51.742442322542 -0.55823652849916
41.845781340213 12.517812864651
43.289477251626 13.574458546294
45.039597209561 1.630569729782
43.610577722385 13.006261855388
43.568693809497 13.284044581153
52.757425077992 -7.1861416501572
41.976493841513 13.796685255525
43.394169810898 13.323369468734
43.711974026522 12.401617998465
42.492108344816 12.078543593233
42.471956649105 12.851965344463
51.456826283344 8.8627943307454
39.726971537387 -78.145619860412
40.440989584138 -74.535668818325
42.802590063702 11.930796549179
43.030287240667 11.976070967513
43.503302645659 12.99655871328
38.205627842718 12.851886042956
46.570039497954 2.1243510270139
42.8936709142 12.812157945641
42.891879559 13.348007379283
50.511843506485 9.0565738855193
46.260364160063 8.0555522893814
45.511964987271 1.2585213274036
44.051035440274 12.692503524263
51.728318888568 9.3995181407777
43.64454607232 12.554459583759
45.146577741018 11.608129781419
