42.341895974421 13.318215666042
43.342605790304 13.766531148838
42.37568500611 12.488191359925
43.755389680993 12.594460474625
44.921007526818 8.9228992638961
51.351479764959 -0.50485761306009
51.146741210784 -0.57517813690247
44.073755483249 11.162280010484
43.135972253997 9.7966743362354
43.468675513525 12.441712900292
43.432128267119 11.970543079551
42.563404897046 13.244230643981
46.684817383385 1.1088748216205
46.652927332862 24.070962583214
43.438211534397 12.531434800279
42.724116574865 13.034868694413
42.637777665482 12.705354604754
43.349739925188 12.372164337624
42.074560213424 12.694067812403
41.847493925548 13.179981393844
43.055996106519 12.693031077617
41.939298124977 13.086990057087
42.99886783913 12.24876676141
44.02916870482 10.234591948464
42.833157329763 13.64390687956
41.903616450703 12.754455857351
44.305140830325 11.867815970265
46.907885352107 2.8997960127424
43.147539919849 10.438418153295
43.981643609766 10.560342240757
42.071115767172 11.881253931171
42.255788596021 13.472487491331
43.345326838526 10.692571490881
42.408631316132 13.051475734495
45.043903246824 9.8130617113124
43.779972727795 13.338617021397
51.110187036968 9.7040863720254
42.590465582738 13.315295472909
43.157834019658 10.845141913088
43.118612640036 9.4537286373548
43.659771979183 12.721956253875
43.414955784781 13.471583789455
46.109811496041 1.3128418709677
43.273427586918 -82.826865667604
43.279038814047 12.346291433736
42.853743818541 13.566307002032
43.092340427981 12.438442351056
42.668469445181 12.84863943462
43.447014845671 11.987335251194
42.769016905136 13.061631915209
43.089322125136 12.285966047706
46.636331922205 1.8284037191553
52.11117033782 -0.48712971508369
42.781830995729 13.630618859397
42.365560911321 12.291776271694
42.957705787384 13.601728678517
42.466778331209 13.488956567614
42.637946731729 12.735482379692
42.422088969251 12.530862702791
43.478838541323 12.633906738217
42.802170245371 13.023317286777
43.230564457027 12.415724269329
40.95074123815 -80.588495135359
43.308429630172 12.243124274671
43.428987908864 13.215807442209
41.882657522768 12.367120554397
41.857906483534 13.269945258421
43.619451677624 10.872091863082
42.458214764252 12.469156028011
42.992741331476 12.023806438813
43.406620720337 10.350731363052
42.03195288129 13.726301303027
43.263153378064 12.831199997978
50.878232484394 0.66095539534044
43.079982269148 12.431857703941
42.854818129865 12.925047304002
43.448158120966 13.652891265553
43.660975824439 13.432987408935
43.348680694566 9.293999230647
51.108868896081 8.4712814546522
42.957338616253 12.845004520794
42.885416801521 13.319989614824
42.005886480236 12.811984695893
43.208516132721 11.030603922985
43.759334665632 13.590352919714
42.518714428676 12.241803998261
43.650744102754 12.36438784488
42.779211890802 12.719636724221
34.310534011102 -117.38192294579
41.852670216885 12.671155830247
46.10805072915 10.096152688284
42.385607187837 12.241978630557
43.83664132794 11.275161366921
42.040766491248 11.81725019748
43.060750145049 12.475564101953
43.014474177295 11.989484109001
42.051178088457 13.544899983606
43.433325709998 11.995248597134
46.633946268903 13.664103709259
42.03576771034 12.725961559346
43.399940040635 12.261436978498
51.169308827803 9.2915924509482
46.203044768052 2.4135599101025
42.250666706495 12.17475068626
50.622477865136 9.048592577711
42.464021795201 13.684253464793
43.21944065544 13.62783433342
42.314288739282 12.728278799808
43.696962033744 12.799617485071
51.22227795479 9.6264988508199
43.830006939767 13.82387367397
43.368293738953 11.842372790001
42.955030650366 13.606412571227
42.193721141312 13.196407026258
47.655897213452 7.3118767418488
42.144356583799 12.871593059467
43.759934774975 12.04022227837
44.105735707428 9.5588225273434
28.891865049447 -98.717858586356
43.192877845321 10.758587846981
42.37965094737 12.733022349318
43.783913467 13.626815914489
42.085456229807 12.634972157739
42.934482342554 13.240661912265
43.771166132938 9.9695296594941
41.957289513202 12.4483204002
43.146843146156 13.116098803077
43.533759576072 12.66781850984
50.96802126801 9.2815373224586
43.09758509935 13.079194756283
42.324569570538 13.569332791778
42.247450872461 13.011414400794
43.451682362308 10.136905345759
43.464679896138 13.208355534474
43.176832436222 13.294578805258
42.89468363204 12.088193128413
41.910935989095 13.482352639328
42.31961818557 12.471223712045
42.282327066328 12.202072314102
38.217940527116 -97.664260980982
43.155648191087 13.37538360917
43.831907734218 13.209739967834
42.185933699473 13.768791605166
42.880886322784 12.455829920015
43.485345622772 12.18152456648
