35.992862227424 -78.307015971048
46.075469364938 8.2554258572196
42.280612798559 13.679361988662
40.999170302553 12.390283792273
43.52805548933 11.990646419132
42.207834929346 13.407201130154
43.312418101522 12.805489554466
42.802520921849 12.068475263712
42.789619109051 13.380743778043
42.123569293492 12.87713446092
43.535479357736 11.914034803845
50.596703647914 8.5236417322995
43.704239221173 13.198017973566
41.842620253511 12.90213801849
42.511757692116 12.349670505335
51.774314564082 9.2933856487709
42.496831021524 12.357516914794
42.897596999511 13.779985870153
42.696850568867 12.798172473369
42.41731297712 11.964373717555
43.34687956534 12.232705635148
41.835490067434 12.989599077979
43.70839189354 13.358969948908
43.719578858355 12.635929338485
42.836258520317 12.070093699319
42.257144653379 11.833879892658
43.212701222979 11.901297633977
40.201392080713 -73.365168045957
25.850185537624 -80.058332581376
43.707339796122 12.878875228541
42.156673249417 11.982272008447
50.746568032422 9.1460516676987
42.145051704808 12.275173321515
41.52317017822 -75.199418128692
42.005772918952 12.560052433799
51.955419911982 9.5367360983681
42.28430015516 11.961085622667
43.445754803946 12.587489819449
42.296714597541 12.66387826377
42.456884366228 13.710471303088
42.936090539201 12.988886235763
42.470881480033 13.503311406145
42.348908259251 12.251727637042
41.904637909005 13.223895878191
51.364189277107 8.2660746435942
50.887230297964 8.3376425669238
42.73256533536 13.31035904696
18.456957636011 -65.372992716021
42.372651973002 12.960784669503
43.101875720614 13.389119627622
51.510198121197 9.32436510144
50.858778650108 -0.60481472952049
42.910222031621 12.797587199529
42.647051311886 12.282376913041
33.503178043339 -111.11093003076
46.280226716902 7.6334050053886
42.274045909438 13.319102116099
43.416662406857 12.699125430428
42.8651810139 13.173071055309
42.215271380851 12.916478310228
42.062642108699 13.572312155095
40.540104904615 -74.254634486296
43.40548958045 12.62050254022
43.784600573047 12.588027224705
42.879462063277 12.514662116561
43.133282168386 12.122975145079
45.584075997043 11.541976732987
43.441766758676 12.668048388657
46.334465032159 9.7326221061557
50.982523096019 -0.43386273856454
53.414538325702 6.0227412266064
42.641768315661 13.058299953166
51.742486392959 9.7302752918239
42.733038822551 12.898148346666
25.412722006615 -81.090961192587
33.968392015134 -118.08771718885
43.683944660578 13.140706712467
43.575763633298 13.522642006431
42.81681384978 13.221820164131
42.621705098854 13.221697172274
42.978927780885 12.166418087767
42.683297279164 13.752019231113
43.582197965415 12.577141852408
42.340277096436 12.386375582512
50.49299779371 8.5347743735345
43.513476428836 12.932657618065
43.625935848183 13.415254979609
43.091160561487 13.146676630337
34.071388333643 -84.218361987741
61.340306529002 15.483719394768
46.750401082332 1.4182765513744
51.345568979786 8.3883931931986
43.545381934657 12.032666148654
45.878309689454 11.352734797098
43.676788695958 12.413768164562
50.897895150305 9.8417809064695
42.356447598618 13.649859310451
41.889800187636 12.404228274454
43.091213062469 13.374600831615
41.860001150009 12.835976803154
45.693626936382 1.5677369984648
44.203963602851 8.1938648060168
42.732432560426 12.723632115763
42.277755375636 12.735526532764
25.354006473123 -81.034419740842
41.878102038951 11.941753307817
43.396201860831 13.134041888723
43.611402366616 13.590662469918
46.006402980539 7.5221538262079
53.024157925287 6.2108633916177
