43.604681272362 13.81776536855
61.471397393603 15.86415533622
43.047374990812 12.499066155192
42.243299781013 12.065024369913
45.402191527187 12.279314658057
39.055198565405 15.198820498629
43.272037961202 13.669664177911
43.198201579155 12.40097693235
50.699325413303 8.2548311470332
35.775562371078 -78.277816002477
43.255861658743 12.061990040404
42.458020394437 12.807158341563
43.479688682372 12.837145867237
42.642767154001 12.716951468849
52.116193063611 -7.5756619798838
42.322360384915 13.828463719633
42.712155926394 13.190048997866
43.092526780971 12.331005337358
43.692213495605 12.292730913655
25.543049409756 -80.4373514061
42.470388409456 13.737202467295
44.41679007456 8.0245710757931
43.754139922466 12.44563947734
43.189217006897 12.68680014961
52.456322157735 -0.76045519526603
43.001917931739 12.579522107087
25.357526656855 -80.041146685664
42.246685167445 13.726431946629
42.819294115931 13.423161785336
40.542636858738 19.288685918501
43.410678436261 13.383234362783
41.839953581749 11.994596528839
42.291120880906 12.164520471454
42.146474476527 13.595827599355
42.771822280165 13.051576774612
42.77891498889 12.27821894657
43.763251136434 12.011415056445
44.698553180207 9.0104830467191
43.221803813831 13.382765951766
43.309205977411 13.303103495086
42.168508595886 12.423267596154
50.491637681374 8.463947838854
42.638021136952 12.369423047367
43.761412388555 12.776238002266
42.881964693743 13.315947414078
42.766592689236 13.051344865512
29.805367166383 -95.404746485806
42.262462078271 12.754323123861
42.258287141241 12.377106659311
42.532447732323 12.60892272352
43.374237306611 12.454882599181
45.703873551059 12.058410813151
34.125002274161 -111.23440767697
43.757171356958 13.434109856598
51.120709891953 9.7861598859477
42.346755836341 13.612242003278
43.492124337488 12.054260417865
42.102327391108 12.124418032435
42.341656184004 13.176068836926
43.660087824662 12.191779024078
52.660034760907 4.8140525506176
47.072507151902 7.212213557778
43.591764885297 12.501146978022
42.280943361263 12.769209505904
42.589994933752 13.004687440605
42.901646199611 13.586723493241
51.610915405495 8.7149805071368
42.694351781504 13.451071511719
43.437265671083 12.506693691272
43.7090510492 13.518069092447
50.705002033014 9.1787745683355
38.195833194335 -77.536593044851
52.26175904356 0.37768378959396
42.534947996298 13.368707089412
41.937713918268 13.271444820946
41.924384634928 12.764549744692
42.470749750508 12.833585862014
42.574808595991 13.545181093081
41.99839351142 13.086685060119
43.161728792455 11.905945231184
43.063322044494 12.539417122763
42.534124148348 13.023489979128
43.392826697993 12.49556311152
53.844801890592 -8.4005140054042
42.927102636533 12.721797781422
45.820306191137 1.5977230400768
42.791751020046 12.375195943946
43.746590337619 12.30506725579
43.341810336982 12.77514413503
42.09805246263 12.637953585797
42.81466483877 13.641816079471
25.252729442071 -79.700501739183
43.00797581256 12.186010028809
26.531842780064 -80.349354595384
43.573043535286 13.159267312011
41.865589704789 12.233599422164
43.51513012059 12.922783528905
42.755043882318 12.505277774553
43.463392849783 13.468790967722
42.16415326959 13.123533132565
42.748496645034 12.023272865018
50.394772412905 8.633641846773
51.782257639003 0.72955454262885
42.384175491254 13.273468000497
46.613727708545 -122.98642139936
43.029628200026 12.645336439689
42.783536020587 13.30934141034
50.054789880316 9.9150178706809
45.473455823059 12.000555743717
42.603745598648 12.152386626321
42.562920835152 13.748072287437
42.2071699003 13.652422123448
43.568036556064 12.209789997551
43.251983271119 12.57189435168
42.907673465066 12.896816310911
41.862137600271 13.51627826158
44.14107302506 7.0978157592717
43.784612477212 13.710588867197
46.828691235198 1.9933189419067
42.455230565975 13.348901851286
40.29261698232 -104.92942260956
50.819475409025 9.7862630895275
45.113046489706 8.3866718314992
42.799849902673 13.404780293559
53.978339314174 -113.09733643807
43.062900434764 11.852801945479
42.638781498039 12.556783862227
42.138398554262 13.748731386752
43.257882629662 12.798373122627
42.438806029728 13.314983852375
43.093718609372 13.359777502904
42.314288739282 12.728278799808
43.034821597896 13.377986011758
43.651806856364 12.773549256296
37.305320879122 -121.8635860513
42.941341955208 13.033246808722
46.287595486222 -114.90214067889
43.153639286849 12.01612915474
46.462662537332 2.4358288889918
42.323070834097 12.147674969953
41.761627443641 -74.625082602681
41.482036130413 -74.80281692235
43.014706531102 12.876492415518
43.106910036482 13.017429881758
46.28880186483 12.012237894261
42.485036081416 12.953125914092
42.111864364313 13.6613425802
41.837578004171 12.12685513225
43.29638017078 13.381340757211
43.005461575487 11.929389027867
50.995031315598 0.73360488592815
41.933850389895 12.256070516212
42.418114131532 13.410010761793
42.545248041204 13.619042105816
46.075017018279 1.0825140704785
43.754259816277 12.411326256328
43.225251888982 12.397037167308
43.481874234288 13.158915164975
26.079421100227 -80.684166540986
51.946432018162 8.0081299440973
38.943020879439 -78.137189330091
42.143681579823 13.787773867526
43.021892200255 13.559872945121
25.932460089166 -79.491429810916
41.939428777427 13.003619576361
43.831561588625 13.647226050353
43.619326793432 13.028798488469
42.081759508758 13.230395012663
42.888805537454 12.320156587924
42.42708389483 13.288926073506
38.177883571371 -121.70858323978
25.533171502173 -79.457882399228
50.699146605422 9.5458245829427
42.70911180915 12.966396199079
50.437904930877 9.6120631069001
42.111205984911 12.11965111092
42.264897278189 12.457382795169
50.038828081004 9.1502662446118
52.211998954747 4.7798623154079
43.67037163615 13.685653500599
41.990652490424 12.920045223071
43.544940112433 11.875283113644
41.841320870391 12.194276137855
42.081621708407 13.418813490991
42.302379236253 11.894521412877
43.134277966423 12.824542509797
41.84601076175 13.242862548348
43.396551790853 13.704160045716
42.351642171571 12.815125386631
43.11571929425 12.367515980924
42.56691748398 12.29126001491
42.906123590633 13.730405766412
43.758386984842 12.443493094057
51.909119884441 9.7283783102075
47.041748760288 8.4576621779509
41.625446807093 13.013526296526
50.881233649739 9.3628798375665
42.121449572112 13.701793959246
42.706615213655 13.400671394284
26.289223169094 -79.97093495194
51.530750071179 -0.14292572217664
45.391597495992 12.311747556628
42.024445266961 12.953345949761
42.747667122536 13.217596337322
42.760874922297 13.691312844742
25.886775019043 -80.36619044233
43.363257752922 12.617290887824
46.906400905413 8.5496914761838
52.928566128215 4.9694779832938
50.343836947504 8.3616926303886
43.21968146519 13.421905749695
46.219281323219 12.002280747703
43.769607453986 13.03866451936
51.666455388612 6.4043414628386
45.920765399128 10.910840107529
42.11859416038 12.841798447486
51.429743678509 8.4069551887954
43.260077530195 12.942630937317
46.424094679032 7.0590164503357
46.16153835699 7.6138967497339
42.39114275595 12.223117621275
42.769033270336 13.297605411775
52.561544254872 -112.37795079098
52.098135113063 5.7482076562001
54.246860005265 -113.01963062912
