42.981597141608 -83.535004997617
42.323339424966 -82.120418113454
42.420568535554 -82.722799172237
43.059122268858 -82.908022037872
42.846402174976 -82.394656551462
41.737822123935 -83.348767772221
41.768873810914 -82.729205100878
42.839673943065 -82.378770311281
41.363039508885 -82.210682219665
41.629531830165 -83.045744695929
39.416371395535 -83.268131467816
42.143911645137 -82.335742827403
38.98142851655 -83.310276782462
42.827473960525 -83.581828594686
42.743892229297 -82.825241359542
42.90708130526 -82.958458204942
39.904077981549 -82.331809922919
41.66315826178 -83.402339288894
42.425378301167 -83.08298826056
42.123960273652 -83.359071437178
41.55426650173 -82.630144336296
41.363881909712 -82.594020309411
40.848453886732 -82.978794739283
42.087741644416 -82.395791015979
42.105284003378 -82.611537416492
42.357630933124 -83.425898904386
41.358525132716 -82.678176675515
39.28750355089 -82.504183346817
40.468101050666 -82.039114450916
42.51862897075 -82.873907141536
40.772114200407 -83.394575176656
42.731220358646 -83.423911329763
42.053584292344 -83.202601305045
43.314545554975 -83.504973167065
39.354698834849 -83.189097992561
41.768586851337 -82.75110196797
41.608282084648 -83.201757897924
43.197817036297 -83.125943335039
39.282604830932 -82.364402501259
43.125637074779 -83.523466654573
41.817319076677 -82.238399268446
42.089946943631 -82.840542100969
42.408677251988 -83.057542330354
42.021566914193 -83.068252205156
42.550461292311 -82.914491064548
41.628642823162 -83.520146882611
42.011569587773 -82.728612285188
41.336793106926 -82.281899265818
41.68961099453 -82.93466759677
42.832137090795 -82.600456891137
42.830281546049 -82.064835949107
43.240943363302 -82.981254982029
43.1505599095 -82.599563450573
42.887470642772 -82.727835123508
39.558986976999 -83.382984059752
42.044240115951 -82.310508646423
39.909623058001 -82.183045008948
41.885981651689 -82.212002898407
42.141933088045 -82.928483353636
41.753106277109 -82.691489869327
42.165918502822 -82.939968969387
42.700442497267 -82.699272988431
42.60275783257 -82.683107221559
43.017356310302 -82.450813707381
42.616870355868 -82.150533922294
41.838434122216 -82.984587449315
42.094279726799 -82.844881030866
43.270100159019 -83.215391888125
42.658495374584 -83.442671607662
40.830834655939 -82.584145601822
42.662420209594 -83.189254259055
42.409849906785 -82.053301624255
41.403906309022 -82.755290181469
43.286328141499 -83.607249811316
42.756633523061 -83.369951275091
43.273427586918 -82.826865667604
41.66005888032 -82.114754467066
42.670106517187 -83.564380308439
43.478140461037 -82.851551000128
42.145039668162 -83.145943497117
42.959050266307 -83.320162776748
42.498587067725 -82.421203259782
42.505601308332 -82.0591497554
41.621071615334 -83.336767088986
39.305430326497 -82.693049536272
42.81604544649 -82.832551105543
41.54231630037 -82.525241024778
41.831997330476 -83.431425664051
42.896626780015 -82.580112955079
43.248335349277 -83.164215835095
41.620533808677 -83.405965064117
42.661831610001 -82.693861008221
41.908578628885 -82.972084806961
42.054955079965 -82.438618411722
42.60174395244 -83.34120875587
39.184152832336 -82.546367797501
39.757653063977 -82.280748589272
41.530024747801 -83.229651456835
43.067490495962 -83.211184083146
41.363437729379 -83.422555812573
43.096596957483 -82.907294123132
40.176061658732 -83.008773254877
42.239559946947 -82.205910858536
41.492319399043 -82.373721555257
42.485293683144 -83.525954838829
42.753420405695 -82.824757784731
40.708976399715 -82.293047346602
40.379774948754 -82.685043489591
42.442761414213 -82.797578962633
39.846383875084 -82.964948251389
42.730867412535 -82.183060630517
43.311214211796 -83.510908015052
42.533811681475 -82.881245336182
42.549825480019 -83.26452628366
41.669519280183 -83.144888407825
42.746698382446 -83.051057768285
42.739845979626 -82.208553307528
43.249269313083 -82.243763484382
43.196486874363 -82.764025407475
39.194898657121 -83.198288825144
42.040718247455 -83.436175282058
43.267367503518 -82.394115663059
42.058633002734 -83.478183969354
40.249590817951 -82.449686327404
42.164416375435 -82.132203472581
42.801653052842 -83.254659153847
37.613873713611 -81.365592504722
43.051373828946 -82.401422897748
42.261414940379 -83.149158977714
43.141228765569 -83.261623263688
43.306206553174 -82.17178219539
43.097679747102 -83.426554901466
41.546108801426 -82.205500210473
42.291764080448 -82.81553999533
42.269247796533 -83.25788671459
42.739070654048 -83.572326108821
43.316685796651 -82.261257229702
42.426700812286 -82.326102189147
42.382615359466 -82.58850686859
42.204216999816 -82.414767781673
42.676235731794 -83.262860906174
41.71753354476 -82.26340966565
40.67577094476 -83.266306707937
42.231018300995 -83.427799706288
42.401305940909 -82.941672718333
43.168354725797 -82.435050808769
42.197099625479 -82.326471905118
41.670673862702 -82.720082902538
41.519463527046 -83.376148111569
42.850928590817 -82.952638565748
42.433180247889 -82.140664289047
42.621724312271 -83.459810508836
42.294380831923 -82.33990313615
40.436704664224 -83.132180806022
41.486675066888 -82.242943753343
41.731081985066 -82.312475647199
43.245581649612 -83.165586517942
42.368852194359 -82.07936585067
42.916321004024 -82.74926710976
42.930890057458 -83.3135616564
41.822597845163 -82.680897582847
42.507729373431 -82.34040230782
41.523792101102 -83.341876207752
42.640466451266 -82.227589917682
42.559080375407 -82.270901231894
43.272115836301 -83.157433194389
41.403321135765 -82.793820071611
41.735848332886 -83.466765600681
42.031264560566 -82.072221464718
41.663496066448 -82.121913408193
39.532800989469 -82.545928892645
43.033756922734 -82.370135349601
42.113970615742 -83.464511805172
40.048823815071 -82.56389256393
40.565451000878 -81.908259798285
43.035600017561 -82.700060087324
42.908508513334 -83.064248514133
41.76167806066 -82.38424905987
41.589258452474 -83.436965591685
41.408078595974 -82.55095432326
43.161739412093 -82.820917732206
43.037088519233 -83.247086552294
42.832886434802 -82.465625755447
42.975335355159 -82.217930362869
40.491292970869 -83.379201479926
41.546062944965 -82.890275024034
43.214947638921 -82.698697977766
43.111937030525 -83.11132826682
43.278014936402 -82.139117996015
43.168636515138 -83.145590570565
41.710454519026 -83.360019256736
41.470847595025 -82.187289886005
39.968452324606 -82.360720355874
43.221066055245 -83.54233492398
42.783858569026 -82.058472753737
41.417286301946 -83.478651169652
42.672364094396 -82.541866481764
41.578056920779 -83.251605940198
42.589319539319 -83.151296393292
42.066423937497 -83.240850528556
43.284748391635 -83.3709653657
40.335276340752 -83.215848535577
42.378911191097 -82.471119812651
40.525962602122 -83.377265349849
39.823088031641 -83.064889508507
42.317696532636 -83.36211874979
42.441526266274 -82.519117185364
42.35605642561 -83.381005686449
41.449050543763 -82.781499315446
41.887636969999 -83.402977206674
42.861387200377 -83.453555988101
40.758081323816 -82.191314115455
43.17964919178 -82.344192729233
42.006589041348 -82.637161134315
41.4178205896 -83.440518192428
42.576404249352 -82.66458708798
41.832824067854 -82.481932654012
42.091303319967 -82.583694363026
41.980643276836 -82.345932442598
43.06975435727 -82.086219264442
41.709808892223 -82.114840523135
41.407238816355 -83.472774308602
39.633595163293 -83.381976304465
42.277718424715 -83.351869309692
42.728008515794 -82.751871582212
41.369513313246 -82.709648104457
41.465504952246 -82.837929761635
42.996473201337 -82.855483540008
42.680096849904 -82.504245860013
41.48351863028 -83.025945267859
40.919949975754 -82.429674053476
41.805336270645 -82.120645748715
41.961708797378 -83.520184089414
42.887592561744 -82.635681267865
42.851102348136 -83.255766963447
41.524990582871 -82.160823622069
42.30888799804 -82.70101209923
42.573469818625 -82.714937166385
42.231493974466 -82.620926326171
42.567655928658 -82.59195173325
42.878959818941 -83.257851507842
42.822724145077 -82.786037710603
41.718242400914 -83.484424882536
42.051326420436 -83.13209596536
40.946826106587 -82.665226338138
42.457946900745 -82.708162035864
42.374889708087 -82.885631578197
42.144965456654 -83.006435702765
42.007585097827 -82.939066189054
41.770819745575 -83.183939356006
41.550519742582 -82.906814453822
39.681021679971 -83.002421015586
43.259730588088 -83.084730400951
41.92843924252 -82.753852180298
43.233870903393 -83.211328914229
43.20934390079 -83.022794399163
43.225353470897 -82.720473782236
42.879311892867 -82.638653724028
41.870021667059 -82.579514918395
41.844492389536 -82.554463686421
42.900005981999 -83.408266398987
42.439419114489 -82.744261335204
39.190093504208 -82.969928676244
42.461034292358 -82.993624902069
42.830708874099 -82.46741272831
43.72928700865 -82.279002754316
41.674266205737 -83.167135319026
42.266352418722 -82.341942388
42.180182821455 -82.897645601697
43.195597709036 -82.961275562833
42.612797682247 -82.645634054249
42.243622214901 -82.357597143297
41.589140635046 -82.122318517681
42.385765441196 -82.467703172896
42.582172524179 -83.134867221209
40.645679080689 -82.806594318332
42.643383751245 -82.189390050077
42.353523783804 -83.399115804976
43.049476831497 -82.228164672234
42.067680201779 -82.391366622335
42.559795012746 -82.910495982671
42.72418790556 -83.487425758006
42.940473200979 -82.900504561302
43.159418139935 -83.314794127252
40.123694465083 -83.202461303949
42.044133690926 -82.875179678351
35.37856699633 -82.552259599929
42.984376074527 -82.763301783338
43.227493711176 -82.814717543432
41.56064172094 -82.263982431362
41.475249184771 -82.34674263829
42.632458944422 -83.349478077048
42.175427641124 -82.14952209899
42.62209441474 -83.246911027791
43.233026157961 -82.531372476358
43.244224262326 -82.212703802929
42.543487633154 -83.045216531721
42.550266421444 -82.111148793044
42.268255174539 -82.764972340879
40.053329111311 -82.886718023378
41.795304394951 -82.536256744983
42.197280364457 -82.614335064804
41.440747317639 -82.932981322211
43.072619697367 -82.429033775755
42.640007407025 -83.202836430468
43.29110687265 -82.187591345344
41.481027612475 -82.1512964515
42.153126776544 -83.19229293458
41.377189158426 -82.988028597288
41.697599946169 -82.037955461295
43.213520310707 -83.475045962222
39.943988197453 -82.506662573613
42.084802843458 -83.203300786041
40.689946060386 -82.694388940965
42.640175754291 -83.138619312357
41.337574643028 -83.179499685124
42.927561296836 -82.238530453613
42.573296865503 -83.375617427668
42.788797665543 -83.52644240948
42.073097015553 -82.211159978368
41.99937903627 -83.409165545299
39.716070531731 -83.130395453661
41.397720450043 -83.366675071331
43.292235181126 -82.970013538103
41.911030992612 -83.026477647234
41.355670546601 -82.75467056511
41.438789824482 -82.470819871368
42.69236499641 -82.765278581162
42.755612006085 -82.958658295406
42.553381860768 -83.454043779941
42.380165964796 -83.108637491965
41.567641486466 -82.773891505422
42.488872359057 -82.171172283411
42.850980449187 -82.246862002039
41.830472188711 -82.835305439439
42.974122941513 -83.205390384006
39.429702678425 -82.462336253301
42.035492010685 -82.097344622269
41.367971914314 -82.662519553726
42.074350069565 -82.95526567027
42.277288595597 -83.438752647435
42.820714676457 -83.131850295969
41.486256555203 -82.050463447112
41.610860404165 -82.312474211099
42.039531892438 -83.365196287544
