42.017424530844 13.136006263169
42.222284427037 12.717748606933
44.875714377238 12.183316305727
42.817866675492 12.649975212149
43.203534185537 12.085564657641
42.331539577049 13.244850583044
43.146067939788 12.162548015922
42.024454946196 13.808881605907
42.235009865966 13.418869456958
42.071809245328 13.370496256936
42.145365603357 13.820741675266
43.10762473948 12.924663259168
41.931622202497 13.200643381684
43.141315747139 13.702377207925
51.961598279402 8.5878342960905
42.215698928228 12.301843126
42.114050312042 13.532453360771
47.719635787755 8.3354277500582
42.541145481442 13.20938526618
43.074130014572 13.166180688986
43.30849965492 13.681443330239
45.076241256684 9.1241911799084
41.91290803112 12.246312923399
43.288392913683 12.944063945668
42.623199197309 13.388474839941
27.007187477299 -79.237602393529
42.051582391885 12.833411501664
40.855495920806 -112.59861351727
42.926222005846 13.57213315117
42.450166770488 13.239966084848
45.089887543924 9.8731596625029
45.314484704504 8.9199815138825
43.3906063975 13.23644077139
53.338996656397 -8.9258790486147
44.8366012833 9.211226632612
42.217952185899 12.823395075681
43.427984423224 13.360030351395
43.759809547479 12.958239108791
43.267800026253 12.726896811171
47.951496347286 2.2056009786266
47.619972843034 7.7906820116521
42.000704706668 13.633532337695
43.03527033845 12.189078580231
50.948170067253 8.8415448301665
45.200903009996 9.7597630025376
43.5464354407 13.015837704791
43.640335204399 12.518946963159
50.661259690608 9.2419684474552
43.781114282006 13.148578561001
42.544286290458 13.400556865356
43.502813732041 12.666097593825
32.956429198869 -84.344584896297
42.358360623197 12.11107477553
42.406187182968 13.175463144305
42.702384652918 12.568380651816
41.740592384347 -87.577467114017
42.879390555864 13.077652830688
43.606654600544 12.479398217296
42.517882493121 13.627883361966
50.712916581758 9.05173843077
42.956378574018 11.990965541469
43.788852575158 13.433575781285
51.43472436114 -0.47070100604589
43.340741175872 12.325947573581
43.170175559919 13.503431163518
42.030109663529 12.5442473649
43.459821184867 12.134343626527
41.947527551089 12.896838239367
42.264167315471 12.056831966202
42.41166906406 13.448994755509
43.436199680661 13.249902336996
41.901043936119 12.056890741038
43.092461276398 12.751663436553
42.758320218326 12.335042938767
42.526566758087 11.947277386669
42.744876449364 13.316604221874
43.45951728686 12.799490467107
43.551916914804 11.888320743541
42.758959673254 13.141660890629
42.045741214345 12.161691329028
42.007968111454 12.108649659508
42.63639478976 13.125307520465
42.317830638198 13.160280293415
42.243062254641 12.922702848896
42.786410785202 13.458861692112
41.848162429823 12.398352511899
43.342939812405 13.742730758985
42.079321816156 12.611365385659
42.425184832174 13.485758262934
43.832098064421 11.885174487685
42.949421638155 13.48532764033
43.437912012675 13.662151328617
43.766122520813 11.993739469461
42.357180069388 11.879818457609
43.286920434484 12.650868263885
43.28286729582 12.004218001873
42.930973556813 12.55186413396
38.770818407822 13.241620958595
42.687028712003 12.334689495331
45.595793926434 2.2777282149893
42.546967998423 12.391087730153
26.26566373521 -79.923818445073
43.227298425637 12.445775613417
41.863320496356 12.016652416467
43.002784877106 11.970908779193
42.303198835975 13.136536927513
43.1313837367 12.086104400517
46.315038354748 1.2978919312814
43.54901051223 12.98739751523
42.289167769409 13.158443707136
50.866276774959 9.2905857582998
42.752413627597 12.648134058199
42.914317570142 12.534013661826
42.726122861156 11.851199128617
42.564951226865 12.323136554737
43.219958936919 12.349024534409
43.20646107907 12.105853464525
42.590468075888 12.604622245603
42.298860815048 11.988683108256
45.410397097541 9.6916894304085
43.151723020336 11.876544293445
38.666383394861 -122.63076824276
51.108926645996 8.5494093036043
42.908539966193 13.018379750225
43.141654940875 12.129348063923
42.368947164814 13.576318522273
52.245586192146 21.245516996052
41.973534127706 11.975357432859
44.953033903429 10.309802069005
50.226217704116 14.951755401423
42.955030650366 13.606412571227
39.253722947866 -112.54475980171
42.205578758032 12.705906508375
42.771236190953 11.918723837921
43.360206461235 13.6702599892
42.544343844331 12.810506477419
42.43677237792 13.615647484856
46.768009019537 8.7697505677444
43.423800331759 12.58516321966
42.103776197019 11.934676619703
45.803863512261 1.7878771930877
42.592857023998 13.349725403075
39.622043172172 -74.16705195106
43.636929286961 11.895169878816
47.540239425628 7.7262193047098
46.736160328955 2.2253535893864
52.301901663561 4.8379940842688
41.852154948235 13.635696015638
41.979542351805 12.573755288319
42.020780938708 12.67764348291
42.362536888294 13.03253697561
26.419522202752 -80.30520778843
50.284500584139 8.3452502737498
42.426726875115 13.521868710204
51.809422150631 9.5456541606903
43.276851119158 13.661638233674
46.320264245067 2.3710737858764
42.769927213348 13.522648907531
43.638660186754 13.121443533416
41.930338608555 13.719046655001
41.871362868658 12.134996065022
52.414072776639 0.055205002867251
42.242273999512 13.4866490157
42.42000191075 13.505323069426
41.991130299883 12.092515022092
43.655787853385 12.648952022052
43.428706005902 13.606545755943
42.689945068087 12.920807203262
42.530147515505 12.290663264383
43.262703333659 13.430057793146
41.848467016077 12.476350228079
40.016344495277 -74.594740398171
51.692055002876 -0.88899542996613
43.660172554783 11.153646137358
42.058007150005 13.683519584
43.735298669795 11.98535638304
46.5733676914 1.6031828213498
42.243539311126 13.273346031233
42.785017148047 12.205392194097
42.629744913278 12.026176205869
43.69524437177 12.873210436626
50.905899640362 -0.11019061329783
38.786669387383 34.081624532156
41.111308468324 -74.752237450003
42.691688155167 12.702797491917
42.283535760748 -83.907427194227
43.54244161704 13.682866067033
43.52793760671 11.913252649809
42.145310156602 13.156713670214
33.376240644959 -117.35177133743
33.72764895396 -117.93755426144
34.164196697785 -117.93475026477
42.302495708385 13.277432642096
50.926024317241 8.5927870141309
42.295179405408 11.883927873303
46.05640728388 12.184536818219
42.776282844051 12.509193157104
43.707494229894 13.597086180766
42.060444592082 12.040589996653
52.71769890339 4.8078641095468
42.895700857016 12.209976873479
42.378950811654 12.944184545423
42.567254400166 12.891787065164
43.623310912712 12.552334777358
43.484078598455 12.190812341513
43.467834730871 12.731237192534
39.618751889557 -76.796980075403
39.711084596852 -77.3128821944
42.695113705816 11.975244099749
42.92926527838 13.73893266068
43.553287457488 12.50257759008
50.196166045124 9.5583125937536
42.81364783219 13.82880969526
42.716732394771 12.520803132358
46.493046536806 7.2527482594609
46.744919307877 8.0225914553844
47.894547765094 7.3126475905593
42.448558029483 13.755864747707
43.404715554533 12.784256416294
