43.191107265296 12.474928383026
42.249765135951 12.855775603047
43.191517222317 12.903445945097
43.718208186684 13.208960192396
42.670442495828 12.790875246206
43.344565633866 12.601901486817
42.328368595044 12.490400491532
44.091702544683 7.8317266490668
39.444823690425 -89.647030543816
43.272280790991 13.074660559241
42.481341586693 12.396872027983
42.80402308416 12.925025128746
43.239539780321 12.733449151636
44.261891349152 10.554311422212
43.445885779565 13.449705632634
42.323857824956 13.080073671939
42.181005915267 12.826980593555
42.070984649526 12.391633095423
42.930636109307 13.546566674761
42.433515741247 12.870823040565
42.545918521865 12.780893661723
43.445881908057 12.84453501035
42.336660838864 12.128172822377
43.745155071742 13.275539995786
51.873318286088 9.3189547743271
43.002845934615 12.736127447235
43.794141429867 12.682034723334
40.631047691999 14.186613189493
42.731672284555 13.058913468897
42.058188749991 12.4843138524
20.30080523775 77.433925969263
42.932280451049 12.277155541034
42.804439413757 12.547979938608
42.839651893305 12.190345572417
41.875827281233 12.188985000008
45.637504448014 2.3086149894207
43.567512241943 13.695023475559
42.338014342535 12.414710029242
43.768023119687 11.853744195727
53.212535106909 5.0047009821305
43.116633020417 12.341168002405
43.305897854898 13.572381890201
43.163552728113 12.226625331338
43.787364389204 13.735649502734
42.30337349947 13.022195671716
41.948906385337 12.317360591312
41.904195706802 12.265252031996
42.845971244802 12.802639953721
42.148862587378 13.388518329446
41.975481951619 13.646462754203
43.165958155045 13.01147383035
43.718358286597 11.780480254689
45.068952428998 10.892091989185
42.34004150349 12.210144734129
43.511105245704 12.279577071464
43.476653612927 12.840022287744
43.538948586948 12.528598155162
53.151214622264 5.1734333352295
43.367720042548 12.244078097534
33.378950512525 -117.74713671966
43.800547388776 11.844187933434
42.144337253733 13.136716670441
43.401929055083 13.756530826353
42.060334927452 12.496868916574
43.326373336826 12.663201316988
43.725706614447 12.208079649253
43.218724761747 13.378476673934
41.974361469978 12.689702548894
51.740020983266 9.5132098326055
41.882656733472 13.25603034827
42.550892825982 13.633534228745
43.449887791879 12.87468176797
25.138485026085 -80.119157397441
39.736616401053 -76.563792497607
43.130053964991 12.985793320942
41.584947266886 14.559498436868
43.809477963743 11.943336442112
42.389944904221 12.908954850842
50.010396505711 8.5394032641963
42.699529368311 12.338192326661
43.527694810449 13.819071715169
43.777107522274 13.695852306085
51.677190335783 9.7206397842246
49.154926174509 6.1377017479821
43.287925056803 12.955249684397
43.001735195074 13.502103599043
42.392630335613 12.658843737423
43.820482900304 12.261500036952
42.180165526096 12.979712717712
26.579880743075 -80.912166850876
42.629331781843 12.621300105781
39.465808635691 9.2426440341892
43.799718502837 12.606300744066
42.499258918941 13.381617075031
43.701661134952 12.015782275731
43.780575419229 11.914922922831
42.396910671351 13.104495897493
41.99994761918 13.110242506096
43.800903556331 12.32539759873
51.654870665239 6.0239183051856
43.610939508609 12.006596074464
43.500374139541 12.165112819621
43.785154353748 13.420055213601
45.337712991415 12.387281955344
43.719399778994 12.123115555927
42.748027839136 11.960446367974
45.278869484681 1.1237981361913
50.438783273305 9.6160849750117
41.874862870164 13.73451342144
43.445400999156 12.983056884272
42.526701431988 13.675613728222
41.950802755075 12.83543605119
43.101262758554 13.778604286175
42.309338053388 13.16910767053
40.087263975485 -74.041109706891
