29.031271792329 -94.869004342387
43.199012299182 13.607082625223
41.835023158174 12.367585532094
41.976744396622 12.486816420933
41.387829164363 12.8102967429
43.193373159616 13.254180407757
44.867545293116 12.942889310681
43.146484434694 13.006371842256
42.78634706318 12.313733220733
42.753986020013 12.587365841788
42.408513854003 13.195459271893
42.284715307564 12.239962264097
43.201458951573 13.350503889562
39.516060989299 -77.417423953456
43.164681623322 12.271434463708
47.694327274661 8.7972817354823
42.767492088402 13.04812468779
42.658591606982 13.65347519596
43.478004549408 12.707866538667
50.705411651966 8.0365655678495
43.819718411129 13.135247259019
42.455581091112 11.993109552673
42.216162780421 12.065679356042
42.66561668539 12.880940447527
43.238302605824 13.759158626573
51.516046696816 0.54863148342755
43.456171768951 12.8038266971
39.75588902418 -78.427886499716
42.17024242888 12.32980852219
43.567860795005 13.30790209321
41.942514299875 12.384835950765
42.266435242869 13.253276209952
42.538044547002 12.22918503232
42.190395722741 12.031406367233
45.464738541474 10.002359493984
43.2347741892 12.271902171111
43.053140516904 13.586129363455
42.883087154444 13.681981719438
43.552988216559 12.658305210855
43.59339624254 12.457953777864
43.776230233638 12.296711257818
42.916857479174 11.452068519125
25.783188790896 -79.344227237597
43.208248855198 12.598858457824
42.060387277559 12.106549759466
42.449700833994 13.766942043701
43.556322978158 12.045337299858
42.41047271502 13.442024889629
42.038720611988 13.312383875417
43.620094698698 12.406734989235
52.142499959628 -8.4214973875422
46.479839851838 2.6279295816216
41.910264526939 12.922116830464
42.532566009358 13.722564488541
42.005772918952 12.560052433799
25.093652539913 -79.153235748757
42.750754855478 13.085860494585
43.808646886541 13.470453966183
43.320765866603 12.785699125766
42.284888525181 13.737128664638
42.068315937702 13.311882212459
42.906711507566 11.954076384194
41.922601221114 12.503554063173
42.756510579917 10.158275247693
33.115014793445 -83.6600257356
42.25928763035 12.87938295115
51.977709082178 -1.0677085985326
41.898918925758 12.226033512629
41.954490247182 13.584092090199
41.973469444094 12.455819830066
44.981065461894 9.274356413481
43.792455707601 13.167681938136
43.629193329101 13.148440438879
43.514491676148 12.496712371028
53.548858089162 -8.4018234109515
42.844533691131 13.53281415048
42.585957570295 13.25238825255
43.74041292853 13.190871137304
43.08841855318 13.667294223659
43.825916274856 13.234790842645
51.057505816714 9.8951441882621
43.462437019454 13.058714660399
45.996527025939 12.303455413283
42.460586583477 12.971190678895
43.150649799591 12.17378476412
33.036311205682 -118.2928721351
43.286499107411 13.545784316301
39.699370666441 -76.722535121085
44.460491812446 10.808108835343
43.526142670573 13.721321854166
42.223364988001 13.221456421663
42.407504170878 11.978941239893
42.499258918941 13.381617075031
43.604880799842 12.274295471292
42.914023095257 12.400479637294
42.105618618965 12.532648015105
42.744389204676 12.881227823871
43.648179282291 13.003520528343
42.961862006694 13.686012940356
42.54607649827 12.663367824959
42.579702781339 12.346218814324
51.327578680742 8.5902171836189
42.28298059354 12.46392617119
43.15094269265 -71.625796852245
43.119666184375 13.069926495252
43.397879173254 13.37847136167
42.880832213408 13.651325632211
47.608196413428 8.3238916384633
