42.553152235969 13.234725331552
43.087219690966 11.901778519129
38.755274019135 -122.8563270691
43.213425057129 12.99702344278
42.381206062355 13.44089934299
43.057429819881 13.51257600149
42.404947465961 13.545778627783
43.581530773373 12.815388770709
45.408441161953 9.9838882905356
43.282807634365 13.777889519382
42.352107502239 13.455161028775
42.839655876225 11.872414601719
42.35772071099 12.751070648337
42.552687205187 12.920703351947
42.383103081225 12.103180686081
43.116551267058 12.641405569243
50.630973898168 8.9975559995498
52.586555528495 6.2138918677642
44.964386310084 8.5980426772744
40.001543068014 -74.446470579006
42.92961625288 13.348309622795
42.034043156697 12.41844605562
43.475933032819 13.794364755433
42.791827074642 11.915982214716
43.580103419547 11.942823178595
43.291532659594 13.452122015644
44.224021547953 10.964416235154
41.968642220373 12.233417121823
41.444411707923 12.237366955649
42.017365297797 12.660866349799
43.577036327506 12.530561787344
41.900950025742 12.966981879441
40.860537518041 -75.820928502639
42.451782029472 12.314417799893
42.991361997107 11.842989735253
49.558411319467 2.1307636805232
43.731791546464 12.521378758162
43.624019059664 13.100979332415
50.965061350244 9.7896458407816
43.472664538546 12.605648077862
42.144694233402 12.450576185945
39.876460258943 -73.72088391008
42.538302262678 13.554337456126
44.89115242278 9.5301889814367
42.190874913817 13.016615966829
43.75015111584 12.590481660625
48.959891321701 6.8062858803948
43.135359603996 11.981781351393
43.373109725964 12.078897538653
43.536212072047 12.256693836908
45.638001961465 2.0726872543212
43.517823692673 13.367594436003
42.985007871888 11.946562733032
42.958458118608 12.115129247382
50.185084840835 9.499108018586
43.269546192286 13.624563086624
43.933466978175 12.598468037834
42.868751875085 13.075383314453
43.56620140961 13.005240555876
52.368502543712 0.16225652399113
42.453506383811 12.531816489798
51.782929485097 8.7477749421949
42.713260784633 13.083944292333
42.425464561894 11.903246159176
45.370418855075 11.438133727705
50.283426594121 8.7475837905647
42.586292982395 12.030708964949
43.096697457666 13.273587405364
41.876347782054 12.787824422509
41.844414757048 13.068717707467
42.511027161291 12.473018141705
43.730228911515 13.448802210155
43.55609397525 12.967809653847
42.779094669886 12.954372555017
43.096404046352 12.827170451112
51.39562386316 -0.3734141832606
51.393057919989 0.54971302321168
42.898369826816 12.301126934284
43.161135892945 13.324203787543
42.992797736562 13.68353355477
41.949296739415 12.682867456567
42.453040703432 12.350624009685
42.447839072669 13.260792812941
51.759660692774 9.3467355455955
42.023811128023 12.158747322021
39.846532286469 14.776390021491
62.399575476721 14.719017676878
42.808711583658 12.862012574872
51.387449552951 8.0551924817521
43.136853980917 12.488961709446
43.356862455328 11.897478139933
42.383473787191 12.363254638579
51.778973149731 0.80465677971703
40.270417216311 15.10293209229
43.421026158829 12.892413960741
41.84114531888 13.42922710696
43.38571024525 10.410566596389
43.34746910324 13.299052740607
44.991436494531 10.914567015231
43.056518249727 12.160412874168
42.700005795222 12.148459574763
42.612115756449 13.105266716401
42.657400246105 12.052881259517
42.567318568291 12.984580936855
42.081512150414 12.826218913715
25.073841668217 -81.061202171562
51.853680687888 9.8777605024529
42.363656586692 12.948661935513
42.848826912182 12.448389774884
37.861601679795 -123.01131706963
43.180468279042 12.765986921178
45.372739205872 7.732325716518
45.257184705628 10.413678341992
43.368711229141 12.564361444027
42.610746559527 12.319797863888
42.057477697312 12.701801729271
42.153019379917 13.381216863369
42.199097957576 11.983211560654
42.253942410601 13.158862659803
43.66066378481 12.961152673236
42.591071925888 12.283699201573
42.499023655217 12.105968293804
42.831270751486 12.353961049299
42.745930200811 12.05231398302
51.555764216257 8.6274718598591
43.193184884376 13.158753939068
42.092930186139 13.355910183583
43.542229883646 12.426775901798
26.211798753671 -80.302898323114
42.471112626379 12.285180463144
41.843094398216 11.908029539954
41.905404837779 13.827571092114
43.111572229376 12.550423136258
42.302192428311 13.391934616695
42.283524318751 12.378411445964
42.822290943408 12.831248324773
43.487709089896 12.217039409216
43.587320837952 13.785090740225
45.290675340218 11.731316027756
43.669245330484 13.212102497116
43.66128078136 12.451535512924
42.68423656315 13.274169014915
42.722322060153 12.641404079127
43.004766770196 12.226935047783
43.086500159526 12.724337153029
41.873450555335 11.949058042371
42.188071349744 12.190386981347
52.678597809364 5.0789461100143
42.957039721311 13.421853490391
25.421012808748 -79.605019047016
43.619913414896 12.593810276426
43.112230999469 13.361987424738
43.540857803815 12.018757715851
42.443282398623 12.769853446546
42.260671717723 12.212603922588
50.511841566075 8.8254629219069
51.459317766344 8.5818951593628
51.855036659564 8.6854251319009
46.577489439667 1.7352036455344
42.602975637954 13.353076759911
41.975713920324 13.228837024082
45.25993626626 9.1557666795565
46.713084438216 7.2432157482222
43.444589989022 11.973044686494
43.455933925929 12.570649853263
42.462417470993 13.56423158972
40.624841701507 16.685481687677
42.93598811281 13.06854405306
52.441017516861 -0.5187326188333
52.617801615092 5.1943191315254
43.534668355519 11.967393976176
51.666845989258 8.1395757757777
41.692624754281 -74.766397085529
43.682263509709 12.0363104246
42.768623584795 13.322849252433
47.513119375106 7.7500759073301
42.059196659412 11.949078303293
42.079001498932 13.742791382963
42.698634100959 13.196833656748
47.21086254912 8.0674553807208
33.135583069884 -117.90875573248
25.089288760932 -80.700095354715
46.198829328804 10.887663002539
50.375594271522 9.628898478406
43.727023515744 12.186303859684
43.720421245212 12.198724893035
43.661098476828 13.697157590064
34.557887879306 -117.80152212239
43.761756931807 11.83525308542
42.87886580635 12.338565610062
43.416486617393 11.8718384164
42.171953860771 12.479513033072
46.452243383253 2.2930237056189
43.74676182251 13.598932134753
42.461293238917 12.366588008316
43.74060041494 13.461284491469
43.76063195607 12.63688115202
42.235332317315 12.893629628205
43.31355067173 12.912525339032
25.031411024739 -80.642789396566
46.392486837875 1.7419450267879
41.049111608643 -74.599121140392
42.210205434475 12.286014022925
41.956041423604 12.028574102593
39.914872392711 -74.350425873844
46.228847776271 8.4396460617589
43.393591136876 12.431791526953
43.188606980831 11.951561248394
43.442261096783 12.388298001808
52.8284027978 -113.89410199081
