33.345357008266 -84.726390114156
52.725054526108 -8.1991004982028
43.679613376374 13.556507815421
42.432436670865 12.120841834306
45.649677967464 8.8291977079511
43.123332907059 13.472843694742
43.281364238042 13.042115791276
42.9003937938 12.723381103374
51.701237760811 9.093221272851
42.051045775924 13.560485194719
50.774804633704 -0.79799897871352
46.075434302946 1.4921055214908
43.029443940648 13.307722038288
41.13214943159 12.989689211633
46.122007828954 12.869163660629
42.738333618633 13.056519932627
42.419234310959 13.447600569805
42.731727945049 12.319503283764
46.84559118368 2.1621899433258
42.988802604393 11.937222765285
42.323262440212 13.53369997329
43.323920177468 13.627896486164
43.198609289361 12.359030395003
42.848577427163 12.791454298346
47.886497415803 12.558138671379
42.271722011416 12.675022404045
50.919315027967 9.565642869829
43.505152142397 13.048145367807
44.8846180326 12.471400270854
39.727484624576 -77.475883098279
45.594245736324 8.5730376210869
45.078831856176 2.7976332333859
42.129901690956 13.326756223278
42.676235731794 -83.262860906174
25.692089187752 -79.262315418969
43.233345463536 13.756939551235
42.767307905859 12.60866883381
42.431909098046 11.857613881539
39.762150521936 -111.26583380204
32.985472711578 -117.67721877954
42.882313189529 13.749678090119
44.0304942591 9.6574047153175
51.406657628904 8.0174791612744
43.094850860136 12.49033026981
41.993805598486 12.935156384939
51.374824457511 8.0333585995405
42.42296562971 13.254249938437
51.930383282216 9.3092642935502
42.220914859914 11.903671613405
45.714562764258 1.7600158833712
42.346808090057 12.435716693979
42.786410785202 13.458861692112
43.561566349867 13.350333099903
50.760148658305 8.5318551932144
50.844462559952 8.8935295631613
43.350158542113 12.452143911038
51.404010514684 -0.89601149503421
43.091396787733 12.452300646574
42.184920689664 12.699650411841
42.037015065589 12.955984044821
43.733328559333 13.237923272086
45.440723344679 9.7284058258303
46.87594029255 2.2472571107779
26.650253892231 -80.742869232005
44.852889222769 10.462074450453
42.941101310303 11.863047604872
43.805211417307 12.22348009109
42.31367542332 12.149044469555
42.659736424081 12.50836786281
51.983775433844 6.6148752108518
43.224183700173 13.369661037072
50.113868766634 15.95818650837
42.830541570147 12.673818724565
43.670074716078 12.552338014635
42.850771349341 12.077943127194
51.512482899713 6.5454346438849
41.669907422722 12.423722653659
43.41261468849 13.71397881804
51.233228177406 8.5132924222915
51.291553772423 -0.16786482151498
42.045172540047 12.339432831567
42.035413952582 11.915224865526
42.666737512551 12.717133051605
42.870878990235 12.209557050026
42.079437407257 12.236516163816
40.810530663997 -73.97202616709
43.283640023008 12.69935525709
43.245608123155 12.080450860842
43.672629670109 12.276301565264
53.395442945368 6.7082120100773
42.773715518331 13.129398679908
43.670191291121 13.678759110032
42.259605029274 12.127455524249
42.929679393757 12.583444892722
42.412397565999 11.984114668346
43.033973428923 12.030533807387
43.782938939439 11.955129917245
43.159924172892 13.400324835649
42.413630167702 12.457027324244
40.459997503974 14.166049593483
43.24371011103 13.138567000713
43.01374194215 13.372158923381
50.993755101922 0.5096038782036
43.218731709879 12.612786441882
42.203832796425 12.90046439457
41.855653271964 13.769256181929
40.025553919539 -75.1833076428
43.114948551711 13.608274340468
43.356225150359 12.777406453538
26.689762589826 -80.933744285034
41.853821087116 12.026106962036
50.465552023363 8.7219429652774
41.978994701069 12.870884033347
