39.826640149286 15.672069406215
43.36990704919 13.668341359456
43.770878329787 12.669601973479
51.901411752403 6.0383119831273
43.711498615219 12.327969306322
26.849590970582 -79.714137740575
41.934487038748 12.799255336097
43.089791610434 12.309506649782
43.665020205411 12.711444461605
41.978295064542 12.872982038613
42.400296790267 13.320411464835
42.69407215097 12.510672940666
34.054658042937 -118.77179602645
41.919625677618 13.553173387236
44.857036059423 9.6707627359153
45.768139146277 7.5721094109198
41.865547608077 11.954475703649
45.810551729431 1.5983180224888
51.748853247961 8.3176372406621
43.432314688562 12.527051208807
38.0923641424 -77.229406252569
42.397752985099 13.31872419052
43.626999830674 12.532283521992
42.128568809095 12.204254489974
42.606348173732 -87.53099552382
42.394724725485 11.95936603565
42.071049930116 13.123984902245
46.597300120908 7.3810789242299
42.652650816691 12.796441324913
42.386732725162 12.678179197816
43.326597064907 12.592841776385
42.366695642197 12.678528149484
43.440065219293 12.428981586115
42.743685431214 13.465035693026
42.31762012344 12.29766930842
47.645371636676 7.2323219525778
43.712920769936 12.846660483112
51.37328819622 9.1759294332824
43.079791885859 13.667748903256
35.671137451077 -106.89760348767
50.825665850577 8.7324752801715
42.932841115621 13.254049017699
43.183207600484 12.259642100569
43.636518676617 12.154460971802
50.612220443605 8.2501045471291
42.573142416597 12.98417163921
43.759330715893 12.886833889378
42.935042158226 12.354721313994
43.613719355156 13.505437481473
51.319903856292 9.4622339333697
45.587772565727 9.3509261569711
50.742103862456 8.3311470199056
43.508783926514 13.170818185534
43.789600016938 12.430057647859
40.234750450486 15.721035027511
49.124944545969 6.1504500653154
43.632419540397 12.987614296392
43.289653221301 13.652295543671
42.450518002033 13.021730067705
43.648053865737 12.931039929379
37.269669886721 -123.03879033326
42.328959070786 13.393935812376
52.568168156812 5.819353682487
43.717137230449 13.579983461939
42.198260090427 13.414821167225
40.250324044049 13.931592079663
41.878014484385 13.722848946586
42.074326677304 12.520247192385
42.138407887511 12.329756366729
42.235665935222 13.092230126326
42.969834915835 12.48563851534
45.311012235636 10.871690095946
43.656442085608 12.238886916211
42.609690755445 12.798909523917
50.367200135424 8.6868300082566
59.608170630228 99.208099939492
43.569110404986 12.468073321745
51.872954938036 9.4874712719989
43.744669099243 8.4021018639194
51.394113263764 8.6839282627608
41.880274950958 12.801801247451
39.152992669278 -122.38774131155
42.524248757665 13.465711259987
52.802058663041 -7.1356247090147
43.580103419547 11.942823178595
43.670620187053 13.16391500887
43.77655494178 11.91783508867
42.711836895792 13.438697126919
42.70448193734 13.158805952037
42.752961745392 13.30802511254
43.648000398974 12.893743119174
45.066101034484 10.450121103551
45.331156060205 11.27744481041
51.728606575042 8.2918914348315
42.806023092405 12.568582948117
43.487241006704 12.133218708065
41.891294050932 12.810867594488
43.086398461429 13.747021320179
43.695433357144 13.563763823644
45.32457743301 12.328821138853
43.504184814426 12.828057982434
41.993085826299 11.903848511143
43.230201677547 12.639568448851
42.686573272446 11.932533859731
50.82720210628 9.0552662103694
44.754592582541 11.011398419161
43.660794893608 12.951555534264
51.074939767865 9.5876597071009
43.818634555612 13.778001174714
43.778259893797 13.128632411442
42.486827678295 12.488020807287
46.336704818342 10.841029368335
43.576976731709 13.798373862097
51.530344477869 -1.0717640836638
42.652753297565 13.559895279633
43.498354807283 13.119346738404
43.268229880982 12.405435125553
33.639036469647 -117.44681666197
43.16973946952 13.759448452762
50.47295101754 9.5554746629463
50.824775386054 9.4552037946206
43.652416731556 12.127031515898
42.90098800042 13.606241195766
48.730407493238 8.6619872188604
42.574159820387 12.071155262699
43.507304072637 13.078535152657
41.889636078819 12.941206928336
42.085809939602 11.897316672812
50.369676516214 15.282931432493
42.341298090008 12.79991128009
48.366589871246 -122.53771539942
43.571186425451 12.070217695141
43.775339283897 13.119834422211
41.908206921515 12.139997452584
50.027239872621 9.1986495504149
43.572732890778 11.891954146762
46.424565122686 9.1608347285356
41.981206580077 11.869413514582
41.920745314549 13.832286382037
42.982739909565 12.168388667616
47.363629934547 8.3051013361221
42.785867403183 13.429997105373
42.357538663504 11.842022806353
46.506208529929 8.8206946382418
42.335864782976 12.043199681252
42.103710806067 13.05736117256
42.383005544743 13.205448205234
26.12178717837 -80.156814351561
42.979177389305 11.965839706366
41.969239692676 13.295652331012
42.27256189034 13.224928892599
42.720291665646 13.219031491906
33.232187914616 -118.35901212315
44.869836668379 9.3186068788025
42.602475983392 12.266845622711
52.489108143835 0.087694925711353
43.494392541954 12.432784648835
42.214077591085 12.688775190494
43.235023714267 12.616587867337
41.887062562598 13.5765543406
43.12495356387 12.909203153082
42.786981334832 12.356509569754
50.341641761056 8.5230866505406
42.241878765303 13.368175621337
34.51946266317 -118.60840883675
42.497418870936 13.399944516572
48.240183348202 12.736039206517
34.228441346257 -118.64897918621
43.459036262475 13.38425994731
42.38494873812 13.172433687941
42.264004786177 12.554174145031
41.159163895554 18.270035218338
51.742465444255 8.7601999047958
43.799325239307 12.819907927823
43.272161112315 13.810805460371
42.089429793942 12.153395050763
41.835199321099 12.033604608885
44.315795542282 9.4473674845171
43.5046790594 13.810734775782
43.717027042882 13.319326297084
26.270416566745 -80.646901663504
51.226309706097 8.4192230386749
43.665966575831 12.491534282703
47.860227624821 7.4821079403544
43.416198315779 13.724753022087
43.228711741638 12.656502569421
42.789199236703 12.926641038606
44.486045498672 7.7124265662197
43.438566271441 13.569870358619
43.788111734126 12.487843860189
42.937640876501 12.90385819457
43.677271241659 13.469635284745
42.2750626776 13.479456029611
42.618143302697 13.477887648401
50.79825311494 -0.22235856965759
51.435682735143 9.0945430333235
42.949537730308 13.645138460533
47.760337771271 7.7362374685408
46.460501327394 2.1203969871255
42.688890972051 12.961088634099
42.539772082393 13.447920889823
41.890056015428 12.423505095983
43.020067181003 13.792120036128
43.716915086267 12.31998802366
42.81424470705 12.212338664223
43.833041713982 12.240560429304
45.212601725858 9.1419175423621
46.586235442006 2.4533091240811
43.829464366135 12.464261522754
52.41645107461 6.2532952681665
50.555325406164 -0.012093779222148
43.285706325588 12.363600390222
41.866717189975 11.892367792287
42.110305260939 11.891423665889
41.843342357729 12.333300106404
43.701843509333 12.899392842755
50.602602326126 9.8795455158127
42.117676665151 13.535003656792
43.438450199311 12.600415571428
42.573106903871 12.216091198503
42.937646736849 12.359678023683
43.759809547479 12.958239108791
43.736422596863 13.25977278515
41.949010121168 12.121963032599
43.352594860083 13.739745092012
50.677206100746 8.9324573711178
51.858979454664 9.3421084132707
43.572752342381 12.295467830422
41.861712407277 12.65365715404
41.653182433431 11.909050495133
43.39068435991 11.979054935288
43.313624941445 12.397630342954
43.347344285991 12.150894518102
45.201551259498 10.604752132695
42.898202329848 12.048908666751
42.00095782338 13.427258085679
50.948923252034 9.0999474293086
41.206873920123 -79.152847749961
42.071448194383 13.326070849025
41.954829950351 12.819722866577
43.005006393441 13.075452179704
42.630629850866 11.991847809421
43.775153094819 12.352901165093
41.910628837513 12.464574763789
43.603080193814 13.756170601491
43.153340455703 13.247996790471
51.23220856452 8.9172862753818
51.224328022788 0.27542321158826
51.932864668282 8.5436968433409
51.865732507485 4.8691746742088
51.893715642809 8.262387996196
41.844902171702 12.173798566786
45.808929649584 9.6813994232013
43.31750325929 12.698663584932
42.306828453369 13.059192339938
43.400078459384 12.390835846046
44.301381689453 10.047191365665
51.096755059248 -0.083141678568503
35.814114954236 105.41244252185
41.873553266711 13.296073431308
38.983103677519 7.9894986117505
42.500379202676 12.711857661026
43.653007385646 11.965794960973
43.235731427689 13.575045481147
45.054791316416 1.7475207628438
42.291417305514 12.88689459764
42.298987218339 12.789736782589
42.163683182191 12.488247400398
41.845135898278 13.520025462641
43.613748145597 12.574334990987
43.449048866282 13.157856590675
42.524261705377 12.609088060751
42.162795305349 13.410542962819
34.078581251886 -119.17631474919
42.769730629779 12.151308573408
42.620517858148 12.331008773938
43.980073617042 -78.912590386168
42.733030388494 12.356032804307
43.522594372541 13.350996283999
42.854523111554 13.553982565458
50.833698723853 9.3885214037208
43.235321159605 12.996028673389
43.687869136563 13.471654705478
42.617903143011 13.645206816816
43.132811652114 12.324097491973
42.471302790808 13.637186571342
51.981081397497 0.41713910331351
42.209621931079 12.019052194461
43.182975662978 11.864236025097
33.962751180422 -84.657717947596
26.870211929471 -81.081905650754
42.373536234451 12.987981449828
34.232697971779 -84.76313248303
43.787000148479 13.746226129956
42.191238240915 12.562267069056
51.154816473208 0.55132014837178
43.165223037456 13.487608256532
42.717086010967 13.322547769345
42.159522287643 12.764570181169
42.786288400102 12.446258520936
43.743083678087 12.837147359681
42.753730214573 11.88190285113
42.433329152632 13.536380854706
42.693330177915 12.487490323155
42.84578844341 12.995233200509
42.043963799295 13.672277580349
43.660650772697 12.838722747701
41.852806594641 13.654968468798
43.402745660603 13.604094725404
43.620094698698 12.406734989235
52.390521720001 0.46713020529465
43.361041425916 12.139940779277
42.831327163557 12.367767865031
43.179218333319 13.171243242555
45.373117143928 1.1371352277403
43.061106424363 12.387704612889
43.204976118286 12.773059063506
43.222779714161 13.071511229554
51.704695463509 8.4762119862606
42.817044531397 12.291959138278
43.562741213761 13.321356096476
43.691313504119 12.612017609485
42.335683673798 12.182794947749
46.833982331601 1.2194173253232
43.252326837414 12.597188959197
42.609739451974 13.303495404473
53.453826373887 5.2834552664
38.444578885948 -78.360615547408
45.985574190964 1.0004708939234
42.96085181041 12.427429081626
42.363126589641 12.997614961603
42.180711113953 12.914074870273
44.391296793332 13.387875486954
41.954484890681 12.003330898959
42.276540107244 13.172898070057
43.366873128531 13.174941129154
42.450827675171 13.024934675577
42.220093101852 12.590481910219
47.863347515188 12.49863504667
42.457356089029 13.694939877251
42.636452197415 12.782890345355
42.185870998647 12.466172705643
42.049093833237 13.057001133963
42.216826926573 13.751345970107
50.670449716118 0.86748305417481
42.963948493362 12.139405127235
43.277210799196 13.369964532282
42.033795865289 13.362219618823
42.929199661582 13.617667618982
42.527277347433 13.816909692652
43.488858104001 12.171711816088
52.112474099087 0.5155996807877
43.028613190201 12.798294497581
37.215126435491 -122.81962665958
42.045329604459 12.276762013264
42.148515685552 13.568400191429
35.984752567478 33.701701964113
42.796699985788 12.961206986572
43.085909251185 12.961393965877
42.293398925261 12.310997493731
42.660207670045 12.837395769955
43.778596405323 12.360752565044
42.35287619261 12.2152163029
43.106027097046 13.480407200533
51.807103209573 9.0929334648386
46.666307358847 1.8991209761701
42.72013175756 13.295479855193
43.760163041207 12.479550074565
43.741128155862 12.456946036081
42.527462546049 13.791649485862
42.581071987108 13.579627791245
42.826012281641 12.891414316342
43.261444654924 12.841009119938
41.121831798077 12.656309937365
43.442267508939 13.553644729591
51.657167301586 -0.78028812114628
42.36526514702 12.197174927798
43.811928103146 12.718823341077
41.883746642586 12.907538402804
43.221926543986 13.613746752804
40.105598778471 -74.965601617294
46.889010715247 2.1529715471682
43.377926053676 12.957400407643
42.073170820306 13.139477164571
43.156139738951 13.480707442167
43.197958812696 11.916834126209
45.883971510864 10.715316830911
33.333194205732 -83.472679737151
42.44993391982 13.790162558125
42.623618721808 12.565294677676
43.117566120887 13.112993460688
51.771864681398 9.0723280352877
44.314243578845 12.17741444904
42.333665043758 12.159639025668
46.021877964503 2.4706192661406
52.434826834097 0.60341999097421
43.394722182974 11.903557226038
45.23345339216 1.0802540793457
43.432377102076 12.254230803949
42.420003477235 13.012203755815
51.954127263489 5.9181887247452
51.849755139951 9.7468242038725
42.434821831752 13.630336782744
42.881184424705 12.041532097425
43.254419708298 12.372931583979
42.53573097176 12.486397110173
51.400053217262 8.8406500769037
43.748146382996 11.999888238052
43.084954734021 13.487880222282
43.704123746021 12.340823556942
42.638179724889 13.130357975222
42.391138844395 12.305697218678
42.972169111957 13.811621750638
41.908014491179 12.332887382423
43.325471148999 13.697335895962
43.627663632702 13.777465714059
42.480467408209 13.054804527713
42.832276586386 12.817879322387
44.972273612452 11.27652936302
42.548571544976 12.602959655993
42.045284972103 13.054371153516
42.882615515929 13.474789947513
42.983335716663 13.256611479587
42.481043378136 11.860420720608
42.072425302638 12.238296872137
43.72546217999 11.892293971934
39.260656835565 -75.293006244285
43.046941095075 13.361146652795
43.412576325451 13.104840431432
43.489907874044 13.549117764735
52.378066810722 0.86747234675916
55.696243012648 24.637692668306
43.497366552028 12.196593553872
42.986267429791 12.014170045526
43.787886670247 12.46314700344
39.408637473912 9.0835535426377
42.992212824075 13.383224805085
50.75058721297 0.49013337603777
42.568049593648 12.251802434817
42.046187303072 12.777363173581
40.984984771959 -74.557616659831
42.116446067189 12.665786067355
52.15322776728 6.5338839515037
43.326305733701 13.218900002662
43.719831962495 13.685424633664
42.699473274287 12.164694812712
42.087710308904 13.477417608035
43.049450418956 12.417277046695
42.167790865159 12.257335711877
41.88636961809 12.417501059576
43.666326141782 13.656633920829
43.257999310411 12.374798089461
42.497874719809 12.290526896871
42.118824441994 12.681020839944
42.030707490666 13.753027522842
43.46428424004 12.513007128871
51.927206330433 9.0634713727345
26.62688714433 -79.487858500368
42.881315363537 12.062421908652
42.533350538732 12.07413874479
43.026770223431 12.295478020488
43.144769660286 13.678424039727
43.814356445735 12.041231866035
43.133466285271 13.006603205135
42.129337726242 13.39966535263
41.937635801259 12.273505222201
43.125848391639 12.060642870658
43.538640688911 12.103345145541
43.633831232637 12.561979914832
33.967435255811 -119.25004646409
42.768595658156 12.759520225602
42.577664670359 12.439695922884
42.010960460667 12.969048803213
46.098401532554 2.4102446881171
43.482474527567 13.152366283442
43.137313807934 12.928833811066
42.376258969038 12.808949711199
43.081802233181 13.028267122839
43.579998543311 13.783131217504
48.782730470708 3.0283577016431
46.155338170079 1.7276718801482
43.554300167206 10.639258105627
43.107627378382 13.349308666491
50.485067605733 8.7111234477307
42.276970974785 11.909852826947
45.071763175436 8.3580775684715
43.51651552206 13.547808542658
38.570492714618 -78.254511953875
42.061643941378 13.135010862807
43.253526423266 12.284993441929
42.890508833777 12.2671487263
43.110800300797 12.267979215511
29.385298419289 -94.472269720827
43.178859690774 12.137491073079
42.499242914163 13.335395555655
42.996544711777 12.226202864326
41.969058954164 12.214622297445
43.490163058292 11.883428627592
46.057513861478 2.3419721496021
43.55442245705 13.448078046317
42.418054418388 12.77140227557
41.84531403421 13.528398023254
43.342348218145 12.659900056992
43.49139644929 12.453965069027
43.199980557545 12.037413314489
43.71691528557 13.644785301615
42.595825669188 12.106208494469
32.956215514355 -83.758210607599
42.970552976716 13.607185162442
44.467979028364 8.1361851115181
52.346371536537 0.3998713205987
26.801036940312 -80.794691492517
42.507411428519 12.457902618918
51.991046444509 9.1831694227565
43.484683649395 12.275779764317
42.294813052909 12.370635271266
43.393405338022 13.657339349716
43.467773810734 12.162371022258
43.094241325343 13.683875122447
42.533951054131 12.855485192454
41.83756836638 12.977346066862
42.173498949138 12.700537042108
43.529900972068 12.794793558698
42.542816847371 13.702510381466
9.0642305352093 -79.573353592108
43.100257614695 13.516763617546
42.093525959709 12.598369217312
26.99106827283 -79.533687861229
42.366943649674 13.014409105321
43.108887557012 13.621572948837
33.938405678578 -112.64709594721
50.515138413066 8.5001824281645
42.185882198732 12.213053125077
45.59064580807 1.7054550106197
42.302789314812 11.937658446367
42.996894902569 13.67167665284
50.548159803985 8.1223865971539
43.69071723555 12.942234193435
42.959190799391 13.738090973246
43.724221345861 12.844836789132
45.117782696017 9.7398354625026
43.273751995675 12.984066620948
42.791351036092 12.808230278014
42.572130160694 13.222650618417
43.381137380109 13.191176268848
42.802510408148 12.208294567304
54.399185662998 -113.71096935436
42.366158143809 12.687345925128
42.418153404008 12.759027868418
43.763972397805 12.525973470682
42.549304373373 12.487058718005
42.069685467572 13.020828270384
42.972747986679 13.59296943603
50.877244114353 9.3643604649065
43.384489181186 12.631712085417
42.685728303031 13.67984362772
42.339077340152 11.931349604845
42.151612743361 13.392456781789
43.089181426044 13.369484282757
42.127797632093 12.877911526208
53.197062534165 -0.96827799217923
43.144212395972 12.363851497606
43.209270101625 12.906296201493
41.352341803572 -74.270718678624
41.937229988623 12.248045368257
47.959767695963 8.8993822722227
42.775994313332 12.944007170847
45.485531447078 8.9357737491982
42.843821072434 13.388720501882
42.210637715299 13.747248065561
42.296421169928 13.040702177717
42.130190590478 13.362227685939
38.404492629203 15.844332487946
43.192236491124 13.538692066252
49.441500900638 2.3132720322555
43.798730838971 12.20265009452
42.095253724205 12.304455061606
42.155000301171 13.156606986747
43.831810776087 12.937643950331
43.18479772761 12.703748884494
41.968241752597 11.998689575141
42.982148156048 11.890343028556
43.540082643081 12.74010129682
42.846777735228 12.218910100527
42.26185103101 12.027192627113
43.247349416973 12.991131695004
45.815838375509 1.2655783548325
46.837305250968 2.2560603168123
42.997388478388 12.042532150674
42.854157573962 13.231819213963
42.806508998783 12.093603426655
43.365743395132 13.451731603824
43.769098104357 12.291362238739
51.263900144847 -0.50318969488758
42.211042187296 12.247519724207
42.70279548352 12.045045536519
42.39151254596 12.918237703835
42.027185749296 13.523295288239
42.28125035778 12.686798651112
43.197471800373 11.844101444766
42.879501502926 12.790157542953
45.728965599944 11.481565260317
43.823203542979 9.8973930942837
43.692029768013 12.876481623818
51.952868661356 9.3807287515983
51.737743673957 0.36913139431697
43.581853707147 13.649599574364
43.573931044256 12.189994957873
43.745357436962 13.441360100399
46.539826924698 2.9710697410493
42.739148577575 12.340025092189
42.479917172587 12.999105832094
42.729639629729 11.929427313141
43.64877256504 11.971028848559
-38.716679456977 144.98709870146
42.528901798452 13.610652443793
42.430070366932 12.838448691128
43.059392286979 12.894641764434
42.109468711146 13.386206404973
-38.958602827954 145.56851955686
42.142134288879 13.182535793738
43.473977254945 12.952625669072
42.846139496142 11.963641429324
41.993931082561 11.876903494784
43.140192526013 13.535134864776
42.490702790458 12.761123319532
42.029048892704 13.625289310082
51.301149215457 -1.007732813767
42.554163129814 13.744276671107
42.412920585581 12.070850157233
44.60023677829 11.031315101975
50.663764177316 14.985450931119
34.359899925086 -117.53716005154
42.952809906682 12.456471124041
43.222055460451 12.342356964195
42.735006259186 13.744807519852
42.143814787357 12.956559845247
43.366994351341 12.048498289238
42.830541570147 12.673818724565
45.837839844561 1.7145201040965
55.940624652445 11.47232541774
44.673664102973 7.9787114232912
43.341634324001 13.580604570278
43.399011774195 13.111380272618
43.454223611159 13.505399391311
41.983232101439 13.14630383262
43.829774479789 12.03271854719
46.124475071497 -73.898844241721
42.415007829415 12.79247561043
43.792336010764 13.773853101683
51.938176346914 9.2004407011906
43.261085929026 13.653610726678
38.124648864148 -77.043834754711
43.260719218899 13.11929683069
51.944373278154 6.3544364718741
43.517289843206 12.560079898501
42.157730522194 12.373344151964
30.155883748165 -98.056720442192
43.761396523009 13.266382171917
36.54499065638 -84.526276321437
45.054152948456 11.959337969736
43.201868114642 11.876250566412
42.406620386267 12.700833078821
42.352170980255 12.179643071361
42.790749872027 11.839115331827
41.674266205737 -83.167135319026
41.988994110857 13.101084371165
42.711061627025 13.676807557103
42.778252561029 12.863517478997
43.343896591286 12.571318486061
43.480861187226 13.437734130529
42.559824154994 13.24686951297
43.337465411696 12.627308897987
42.058007746517 13.183612972604
42.826036774028 12.268228649773
39.755833481529 -74.387246204052
43.552516866754 12.312068334016
42.921041220876 12.618659654476
42.785859418489 12.758149603756
51.561704780237 9.661846581689
43.248829461771 12.65269213342
42.92664204965 12.166944006047
43.694896510215 12.072652788422
42.314933936745 12.042178351938
51.792962684898 6.3856853533702
41.967805236118 13.768969286612
43.413401475855 11.995783242416
42.38365039715 13.36104966719
43.815796009666 13.805145443813
42.810900859002 13.764089284376
43.32118634431 12.240677279088
50.075971504243 8.5779678675243
51.604219429709 -0.48772151609776
39.37122971982 -76.660728161738
41.906715170924 13.146297061905
42.74017134811 12.964839655911
42.86263297168 13.312424014955
32.933002626215 -118.00162524488
51.081453040746 9.9664730303765
51.378996405927 9.1343335621684
50.51738815965 9.7731882216284
42.130071506451 12.014272674015
50.646689913071 8.2205422237611
43.777116317685 13.181594754209
44.934359145295 8.8024741751829
50.641329883431 9.4867515901508
43.046161357822 12.886421200787
42.479678413144 13.632296054008
42.596368138511 12.263279147124
43.739152185984 13.626345413584
42.356287905202 12.579212660261
42.803055307292 12.937056248999
42.817685953743 12.22901021376
42.632703701815 13.111451522986
43.149037016646 12.437684509662
42.540378953603 12.314925539009
42.843810705882 13.094480858715
42.733730761697 13.215688347938
43.035513184071 13.354802597966
42.85106900283 13.332064713527
41.941642386367 13.26703907657
42.639725037238 12.026942130677
26.398864262906 -79.695818780589
42.447270300934 12.468311055802
43.832273583336 13.530683587108
51.888940792246 4.88601065154
42.438564354779 13.506265638653
33.778330214872 -117.81338164891
42.386457875106 13.326343272054
50.341402255158 9.9651779648686
43.095721380851 13.732020421316
42.953354565426 12.571007356335
43.102710767718 13.527707360486
44.557810305787 10.319749945875
43.658302709788 11.960314792583
43.387802448791 12.539969286688
41.950982830951 12.857383207373
41.834002014193 13.199255735727
42.260783042901 12.820077521198
41.882663093939 12.085217899238
42.006971730409 13.541693731019
43.300282452882 12.176831941224
42.878146332187 11.981976302353
51.011122962931 9.7234849514083
43.111725908311 12.054966764106
42.637466367186 13.024921407024
43.539665971224 13.439819350599
26.541857886363 -80.994916987413
42.955504082609 13.497164270627
41.860000751868 12.365814334439
45.519059012911 8.9904966579706
41.903899003728 11.990469791477
51.623949729197 9.1183214947201
42.1322099544 13.035517650228
42.37866394614 13.351654473411
42.191950264963 12.732605258831
43.133640705691 12.208380949802
42.203262814436 11.961928090084
42.523647404075 12.695894019558
42.136845684695 12.966195268096
46.961018853803 1.9783853548478
43.715069756266 12.371446373135
42.294236357482 13.480463904108
42.475346736387 12.563749644258
42.849661464288 12.134470838206
43.153380702808 13.059026004329
40.547132654056 -73.527922023931
43.273741579763 13.746821434606
52.77968168458 6.2423484127467
42.174386906074 13.10937303405
43.526747623259 12.881881133154
42.028634157532 12.620292224765
42.829422546958 12.319736492059
46.102271823726 1.1273734458384
42.463857263098 12.735661910279
43.072619697367 -82.429033775755
43.012567330644 11.971982899596
41.692624754281 -74.766397085529
42.070801886784 12.440542665536
42.104317144095 12.094717832347
42.938070029012 12.800264639708
43.016279419759 -70.952769572577
44.590390261046 9.0287569851493
42.320237858857 12.90522120425
42.902355644362 12.497346841983
43.980922009277 9.3118219582186
43.56590215378 12.02629628548
36.449876175061 -78.835129934842
42.516634206083 13.819651832275
43.233420611023 13.062114519117
42.131429518655 13.816925316985
42.453457068418 13.51269902408
53.091587026879 5.0271850383269
43.035274784584 13.40032261072
42.151962346955 12.636271886845
52.063212394511 -0.50936976942204
43.459212851014 12.390782613045
43.456594044576 13.275195170343
43.349490212926 13.760930525049
42.010570957246 -87.815376806304
43.444447041251 12.18017329938
42.85470024352 12.950138768179
42.520096075519 13.388956786335
43.591019182762 12.010474834151
43.325988231865 11.857789652377
41.811082207603 14.385413758098
33.376240644959 -117.35177133743
33.586156796185 -117.43858703881
46.006161574326 10.999625887486
42.601002933293 12.073185149635
42.687269586945 12.544051251649
50.027877861647 9.0897104544983
50.944190263024 -0.97900807535695
45.002834543587 2.5944333596129
40.885791702295 -74.300105028126
52.145656741525 5.5807710060993
43.387926871159 13.365933626616
26.886538654962 -79.368998455796
43.404845452611 12.792102727498
42.61808590063 12.525567943496
38.217940527116 -97.664260980982
43.006896580594 12.504557639616
43.258715716332 12.433873472493
43.790026126818 13.731111790415
51.745423719401 6.5016390614918
42.71879880259 12.584098119582
43.783542725178 12.428267725032
39.170085695386 -76.260848635813
43.828215265122 13.082516332682
42.642757109221 13.35127656739
50.195264747457 8.1589049688349
43.454944879981 13.095445587365
42.335342842797 11.861057108224
42.297446579366 12.412278481506
50.779311829144 9.0139554962581
43.791633024736 13.620444982623
43.35086904764 13.440067143871
35.563477486739 -78.41967985623
43.490874423429 11.839060660398
43.160884355756 13.294106917148
42.730239580281 13.555533641763
43.542108005186 12.075142188985
43.644260473405 12.179145762336
43.054203066555 12.103183254669
43.511328425518 12.506164755463
43.330702081963 13.789009415467
42.44736016099 12.956697592978
42.207424984431 13.698992966555
42.220339740284 11.843047514506
51.618645862499 9.0521178399455
42.402805785857 12.500224194743
33.360174359786 -88.737501528269
42.107286105469 13.468390120898
42.85322955246 13.126913028384
42.983289825278 13.07605218241
42.723797635533 13.502110347407
42.606781712105 12.057231222793
52.532106045604 -112.88485757303
46.541972220196 7.8510540620662
43.291796573129 13.493552155112
41.287822546801 -73.872783818997
42.813755238363 13.243361109536
52.451607347909 5.3008747643562
42.160754850696 13.346753578816
43.766216719435 13.452024011639
42.095684808744 13.649384766675
52.037808395241 5.1100760578923
47.977028963611 7.2237682799919
43.061476442547 12.408943747847
43.066471013758 12.662389301093
42.303024872368 13.54958260413
45.409331767079 1.8292813789236
51.15282289528 -0.23301175625203
42.332123384521 13.083713097092
37.835578085778 -97.160892187227
45.720810159471 9.7699301038729
43.307304195292 12.741011450433
42.547445116375 13.263167417286
41.89120747193 12.030779429658
26.082224902718 -79.80808887789
43.022378054479 13.352661151624
43.68341680231 12.421785372061
53.961870981551 -112.45546888023
