42.780642152217 13.497579701963
43.106335519418 13.166703640116
46.655019878249 8.7916191200687
42.343959491881 11.956628316549
43.527051155722 12.376735718652
46.17646664203 2.6475618326327
41.564820156847 -73.522194079498
51.469908071435 8.5142846840966
42.986199296094 13.569419998962
46.167727577578 1.759445391949
37.426490477818 -84.918740771625
45.754461341386 12.548463430486
42.997981866376 12.62294140722
43.394611721597 12.508433819075
43.142496205488 12.698213043503
33.960490785709 -117.3039391642
51.830180196944 8.1534376168407
50.967970304176 8.6967771368552
43.009636629864 12.404649951239
43.775567298206 12.148036759437
43.60302858923 13.738488575809
43.056056552148 13.36769663422
41.191941384525 -75.554559846042
43.715942897257 13.014038199586
50.184206915639 9.6372279741975
43.280066173209 12.855408180924
50.216194960389 9.7314655765572
43.078412501199 13.642484487355
42.549603460634 12.235316251535
43.309448876583 12.359369690253
42.444815699239 13.423291600527
42.732258727205 13.525432880768
43.423028975478 12.642777670961
42.123468510885 13.469084498246
43.594085915312 11.969908671926
50.712252937589 9.1035774862876
41.335445612499 12.299978134639
42.164165407982 13.32800960465
34.820301369394 -119.0577820198
42.532883602929 13.399530569298
41.852092265569 12.937357967246
43.484671623693 13.427441438414
43.292738767498 13.082578266099
52.12662304222 -1.0101214452275
45.460433018399 10.380013314881
43.138202962085 12.969177050988
42.556545454358 13.025522868182
42.756482857187 12.289753083296
46.041646921258 7.6641909303698
51.482637230532 8.1289132722322
43.312492578923 12.7831917246
51.62281189562 9.2952872190137
45.241618875201 9.4521127783493
52.050822897139 -0.15435016959176
43.626591436878 12.994896946494
42.218772423111 12.534168703286
42.873499762695 13.810206707034
43.062231752606 12.011970921912
43.033902368079 11.960080030842
43.257574813116 12.354007187951
43.498173587277 12.952948426827
51.966988480867 5.1631355720633
52.363908270776 5.6506747398063
51.073341016226 8.1796077085564
52.73318379779 -7.8435774873214
42.890512707148 12.135826951443
42.150057406721 13.497122245628
41.979889397521 12.39881368654
45.666992798409 12.588223432721
42.788468479101 12.862196227958
42.51306272231 12.078613161167
43.665194590441 13.409899484578
42.874094467107 12.579475468781
42.324442973998 12.708031454474
42.964249330577 13.594460248314
43.007491066611 13.747737545424
50.491637681374 8.463947838854
42.084851026596 12.707082857728
43.304821444838 13.372830426981
42.787481069953 12.159224535899
42.267139215168 13.502832803665
42.034561221991 12.629132395924
43.156540302188 13.680681558198
40.55338117009 -73.650370880464
42.189633004477 11.999761971666
46.094814815137 2.514708366019
42.727850158593 13.041716534685
43.497586702715 13.590106890833
47.006874504968 8.5025875030563
40.061455807363 -74.480451713206
37.188714359509 -96.692225482637
41.927419427304 12.496689379002
43.264427851564 13.054684703285
43.204248774913 13.393048412836
42.211058217686 12.435876552705
41.998338934986 12.088068984511
43.815801900281 11.908434545134
42.96572661866 12.753069387655
45.916913822255 1.2529074862846
50.787091309571 8.6568651989367
42.62098884241 12.727608204713
43.641997240338 12.503195314923
41.362792381676 13.059133638772
46.548390744975 8.7638861046936
42.656207763916 13.31695613375
39.368602359082 -76.705166327123
42.007567815041 12.279828149511
41.924007461858 12.707674059902
59.132439998972 26.687035118084
43.666280499525 12.817808719754
42.053624147595 13.380620813661
41.836229709939 -87.32001468135
46.906614006242 13.6650022707
51.671746096654 6.3329551576557
46.767564284321 9.5370015592021
43.665667496953 13.794488370344
43.611654990193 13.49841907832
43.692683745985 12.199685596509
43.625325812805 13.519738117962
42.237866416705 12.129164829466
43.336707907441 12.836260545478
45.224886095184 8.7420084448261
42.774377087978 12.588194197804
43.198715081086 12.851506698363
44.900253631408 9.8383085133431
29.77066971241 -95.453998431984
43.24608058496 12.3144496518
42.983743349104 12.334852602975
42.82187335187 12.557437389438
43.529230577207 12.916652674303
42.683458024975 13.03908999827
42.419698100288 13.441365739092
43.519304039685 11.908204887506
43.084425923941 13.728749173122
43.760883148204 12.076285295711
41.778868327798 -88.522199043003
43.267162373901 12.932584920422
43.499685128939 12.606423185976
42.551869037839 12.720591316822
43.06725683062 9.4679565501949
41.999514487127 12.471942856683
41.971616304953 13.150945680307
50.992725883141 8.0291395574012
45.168795282565 1.4726945229213
43.149833966137 11.931695921801
43.142039171973 13.312382506839
45.546925761389 11.508859374981
43.76711517424 13.69660983502
46.427246383125 2.4574740368209
46.674758443457 2.330489293826
43.581297612575 13.696847852665
43.674834077582 12.726414774438
43.52795001798 12.03658527
44.9191860678 11.670960570067
43.652824269001 13.780995620334
43.327910829509 13.056993080816
41.687567352311 12.431757228927
42.183675039666 12.406376196282
50.334474241051 8.5249990008422
43.691271643963 13.596655048729
42.427789643161 12.813241310817
40.719195049277 -73.461411959372
42.99477193879 12.717201686354
45.762123813297 10.645033152746
43.009891042046 12.260249084935
51.148371957312 8.4137940865074
43.684895767239 13.231460095512
43.087463243926 12.218597151462
48.40527941904 1.8330097749727
42.08045845764 12.96893798514
42.831982375531 12.533339224094
44.467449722589 10.124947103916
43.644192267996 13.147624908105
41.858220455618 -70.085934789656
43.306652452495 13.716538857092
42.695598740476 13.40507482572
45.153139149401 8.850495993742
42.809235773447 13.220815482208
39.886398542139 -74.460133548156
42.598799630834 12.662469622543
42.899258900061 11.873129849075
34.988107845028 -118.92605349397
52.60464991308 5.4948028050106
42.971431037419 13.022801467715
43.380127047387 12.462837679083
42.026328045305 12.846781928137
40.687176388955 -73.714708982774
51.96875631994 8.3044998768272
42.635503109396 13.758151437064
43.760286359491 13.550257151292
43.515627789107 12.960794715679
45.309788051206 1.9015233697842
42.637002319881 12.903090869052
35.124579812494 -106.84600918373
42.431961119863 12.733154083499
42.932364612342 12.795015485883
42.699520061605 13.24264150266
42.367696887074 12.574468695381
42.994993833844 11.856546857348
42.975322053312 11.960617566484
50.335792844806 9.551071758173
43.082098214946 13.551015529594
42.208139134689 12.927114115084
42.277990300359 13.511568604296
40.168888648271 -74.994276818948
43.38947676515 13.056931273128
46.258557063648 1.0653773560493
43.570289427235 13.801997793302
25.423044124332 -80.318600434768
42.093525959709 12.598369217312
41.935804063911 12.810082771748
52.078107599673 -0.84151637916761
45.299851761339 2.0526312743559
42.980075304408 12.173550340914
42.841488467942 12.312379890754
42.692860436038 13.632890341653
43.50246546443 13.020287920286
42.532649673791 13.591244382149
43.583523112176 13.250848588206
41.301594908641 -74.052283743552
41.923654194907 12.53776606898
43.482181989368 12.315038804598
42.182648771549 12.064314201059
42.529311188764 12.980366285902
43.201769188161 12.158577065078
42.104726895294 12.999810198809
43.739405369286 13.642523370072
43.018728946365 12.036943956316
43.21938740195 12.834844492786
43.042494476348 12.037481755522
43.803961344924 12.731128302299
42.881178318954 12.90158976938
51.650072791916 8.2353032437318
44.391494329151 10.700628799058
43.120138026851 12.775930526117
32.830060632634 -110.9157959758
42.282135777793 11.925618770984
54.257694361109 -113.97845673886
42.500910897062 12.216048468957
41.884586521857 13.801323108304
43.503732231236 13.289178852148
43.74214509399 12.606007277337
43.670794827266 13.701366857507
42.729049172147 12.277137354632
46.381545221611 2.479246708322
50.323495448718 9.5731256737249
43.466661165707 13.823230942184
43.148264088758 13.23126605585
42.261859615942 13.608745165474
43.233870903393 -83.211328914229
43.389965440815 12.829422160925
43.790515198296 12.348121721946
41.930681930378 13.80168003768
51.479129961449 9.163736663835
42.743267645495 13.590104284061
46.041902152238 12.512024252632
42.130190313875 13.49567384298
43.692210640636 12.915689980593
48.883207825075 15.943322343958
43.676270135083 12.026182182632
42.893260092446 12.789604855624
43.377891504868 11.89231529829
43.816506075143 13.72754670343
43.15857997127 11.953956423327
43.714996011816 13.313334334343
42.13334783175 12.847931289064
42.615290781791 13.031303343864
46.570999261816 -73.710431337292
41.835179709774 13.346943040561
43.428457846154 13.620026287932
43.453076333971 13.096021572194
42.48272860913 13.761662431903
42.923471782808 13.634630110897
43.42096286801 13.802400694158
43.071766895762 13.59196106281
43.800319278075 12.471238897422
43.368429490092 11.872321703898
41.850656175937 13.71369794093
42.885642405101 11.919010783995
45.550275172412 9.0706008471389
42.991075214947 12.705195585615
42.425251703463 12.664908036455
38.434052887283 -76.520703184154
43.548339539018 12.004289125581
51.794360188672 8.9093153927984
42.32867896388 12.00465136955
45.469675070965 13.03578760303
43.753960518539 13.051935969431
43.095909344098 11.969471165917
43.591375703754 12.654503298783
42.71035760816 12.085570222293
45.857596240406 2.4499256920302
41.994648143202 12.906641758956
50.84082613552 9.0032021012172
50.640138957016 9.7222387970994
51.414170655615 9.0732770734808
52.781790980968 -7.0147758559393
25.96410131032 -80.983541245374
43.456192807528 13.74004161115
42.706309940085 13.628444409777
42.213428389401 12.281435395277
51.30866696374 8.5595737013778
46.120657122236 8.7112663879134
43.801989891961 13.268708136079
42.874155475255 13.378900320001
42.659919358653 11.996902117525
38.626079166134 -96.652607187933
42.50883296577 13.119774669486
43.045754450881 11.919440789597
42.939314499025 12.842854421068
26.497217050502 -79.529699130971
42.600869671742 11.98358770275
42.007209532453 12.316404068545
36.770895411034 -122.05486566701
43.070516025236 13.628543974214
42.415966019249 12.704524439177
41.935974425627 12.888262839026
45.137140244773 10.568290951836
42.305297841947 12.764679233921
43.109942939205 12.697374768901
42.506042260933 12.503247852227
43.256618612586 13.329974930908
34.493527134458 -112.22177671419
43.480930165633 13.130291777745
42.093537280401 13.253063234174
41.966371698776 12.079907552397
42.97977788049 12.068828627055
50.521348438701 -0.59209215906546
42.195162982326 11.869754303673
42.425356246284 13.242102670151
40.040752449244 -74.720444825945
41.9678570577 12.211922013786
43.725416596872 11.994837518334
41.875757514928 11.934489814555
42.785272418442 12.892663391744
42.864100573542 13.513963212985
42.399366999252 12.397687405554
42.355212892126 11.993025626539
42.232934395912 12.32754050166
46.495901662875 14.124747923887
42.53103349245 13.817921996519
42.248164592913 12.017685994535
33.458229207826 -118.44674628743
50.271356901746 9.6114459981264
43.778005195699 13.220029625234
42.116339985291 12.094534637101
34.464746779549 -106.56641876504
43.699408902202 12.022662522303
50.993264259302 8.9690524316249
26.409110576554 -80.602285727483
43.005766634853 13.45760144177
42.408092914826 13.09442916845
43.76181760887 13.599755333571
43.725476834816 12.266563318349
43.644863579278 12.697454259145
43.474674222767 12.554940174148
42.939775440369 12.302623031823
42.837333333624 11.913617779016
42.523248552144 11.897291329663
43.444868228161 12.303100110659
40.90591972781 -74.906251661017
41.919676321077 12.637113910952
47.602057575529 8.559759718161
42.117565624026 12.762173511929
42.66459392277 13.006533300994
42.147426074926 13.601169937126
42.137132118075 12.040807263034
26.319096780514 -80.14670989883
42.126438346771 12.328973681374
42.879410746938 13.556146718376
51.273251700808 8.7746020475284
43.095142952697 12.57118843478
43.46785283066 13.677650144195
42.102092325756 13.686098849741
42.199380678239 13.09377077368
41.84025357798 12.50461651783
42.347784500286 12.158339988535
51.715894259147 6.1396968143013
41.275369807414 12.666830493259
42.994587379061 12.272616560719
42.461003721462 13.815185395004
26.865222529894 -80.105173677996
41.889858037669 12.606724876283
46.092805974229 7.6789347895789
42.627486910984 13.400499134532
42.827640183211 12.676453073379
42.394525566809 12.56275508488
43.164816574291 11.962741633415
43.809611703202 12.369834139671
42.744875854249 13.42189746884
