42.183446058179 12.803661404573
42.190152044052 12.833577799089
42.195995398444 12.819839027647
42.146738672253 12.842497845128
42.243946412785 12.844086606379
42.212781088547 12.855253199535
42.218527797267 12.878676546236
42.170530048765 12.838104757892
42.191700338962 12.84334463621
42.164453300279 12.78688317902
42.232815162408 12.852789132343
42.158555395996 12.860725678925
42.137320006351 12.838268215248
42.249765135951 12.855775603047
42.203782059368 12.803352890466
42.146619847599 12.800550510569
42.212638672561 12.820372247074
42.189970817526 12.84150514467
42.163966942676 12.801745989754
42.191064068811 12.795521286498
42.186645134926 12.804382371646
42.223130643027 12.876415046361
42.211889693633 12.855432984373
42.147086139858 12.822396610802
42.141792214097 12.82489423634
42.21133608057 12.823288308861
42.142018117098 12.835308386423
42.160825088716 12.844479004335
42.207050373895 12.903420499502
42.19099353358 12.86969110552
42.198017855288 12.820537910268
42.184399525742 12.875599326529
42.181005915267 12.826980593555
42.203714740113 12.886665602649
42.166192089772 12.781641100918
42.183570348764 12.817770273361
42.217952185899 12.823395075681
42.153140411805 12.798050579542
42.193801606185 12.805370748439
42.1730960399 12.813186260806
42.149691624658 12.789975627714
42.215503022662 12.82822014339
42.210027091324 12.906529140171
42.206590684248 12.85096851778
42.168073893624 12.793431340176
42.201169759615 12.886355601685
42.168089243683 12.805079691508
42.183198939184 12.862501563461
42.161784110687 12.87440276375
42.201392752699 12.859596331094
42.215576515654 12.886966161398
42.220391946503 12.859048178841
42.146481127567 12.825000449489
42.180589606159 12.8082382045
42.196181839444 12.878681999596
42.207400231274 12.813402707157
42.209306596431 12.880771442282
42.170526735119 12.861005184663
42.229371869599 12.846501782952
42.193558154739 12.869172804018
42.141671884892 12.802749101467
42.202170151867 12.830494854076
42.222354313018 12.889144654821
42.174151619067 12.801322927627
42.147861096167 12.798651196921
42.201354087445 12.829840777384
42.197358253991 12.88682448628
42.199099305665 12.88149176488
42.138627887323 12.831613453048
42.192066643498 12.878444212919
42.226870266382 12.838150669766
42.235078890007 12.835608571712
42.172663145334 12.813043576599
42.215813502791 12.886597612375
42.160935887697 12.874706007503
42.19437682826 12.804308238835
42.209368520535 12.854166375892
42.219078341156 12.856359491079
42.17069309308 12.854653250379
42.171001438618 12.872091854418
42.250728816863 12.850128990084
42.202468416888 12.858247508972
42.250441358097 12.836741012466
42.22091957846 12.890521131892
42.225259866691 12.891650698584
42.213896078178 12.881491863135
42.172856249017 12.842804698221
42.241990235302 12.852449910202
42.259940438115 12.843411775254
42.212941633658 12.831489343604
42.17568801214 12.81722893932
42.242755870469 12.868100585841
42.228763883595 12.822386973476
42.193198438379 12.837446577792
42.158258106189 12.793479020166
42.178147526562 12.900703493946
42.175397639731 12.867923494854
42.147741000723 12.808475709918
42.17503518668 12.782821813984
42.182483311849 12.872244405056
42.172186275114 12.887797983798
42.202444068742 12.884778955364
42.154873423837 12.803471009176
42.238644798884 12.837673215141
42.186696541138 12.87963335166
42.225741278972 12.828776410256
42.14855647748 12.858158850066
42.149874847939 12.834661468808
42.178443750936 12.819832535398
42.243413804233 12.864157529971
42.217705919995 12.865540014073
42.180390544341 12.895112812491
42.203300187014 12.876408903823
42.20647383493 12.891222858772
42.147487551995 12.850841488175
42.201170839484 12.816375102318
42.184565154477 12.809176375556
42.229715651961 12.82833730796
42.166783748759 12.865175531204
42.208429868451 12.835238081813
42.211806422685 12.83732210979
42.18348253203 12.902606705645
42.192721352092 12.905221836618
42.203654476557 12.849518150508
42.177536995254 12.883964728065
42.240506505261 12.865281446795
42.161665749832 12.780282582541
42.167015953088 12.777170999359
42.190387045143 12.82472431933
42.172666919053 12.795278688818
42.244968874981 12.86756909588
42.220926811111 12.845595692234
42.239779457583 12.827321500458
42.221637425603 12.840142211823
42.172202935078 12.860351585739
42.145247766371 12.813955332087
42.249609444428 12.857552329964
42.176297410494 12.897548378884
42.177775462262 12.81009453994
42.159281049019 12.824195885039
42.157972063498 12.813280741153
42.254314242536 12.840416977129
42.160527628942 12.798433022501
42.14233614839 12.799846387396
42.193922753091 12.807871862712
42.207407796407 12.890291118964
42.148329986815 12.865244863979
42.179091106739 12.811380131103
42.217342419206 12.825181972641
42.16292446908 12.813118824204
42.210619061839 12.887965504515
42.19711690547 12.870116784198
42.222519371783 12.873221639971
42.223584219007 12.888487559712
42.184995163805 12.865416275296
42.197525033375 12.827825717569
42.201451904721 12.877444080972
42.230568600947 12.860947583293
42.150342534853 12.857139879792
42.216351981862 12.876833558512
42.16088317158 12.873088330924
42.162387947649 12.878383875789
42.24507746859 12.860760745083
42.246908737017 12.855890954799
42.19772377994 12.853105838363
42.212417017788 12.833216099943
42.2050943902 12.884861945142
42.227527566381 12.857137276746
42.204979228091 12.878119138755
42.212773512703 12.843528500706
42.225554653569 12.894866667194
42.198076313475 12.811385827072
42.208967515386 12.883501439788
42.156243147422 12.814244818808
42.216470201156 12.814193499675
42.186522458788 12.831784995215
42.165292102941 12.88886771348
42.175458430881 12.793843019213
42.176357759266 12.863280600826
42.150044944228 12.823653678814
42.23788862642 12.84262968222
42.162506184637 12.811079131838
42.203832796425 12.90046439457
42.180751708907 12.82228208653
42.230730246881 12.885473869709
42.161418266225 12.786631498407
42.151670339609 12.788545282014
42.143797922502 12.805966973701
42.166553466679 12.852932606776
42.164454457913 12.876775497069
42.196998321564 12.888631958484
42.164267963827 12.826437681854
42.183616196843 12.901284726777
42.177129617996 12.790207256952
42.189989477505 12.807341328288
42.227273402397 12.891897062742
42.179626647488 12.817701001588
