38.35671564926 -121.92028978682
51.240202074749 -0.75482138333135
42.300122309171 13.811401104953
42.115063496474 13.00762482409
42.271020099202 11.847753743126
42.64127184762 12.674706693143
43.133395670603 12.919033226217
42.556302765199 11.960492769725
43.302665549027 12.499963185072
42.71607558325 12.522929501519
41.99196849998 13.793133727665
44.631253793247 8.2213735264593
50.921602903596 0.69761367495527
42.42487332107 12.004396543861
44.415882526064 7.7037740775657
39.812871347792 -74.146050964337
42.4155467653 13.82579016726
46.250486491926 8.0804432856759
43.587841617238 12.62307252766
50.803699475156 9.634138635655
42.757304877416 12.658717511084
25.061409718369 -80.108984368714
42.057172336663 13.790137668995
42.992150998692 13.242630825046
45.508762717924 9.5974965737865
43.77448558799 12.510692868175
43.092340427981 12.438442351056
43.356986826939 13.670805865766
42.893007986684 13.239258951174
43.407321834216 12.281673038996
42.466778331209 13.488956567614
43.072297525181 13.26923038732
42.063910182616 12.589750094635
43.208134856193 13.170288425505
42.469971760416 11.888069799139
43.196651871429 13.189740678405
43.285113527593 13.541786443715
42.893026297883 13.6997021049
42.956385107712 12.384260104703
43.711026789041 12.544889699942
43.031772310881 13.269114845113
42.47604879994 13.525800548294
42.295545505518 13.562860698257
42.905531423609 13.20289553434
51.624182746105 9.6275083351077
43.459147823278 12.116745653638
42.759256671092 12.063141244514
43.747294348102 12.898074778236
47.886346334073 8.4174859707325
42.249130587231 12.503064102748
42.675315226764 12.991437966487
42.846924435297 13.586315369993
43.717387422809 11.937651825129
42.487663934721 13.436355652046
41.912888640053 12.749739065671
53.214981771873 5.709759437926
43.427456444815 13.527388925931
33.194673732985 -83.441727410649
41.836438054629 12.596111533996
43.525493609985 13.169931866329
43.04057418233 12.568226544472
45.515254980191 10.530507380765
33.880235457122 -117.56179011989
34.151060809954 -107.0841192167
42.150642072873 11.886296576323
40.973672062764 -73.594367504528
42.305291909422 13.693341710017
42.259048899777 13.357230308187
45.324599643019 7.7287452324427
43.03511200523 12.404727443331
43.413466210225 12.138626732018
42.144834647975 13.574462699992
42.89348941666 12.375077990545
46.099574305164 2.6450611337298
43.192782924621 13.476953181681
43.497641394633 11.963275694292
43.07215966476 12.554162761476
38.287516700412 -78.328297170923
43.255958026881 12.448271600294
42.820840686032 13.648895904745
41.843765478529 13.179792546306
42.186663063351 12.14076367169
41.950272282118 13.316008559596
43.112349566146 13.513604437727
43.062189231211 13.413042573006
42.506091914862 12.509135346186
50.997250806539 9.1074534557329
42.061568120079 11.89123472615
42.506394823339 13.010117617461
41.894740436664 13.188030907993
42.609556593306 12.315229808148
43.101323364371 13.421731119262
42.874346110932 13.239374886399
42.603487015538 12.824017361677
42.755766017735 13.779452294961
43.056700713049 12.788120220338
43.760588241185 12.009818668037
45.95725949379 10.633993059622
43.632549227531 12.273450043666
41.95032138936 11.931115654286
45.389225202794 1.0762614887563
42.676199792289 13.124459089325
37.301657563216 -97.71785724569
43.139943782792 13.731766853378
42.927944873913 13.158376670072
43.48181285268 13.373833285374
42.042414018925 13.268054919929
42.11370435737 12.502125860447
42.921334583297 11.995969553032
42.858404803045 12.342106247501
42.905100985873 13.196123093479
42.418876373891 11.856614151458
25.37995821207 -81.113369172301
