42.594682045113 13.055821341509
43.483126878519 13.149767290892
26.095251296209 -80.235881045846
28.036891269361 -81.441467498793
42.05088416538 12.127512990577
44.754195879148 11.484523505894
46.637301229701 8.810707507476
45.118814662247 9.5531694605496
39.961576053684 -105.26941943449
51.293562002151 8.3454381829805
42.584822001695 12.390979000105
43.449932706307 13.088961540784
42.415901661134 12.129900748457
41.947355282024 12.022727136997
42.326769688806 12.052587412343
37.667513043653 13.674854497435
42.580949323078 12.534357324047
40.686762094077 -112.3346760357
42.558351089993 13.649739206626
42.513073218315 13.726242091866
44.189622001762 8.3114269432875
43.234178639147 12.421443263286
44.856816107832 8.8986881469836
42.203734968439 12.781451336493
42.275062313452 13.342006357567
43.628425124415 12.328023859473
43.81833613611 12.011668161516
43.658008253995 13.232868545818
42.680842379912 12.636931489074
43.621821905331 12.282919340454
42.96184900387 11.589683607125
41.2410194465 -74.382897927185
43.572568280444 12.236987179742
40.018510903517 -77.198538441977
42.110195376051 13.536271205908
43.547342600111 12.570302711621
43.777776626322 13.028257340227
43.20087335503 11.845415642434
43.189217006897 12.68680014961
40.735064207055 16.077078370856
42.247390046386 12.794684974402
39.929891276292 -75.154274907166
42.562447046213 12.269830295497
41.937871970228 13.504619996319
42.714299938995 13.696671011272
51.418029962768 9.82231221852
42.505318737379 13.659368533038
42.154412126262 13.010659467455
42.709691195169 11.910042867509
42.441949140973 13.183330871737
42.021836356757 13.512894547804
42.943349680392 13.704479994136
45.861000615105 8.2007394298449
43.07105716463 13.113691689986
50.711974992516 0.077408849712191
41.860189891376 13.071224403156
42.500278760467 13.392569243646
46.277967456418 8.4428524732789
42.471042353435 13.749028222074
42.45946677658 11.963229643651
42.811744762984 13.77677106849
41.837276987677 13.249058678418
43.043205670588 13.39911796313
42.80661731579 11.966965620412
42.24180350792 11.950331408994
42.520324544779 12.188791047891
46.781534406234 8.8720455014738
46.108502495619 1.5329662354351
43.460102496904 12.446535093939
33.985407247846 -118.32482553411
42.588910172057 12.332130748489
43.073771738968 13.175823430168
44.719671766169 8.8384744800806
40.173312930157 -73.938329937971
42.056811909704 12.181523850759
40.400430210189 17.211512270459
42.041048640425 12.766872434324
42.88694924858 11.981921098673
43.362414987482 11.994717093669
45.303246259064 8.8792579793042
42.889796695642 12.66424501115
42.626179869599 13.241148780699
42.796202828568 13.570726792149
42.218118910335 12.349986278636
43.493533829012 13.081758606307
42.958458118608 12.115129247382
42.293509436116 11.532491387859
39.863959092403 18.83142807253
44.204917245037 9.3921253713975
43.375330831586 12.715465722028
43.41566795365 13.550174091754
45.675803550135 -74.18283951491
43.093952219532 12.218493562314
46.067557289276 9.0651229452435
42.762170233674 13.287546524933
42.07877119031 12.438397617304
41.950685090383 13.198357430866
41.542798915817 -74.065620387601
44.476013111035 11.691829215776
43.509196642579 12.422612738082
42.092523996317 12.739621566508
42.52360173481 13.407740333328
43.025886987369 12.62207174891
41.916044977476 11.94918867666
37.774983049183 -121.64949087053
43.590283928735 12.074912333917
43.218127130653 13.38656036995
42.432788661438 12.920927475191
43.404883592599 12.189564861466
43.727722781139 12.019823004522
40.921222008868 13.244099757559
43.02671314919 13.310580424199
42.164937559147 11.931209207036
42.470114656033 13.303633860009
42.703867333824 12.226575501855
43.188207559862 13.177258950762
46.399404362056 8.2849540690356
42.540972019353 12.710366887392
43.148223485888 12.741233299387
43.546558928951 12.276262397096
43.680963518436 12.394847583231
48.674668726758 3.0581494423576
30.66462352833 35.593739983087
43.509735831784 12.84887823411
41.906521724049 12.566201351402
43.0493159248 12.687399708541
43.788176402372 12.30905326612
43.144810591447 13.718464035896
42.982446894994 12.532351026115
43.650977214657 12.021492223286
42.925442268127 12.70073008898
43.309271536933 12.421379404825
42.830834406836 12.876253987626
42.547225957547 13.207779117046
42.898899462048 13.209564704567
42.36092572911 12.042430534068
41.953469624742 13.162010637674
42.471840683146 13.365035577868
43.272029525282 11.935505823689
43.60795570987 12.298631726924
45.811639517155 7.4100145864603
42.793703792076 13.526087433831
44.917569892398 10.321813149551
43.399664959146 11.973640155522
42.950749571899 12.766219882207
43.742063176719 12.20754627057
43.366693197476 13.105140397861
43.092403698311 13.530508237228
42.785439237408 13.663901195726
42.414237989792 12.153437141422
41.957690870391 11.920223300329
43.393098607398 12.818772765744
42.853798187291 12.27430055445
42.206754868036 12.67205057606
42.944499520114 12.700294034903
43.335233585155 13.281362865272
42.313904507719 12.821610440904
43.312303760255 13.283383043636
43.681549450721 12.026782800011
45.113046489706 8.3866718314992
42.417313159193 13.270951118467
42.033018521535 11.933885985044
42.225751759145 12.218236360356
46.145921350921 10.202394857308
43.714657800626 13.023192588272
42.677994398271 13.352725386805
43.43754678242 13.154928151611
43.720407962224 13.352468323148
42.450476206604 12.470695142409
42.842562389042 12.182306052757
42.488383229139 12.100068816983
43.800196658282 12.52776390853
43.004583702911 12.2037389233
42.750052772833 12.610640384097
43.212578471404 12.1830166896
42.807650540421 12.352044686394
42.310581624674 13.060519726065
43.486397605637 12.059725729332
43.56030486366 11.946640288453
46.714205110171 9.8740999240751
44.405837932023 12.902461932947
40.459968981233 -74.343470943917
52.463701927552 -1.0769918645671
43.819766452473 12.040825586806
42.654015905084 13.186528042532
42.538242167134 12.024943958069
42.608247999406 11.927594492665
43.538458197649 13.298694912039
43.494750189846 12.911234192996
34.625320786615 -118.38717574859
43.39710176617 12.547762221933
41.874864527918 13.459987631769
42.414102921476 12.697221699051
43.526564015342 12.47689477658
40.034238009249 -75.176198379265
43.806209983701 11.932896944684
42.582545078186 11.855958038429
41.880465545657 13.579649542749
41.904161805729 13.615400366793
41.980544036266 13.025232158634
43.213304964015 13.664536896492
51.314617322439 8.504419456471
43.185038133632 11.952939788344
42.903326819161 12.654075641045
43.736301070443 13.053974334197
42.303682597051 13.606106424542
42.632062564454 12.119223745151
43.420610212006 12.45652925293
42.523004620601 12.273888201601
43.232831506654 12.007963095351
42.665791667398 11.871847898195
43.720423331375 11.909434011651
42.731649645966 12.766578162933
42.878530367596 9.7656878715664
43.307133510407 11.996490811017
42.856718223962 13.478080230543
43.107391695097 12.011853081666
43.072952331099 13.733850485542
45.319317069985 1.8538656955836
42.860772429456 13.184502604524
42.99578404475 11.833890489246
43.236440447756 13.195112359356
42.532870316216 12.099360341739
42.115084101521 12.074562722873
41.371408744443 13.674260540597
43.425065033822 12.554824914597
44.837061994193 8.729833632768
42.424653181094 13.75693477355
33.190396010221 -116.95897002507
43.795448369738 12.516622892377
40.317485526885 16.419087033891
41.856604528568 12.343264983216
42.10947909679 11.967682552064
46.69664887511 1.5376894830436
43.313612627498 12.782900000842
43.697044621567 12.783663565679
42.807407602133 12.298743667707
42.902355644362 12.497346841983
50.736303116305 -0.51228581304768
42.603488094941 12.937989722464
43.005602181447 12.225796986963
43.804242401314 12.257565460309
41.969716094441 12.07817435736
42.235740239863 12.796148302425
43.093243814138 13.457919908456
42.661820648567 12.338974995717
50.766887310085 0.49871466140669
42.561613716002 13.555532553513
42.166192351008 12.574340249235
44.767046778869 10.98062890278
43.490263207599 13.483729535029
43.464382236129 13.623418659749
42.383599927849 13.689604199834
41.271560850235 15.047086147497
51.501821347513 0.46229340012758
41.993391934335 11.84733787919
42.390544897148 13.757377084718
