11.939504523289 42.745344357933
12.034918065686 42.602137411315
11.991484825516 42.564818322011
11.917480261979 42.779075079516
11.843813178078 42.748334031922
11.839307806866 42.558268544079
11.996247720924 42.598275724167
12.014040845939 42.696558735213
11.835793225971 42.78914307283
11.852336775929 42.552264120708
11.849469605319 42.77841251149
11.936822238835 42.521679675005
11.876125231814 42.690374107908
12.018222672429 42.606534741657
11.969175081241 42.562801766492
12.023100115856 42.650143468611
11.938296300817 42.628132222999
11.858227608215 42.613555186269
12.026406218797 42.616233131225
11.877433156093 42.62224326081
11.966982455464 42.749993066208
11.91966727514 42.569824533823
11.98381151074 42.531277291279
11.528680400049 42.567019689766
11.940802112215 42.745528041288
12.022009583221 42.633917615134
12.024327203664 42.613508945638
11.909319083185 42.54782137768
12.041720616206 42.665319931093
12.046817217996 42.609695393897
11.842873197462 42.542937905336
11.909380636157 42.62414091391
11.852444956497 42.696685906845
11.922348837819 42.73630910962
11.877079767604 42.632724175545
11.978892470255 42.524544828837
11.897890735391 42.596173985694
11.854715970298 42.529189893778
11.991668477206 42.523660432812
11.877490775158 42.793364380877
11.960492769725 42.556302765199
12.039375335949 42.633185901529
11.903194903838 42.623003663806
11.937700977541 42.656044208305
11.914373843446 42.783899197741
11.746593869944 42.635857804879
11.849835148032 42.643710936275
11.910112776307 42.712488049063
11.924504443058 42.735649618218
11.991042438236 42.714587438393
11.704987250874 42.73285248039
11.99221091533 42.725461501056
11.954498251434 42.5647204903
11.957867688966 42.580530392297
11.859230434012 42.691190073144
11.901056684063 42.759030445388
11.898330291707 42.547522583321
12.023615445042 42.678527042141
11.945211537643 42.54107505576
11.887361716448 42.768138092856
11.960429750385 42.696073450028
11.998582997845 42.625027133464
11.936460906631 42.718976430019
11.955071379896 42.684953378388
11.977990530442 42.642476000212
11.80968304463 42.654321712886
11.934564959714 42.696612629919
11.895347563988 42.744868493075
11.576236561486 42.654027298537
11.922758355722 42.756356306747
11.83535733115 42.769799108996
11.872666282075 42.718755642308
11.868331583642 42.698032945275
11.940275036723 42.770455304913
12.010880768791 42.602079030893
11.861081473951 42.604342265823
11.849408003452 42.553058193809
12.04235344943 42.628357616567
11.985484075281 42.663402902758
11.929962015234 42.579870943271
12.034872548226 42.660691532635
11.913192511517 42.57441586704
12.034993526097 42.612483450518
11.886764102584 42.785553983334
11.912959041054 42.620468103637
12.019585301664 42.627052040152
12.015245106565 42.680552578869
11.946918378115 42.520849793482
12.015755844331 42.571003341869
11.992318771797 42.624852735861
11.915982214716 42.791827074642
11.865169295999 42.78004745479
11.854036153713 42.527930215268
11.840842637646 42.607949466749
11.861416535874 42.761357934124
11.873258338272 42.761052926912
11.938006843898 42.593691375404
11.922759339664 42.669789575373
12.039269698823 42.612840080009
11.852863010437 42.563938616127
11.96978376853 42.583929713177
11.936624892513 42.648895776688
11.845543662967 42.627061750121
11.861358196431 42.594457700681
11.895219820058 42.74093015156
11.841839806124 42.698693307463
11.932533859731 42.686573272446
11.940559454256 42.64437801097
12.034024102185 42.632609263378
11.880765945616 42.531516639319
11.891947274067 42.688111495568
11.924091278561 42.771875054025
12.045160681517 42.618304806605
11.867665938061 42.548453924988
11.909623870139 42.709634036177
11.898900758915 42.698862366725
11.90408291805 42.772833070633
11.6475654809 42.565891753354
11.862192023502 42.748273980708
11.888511130555 42.774849757003
12.001954915024 42.627600951899
11.886710027201 42.701620356993
11.991610173153 42.578918707848
11.878209643962 42.572270836503
11.959950898311 42.5961714972
11.962811524052 42.706367360778
11.992615052982 42.603148080245
11.862670302814 42.673768493682
11.993044666964 42.563624118273
12.01286195035 42.570408514522
12.044864203823 42.669603007247
12.027015278149 42.657159081522
11.869175591466 42.655158052547
11.992503616976 42.707277178649
12.024321689303 42.576652927148
12.040693537372 42.605032450822
11.910042867509 42.709691195169
11.90432495994 42.796144854669
11.960606643467 42.59690777056
11.872083108368 42.751110321282
11.923661648281 42.761720755513
11.889341098692 42.651987619091
11.847729007198 42.730757330906
11.947393178936 42.557869854664
11.919430612104 42.62747237397
11.944538680366 42.75243260376
11.919914346172 42.636713838522
11.869984310081 42.56177989608
11.867662492168 42.759335994164
12.04053343464 42.682742080524
11.286217687205 42.674055764046
11.908062479437 42.617126164801
11.913242757301 42.671091944313
11.881774072967 42.625922829225
12.008756152845 42.660983005867
11.839539523648 42.766835479444
11.961690463595 42.581358627708
11.911584317198 42.677280532533
11.915096016117 42.776155885691
11.805355159752 42.535264198592
11.925935537541 42.644603556343
11.921457291565 42.677633823698
12.038488220462 42.651329144228
11.915397173241 42.731053102192
11.882263062488 42.62570280287
11.964182479311 42.676807443482
11.844531966322 42.6531165143
11.880517348612 42.727608488767
11.856975168875 42.71922235925
11.878457472624 42.605632421398
11.964407812808 42.657100244287
11.887850341356 42.742258696252
11.920736537299 42.694519462408
11.965550658764 42.643472933531
11.963117626965 42.707916137182
11.846947743298 42.704644380139
11.922997997128 42.605627153837
11.966432299936 42.681968826673
11.840237849804 42.644128756919
11.906100926432 42.707026278485
11.900288861685 42.679367136548
11.864944796036 42.769014261576
11.901164555431 42.646698946921
12.012316119884 42.599860942757
12.050632887099 42.637935723031
12.024097973513 42.69871089549
12.039911171927 42.653890480147
11.932653289744 42.606064108969
11.990136697439 42.573749872678
12.016053142055 42.562088475845
12.028019330498 42.644866485936
11.936871018718 42.521579637922
11.881296177826 42.58570159908
11.893316940376 42.67256800631
11.980082542182 42.54577876003
11.994988613781 42.636999701002
11.91009477291 42.750747854261
11.884757056334 42.664958776771
11.891545483813 42.651228090607
11.93382478225 42.681214753411
12.020232280281 42.649418831661
11.955737878569 42.663405918846
11.997574623228 42.662645048791
12.011836414718 42.671085469758
11.86315778173 42.611940552786
11.962400109976 42.678037972526
12.032680266573 42.639660960848
11.989356264022 42.540182266191
11.906643250469 42.561079523343
11.876009250489 42.682803189721
11.951626797671 42.535422025984
11.888545589491 42.666029065247
11.934980656011 42.606121544098
11.926687620567 42.60640388385
11.998820459956 42.6887477216
11.956873550546 42.668542007782
11.977688240829 42.578506512392
11.905349840853 42.585535492576
11.939494573504 42.76033316497
11.903325560479 42.648013986039
11.851982593954 42.686980582183
11.530461745395 42.575178641768
11.935449897768 42.641453786607
11.862023429902 42.630743563024
11.895709990031 42.624549848805
11.880877623766 42.736893125243
11.883261116654 42.644676684723
11.847033742765 42.757308701427
12.020699618415 42.682330249682
11.926290701596 42.674785705153
11.835247639977 42.56376940832
12.02421269569 42.69685277517
11.836673099027 42.781114535791
11.878269619273 42.639734757917
12.021718338629 42.693338424777
11.896279900773 42.651160452839
11.838810990045 42.528720557026
12.001180990155 42.661263253403
11.991023737023 42.552819302584
11.995552068129 42.555350830592
11.92853953269 42.520909844696
11.917105266807 42.787519238811
11.857573492873 42.580644961272
12.023437237865 42.686491262043
12.064981970056 42.66173830056
11.856674393128 42.526796438066
11.892311539472 42.745767963021
11.480958117673 42.70108355102
11.846661760421 42.520562727268
11.871005712038 42.77556241761
11.963162445001 42.574597808821
11.886886650665 42.752062882668
11.836502131485 42.656162062521
11.900349496373 42.728100110671
11.877716515177 42.641346364602
11.963692413647 42.711128613332
11.95119755715 42.656144985324
12.041484687052 42.645623157588
11.938946397502 42.697517077319
11.991847809421 42.630629850866
11.943492063782 42.6249801203
11.959488840776 42.659016475875
11.975547962832 42.583735827184
11.852263181888 42.573645739173
11.978520404093 42.603739229333
12.006015028363 42.601728660356
11.940447370981 42.632713335882
11.985473549473 42.694048617845
12.038260801734 42.68648633069
12.015881351224 42.584817015859
11.888785385496 42.643676554639
12.00904055827 42.669430432708
11.86774764951 42.641113356541
11.974000105643 42.656921796828
11.95234166365 42.713347706831
11.912903603612 42.67056556545
11.903661771654 42.650913850728
11.890158290479 42.64277025577
11.907292611875 42.646407997558
11.959482836539 42.757545313706
12.031111399679 42.616168173338
11.899265758202 42.679174220527
11.990599665807 42.544352822746
11.838643117754 42.781236581889
11.916811407526 42.591413402295
11.88517616686 42.638496429978
11.884448551074 42.74083440508
11.884688274437 42.525630219174
12.055091272155 42.666977230325
11.834955868255 42.787881907464
11.911762525773 42.730717306387
11.953769209794 42.663777505378
11.959312946538 42.659892690696
11.86862298004 42.644186790422
11.947751158845 42.685321750459
11.867247148842 42.697144835602
11.904919330939 42.579888792534
11.942817647004 42.62569497231
11.948522937481 42.652599375554
11.853397939773 42.73539824727
11.887143556928 42.769081892359
11.907786099218 42.670254200099
12.014207926141 42.629679250845
11.849835850715 42.528410795412
11.954776729923 42.735885076123
11.953757210634 42.603508472745
11.86161968387 42.632468900027
11.867020578548 42.689838896382
12.001772071722 42.532800561086
12.042967908591 42.671258097382
11.966560588689 42.632294732927
12.020990877909 42.611186706767
11.978817718115 42.644502623793
11.88190285113 42.753730214573
11.991491802985 42.575648467346
11.986183790039 42.573283973438
11.860821909227 42.741232138959
11.968360288541 42.684659073003
11.920328565857 42.645372352884
11.90487507123 42.586470958605
11.688144190369 42.746232771336
11.881942125003 42.607001334267
11.920395771957 42.524379954007
11.852625257754 42.728811326797
11.943661913736 42.629137588979
12.040170124772 42.623365341997
12.006786338078 42.625406048107
11.989637203065 42.525630520457
12.010064669445 42.626873511203
11.973035669428 42.565728982264
11.926748252461 42.532334870462
11.890393792622 42.560896604604
11.861656105568 42.792044435086
11.907610700444 42.781349533622
11.891173990879 42.591963595542
11.834302631151 42.689063090242
11.951209120451 42.559303966167
12.030708964949 42.586292982395
11.969650475781 42.695244173864
11.984479201506 42.571911169969
11.926330301432 42.521622034519
12.003881948092 42.632011469303
11.993517108745 42.581499390596
11.795165034658 42.783358551135
11.857554943255 42.611116207976
11.908662513343 42.633365123849
11.867134827614 42.560177557452
11.84429267649 42.589762429071
11.893971057115 42.766879225062
11.93031774041 42.606118917303
11.892234355648 42.653729293821
12.000227393604 42.667514654208
11.919444098121 42.705532427295
11.913239036202 42.785978243608
11.891069947712 42.63015164932
11.882383203566 42.798299461065
11.986967584133 42.650508891649
11.903980830661 42.772412382447
11.870164194571 42.609275512236
11.999242444543 42.651263194949
11.9614534569 42.534362003943
11.975717016505 42.589326855091
11.944497833489 42.761642515104
12.043550300919 42.628614244365
11.955082550179 42.647299449282
12.007018958708 42.560415943435
11.920213371965 42.580828248349
11.937830124974 42.680847609754
11.852568568614 42.763618383468
11.984178297235 42.730593823258
11.903386021009 42.70875640528
11.894992851159 42.54720732737
11.837570377105 42.768067201512
11.862070892429 42.729506414279
11.863522222689 42.718988568878
11.899460395307 42.808297561879
11.928599796711 42.611245808963
11.872023410125 42.528176828089
11.98279498286 42.545561983525
11.951386086175 42.652989961998
11.959719574081 42.641283807199
11.927648230443 42.520274801443
11.902986019318 42.719799215705
12.031469748857 42.640616085234
11.974112361678 42.595176033043
11.867857730907 42.665153979655
11.937413611907 42.538891013052
11.859813698523 42.649899988293
12.012912572854 42.558219241259
11.891641448222 42.531093147386
11.95048483135 42.544541738271
11.916826054436 42.69369926664
11.896414315766 42.531977642596
11.947177067395 42.572670500082
11.855124989478 42.629082320106
11.954725635704 42.681672124531
11.94139319518 42.678466342727
11.907230430726 42.62677493583
12.021410860618 42.58607812814
12.058977933649 42.658051903221
11.933650153214 42.624257646347
11.968463246717 42.625032535601
11.896605403135 42.641175850614
11.891306805395 42.794375605806
11.853158530732 42.765826028218
11.983886115266 42.589947822799
11.99035003457 42.616575628362
11.834651865475 42.759160410522
11.993804952148 42.697792450312
11.93884643539 42.775141556198
11.899867158358 42.745585072688
11.896665860872 42.579116282344
11.889856146618 42.651637783133
11.850543777875 42.7276004915
11.843593138684 42.790673900785
11.853861818974 42.73944912608
11.97864956503 42.555418903753
11.998103655895 42.660510036957
11.990357549412 42.57965470507
11.852371560362 42.74987497404
11.975025166301 42.67990696464
12.028336111025 42.621344202043
11.945274102497 42.758847735731
11.960561426825 42.54380921395
11.877301186753 42.567432472768
11.923193120849 42.789429986772
11.964597017509 42.684892534153
11.918019520102 42.54508069511
11.98918366201 42.576067098706
11.979833053902 42.568036593317
11.98192677555 42.62615571016
11.881110310054 42.55774972709
11.89278439802 42.74827303914
12.01191602324 42.668115634338
11.843410037872 42.710956994331
11.942834795913 42.697160653184
11.91705262473 42.701005205859
11.902850889111 42.634152679555
11.898387982484 42.537228049516
11.848822671405 42.720877520165
12.025526171583 42.636271113381
11.898362346433 42.767591637938
12.058179504286 42.656882735296
11.960681371394 42.74599941717
11.986211868018 42.671857470049
11.766472076285 42.560245373009
11.980077681143 42.557454154642
11.979699064523 42.727388834475
11.885894543925 42.804253083584
11.868385444821 42.700480862402
11.523741644006 42.670073067362
11.964372629304 42.585938841398
11.924913647105 42.62760688489
11.988869847746 42.641032790619
11.910745411255 42.696221690905
11.844644904085 42.555055703316
11.947277386669 42.526566758087
11.90675442291 42.539296269689
11.878917932941 42.674317915328
11.922281411927 42.53021182426
11.906056732382 42.599455151076
11.893133681704 42.654538805457
11.952696580904 42.56268762546
12.035754545164 42.669307168906
11.983446870012 42.643887168117
11.888011804285 42.781983320055
11.839819587714 42.628127978031
12.004297283967 42.700063994501
11.99656226581 42.646029766505
12.012792203602 42.690126936294
12.041897282976 42.619193263196
11.896900347873 42.54585383534
11.861678877802 42.689643647398
11.923475770265 42.616828262649
11.924067795262 42.621170020041
11.957708336414 42.630573668832
11.890456336986 42.544788042824
12.035219066348 42.680123327172
11.904556970554 42.586054143324
11.919425090293 42.596477722117
11.985733530964 42.541788548504
12.024278288274 42.657712588414
11.899756107919 42.796388447677
11.840729840047 42.533243317892
12.043005796656 42.614743411383
11.859646868382 42.707557354939
12.005465535005 42.637775461042
11.901517351599 42.602196679752
11.916111844574 42.687106986405
11.992804690747 42.66524843439
12.054272782569 42.634671394564
11.937521412961 42.669376162214
11.971556183424 42.726351345317
11.897313415512 42.585826165802
11.850588109296 42.539602671557
11.867198290263 42.571655557778
12.012130889137 42.570762223385
12.009291843071 42.608850569303
12.04443606785 42.671378362792
11.872678897771 42.543996585807
11.906343990914 42.675865491722
11.897477746449 42.681790970139
12.033012246284 42.658950739402
11.900343596444 42.744569815597
11.890807788789 42.745396118048
11.897839194603 42.58077669685
11.897196841865 42.544233895181
11.853824291331 42.637420201061
11.876133081467 42.702558021409
11.860653779891 42.695965312766
12.039627236819 42.650444284405
11.867666274269 42.658959755536
11.875126000457 42.597496154552
12.052881259517 42.657400246105
11.970081819228 42.670150481498
11.87004269283 42.632110935951
11.974119712608 42.687205175745
11.939008416601 42.59463486338
11.916055334248 42.581241243811
11.996499863007 42.5507723622
11.888434229388 42.772945491047
11.862504090605 42.557798764949
11.943652977696 42.534114198098
11.887135679336 42.528878103743
11.93146945861 42.55020294925
11.959429814948 42.657094643778
11.892018287413 42.571960745667
11.977809511601 42.737373454395
11.86102612871 42.706905315515
11.843456936483 42.690852032851
11.853937276592 42.626993177772
12.017803017079 42.686609523712
11.948949470648 42.536750517591
12.000047750326 42.55525729321
12.051178626761 42.617418700672
11.922296739168 42.53478164765
12.035822231826 42.670256622003
11.880770880694 42.774093913762
11.86107330439 42.531330782257
11.945452025621 42.599348118829
11.986207301743 42.639142547121
11.953818731009 42.580471488007
11.903797525889 42.728150387655
11.903261158591 42.68793451727
11.894861332579 42.637783857846
11.833404373787 42.660013801747
11.89636767001 42.665662473864
11.855670660688 42.599916603717
11.885225597271 42.564125818484
11.970325423877 42.714040613621
11.927655227004 42.703585194772
11.94239805871 42.65301745464
11.904982058308 42.607310412755
11.986376197558 42.70642128063
11.918680091837 42.686250394551
11.839830097223 42.547804002461
11.954078466631 42.621636517656
11.968222867238 42.668903320895
11.878194222657 42.766700766893
11.988210780562 42.62873336611
12.017067752807 42.61850668614
11.924550826647 42.745711625456
11.874166271612 42.740518632245
11.905590746994 42.689839353196
11.949319211764 42.599168842958
11.839822562824 42.725111013171
11.863223198759 42.523408817392
11.91878006885 42.596903182399
12.01761921079 42.599390770609
11.898985328127 42.730821357936
11.861663181291 42.788077807908
11.954068954568 42.542270034825
12.039403981103 42.660562862971
11.901162772414 42.611897250012
11.906335824147 42.725655995668
11.916523030941 42.707074392472
12.020711227816 42.611722024464
11.892484537297 42.773498027967
11.906884761039 42.564880015613
12.019454106253 42.58839179279
12.004519682401 42.676868914497
11.838335569894 42.603926597465
11.975434111441 42.525546721914
11.841013967007 42.635759322755
11.998644205762 42.535301212026
12.022179833645 42.573026627124
11.884103523069 42.549129283332
12.000345954227 42.708453710076
11.91468174288 42.747125944026
11.855901935557 42.718635847682
11.981439356239 42.641092717967
11.928073014586 42.530381761294
11.912047179862 42.668541621749
11.855407006061 42.641830424632
11.884401535117 42.603255891077
11.892673066323 42.77034300464
11.933535023117 42.69702558999
11.913776902463 42.7094604139
11.844753737976 42.748008902554
11.943548801815 42.739207845081
11.959076332862 42.553708976879
11.949486842376 42.724280898352
11.926697994569 42.570183513973
11.93383586918 42.646634863546
12.019561950613 42.622307748379
11.875531218443 42.625284571513
11.849420695982 42.755353793875
11.92174823115 42.545662710718
11.952162855304 42.63175094718
11.975969810514 42.52895391247
11.946754551489 42.590643734967
11.883867818363 42.727858839917
11.900707107478 42.645689654951
11.787252690355 42.772535163943
11.9209126802 42.623020136109
12.01511679872 42.55774642462
11.891777310957 42.710473532675
11.881591021049 42.695240704222
11.926869008211 42.721368781182
11.893663684809 42.638960789276
12.064749051868 42.648316735259
11.865305555011 42.710176402123
11.922713378895 42.577095011539
11.936522553666 42.596296212469
11.875833735764 42.697616041518
11.864886729005 42.575307810502
11.965139515703 42.526936333893
11.915225433167 42.651351081997
11.845192430956 42.753543359134
11.845191131761 42.650619166296
11.941504913842 42.664471647567
11.854875795962 42.606949835854
11.881360048394 42.526269776081
11.952625862322 42.634448057823
11.862069753887 42.687696503351
11.925281240591 42.6295641431
11.766331741571 42.52905944233
11.947462530803 42.748803864603
11.917297280376 42.605576306885
11.878444147261 42.588686649983
11.834069086182 42.793728993199
11.969539879362 42.701370519468
12.037082871926 42.6755564598
11.982505900798 42.653721127053
11.864761412567 42.599162951877
11.854641496623 42.555079110712
11.950796752235 42.594095842745
11.949726392978 42.582487151319
11.851199128617 42.726122861156
11.874519243333 42.745407913714
11.926639321247 42.728445772907
11.918483620958 42.624755916498
11.927537620521 42.599524874075
12.03147968374 42.637350011469
11.942339004477 42.735942082843
12.012368654859 42.645632121102
11.846353040748 42.7275575027
11.870717344766 42.633896699491
12.042987019121 42.605657473163
11.937523801803 42.665075484528
11.929785998992 42.551727036758
11.847096995866 42.558637638392
11.989895235763 42.718984161859
11.935506397849 42.630378908327
11.915927084145 42.663009498132
11.951045223976 42.559048219865
11.987506612685 42.659617866718
11.927594492665 42.608247999406
11.855958038429 42.582545078186
11.874767256863 42.570834338952
11.916221138538 42.768120795867
11.892666489323 42.694464402618
12.040449448901 42.629264814628
11.998519256731 42.707617711161
11.984889956205 42.618971505512
11.967501021928 42.731612836372
11.987205151949 42.693571340637
11.907423790988 42.635389984437
11.889760083954 42.786569498867
11.911580076887 42.638130819277
11.910272084156 42.697612972345
11.866675697692 42.632371783572
11.877200733368 42.719040814212
11.892315791891 42.650392955493
11.937044254496 42.674612305928
11.860958913763 42.772358087272
11.847084481685 42.528535574476
11.929427313141 42.729639629729
11.960310524332 42.741127701842
11.956869945862 42.566844453389
11.870545388626 42.724174311743
12.017659840203 42.698759497955
11.871847898195 42.665791667398
11.834464825168 42.528641112882
11.987554541339 42.579178967804
12.053265013778 42.633186935297
11.936627802431 42.547165769894
11.957508448047 42.695114799654
11.929306865192 42.735958009856
11.84524839832 42.661556195331
11.956153427251 42.751543159502
11.925560858087 42.529672304436
11.874460685029 42.625685325205
11.910927375292 42.743026275089
11.985233848929 42.578802368429
11.998047413325 42.656501430879
11.94912004098 42.536687099646
11.91522667462 42.549700866265
11.881465747918 42.622526652025
11.918723837921 42.771236190953
11.872446823361 42.616775248974
12.028157342725 42.633242596722
11.968395664363 42.542023949598
11.847140142178 42.615463448996
11.876493622978 42.752298800646
12.026665263843 42.638173580954
11.92110754222 42.637703472135
11.868678075221 42.550845858453
11.854823801154 42.636229576395
11.863095716531 42.688589972786
11.860251936086 42.638710480502
11.922126500386 42.774014250291
11.896368067219 42.79067836508
11.938312745645 42.753497050981
12.001360313523 42.712693044337
11.980954453827 42.613486809031
11.89332344613 42.616995926789
11.910865899621 42.73089506001
12.011961170033 42.651164503161
11.933075041966 42.68888095428
11.94020436005 42.684245549948
11.90904037792 42.742562138842
11.897781400915 42.734531357316
12.001120236258 42.706312145456
12.035693752617 42.682261900384
11.909154992995 42.699961163916
11.842026815697 42.578390742477
11.946455987166 42.59599092912
11.843233537808 42.750935583746
11.974708640492 42.565543776662
11.901872775958 42.740097331714
12.03468041731 42.68495098908
11.922171145662 42.714106360804
11.850894084152 42.579393687018
11.999575425892 42.695065496368
12.021822957819 42.639493462948
11.885411244785 42.577854341652
11.905644276156 42.765984421042
11.989759298523 42.598217442931
11.981960661256 42.655793913966
11.899984686144 42.724056078479
11.851130823091 42.524533174266
11.89348504736 42.73541893241
11.9293212043 42.642891583353
11.926529312959 42.584390489678
11.902834007958 42.664544135197
11.839115331827 42.790749872027
11.913615622538 42.713265972099
11.911885206568 42.530320612516
11.840114087279 42.633022619261
11.841198535583 42.560787001907
11.897716193899 42.720345820657
11.910500412321 42.63450272087
11.842256785318 42.661448153996
11.95722498186 42.635268841256
11.875118772928 42.59588812694
11.91861971466 42.622433936069
11.979895409208 42.575660209926
11.889022218033 42.702682623522
11.985767843682 42.672997176982
12.046582541937 42.666690019291
12.030283500476 42.6739020635
11.856495460915 42.667644898739
11.925910507781 42.522998434756
11.918183926942 42.643832826842
11.87225681167 42.786342232875
12.005771605322 42.539967716478
11.93157559865 42.674906522837
11.879396420403 42.748560497907
11.916598498803 42.711559065039
12.000239449574 42.558090766241
11.903558605327 42.561792318526
11.850648069706 42.618789326243
11.958364398686 42.569335524745
12.054441054864 42.629973248427
11.842208776571 42.554896744248
11.9390109796 42.578324740577
11.854217882221 42.624737589001
11.964959263341 42.643845695392
11.861833719028 42.688657868995
11.886231017267 42.663406109767
11.985138267293 42.522809600722
12.038204163352 42.618862827152
11.998632617315 42.52692434358
11.835300340262 42.541991514427
11.834650966748 42.591187760996
11.967323047115 42.619275684312
11.925154321347 42.539345782057
11.949796684084 42.7220226297
11.999812514542 42.677587087137
11.910264546962 42.752117995544
11.868445387536 42.668588262849
11.870533130558 42.617587769713
11.905582779995 42.519971964213
11.929328592482 42.705613892875
11.962511099413 42.612724536871
11.913965249881 42.724176202328
11.887796490888 42.543885064586
11.91629388135 42.666400315571
11.957233724651 42.56982142926
11.841432919673 42.670984681564
12.069671277476 42.649314960788
11.965899565728 42.658604050383
11.855947292364 42.598967444452
11.849826485801 42.583282321518
11.839832127041 42.76344792955
11.974771838179 42.597966627983
12.026942130677 42.639725037238
11.842672572419 42.562021662298
11.857155745804 42.534477213668
11.845597022628 42.586552908938
12.009049439362 42.68268140253
11.696194654005 42.525103283222
11.903840027726 42.791984412278
12.058657679289 42.664436381175
11.996902117525 42.659919358653
11.925144322203 42.718166143058
11.985776511967 42.666163431346
11.868392215536 42.623963931887
11.840827253594 42.773072563958
11.836028549765 42.535075885514
11.901827889936 42.551900630629
11.938370641779 42.76914859927
11.995408423729 42.685301561249
12.011954412822 42.654557706648
11.894558277884 42.613203456466
11.911990612725 42.732368799754
11.951752877327 42.723643139828
12.021408168164 42.579229496245
11.92961547476 42.578023248642
12.036545891353 42.680304330646
11.908860051517 42.605218831287
11.872135866861 42.621040500545
12.002136862393 42.677230680698
11.958830325866 42.587243249469
12.024647824033 42.694184831688
11.828920519643 42.700188680086
11.98358770275 42.600869671742
11.857848832339 42.783776577948
11.904442660487 42.701205421587
11.999391756507 42.625144131328
11.968045658904 42.57857807615
12.018030593667 42.589764631649
11.841980092641 42.647887252594
11.994419924933 42.649124968655
11.955025289673 42.569100059855
12.017661121703 42.690604436554
12.040804368949 42.601406720768
11.837397380677 42.801738130323
11.919370903151 42.600464595317
11.987865049873 42.552328385225
11.911810138708 42.773653818676
11.890173936233 42.646766655469
11.834468772113 42.673582137431
11.874412196651 42.771459392652
12.023727352763 42.640800168592
11.956030529459 42.747652156648
11.999350696823 42.614269327214
11.895169261815 42.577565137587
11.901899019232 42.532032362454
11.948764211495 42.592498258519
11.939364497543 42.59100258054
11.838053100688 42.69725651608
11.839297851028 42.640519711508
11.881881735719 42.677709596568
11.976513272627 42.73768340367
12.061461263386 42.649255210391
11.935195197342 42.576603917229
11.935320093753 42.758183319961
11.853464857162 42.59153380554
11.939206822302 42.696505693133
11.918017196452 42.74809441473
11.962760382336 42.56452062149
11.930551326822 42.656349162432
11.842923712399 42.802872112881
11.839361373281 42.605106778746
12.009934508267 42.712082307673
11.883209730465 42.757656038181
11.988053708353 42.572332116597
12.026176205869 42.629744913278
11.930433550373 42.748501268119
11.870405629238 42.610288677111
11.857434760268 42.596489737109
11.908366613068 42.730407410197
11.990828149969 42.671020207329
12.040822677354 42.635697218907
11.987735951335 42.676559765228
12.05140766925 42.617349922965
11.843458419148 42.524440072276
11.97419005773 42.534245746014
11.94191685784 42.650911333829
11.851851377588 42.727305428485
11.967810131615 42.555233839713
11.904684346612 42.754397462494
11.937761198721 42.53008303073
11.886068954566 42.595521500167
11.847864818244 42.638300947232
11.95110697625 42.728576198581
11.967403439811 42.749397010447
11.861917541319 42.558218865471
11.833579124826 42.745991030145
11.846250463692 42.649916814498
11.834722686969 42.543939851499
11.857082508925 42.587379569017
11.912719563561 42.642247190553
11.844530245703 42.694225871814
11.970124206513 42.69910301815
11.926045952351 42.656348022493
11.899774819543 42.679486065137
11.844702535258 42.591652102599
11.960370934571 42.591434345877
11.948650736359 42.738310138128
11.980486246303 42.702023610355
11.958058484831 42.544054569951
11.842505167652 42.696736930749
11.902069337641 42.792656403891
12.006781983213 42.551374846881
11.901757361808 42.661329878357
11.838104034254 42.690355185762
11.986130679041 42.543169703143
12.041168306994 42.604096984793
11.998090541942 42.602247987244
11.923724805922 42.700648452503
11.886046340191 42.636234582253
11.970792099841 42.642880991422
11.959827787711 42.572195778888
12.017780664872 42.583575767292
11.971091543798 42.6330261988
11.911534544526 42.70840767387
11.957806320397 42.609142031825
11.902236432744 42.714054186251
11.868403857534 42.652712227636
11.989297613052 42.680860425218
11.922104989163 42.634378734827
11.994573322609 42.533778975987
11.918961578498 42.740888201066
11.879147649707 42.643795457058
11.890948310465 42.697090678728
11.980946650066 42.614974459594
12.000762226547 42.602305716205
11.844470329997 42.579871017311
12.030217777041 42.628482501802
11.888632587592 42.787182533104
11.964364810851 42.611710455109
11.840414522628 42.53073972863
11.893188291666 42.56791937566
11.849938484326 42.536620042092
11.930159700557 42.685962659647
11.868990996347 42.563511492037
11.971563689418 42.633890794906
11.640546269825 42.74486417372
11.864394130143 42.602493636612
11.868631442969 42.611406962693
11.986092904131 42.573164883358
11.854703568807 42.785434659492
11.879697721882 42.714893735833
11.897291329663 42.523248552144
11.873378841634 42.523640632429
11.937059139825 42.589334437919
11.889085399422 42.685427214359
11.986674010303 42.667339445889
11.92419633687 42.685075796084
11.916047222429 42.712804168816
11.960446367974 42.748027839136
11.980916586717 42.591016401367
11.604119538888 42.548179734428
11.855061464431 42.541693265357
11.986383627649 42.611173402824
11.847850611849 42.56446178053
12.048846847421 42.651621991162
11.937944693949 42.612013840888
11.972035324675 42.536259005583
11.943108939095 42.653907950362
11.939792131998 42.546270466685
11.905574039999 42.70822136372
11.975244099749 42.695113705816
11.994058277476 42.656930799457
11.978531575773 42.627486293983
11.868616776501 42.649507185768
11.965435085357 42.56499219202
12.024568212717 42.574352679597
11.881177920814 42.555911852792
12.030568996945 42.636525613573
11.897194594118 42.750034942196
11.931346812275 42.598490822429
11.878555584663 42.545958545334
11.889501789089 42.73696269597
12.048789315901 42.661629813121
11.31201180837 42.598480174203
11.682280717947 42.652597270511
11.888913547589 42.693645693706
12.051817331508 42.64883314152
11.893502203719 42.801023246649
11.923897605841 42.696571068718
12.041045857168 42.622791312946
11.892179158021 42.577664017036
12.050640774004 42.620812803351
11.913727906979 42.566673748014
11.889386964466 42.569414607535
12.022494015315 42.656522292971
12.008800668667 42.577916361682
12.006556021539 42.627768520579
11.921153395887 42.689655181363
