52.052625857551 -0.8455409486571
42.421249614314 12.536196857496
51.157545838578 8.0186547227291
41.923193801645 11.836620166377
43.702374228624 12.963455278896
43.231276899705 11.992914538848
42.72921283812 13.803063966729
33.353761564353 -117.46042930385
-38.198330567776 144.5330558414
43.423984091507 -71.755313587979
50.216981692806 8.7039133620932
43.061527105564 13.305930652353
42.739089153607 13.126795433542
50.497410661307 8.4079181651622
42.341223921341 13.679433010856
40.855379287555 -112.60533415983
43.552438607718 12.552743674534
33.673513338323 -84.592265774679
42.285172129669 13.488789103243
47.554765026809 7.9156155418212
42.715345031005 12.595538883303
42.466052225563 13.362008206736
42.487238497256 12.990359011588
43.239417639693 13.229009836574
42.215271568978 13.775211900389
43.431736706512 13.516140976251
51.793833561611 9.9807043732054
42.052422091876 13.369244642283
43.802772827376 12.521637444648
41.906353323232 13.163027166952
43.165355936256 12.557331260109
42.174679745557 13.203619017382
42.81477203819 13.459145429313
42.890034729585 11.966928716289
41.983117658192 13.530806837872
42.407210910903 13.372035470054
42.59850267118 13.75623388486
50.967970304176 8.6967771368552
43.427332446665 13.119011011051
43.570540635668 12.700183765378
42.828049191215 12.31421516573
42.940429147792 12.13564516333
42.864232093519 13.652233004429
44.964386310084 8.5980426772744
42.328959070786 13.393935812376
43.616776254802 12.6725307874
43.194075978472 13.185522583421
51.130477206842 8.5084067687897
41.928787594649 13.758424785828
43.073425191975 12.438863866722
41.871054681445 11.875282637738
43.832266756276 13.055171620147
43.33856345731 13.747555273023
45.377335506665 9.2766782362394
42.549603460634 12.235316251535
-38.682702521646 145.84482274214
40.959990398451 -86.839984852071
43.438340652028 11.996614039429
42.104780526902 12.268463614077
43.24561541867 12.277924021856
51.459975097543 9.2121500392501
42.494486322412 13.774554920299
42.149655971301 12.599226446191
42.436788097714 12.50360465215
42.792712951935 13.341689708823
42.70448193734 13.158805952037
43.440170208218 13.010408748433
43.329740668822 13.372391059723
41.977284288044 12.45069191302
42.809611075024 13.814310344802
42.794794079773 12.429226272029
33.77774316732 -117.32988873727
42.241935212299 13.489034694868
41.850613521829 13.443554066815
43.792171100079 13.586946716361
51.946707382541 4.8632795299
41.943606880954 13.169443738281
43.487292962862 12.862093365708
43.246519579688 12.169282292116
42.999339716995 13.235448116102
52.730674661803 6.2808987025781
42.443315052655 12.725709197936
42.187115325235 13.737546981677
45.645380539187 9.8519327666875
41.977200207311 12.724589206637
43.257574813116 12.354007187951
25.66024256387 -81.047925687227
43.244256854658 11.985604980509
43.614205196341 13.615167619968
43.23739364151 12.838232200073
41.911288823446 13.511049833408
42.677050105632 13.651024870899
43.169874888479 12.402981633063
43.682977089532 12.398222048508
42.177182481728 13.180531578244
43.744276006608 13.132914665704
43.041365856811 13.544297957602
43.333021308472 12.87439424308
43.379770728492 12.731409160316
43.243992108521 13.449999680042
41.358462528179 -74.063469951202
41.94394860649 13.163614875734
41.053187956744 -75.162470047569
42.203191609703 13.279394669609
41.957819154953 12.133941073054
41.94816520577 12.434568969756
42.308207239655 13.059985688005
41.920972547012 12.38109614394
42.450395066522 12.405724560121
51.341140191695 9.5930241884631
41.849287801373 13.659499499809
42.582795935975 13.694177992055
41.428615258427 -74.11863398524
43.403704153583 12.519356364647
42.717727076152 12.391619800328
42.452491947216 13.364724363857
43.264665756053 13.184495894345
43.868649869074 11.497831551683
26.191626531144 -80.721750246507
42.48592920533 12.113461246322
42.648305440644 12.615697639371
46.152939847767 8.3282159169801
46.391966399945 8.4842616253925
52.83084699946 6.303449519702
42.509199899879 12.350815323366
43.004226509505 12.5002765374
41.380369839122 -74.855295885418
43.788111734126 12.487843860189
42.721591621529 12.809233767844
42.380366333027 13.191946855391
43.774033310739 12.639729223533
40.748304377959 16.616688682149
43.747084257096 12.277788409648
42.392646460066 13.248766229159
42.551802238262 13.173255608519
46.795475810205 8.4387755461218
50.150696578506 9.4631336203139
41.947511356321 12.148565717597
51.498186427633 -0.43584477368083
42.787481069953 12.159224535899
43.741829971684 13.808600479203
43.30368093138 13.549825387353
42.84136365861 11.859584751029
43.24151230384 13.005289351125
43.142438781535 12.543633494335
43.548355618302 12.004464542051
42.1107279524 12.89950965482
43.661270710969 13.578858102962
41.889464003935 12.836983896271
47.665598573939 8.9073951579199
42.974409849858 11.858398316849
41.861712407277 12.65365715404
51.363651341462 9.2287600656174
43.270058172436 12.321644934531
43.660792218384 13.266962651774
42.634803806748 12.21894465632
50.46919612748 8.9398766867536
42.45885257493 13.467477734905
43.410847366068 12.872790211773
42.633003978374 12.250916928191
43.201696868169 12.766302427655
43.152035351469 12.062054180124
40.751674708068 -73.956298431158
41.844902171702 12.173798566786
42.285782649802 12.004165215441
43.556254246087 12.154405019339
43.740474252862 13.796805075296
42.985549985445 13.382237778244
50.411233480746 8.8707414673971
42.865229237783 12.440188838395
43.818832335465 11.975378566431
42.369373674697 13.090789069019
42.530485295027 12.645275401739
43.683063392401 13.692805677065
42.740285342925 12.415373367472
50.492637160464 9.4314042541345
50.320688770302 8.242550172956
39.904892741193 -4.6133424609962
43.139763194688 12.604452947923
43.105084357387 12.805968826102
42.617903143011 13.645206816816
42.913781928345 13.582565440623
42.440779417979 12.689427232246
34.256054436621 -119.22523283253
42.331939130731 12.447798838603
43.447190930365 13.246935417546
38.802302520804 -77.531305502375
50.118217279258 8.3945866792438
53.478608015216 -7.7283971550541
43.653292802488 12.894216053625
43.745823576483 13.318811689673
43.70565285103 12.022839773944
50.070536469142 8.6845244693963
43.111691384649 13.531558089692
41.752960278584 -71.114924199719
43.513761351145 12.233662375379
43.049728724684 13.729171233612
43.619854382083 13.764311238103
42.788003760778 13.286318404289
42.028731300064 13.685247653038
42.759862874544 13.132400523954
42.009099121231 12.376936485256
43.634381755106 12.590401114261
42.706142434269 12.791155883035
42.510372507179 13.776883021845
51.822957213653 -0.47291125943088
43.401216627772 13.674468104597
42.791172552312 12.557875095682
43.426063680775 13.158395580577
43.764863867224 12.479747582937
42.457067202545 12.690189653419
42.10365120375 12.430045442877
48.266695668833 12.364110368727
50.29885428599 8.849823198677
42.270173119994 13.48171737023
43.467253469169 12.775286899796
42.794777217247 12.182842031693
42.546434551287 12.778662351344
42.534947996298 13.368707089412
46.481301963225 9.10217441514
51.949795711529 6.1366158041109
43.393199309727 12.011592869138
42.826612581905 12.741703624272
42.496273349757 13.78032324781
51.758782301917 9.6708274468178
42.909193932058 12.477769961824
42.772587214046 13.16313639386
43.773318260358 12.992447444255
45.578838696603 9.3046422115549
52.081114092181 -1.0162437596015
43.833061315994 12.157368542721
41.544371940589 13.116879134305
42.520274801443 11.927648230443
43.303385417605 12.44404593552
42.171133320879 12.269177112409
43.371757041857 11.858927613545
42.350762365105 12.264341332628
42.82209768792 13.727422335079
38.761880326174 -77.572096958907
51.644256797221 5.4648533871932
50.545898338568 8.1157808360252
42.01390962026 13.37845975646
43.188800004885 13.232828704304
42.048031516882 12.532743343887
42.103753947257 13.738978648923
46.528345941465 11.398464415476
42.062775073623 12.394314244594
43.34546436667 12.837343858035
40.295862304336 -74.880795328488
43.548408753981 13.176064898363
42.81977287208 12.005721754884
43.148916821552 13.089653340697
34.726205778826 -118.68222990134
43.147315102253 13.032062088641
42.434399882555 12.834769161828
43.366144364891 13.484194768839
41.932653113258 13.426833599094
43.021896251043 13.807092002524
47.387218577502 7.9027161024989
42.472671672477 13.446733724555
42.921949354916 12.229609487241
43.732261158422 12.766640985297
25.245852402975 -79.369271161016
43.242981687788 13.601943773053
42.647814447849 13.363182726972
41.519463527046 -83.376148111569
42.373471452584 12.404607649171
46.021356743305 1.6171784138387
43.811263947215 12.330691565934
51.823456883814 9.2961047796049
40.566255692403 -79.54214839128
42.837868238745 13.210222276047
42.60439110205 13.779987011489
42.431909098046 11.857613881539
42.575172677925 12.256456522877
51.576825912845 9.3604799110258
43.354854419082 12.435953804981
43.526979154708 11.881076203159
51.037760702911 8.0428788829795
42.847920141133 12.826334047071
42.056516950532 13.150841793602
42.582625420125 12.465159743331
45.036206671054 2.5786619696667
51.247680000611 8.1552286982328
51.374174073047 9.4533197216007
43.501630719074 12.548413095807
42.794482271578 13.334927756516
46.427246383125 2.4574740368209
42.072760713807 12.591718513349
43.428703638946 12.666631375771
43.303694944153 12.42795374914
46.801259458904 1.8325410717318
43.532871541371 13.17528094641
43.823581192116 13.156181952079
44.115819210425 10.028648547821
43.028787347057 12.869533258451
42.00809023718 13.063018549284
43.393943118136 13.228883400687
42.638179724889 13.130357975222
42.179165027209 12.514483341742
43.157803659887 12.70517450606
50.446870560966 9.0203859773559
42.809258267681 13.156421438419
55.753485335388 10.268431502519
42.319695039822 12.819429247577
43.80852216941 12.698868841745
46.919542784765 2.0926891053527
42.014093346574 12.000456676164
42.96173870657 13.452779452083
42.355871315301 12.243184020877
41.001343504212 -74.524242785669
43.796406621505 13.556551759411
42.946753188033 13.372649268907
60.08733402802 100.31117643524
42.142214661551 12.891840071388
43.56310988665 13.28744701591
46.991441214273 -113.6133917979
42.973630762668 12.706371520996
43.545189204901 12.418573994871
42.267732233886 13.392708057742
43.236449348871 12.126667284021
43.108950816632 12.898554409828
50.639929926554 -0.28418948892233
43.319096179849 13.699290033777
43.255833747937 13.492664234497
42.344130390039 12.456414646703
42.941643700929 11.935863148412
46.11404425889 1.5730937880339
43.286192797744 12.020167317737
42.257798653703 12.928473496797
43.595810022504 13.30498909594
43.62391667332 13.492886930023
42.537818820953 13.459452850513
42.454212610377 12.056692297152
43.070565331781 13.507241513372
41.115777561647 -75.392074608092
42.245363726416 12.556495656074
43.472484518549 12.867433655501
50.490081777093 9.9852813715047
41.9763773447 12.403766027861
50.266005370424 8.2458938007457
45.713802951255 1.3926317130181
51.074512775324 -0.86678715654499
47.761086010517 12.493876348268
43.828576321189 12.181593405654
42.458133888665 13.548950888959
41.349941592346 -74.652304008022
42.018873348862 12.905765184178
53.135463449701 -7.3151932625636
42.159087350687 13.826911298964
42.917419583985 12.401391044467
42.073781644515 13.4189471884
42.463929552822 12.79343104355
42.432627986408 12.026487089727
43.559113769142 12.667269015085
43.638844855448 12.209899166718
43.441536678228 12.699943198238
43.648902787684 13.369563176024
46.427114451037 1.0917382613252
42.434772708211 11.851916418363
43.277336291653 12.783495401418
43.461125185018 12.366988343379
42.868812939112 12.514906319585
42.308193485883 12.506503715437
41.860344841101 13.609144188303
41.400112369269 -74.226772804897
26.929295924908 -79.894362910411
43.022839416316 13.652406392013
25.291787779543 -79.30341422227
43.728218297834 12.817930827319
41.953358755446 12.993989644125
42.96614805982 13.610236127235
43.132554816631 11.991147855314
42.665138746943 13.662868008347
42.417850229639 12.503603802318
42.298746755041 13.80682025517
42.347721494452 12.56945306557
42.850781330325 12.969607933431
46.762405085732 1.5688689665724
42.85239108554 12.691790827893
42.184969065352 12.634309452809
43.622134294672 13.640394290763
43.582977158776 12.738552951619
43.160356682355 12.047883274543
43.360686772226 12.029381860548
41.897665687344 13.273636283967
44.413508435531 10.826398282606
42.139346390117 13.579401921306
51.49969818024 0.48199835762941
43.388754378275 12.021944254668
42.9032815804 -83.882175144426
43.465048418418 11.857579634764
42.025286969762 13.745152286622
43.564180894107 12.281019557885
43.181879846019 13.633953857086
42.033666216339 12.684943348975
43.396679981817 13.478782401664
46.453600350047 1.1739086667886
43.742663080705 12.179686039791
43.38140222031 12.992804813216
46.746699966468 10.018736124189
46.112604000192 1.0072510074858
42.004652997502 12.469576873125
42.002195360161 12.916866688506
41.883202691063 13.749388715157
26.162252801995 -80.266181212784
43.178620447509 12.438443175742
43.626769327406 12.000489965568
50.654152076763 -0.86245594917445
42.286247511549 11.941926139866
43.813603016016 13.377983830135
42.569341749705 12.355516296532
43.354567345418 12.640815032965
43.292273807962 13.521881831608
43.025871381197 13.687096421016
41.887615395679 12.752129226363
42.676988670939 13.431414598821
41.941804655356 12.37259517257
42.381632725907 12.118700197508
46.100493163849 2.4809100262266
52.095039980297 6.1505195695909
42.982870693797 11.859824142375
42.555056428351 13.017618957005
45.191336211397 9.9510964198741
41.968540734152 13.778730799828
43.589758070481 12.016004343546
42.424228477045 13.138921807606
46.383277510471 1.7935178483806
42.030884995626 12.671496982554
43.512038677725 13.829489549564
18.098961084058 -65.014281216599
42.676868914497 12.004519682401
43.413466210225 12.138626732018
43.695552294953 12.115602013264
43.581303621934 13.192003840225
42.399011260571 13.641400049295
43.422135679269 12.954853555653
42.332613511653 13.300180888896
42.966030664282 12.390443705691
42.827094888255 12.348083967992
42.582566911181 13.529907081078
43.5160490915 12.207360636095
43.511323106269 13.604281285149
43.330035185616 12.589342031923
42.67799182142 12.958984011111
42.163149021663 13.306669413742
52.515634183779 4.7940619625356
45.121981797422 8.5418060001158
42.283996661813 13.064323321501
42.567369194987 12.470345988178
42.257147248975 13.641088997333
42.197729495467 13.358294169141
43.484866652419 12.451190652557
42.954600700643 13.451242104404
43.785683084666 13.817762278422
43.46522776946 12.805142411427
43.007484785771 12.100548929603
43.272564140762 12.294769993676
43.787422339354 13.218770555343
42.971504811671 13.423039201399
42.62445424668 13.004946954572
43.240556922874 13.529178601957
43.640316552802 12.13351324954
43.334139403598 13.073664706256
43.802059868279 12.8467457741
43.375665351013 12.256908374979
46.303077648998 8.9912647115049
42.212591034946 12.373107413025
53.186608503427 4.7790231588432
41.854292179877 13.595588969831
43.338244704708 13.026966665439
42.933529904568 13.083372227907
42.582733969962 13.55918399133
43.6600107973 13.151595274078
43.63402102733 12.258750734992
43.54901051223 12.98739751523
41.848392683963 12.493842298882
43.204017872107 12.601180257577
39.607852144516 -105.05467384165
43.034741045944 13.445241854289
43.477111500931 12.867867980112
50.101140492643 8.8432659096286
42.628850500413 12.529591465171
42.387338253871 13.1156175901
42.272748753576 13.74404727099
43.07215966476 12.554162761476
46.989150179545 1.7346316025288
42.985708433218 12.710417475438
45.276465060318 2.2468431532601
43.014394607423 13.157566927468
28.128827059229 -83.071039272523
42.40114182208 13.748570366201
43.428202750382 12.288447572539
51.968560051624 8.2460598229645
52.61202760046 5.4152547119489
42.110022026652 12.215625678311
32.799852249625 -83.619046613304
43.535910379412 11.958876031453
43.570180631995 12.827272823487
42.660016623188 12.820862733231
51.485256930108 8.838813397027
34.012157401721 -118.94836709116
38.666383394861 -122.63076824276
42.074682365227 12.555115739629
43.623002232364 13.556034151745
42.65843309872 12.185821377924
42.023618576615 13.514787665363
42.668241794088 13.647893501303
34.209278857612 -117.61215049458
43.749222522971 13.574346102131
43.639805639016 12.632370380535
43.094674595697 12.835012838189
42.275706948396 12.925754882382
50.297791367535 9.3053923925876
42.528901798452 13.610652443793
52.07789881694 6.5379755556527
43.159412538728 13.412509447177
42.366647880716 12.242211669352
45.411410682095 2.1339718965506
43.121730473436 13.636285431069
50.852130332893 8.9643525942063
45.605068150861 10.101505980248
42.970492239117 13.738864284839
51.845534655194 9.263936091803
43.085434910902 13.571955387302
42.379909876001 13.004169583809
34.083236324956 -116.87320740678
42.484255164643 13.61306873274
41.890293938543 12.81482781277
43.520570581577 12.172065628794
51.653876844167 9.3713286213443
43.608365827544 13.460279510592
51.372322920418 9.6533584299746
41.912597081139 13.09369755729
43.639967384136 13.027252207544
59.652021976026 99.031355735395
42.855542011513 13.573622771361
43.635100435782 13.579218582075
42.048071679237 12.403895115689
51.563370499557 8.8584975576301
42.96610132 13.767826833209
42.758677879448 9.966224034187
41.895465823328 12.25727583808
42.732429048409 13.000966059997
40.999982562999 -75.316153356153
41.858325718857 11.99885782229
42.918057273125 12.002787512749
25.657091249069 -80.480792386025
33.343931236178 -118.44829557467
43.246922481475 13.280063878896
43.784980514473 12.539001028791
43.39221020948 12.241748061165
33.98072489261 -84.299471721565
43.738115591855 11.025097303381
42.216223173896 12.939025204156
41.850656175937 13.71369794093
42.656797811716 13.417919741228
42.835302190799 12.488678896117
43.791527146863 13.742017082771
52.726256589976 5.1585653770755
42.45547747449 13.804419123963
51.149825035431 0.18009817976044
26.069116849467 -80.885199048313
42.497044682755 12.367001796333
43.63967019398 12.502656430727
42.657099609125 12.54686478553
43.760878560509 13.680025917816
42.406255359972 12.807161108522
43.59785899643 11.941566208837
27.731020747876 -83.336171231045
41.979581316479 12.129715955898
42.883548370995 12.941937059158
43.697935436267 12.987032192774
42.479031264095 12.445534285852
42.856119892514 12.013269440764
43.694945587656 13.756052984298
26.197054022532 -80.703025725342
42.990052903553 12.370671728354
52.516359819107 6.725823651988
42.757906805632 12.481342800207
43.482252070926 12.009461046222
42.454163227928 12.929264709342
42.999755549731 13.691033234697
42.879881510476 12.062765430709
42.509797375908 13.125951824324
43.070540510572 10.519821479716
45.431602394875 1.9612989122799
42.61166082912 13.815855394518
43.556191765518 12.368666916813
42.262989828972 13.401613852683
53.248609436559 6.7457089722137
43.802464724447 13.69358878198
42.827863464073 11.993565416447
43.50805386461 13.752718482072
42.242743194237 13.589769419113
43.357114302647 12.263214366188
42.471050900647 13.372926854257
42.80983039404 13.620699523793
43.379070338525 13.104951618775
43.454940050142 13.785506966445
43.526041304493 12.354076726548
43.336592406212 13.597902878953
42.669828317927 12.931404937048
52.47930849133 -7.4363328723406
42.874642338101 13.082537644602
42.208969292349 12.731298114535
43.532938344673 12.211769823105
50.553430591036 8.007196137685
42.294570105774 12.818116277858
43.526037652311 12.004949133401
43.479198898433 12.996963520554
43.553986277245 12.217759987927
43.01295871104 12.969409033197
42.876832660251 12.789191319064
43.593247163139 12.603091484012
43.802283400133 13.062725926334
43.484568367028 12.691377003554
43.518000899145 13.80979674163
42.593573054131 12.106804182358
42.699170032397 13.830308534147
42.159645858782 12.552796368766
41.277616178898 -75.097917223992
43.529309447657 12.800156153201
50.194870983458 6.9917599782099
52.125247535121 4.920018897471
41.377189158426 -82.988028597288
41.849697469685 13.501153820449
42.499320243273 13.775683137039
43.022195271248 13.613908043438
43.355137837771 12.995408287291
43.185114010344 13.007011411736
52.176773407812 0.75817695290231
39.6253586987 -75.234394967712
42.963533706036 13.373944135578
43.098064030122 13.16814885019
43.695176523524 13.422864612875
42.009707411777 12.400361174459
43.379671638098 12.315037085377
52.144329944693 -7.065228280176
42.756882720535 12.788431620148
43.604278912139 12.653133191959
47.010220366069 8.450273594563
52.541171769631 6.6282053198098
50.986442092101 0.77960561433323
51.506280101373 4.9490808193568
39.931845948519 -73.556511984047
43.117215334513 12.021717091588
33.684872223563 -119.142585575
33.220189859441 -118.65368591401
33.690116091201 -118.32577080277
33.393795652678 -118.98134292923
33.7347931136 -118.29883807894
34.841899765761 -118.44960934951
33.066615690688 -117.29746953534
33.147881110913 -118.39915377368
33.413305026385 -117.72430824039
33.639515992265 -118.87192603969
33.853363053984 -118.86500578303
33.075173411267 -117.54902680226
34.347037124788 -117.78973781802
34.232840845649 -118.33530096382
34.327340988308 -117.84627956732
34.519707429178 -118.94752831737
34.466683791881 -118.79914187846
34.186804414062 -118.85960180148
33.108138906068 -118.60850658185
34.310148716762 -118.47766458155
34.693777586836 -119.07527448968
34.29840999827 -117.46132678216
34.36125813925 -118.32113044054
33.869496694885 -118.63441230089
34.746210460612 -119.15104416002
34.795174032534 -118.32148223135
34.432222882201 -118.75632584951
33.358690188613 -118.6843730846
33.542794030126 -119.21100654864
34.451702510862 -118.7128837981
33.648444184118 -118.65534004442
33.79565060799 -118.09230389712
33.405938353292 -118.60173690236
34.410587910002 -118.59739102666
34.016802453157 -118.88713944727
33.758169062968 -117.3291833624
34.762562662897 -117.94653284576
33.376240644959 -117.35177133743
33.215598861967 -117.70133410083
34.258672473786 -117.58437096337
33.469719641309 -118.12206059775
34.279678969488 -119.02936095216
34.35499306337 -118.45185963673
34.481985693736 -118.33559459679
33.733113999068 -117.91529233406
35.051748705766 -119.02977340699
33.471137008563 -117.2900904873
33.714916063519 -118.96991354161
33.847463370409 -118.45190313602
33.153672700533 -118.67901809388
34.226917653164 -117.44663079691
33.652669877763 -118.79075376289
33.952004196279 -118.63356972358
34.510050664607 -118.97068910049
33.661310927033 -117.2631783592
34.477756733942 -118.86496227909
34.24510710157 -119.03084838141
34.304013609276 -118.46275347615
33.622869530231 -118.38015688723
33.64411292925 -118.95265828845
34.324358838941 -118.23146961669
33.6937957751 -117.80974157361
33.713912796275 -117.37533200672
34.96836570108 -117.49095299333
33.121179907353 -118.52332260699
34.800538061273 -117.83449938123
34.520470729985 -118.53294568004
33.35127045621 -118.44235041228
33.168658242353 -117.48780149646
34.849561955423 -118.382352544
34.154259075196 -117.35005457465
33.221295688118 -118.42283071812
33.636508028964 -119.05440180547
33.476396673294 -119.1149697717
34.971002772151 -118.32613356269
34.412061424831 -119.06576406662
34.176099381671 -117.34036244636
33.870211514763 -117.79860590045
34.440099522856 -117.72315738366
33.099160716629 -117.60393227927
34.058450759595 -118.35405112243
33.056272036602 -118.03394494422
33.65528822273 -119.14407959616
34.884359641126 -118.31584726178
35.000213486788 -119.21666953007
33.56724234156 -118.15857402737
34.156561535104 -119.09553037012
33.937250852735 -119.02483402921
34.668323789748 -118.40491674795
33.82178853229 -117.76718774782
34.928447516781 -117.54043634988
33.585339236991 -118.30816697745
34.772098625152 -117.63423151721
34.275880360818 -117.4103275193
33.270265878018 -118.83734755612
33.609231774693 -118.77160209249
33.81743973503 -118.33148542557
33.896973216106 -118.46066528237
33.681582795487 -119.15726438434
33.898833537141 -118.81319323994
35.0201318373 -119.23725098644
34.554095076834 -118.22812642988
34.938973010203 -118.16525521678
33.592180637632 -118.95847636023
33.508093779391 -117.33208980968
34.344053259925 -118.74966061319
33.647748364617 -118.06761135985
34.315727457265 -117.91958209851
33.335245982148 -118.74311833939
33.068469456143 -118.15596009827
34.430390740193 -118.98656550264
34.009492340216 -118.86056114476
34.729611153302 -118.68539184206
34.332883003968 -117.59292594633
34.695979585443 -119.18018321591
34.861643800627 -118.61457729304
34.9643375037 -117.54883199519
34.52301787767 -118.70950169737
33.392954729394 -117.51452075929
34.42689335384 -117.60410679887
33.517313959963 -118.13489088405
34.964394294354 -118.91499658094
33.989443134225 -118.19481128772
33.08867961982 -118.33678949622
33.217218354625 -117.29322320126
34.235764616458 -119.22260486886
33.26344465448 -118.65467792995
33.745855613207 -117.54188321119
33.093794538397 -118.43811617701
33.830892433979 -118.84627504343
33.409319240038 -118.77624004632
33.655178969279 -117.96986625418
33.728288479202 -117.98965644166
33.86651486822 -117.64588483296
33.09802775806 -118.65979792563
34.415921830945 -119.24397922953
34.69511575209 -117.87119195121
33.427883168595 -118.43471401513
34.751746025 -119.07988084559
33.274081478668 -117.41623025948
34.835395397255 -118.33638089986
33.575575728417 -118.82372004047
33.48471571173 -117.84847010508
34.822840482559 -118.68134141495
33.182526376363 -118.09532592293
34.208521745444 -118.06036343457
33.294444000665 -117.88756986312
33.172927335165 -117.54270493293
34.959563233584 -118.821219573
33.655699317363 -117.42431116572
34.83354511355 -118.98593228339
33.776867485681 -117.94083205544
33.20941500114 -118.43518222964
33.345018419777 -117.51932236885
34.5720652486 -117.48411935154
33.454115331564 -117.84138309698
34.2004337551 -118.36321525973
33.089349568577 -118.11496322962
34.109982851192 -117.75043017015
33.25445270149 -118.8144432164
34.430995691016 -117.88882637094
34.573792315069 -118.55662206615
34.818318557555 -118.78975228193
33.537603330762 -118.20355328956
33.236054451494 -117.44654978582
34.023666611132 -117.35559551463
34.484241301599 -118.72836330503
33.073442509611 -118.83693776254
34.955357535435 -117.32054384097
34.731211887261 -118.40902338318
34.093876457065 -119.06783618065
34.103450275254 -117.7651753921
34.61144599784 -118.97312096813
33.242663208222 -118.86097813467
34.050000192334 -119.24687652051
33.420503104015 -119.01467057906
34.555743781822 -118.63362625579
34.460606821275 -119.01400487108
33.578172324208 -117.72882111154
34.064709742297 -119.05136407291
33.738130643556 -118.69371965682
33.227383985004 -119.24407270451
34.042043541291 -117.27831016569
34.669943586949 -119.02251929401
33.841694397026 -118.64474427852
33.406902638167 -118.99157906771
33.968097321854 -117.53002857424
34.538212668115 -118.9239257246
34.196981825671 -117.77165408218
35.018006914949 -118.24276428291
33.345902756197 -118.84009052043
35.023829689905 -119.07284334474
33.080190522347 -118.25067853083
33.499527753277 -117.97254322124
34.439488010865 -118.78479955271
34.150395826686 -119.07487143655
33.340717319271 -118.08301312369
33.869068139351 -118.96544506707
34.801021721766 -118.79356888282
33.250656583642 -119.14870291006
33.476501026126 -119.02279804072
34.311039254859 -118.06148581704
33.562129897972 -117.38324468909
35.044784441325 -118.69775679164
33.564737151354 -118.57845692625
33.744559436631 -117.74090652138
34.910716757316 -118.2352742296
34.434675435452 -118.34659846405
33.588173391285 -117.64160877525
34.474172935756 -117.9299801735
33.156995288814 -118.72690782153
33.135583069884 -117.90875573248
34.210672425384 -118.20893481412
33.72764895396 -117.93755426144
34.571764839327 -118.84164257648
34.444777685138 -118.84229618007
33.827771202295 -118.54341432925
33.056963535697 -117.41319514766
33.304142302223 -118.03511145043
33.786089625755 -118.25515436375
33.588829100586 -117.28953787121
34.757158228728 -118.67557158428
34.570164509562 -118.29281114364
34.792098741595 -117.76189221413
34.125932349596 -118.2924066139
34.153245222074 -117.76314688492
33.42397377538 -118.25670405099
33.300609389639 -117.67330613048
34.164196697785 -117.93475026477
33.876632923848 -118.58107450754
33.819857824689 -117.65688671324
33.971226358952 -118.06357271582
34.292345662917 -118.40967968713
34.715561011853 -118.48106935392
34.618579458447 -117.47549174963
33.458229207826 -118.44674628743
33.240941583005 -118.13693490054
33.210957828721 -117.67968034432
33.586156796185 -117.43858703881
33.077868715144 -118.18287181379
34.886798237577 -118.45553364934
34.108976274493 -117.7540449553
34.516430647067 -119.104562112
33.399639885307 -117.59554233552
33.598584379993 -117.2692988682
33.934096083194 -118.33655096216
34.920480884754 -117.90600072431
33.276113575167 -117.38068149379
34.276595448452 -117.85288113564
34.866270915722 -117.40651876155
34.632315173753 -117.87416823092
34.327346326649 -117.89707629407
34.484819799601 -119.0956403826
33.13480202971 -117.39129905589
34.776093801093 -119.1942768883
33.625122511764 -117.64928669355
34.589559629548 -118.64003908227
34.21775314659 -118.78678073753
34.82539379234 -118.0123520692
34.199585093458 -118.05548441488
34.114271660102 -117.38557675202
34.402351532964 -118.9426755959
46.124212965893 8.5304234319043
42.662275684861 12.829406099336
25.462421487284 -79.385244507797
42.505140258256 13.594345833938
45.875436987318 10.751560362851
45.373566120106 2.2052085638071
45.474970629029 8.3942559039171
43.31654715648 13.688523375771
41.478513366533 15.194467123477
42.467962609843 13.086932892507
51.960593013075 9.555886753628
42.416601116518 13.702800833968
43.414231301499 12.876186041125
42.978641927719 13.055863407488
41.884980447558 13.540981184964
46.064649090667 7.9836787995806
42.680860425218 11.989297613052
52.909757452276 6.1113880306303
43.167518795334 -83.965777350781
62.350498792879 15.792577547856
42.533778975987 11.994573322609
42.72029061337 12.747396286736
43.18916077038 12.110860835368
43.644863579278 12.697454259145
43.664593706704 13.626533000577
33.497174927581 -117.55650428266
43.027020952698 12.483443578486
43.390501321962 12.997621842214
42.106160494104 11.84750099708
42.339497430429 13.62966828359
51.182115362111 9.2589173076017
51.566866530602 5.6316423532002
51.523357946437 6.0142059616112
42.16968100202 13.528755226905
42.708100911115 13.640684952813
42.439348914886 11.971931612127
46.374771283183 1.4649244558368
41.848332759409 13.376100480753
42.304092959198 12.210143588137
34.276295457204 -83.468733637719
42.318306734955 12.056295161183
42.514181285891 13.061701503632
50.11748474609 8.9054452999986
51.427016110358 9.100472724112
42.072062729912 13.24936937182
44.107414992066 9.178053876957
41.924551640157 12.608427197977
-38.387045051617 144.72024092454
43.334748452241 13.240608492534
42.215336983679 13.741346912825
26.667749949074 -79.596879010024
50.973337476595 9.937796721206
40.499139551072 -73.421466520505
42.148692163263 12.683763670143
42.174283215878 13.023272237307
43.181938262296 13.786400841005
43.382273439051 13.723699930948
42.689778469379 12.734404392438
42.28406308793 12.33621751302
43.651583196454 12.162421147901
42.004395055142 12.137204093478
42.992555626686 12.030642357224
46.678986441195 1.9559486922603
42.97481917358 12.038015863431
42.095684808744 13.649384766675
42.398222673891 12.860251374033
43.602482499856 13.006652898179
45.224349247137 13.726682757208
43.76880252632 12.895751674632
45.159138938952 1.4060157874627
