43.684649657332 13.274284033719
50.206270920209 8.5474346734339
41.965539987204 12.146496289033
42.497767180457 12.085270902203
38.712493793949 13.481781987956
42.893263827049 11.856543947431
42.16558068302 12.507338157647
42.396208347493 13.211169276972
43.378963491611 12.170213407006
43.501628058751 12.023796757715
42.718504769152 13.251144696165
43.097232938345 13.31153360538
51.145877080572 8.3420932452856
50.687444317009 9.3792361423277
50.813030712219 8.8788322787168
43.380858456449 12.505916877441
42.873499762695 13.810206707034
43.237877621447 13.191423130332
45.198105336259 2.8119627161939
43.477593033818 12.676617781968
50.884970316144 9.5895701700773
42.2273415794 12.090727190085
43.521449081398 12.716315104515
46.469956480185 2.7595573150364
42.365560911321 12.291776271694
46.556702915838 1.229545763335
42.333729967186 12.421137522192
42.033197694495 11.860167619262
43.143209417438 13.691622699488
42.675854801536 13.473258411753
42.241869440436 13.412383188241
43.170827075008 13.390502453985
43.540859640383 12.233721279203
42.495445775586 13.000486859142
38.531212097455 -78.368292272222
45.030258856552 11.619597315337
43.1736288705 13.269580138062
39.976255812568 8.4121670089083
52.48677736427 6.0702137338557
42.042234607082 13.673221871591
43.185809816341 12.687335848684
43.509735831784 12.84887823411
43.112441167774 11.960076555612
45.181455599229 2.4254575746252
42.388230149836 13.580777763215
51.890876762052 9.1890865979665
46.029561917777 1.9150330922171
43.790867543237 13.043565745507
42.893846513675 13.359737477919
45.799762588367 2.7102162203333
41.96417513397 11.889448668777
42.054622395942 12.736253030962
40.872130741923 -75.322591016351
43.354567345418 12.640815032965
42.234257643707 12.077830894442
42.759854416272 13.384784356425
42.750041747836 13.344631693507
42.431837173401 13.741129347489
43.021174324242 13.354151160177
42.339090991013 13.704990978236
50.379770256756 8.8398790964111
45.428550415872 1.4324744899908
42.346112026084 12.591529323085
45.632178442149 -73.224949228819
51.389198111319 -0.035054001559058
43.318902560214 12.944669045969
43.066044240776 12.466769055236
43.313378472048 13.764621148729
51.894789294756 8.1611557049496
41.993449593446 13.547258657679
42.364957847358 12.648485701388
43.828045660105 12.863167676101
43.024805871802 13.655627601175
42.419237873733 12.614616513559
43.82571483118 12.284346526642
50.542680965524 9.136174064193
46.143206691436 1.1781214448521
45.342722482811 9.338564667382
43.054735514847 12.639313442951
42.827510418777 12.435644581672
43.186353063784 12.935978791202
42.983163967742 12.229313788132
43.706782842405 13.2389043827
42.758677301837 13.07793744892
43.244733704389 12.739026098412
43.668102821202 13.618137475878
51.169387984634 9.1371233314914
50.640077284835 8.4130995219634
43.374186547668 12.599941356874
43.451473555759 12.745099917422
42.710014042796 12.373940406097
42.71391876636 12.134990942283
43.048601929608 13.009404891662
45.440989067052 1.5217971180201
46.616577910269 10.793760767741
41.949837500227 13.438806588056
41.941272591234 13.239199421035
43.633250695969 12.801693483184
42.279826935998 13.402152675878
46.314429430437 8.3442462833339
42.937338602255 12.91097860921
45.10584923849 8.2093476610534
41.896823482561 12.387034434561
42.262745596146 12.536634090627
43.017982692487 12.287012973955
43.832080333436 13.217066384974
47.220078234198 8.0044497209622
38.30655478904 -77.502456572566
