43.088127754691 13.291665638488
45.346898748049 9.8003705469172
42.064724903605 12.103885378292
50.06109673719 9.9492437094214
43.547448744342 12.452259993878
43.399470615873 12.13798391781
53.970165168853 -8.6427715097753
42.171532262683 12.454572913935
43.633001908044 12.232689156326
43.709538548139 12.764274979387
41.847935320294 12.577546055719
43.447061353131 11.814293170285
42.359266885279 12.718216607237
42.024582662652 12.595334632155
26.784378224866 -81.001103445698
42.716840723884 12.852452182163
43.769869655285 13.415647656406
33.304905056207 -111.64574873135
30.340263014103 -96.799766659005
42.331398895651 13.25756430314
26.54796326743 -81.032046397507
42.19439891085 13.077302435936
43.032024852036 12.894682952175
41.805556086873 13.360525605248
43.054088360676 12.991601227334
42.204324853257 13.024338121093
43.249189919929 13.521878152418
43.028616053087 13.562627006605
42.411245952573 12.971746339936
42.043963799295 13.672277580349
42.398054356893 13.246078026617
51.256333158122 -0.41594483049636
43.74499985659 12.836920539328
42.066821641806 12.917126717494
43.830790162494 12.858943377577
50.029617193285 15.202082686919
43.69430977094 13.270895576252
46.159966259364 8.9629937146618
43.266620683163 11.959903956859
43.511454821358 12.809715691421
42.660149508484 13.038672639562
45.735558331381 9.0974807084992
42.838413274327 13.272043385691
42.303872274397 13.450399856779
42.864087932538 10.276528052744
43.524141746838 13.291022287838
42.481237913727 13.316729013977
42.975974158394 13.251431301374
41.860661398576 12.957688887605
43.055107065523 12.76969179875
42.302605969993 13.102267162477
43.097286642595 13.4331023686
43.484448737711 13.654373440752
42.662151158185 13.540961358038
43.786759581804 12.051719875586
42.105257409695 11.854225454339
42.275732879676 12.685653446117
42.155899902434 13.06598675489
43.672815482932 12.913901202362
43.013135957093 13.592323330994
42.317066283134 12.119349987788
51.750576309744 9.9883261457963
43.707381665591 12.69904166681
41.838519933114 12.739342001632
51.700825162093 8.8324251914548
42.633242596722 12.028157342725
43.168805373467 13.744095939579
51.633449011544 -0.89481968013794
42.179323768348 11.957234618255
42.954124731943 12.592441610823
42.393698435015 13.363109790444
43.181644503598 12.441546970274
43.057134995285 12.805368869496
51.238860139269 8.6838566435891
51.30866696374 8.5595737013778
43.556191765518 12.368666916813
42.336125021978 12.119943582995
43.510673801208 12.995552522149
43.514243050739 13.645580017795
42.118574653363 13.091281552863
42.997626376358 12.912350006382
42.938702570733 12.42037124255
43.079861315957 12.714638950657
42.915684451796 13.368239110063
43.161488235093 13.260064526138
42.378109479986 13.316761058458
42.68775102344 12.437843343934
41.887836273263 12.20271696255
42.385066487561 12.869634866209
42.866613082081 12.67752737539
42.544719749871 12.845077163489
43.162980275791 13.827801053819
51.962791018636 9.7242621522044
41.835428787805 12.698694645774
41.854288789862 13.190686652081
45.352366895835 8.640373034212
52.140435977206 -0.2597771689155
43.210090025913 12.44292380311
43.311844952105 12.329732019629
41.953723820857 12.615456530201
46.056928380419 7.4340240771109
43.286125700144 12.431598654705
42.826134099565 13.342960487766
