42.639313426187 12.092944318027
42.570471437469 12.188022583832
42.539610099785 12.141384569084
42.572809702539 12.195875644796
42.665609840169 12.180173847929
42.633294240422 12.095013572434
42.640558115992 12.155299382378
42.556072848198 12.098361598395
42.588264175054 12.167848954542
42.557924911661 12.186236498054
42.545308064479 12.136911760169
42.622906842699 12.088162417376
42.630805374904 12.188021553789
42.597372374797 12.157970724722
42.560002703967 12.085376009406
42.597680554093 12.181541753573
42.67447264852 12.175926661222
42.564761174195 12.147972743582
42.571194700718 12.154415397066
42.648125221344 12.124006047458
42.615823920658 12.169706284169
42.581056545314 12.162379593219
42.571538172137 12.095959009459
42.572451348704 12.107169977926
42.553107661008 12.108642452002
42.624445734392 12.150885788349
42.61651845214 12.123032875903
42.645099692834 12.204623733298
42.640853203687 12.125494554253
42.60470087158 12.111730526274
42.560621246912 12.092059351197
42.610746629842 12.182003873506
42.5959403909 12.150308809334
42.649061802632 12.156533880719
42.616951191175 12.189554320292
42.609810742389 12.140780373563
42.580527489831 12.082834192611
42.646034199135 12.10476760061
42.625943908315 12.202829949673
42.550301641969 12.181826309407
42.581075162918 12.174687345149
42.568528042461 12.199145800548
42.628502758999 12.187077581059
42.636647518576 12.176589208293
42.640685741178 12.111509144379
42.551557925342 12.140492774167
42.674306566696 12.171483095836
42.556428306085 12.153562802914
42.635682141725 12.110318177918
42.631712346187 12.127214727538
42.542225203285 12.153515471238
42.577791335351 12.164986533676
42.589682178867 12.148035235793
42.622359608145 12.119951878751
42.568879485416 12.135537634688
42.610148998748 12.190087569521
42.586892858442 12.166301907139
42.567736755411 12.192661033588
42.587494996205 12.180931860686
42.59773511097 12.14880060693
42.612836947505 12.184568859744
42.560421455934 12.15135499751
42.624751938353 12.191159513889
42.552577490731 12.127632236654
42.661224177902 12.139226744503
42.55565317981 12.166015544539
42.610831982296 12.137805998876
42.584530187598 12.131434474688
42.572505955406 12.148972162602
42.592970290053 12.173849176252
42.626459124811 12.110849523524
42.67259117389 12.161352639183
42.603742798161 12.084128733319
42.596824170855 12.113039088975
42.669551385434 12.160284016843
42.553046597446 12.163869874184
42.57887566724 12.08538988844
42.589828623754 12.203952803858
42.586493127808 12.155892991089
42.593498701061 12.205095786718
42.573106903871 12.216091198503
42.668839224015 12.186298324834
42.537444773867 12.163443269771
42.649253277897 12.179640469246
42.658133882425 12.155042749923
42.549416084585 12.1393586873
42.575486351094 12.162852064803
42.557378039163 12.183529854183
42.552518983184 12.193778776675
42.634507167935 12.096377179558
42.64692446156 12.205046621268
42.593374017458 12.173093725097
42.602070343982 12.173442958025
42.596890707799 12.15297350157
42.659911787 12.192466909642
42.652275117905 12.188202901386
42.669591219032 12.165757359569
42.592719071376 12.115599395782
42.578098091587 12.209076997011
42.599221797029 12.163511276342
42.616227435722 12.18771943973
42.550374253465 12.132207049605
42.615522265742 12.12208492922
42.646471125861 12.090617816493
42.587781088256 12.104135682876
42.56714147125 12.151196971161
42.648172358374 12.168148627604
42.67644154314 12.174082164289
42.621936824483 12.199803147113
42.553688239585 12.186756953239
42.643130543031 12.123760327775
42.57751096395 12.183510050284
42.554784218594 12.130317344878
42.581429806364 12.17029708727
42.571716891423 12.103887991118
42.593973535411 12.156127585192
42.653946428885 12.173618785208
42.628481638466 12.159158559611
42.560606215431 12.136480985294
42.604557301686 12.170116954118
42.577489768911 12.109544925929
42.610650231901 12.149866992233
42.565374180028 12.123040170487
42.634544891622 12.104132445599
42.606820459316 12.185044827513
42.583698599892 12.187074857406
42.585346552837 12.105499691866
42.575602063733 12.119365548326
42.600988805129 12.216692885972
42.655515815923 12.167965892802
42.637230836638 12.091511355777
42.568748249027 12.103780822432
42.648732138189 12.110955714321
42.569881580125 12.087941541864
42.569953993715 12.134762321217
42.565967598283 12.092587143247
42.654720712779 12.209307292595
42.654971364746 12.186068902831
42.575054791113 12.150010198911
42.595280092508 12.197477562466
42.550174809338 12.102931967074
42.562630523745 12.131425525144
42.613974519847 12.214903987134
42.596352685542 12.181779616152
42.617592397455 12.093071697344
42.650744994495 12.197076449283
42.634863985088 12.11038197398
42.634847467269 12.189410058216
42.652879344159 12.149812677035
42.548509102591 12.174796386259
42.658835441202 12.145130210179
42.610876948878 12.084318043724
42.540904287522 12.144468099433
42.603313830052 12.21061567229
42.60559301714 12.150824797897
42.656025970216 12.128690562292
42.658827454645 12.140525766735
42.603745598648 12.152386626321
42.632345223183 12.214315587776
42.611696702268 12.127329790579
42.577202508516 12.158030652536
42.61355056039 12.161840194001
42.646221306031 12.171883618094
42.56607642938 12.183667447059
42.579534362361 12.153616558387
42.639199561758 12.209911974731
42.599209781571 12.093963818224
42.668768102636 12.156839642768
42.557672889253 12.093764382479
42.561899135638 12.093705189945
42.591546228918 12.150114728694
42.65087047438 12.158696235718
42.560411469362 12.191950479167
42.603501386311 12.21169724793
42.562633019689 12.173969972515
42.631986940129 12.119353718667
42.650257985431 12.190573647728
42.595825669188 12.106208494469
42.642767976824 12.144223117823
42.616165766335 12.112284487652
42.648115418709 12.122027845665
42.606843020605 12.190880363917
42.561789416525 12.160062897115
42.568384787353 12.177077013171
42.66008136268 12.124934913204
42.581857096696 12.113159468471
42.593325804285 12.145122746094
42.654192641703 12.20064602664
42.597903596537 12.151306567339
42.571611618445 12.093046889239
42.591840647458 12.10050833884
42.571860373307 12.184859604216
42.628193400648 12.109826973712
42.615886138594 12.196655668897
42.583209332255 12.160584885541
42.622049510324 12.160693700056
42.651511716515 12.190623299794
42.605628167116 12.149224996657
42.555785906315 12.118694414927
42.578503932163 12.126804139545
42.613852505413 12.157503562142
42.57457105332 12.196469103099
42.620335873526 12.179562331282
42.620345053107 12.183979997518
42.617706758279 12.195386201255
42.648592982764 12.14757373938
42.606484882837 12.135708395476
42.626576904986 12.095142362705
42.567321398581 12.168695397309
42.632062564454 12.119223745151
42.65843309872 12.185821377924
42.63933314834 12.112885545547
42.633366154823 12.133325462313
42.608195659543 12.211744988922
42.635933831186 12.153271771128
42.583856100044 12.081620732381
42.565406512288 12.186284314949
42.665442529931 12.179045160871
42.673943055197 12.170235955257
42.61218026311 12.096511391989
42.632053576259 12.176837005756
42.585399548817 12.158092689329
42.614374328246 12.192123523092
42.592922929972 12.123106075529
42.60302439921 12.161470863599
42.548573295862 12.185043074298
42.605951554911 12.196956781318
42.576360123056 12.115439571515
42.645279007354 12.118392963039
42.644082006854 12.103997216629
42.54953972371 12.132101943799
42.588044109583 12.119163740037
42.618863453932 12.088067004053
42.584207412614 12.187431886435
42.649266312688 12.185406172755
42.558339054046 12.159650656956
42.651327487871 12.15857579522
42.582079951943 12.204733448685
42.571358088225 12.081216766092
42.618261939689 12.202535374205
42.634864481017 12.198126346452
42.641828131716 12.16333818911
42.603256826591 12.143817914738
42.540976074331 12.141426038084
42.585398550439 12.141074910381
42.563825279758 12.133682421492
42.647578437204 12.137790460225
42.610579521235 12.136737452439
42.572433573947 12.178258765127
42.582079502115 12.139230102386
42.611230342955 12.164042197731
42.567794105323 12.123573169656
42.665788992173 12.187255015705
42.612132952855 12.120311622585
42.575720091639 12.081761679671
42.616117337561 12.182317598363
42.632830904647 12.206584393164
42.641044091287 12.147912506104
42.593573054131 12.106804182358
42.583913018754 12.208541047877
42.589946853293 12.122211201194
42.644733965252 12.21504281939
42.593617376703 12.136555225207
42.652601011888 12.172310472567
42.586553249802 12.131257943426
42.546215485591 12.141608280217
42.586959359996 12.209364420853
42.620743208409 12.202051625236
42.572152820238 12.204258216195
42.590777803974 12.122876638625
42.611467344061 12.110544391049
42.5627359774 12.178928426571
42.550076199041 12.134763617618
42.644327625022 12.157268999239
42.564878483587 12.147561770022
42.62574993012 12.164112091628
42.613555144825 12.151364463473
42.583914809688 12.102874246495
42.639502699806 12.205388565664
42.575584483622 12.173249779371
42.613908974414 12.172450486462
42.60718788982 12.208316980979
42.557402256691 12.093589125266
42.63763984278 12.203122295555
42.597621667498 12.175928745056
42.583377513396 12.199092076274
42.593637768011 12.176298014457
42.595295074228 12.162735492553
42.627833156694 12.10923923373
42.647065362284 12.172058556796
42.56571087875 12.178446027554
42.611638891816 12.10554518092
42.575416805046 12.125730671068
42.593269693031 12.104727070848
42.600455090704 12.101577112985
42.608743866744 12.177441141672
42.619339488756 12.14351663561
42.613327531916 12.13820902453
42.619076378953 12.136308831247
42.615530549856 12.179335996147
42.586552127559 12.125188518395
42.56447515991 12.191579541302
42.545356918401 12.160879224169
42.568086382287 12.13167910938
