42.416606440424 13.831268993149
43.681974788069 12.91319610875
43.049748091071 13.254242319753
51.604179298554 -0.42960154988784
41.913242787103 13.140533352823
39.445794073861 15.658509024025
43.504209169908 13.65947526959
42.753323516249 12.671569948884
42.54620477771 12.430169928109
43.258153495986 12.766228217544
43.789387249776 13.77961070548
42.671383637337 13.693637634506
43.644743615151 12.593973489776
43.725182064702 12.527986976585
51.998100126394 -0.36010975924791
42.904730900633 12.390679264178
43.351047565879 13.424218648798
42.22247777426 12.522763530988
43.693511682906 12.511585021651
42.21706250229 13.442013283021
42.642240879446 13.485523140771
42.926058006925 12.936215950167
42.106697339635 13.243895755284
42.256613807893 13.543523130281
42.980254238018 11.857691812284
