43.78771222375 13.385721015479
42.547518179562 13.721132178216
42.046813412147 12.09425116104
45.210693709047 11.55087584208
43.285481722714 12.116493271739
33.274395345878 -83.894335274442
42.584403683259 12.879919226712
46.255094164195 8.3587383501039
34.250712144485 -117.58597282004
42.216098503797 13.156431409624
41.885418067188 11.83969778795
41.977200207311 12.724589206637
42.95175059093 12.666106585744
44.898469080051 12.252134495558
43.107274741005 12.64810975487
43.197245498301 12.578383260697
51.281006372665 8.9109824676583
43.165180735854 12.334742244976
42.672814683392 13.603081039455
49.021884384099 3.4309280849243
45.587125616887 2.1755160261763
42.622005476461 12.684371305969
42.619674294565 13.168786309293
42.894940003259 13.102282456191
43.474391535632 12.673837093506
43.013443891452 13.427017796539
46.382627542309 1.7120569272489
51.694229107208 8.0784500898227
41.840602477494 11.981609513996
43.584768876727 12.902418686984
44.446086880868 10.159526660018
52.390521720001 0.46713020529465
51.508595236814 8.8407720848176
51.172019838203 -1.0007373625928
43.541907549178 11.936030906616
50.790142754926 8.4433844091573
42.426972509582 12.864774342584
43.455095628509 13.823601174573
43.481096460263 13.247504524557
42.38413522785 11.978280200634
42.301185726349 13.779214412358
41.995847478528 12.304823737289
43.189202187226 11.876907805876
43.172433639047 12.699358452458
42.366807721281 12.24568075188
42.117147388944 12.96346063726
41.861835132775 13.097339926354
50.724574284034 8.3015339967336
41.877143246551 12.846793378187
50.612496273179 -0.35223562385059
42.687643786768 12.732149642323
53.126276039344 5.9065395561776
43.617962894339 13.29267877356
43.757492735424 12.896285803496
43.741047476784 12.299506356634
43.589943444186 13.134064205074
45.753970263411 1.8956960872261
43.832398466243 12.805741025997
43.439274118973 12.688813307664
25.84047014164 -79.158588258433
42.221747133074 12.471655377427
43.496567935935 13.190274093875
41.892193191656 12.810615352753
43.65645592087 12.119663394599
41.861312591427 12.571833007791
43.197596304232 13.080914393592
43.518304199243 13.580423606385
42.322233712937 12.139778847427
32.907354775813 -83.472141556103
41.911411637886 12.194870621543
50.404813321961 9.0804169602135
42.348124015794 11.885826323615
43.277568671537 12.218002740882
43.085369332289 12.429811026657
43.363764994968 13.372706734304
42.88618646978 12.113477952852
43.449323977108 12.509659579282
42.065259889285 13.349437217878
43.002974915341 13.793183599523
46.552547347524 2.5759977989718
25.353461289926 -79.505480308131
41.89527683097 13.072944371085
45.308598143192 1.3391788319401
50.69199987277 -0.26128062762845
39.296693448835 16.83867694034
40.98773246691 11.919061042142
41.96925491235 13.114584659766
41.600576438429 12.37209389916
42.099841400117 13.466407778445
43.771882656876 13.541558292036
43.243338901684 13.686144065452
43.573385177003 12.178305691212
43.296241764138 12.735877883519
29.366194499659 -95.716218465085
45.166741340732 10.091542977671
42.048260654832 13.3344450483
33.358690188613 -118.6843730846
43.254311469523 13.518654630316
42.989712577329 12.105447220686
41.882119582466 13.120022617823
42.53073972863 11.840414522628
43.097532100111 13.105837241817
43.769268331031 13.197533588969
43.263390196631 13.219089243218
41.952944069169 12.063059645755
43.233777522239 13.646752518458
39.429702678425 -82.462336253301
42.463088933615 12.992929610441
42.105068738177 12.820141275816
47.296394936878 8.5970704227672
43.386633573767 12.863101026001
