39.939463653725 -74.455402994872
51.352114829864 8.7574591621558
42.846801339133 12.966633088427
42.72456806282 12.862383241722
51.77896088398 8.3364518053534
42.75059598442 13.227654663042
42.087741644416 -82.395791015979
43.257343821834 12.673815605565
41.365857628962 -74.128334244439
43.37221731265 12.914380007405
42.459333518289 12.872203286233
41.913183420714 12.992806374651
46.619610154824 2.7668802848863
41.885039411453 11.966504655318
43.735707905041 13.509446323176
42.568747615728 13.454211052274
51.879271971471 9.0800675140135
42.24381473348 13.275481933411
42.154043008666 13.595338063613
53.266499081518 6.6600124528213
52.296215784175 5.8573174272232
50.42041980681 9.3867310427067
43.417918282311 11.967561379081
43.195861868207 13.832937822155
43.412451253951 13.501860846554
45.888459257592 9.5396973538374
41.965124754706 12.243120086979
42.222951298704 13.208602717264
26.531842780064 -80.349354595384
42.903257859847 11.953583974391
45.616696950801 2.2649350754288
42.432723766415 13.158620894981
43.648078962552 12.506468094677
41.995908921604 12.452893651788
43.765631508925 12.699069149673
-36.145583022254 149.87186299405
41.959429733923 12.829489536991
42.345938767954 13.208367316636
43.438561303301 13.193208659179
42.215442890888 12.090561640046
40.067247862705 -79.369945714665
43.812807714035 13.252689692796
40.028134621845 -74.148386394806
45.5852188643 1.4126183881483
43.640868859685 12.109130284355
43.665086631994 11.84596583894
46.041522507738 7.9291241310462
42.072402805145 13.413461688654
45.603949602162 11.987457953455
42.724882459627 13.546264925316
42.816084321058 13.029152443667
43.680429759308 13.529008982039
41.900266590503 12.160245192333
50.861218485218 0.31461188113532
38.294893690221 -89.557276759895
42.682578683238 13.315161485393
45.930180972875 1.9279787661172
44.725678739895 12.120864032244
41.838275603896 12.883932200693
43.734576278729 12.581472004124
42.48135709042 12.85060953344
43.619669081953 12.602786783896
51.786144642991 8.2210782390186
42.448560441608 13.390122166106
33.732055756178 -84.251459305664
42.586851236705 13.610877905346
42.271734470183 13.698055825542
42.689048001885 12.746891216278
42.766888169484 13.194794288948
42.79995575214 12.11644252956
43.293390456279 12.633355466034
42.851663575925 13.515326281339
42.187485586029 13.227598494046
42.547398462236 12.763976307031
50.567057991199 8.2613086152176
41.982735256677 13.493967794133
42.179323768348 11.957234618255
43.681972645096 13.576295073899
46.787857448118 2.8335635060601
43.487842770542 12.74343263348
51.523681021539 9.9559010849129
43.117043894791 13.166648967756
34.551526599534 -119.01673165506
53.150000909646 4.9475077517319
40.703174725707 -74.550212785189
42.884464499508 13.571734068271
43.734326333636 11.883871213034
42.505561250984 12.098069699082
42.509181705096 12.891780794569
43.480815577566 12.829063340032
51.579497053092 9.3669603855195
42.641100735257 12.999062182868
43.416742818179 13.175806707805
42.261786732034 13.508731969424
40.113969464526 -73.70754282176
42.289331931777 13.352762867882
43.696793859704 12.803343177702
26.289223169094 -79.97093495194
41.894864965668 13.826574509904
42.705197160947 12.474274569433
42.445992108197 13.00988754493
43.557561959886 12.37318929444
42.955543758348 12.755272567179
42.327362936629 13.787296075296
42.90557696668 12.673410699572
43.58410579042 13.432849826979
43.497220705982 12.094915569825
42.220630350181 11.945871901694
42.658760071594 13.570169701993
47.434978948177 7.3038606919832
42.04961523744 12.391747286281
42.078903054411 12.883507153452
41.94180676713 11.896464401829
