42.38721412487 13.486113973209
43.074210289456 12.833940901272
42.773319971197 12.262281082248
41.863577588419 13.505575953308
42.932768965595 12.008983672622
47.047651121091 10.246190562398
42.006380613452 13.451491700251
51.487302113784 0.44059529310586
43.77676844868 11.86887308113
43.127566649193 12.836560242754
43.129642711568 13.072816802244
43.38280522983 12.210387115486
42.991777403763 12.922119232345
42.202962038223 13.54048703871
43.249846353799 12.82399440085
39.994994055347 -75.952356286546
42.901782865611 13.349090054815
42.073886805269 13.108713029024
39.995128042702 -77.219638702521
40.778516217649 -74.536910583647
43.298156616904 12.224187547466
43.266306385077 12.390011186914
41.893611552631 12.986314860187
43.08473322826 12.073783719036
51.42355282671 8.8104849126239
43.269237516129 12.416427890985
43.250856296763 11.93370912875
46.483218057094 13.825994230514
41.927463038812 12.668237927236
43.633493652883 12.48688093877
43.412522529931 12.464734807848
42.027310540002 12.42899804631
43.46517794929 12.896579727503
42.12024312055 12.259462140642
44.722043807419 8.6396006246748
0.55904665615365 -0.39962028497812
43.413470749957 12.88986987571
42.174742985154 12.083837553453
42.893186082569 12.747963389751
43.204751711455 13.51805686325
42.891229664412 12.454161172965
43.339215037126 12.918379115389
42.057487689472 12.239659705332
42.780495874968 12.466706461511
42.872976311444 13.787941609432
59.592535686955 26.714029440523
42.556312976685 13.213951038783
43.795629310347 13.3937025333
42.50801864199 12.234423332978
42.195919055138 12.940975891885
43.204920643591 12.001298347044
42.398592636196 13.666025086172
45.221681073553 11.091072671062
42.140839221974 12.137636661615
42.539772508007 12.444217473031
42.618859207101 12.463439138377
43.66574218716 12.929555381636
42.176419910147 13.777772708713
43.400845691769 12.231873190625
43.563102224659 12.701919091748
51.643772212623 9.0598445530328
33.083972866381 -96.540132466182
42.219252020709 11.985235418207
43.743310998561 12.422028155284
43.661572417108 12.570963846341
43.159883306457 12.02256260862
43.368590045913 12.826810033467
39.853187181411 -74.695678122971
42.38591041436 13.436965031308
41.945428483184 13.625980223842
44.825532414844 9.5844763568275
42.470878490021 13.107449073416
39.987493346591 -73.801491837988
43.270055973118 13.091981665295
28.907781998335 -96.644707694777
42.260024212443 13.669173667074
43.008047100647 13.600576808511
42.29719350922 12.359783043808
42.548589673635 13.166010142402
43.153217709716 12.121868807435
51.941657840014 -0.46083478237075
42.003992765699 12.32664933073
37.177760254674 -96.201477006172
42.839103037903 13.409957179546
43.710475413946 12.362158590652
41.702703578488 -75.119999205593
43.347823629804 12.387922341206
43.657242044668 13.062426440934
43.753090463485 13.033973421473
43.780916210183 13.761165136381
43.531670123607 12.273173126075
43.150464335548 12.175584212514
51.399764481652 8.503877187848
46.756290792958 12.082341121616
42.69369926664 11.916826054436
43.086741991403 13.461779237495
42.239138634076 13.618734022912
41.835595732499 12.442659640446
42.212051631537 12.260833894976
42.847979304331 12.687274881514
42.128702439449 12.471780146247
43.200162704683 13.687321190132
42.046039838852 12.881372639875
42.217107968527 13.355454560556
-38.951866279334 145.31950956009
42.73944912608 11.853861818974
40.80102636707 -74.97666574629
42.471651164124 13.797894176954
43.152312892115 12.96780818096
46.909302930771 2.7859817192824
45.136242617451 2.7111827096488
48.325846439167 13.88116522386
42.03738106046 12.202887263265
52.025885328895 6.5248365750419
51.315083986761 8.3838806298486
46.742712989795 1.2720229976215
42.805271927663 13.545599827352
50.951668681554 8.7875644652115
42.553233895729 13.373583181491
46.651676972819 11.189565115298
42.685260561169 12.487775782371
42.599455151076 11.906056732382
43.737202464967 13.696616705387
47.013313211295 12.517148921295
43.091437201545 13.115856722538
38.777790228987 15.294355684328
42.310514083298 13.827463163469
41.007303813162 -75.278854073752
43.447507840811 13.604034130764
42.833043675813 12.594741017856
47.099117526507 11.605332669988
45.775570400097 10.509343579553
41.84245000821 12.985945371925
49.230404725395 2.760078196492
47.901215089227 13.573616079576
42.088245914871 -70.711175565725
42.373949536318 12.226325110659
43.13518816567 12.065401927619
43.383901365301 13.596470092256
42.774914726065 12.040712865109
42.550900465155 13.756119740103
42.48641620834 13.256627197984
43.492174926464 13.746105667572
42.597260214222 13.094894802729
42.871185648216 13.7466601151
42.861138466702 12.019887366362
42.606766340626 13.671755383125
43.478896506375 11.941576465027
43.100267382872 11.881654503256
43.485930605107 12.15054759532
42.48401210342 13.392345821223
42.748544387423 13.60005996872
42.745942550148 12.434455539789
50.991082976801 0.71850627549389
43.281498436037 13.654205194069
46.116736786171 10.366026397404
51.801264287346 8.9172158152411
43.650273179959 12.397999240757
34.108520439916 -84.252993118974
43.028978254215 12.250061687685
42.124241087665 13.650927323706
41.980113882118 12.741108379693
42.659479650066 13.462294465633
43.549590331314 12.139220445037
40.973672062764 -73.594367504528
42.302085319696 12.924736578935
42.199855738434 12.319688274229
42.706905315515 11.86102612871
40.257371045455 -74.81760936887
43.802942019351 11.976306871055
42.343370652938 13.136910056314
50.228397504067 8.8323703048901
41.967350873636 12.742379052931
42.670724976676 12.638532018142
51.334117418311 8.0674592512974
51.773203647823 6.3035739052825
43.567864019244 12.591052803507
43.616901221993 12.534015746591
42.209686695717 13.240435065835
46.042761243576 11.614912357372
43.60421838921 13.784066264438
42.892840964691 13.660021124736
42.436314852667 12.491043786302
43.09614924674 12.41101105253
42.246851568712 13.487065715032
42.499493779868 12.683810812295
42.968774962245 12.139756999065
41.95187580725 13.154874888342
42.980550272402 12.471173345352
47.655491856698 7.5618420036332
42.958354449367 12.109827984197
42.024693056508 13.539368055567
43.640636785275 13.280766077026
45.300865675928 2.2765509291908
42.248933977119 13.653832340473
42.021889517115 12.639137664197
43.725661722371 13.558054408805
40.788999976178 -73.569208218181
45.617110663821 8.8650169909048
43.636650207304 13.675777946935
42.289158968876 13.091101824835
44.32963140392 10.958796392062
41.853696156246 13.519060603606
41.309733011124 -75.278208588977
41.057404665455 -73.799765893296
40.741580186443 -75.14890158569
43.080250694009 13.614263966521
42.422319355638 13.683515677568
43.364680713699 13.249250177431
41.854358313558 13.467379089218
50.387492882268 8.4044564517236
42.085378788938 13.160409415236
42.558524646612 12.465879632864
43.223292431453 12.650378160968
42.225568617354 12.195386381932
42.937597376752 12.365221199305
42.055343340198 13.022139108771
43.104355672444 13.399771009779
43.717035638989 12.159704580067
42.43821531417 12.827391557802
43.126065672455 13.058669247713
44.285374951938 8.0929854009501
42.047663729215 12.619987684612
42.908539966193 13.018379750225
43.608251473239 13.199494040685
43.385378762814 13.826920669932
51.364615853813 0.27487259179581
43.428211292938 13.438875913845
46.690546191272 11.350579014279
43.464025668571 12.552931689936
42.441669006127 13.343610978401
42.126136620609 12.156070740522
45.932993690571 11.182193669643
43.740943413128 12.95988834929
42.347239691016 13.64271608353
43.358361393867 11.86048584753
42.885932385889 13.142861821776
52.187136504188 -0.012567902506589
43.169102129626 12.652413971581
41.915098159555 12.321464092176
42.237886617092 12.238414480017
42.472177160679 13.790079088805
42.485153746572 13.458666746274
42.463365299398 13.499506734565
42.149476644208 12.133936936585
43.312915886453 11.883031331901
43.002079570222 12.957946996206
50.709615466515 8.5981759427107
43.447546622014 12.332493730065
43.466767823562 12.639146018161
51.1131056557 8.7426977389225
51.645135245586 8.864321678348
43.147334619515 12.491223466832
43.716891127993 11.939187989563
50.261886394705 9.4460947706579
42.414119127886 13.059737554335
43.673051586709 12.279514356202
42.688630808021 12.860248644792
41.902840395434 12.34902125336
43.494074255013 12.615585113252
46.967122748758 11.864253024854
41.904792575608 13.736790854382
42.664430855638 12.231263572479
43.354283915907 9.7874583707575
47.625596323596 14.122781775737
42.76343732784 12.119009471575
42.265726460289 13.789071135146
42.446008071066 12.894509997191
42.377590958226 12.880000872503
43.505909336056 12.15112876715
41.880221776164 12.238697603011
42.978648932662 11.887789554863
43.25555407689 13.344021118427
51.356742032504 8.539651045827
42.842020725779 12.647465429591
46.117688300355 11.711224926059
42.099841400117 13.466407778445
51.360201778989 9.210267855418
43.573455378236 13.599083619958
45.593913114117 11.747061625841
43.369423385437 13.629308578407
49.044553265462 31.244870932887
42.262620408231 12.049207469958
44.570652807325 10.35001888012
43.473092696871 12.476348597799
41.96226461558 12.731490369316
42.037414139641 12.252743589365
42.246144974274 12.739805844512
43.73238385179 13.739454552431
43.227038346823 12.273520393911
45.580322531113 7.2236524402041
42.3615639044 12.900115112749
43.795884816137 7.613643388992
42.253047314146 11.913679605331
43.735283206115 12.092225041304
51.769049678589 5.7027341406572
45.612952165591 2.3995810190214
43.677036803086 12.291018756729
42.65294866017 13.459333271954
43.433619438428 13.682742984839
