42.677998795976 12.556745837257
41.850533110972 12.146251583095
43.153090621437 12.415008840365
43.303149277972 12.04564006398
43.684844114692 13.665385891083
42.326061324855 12.769264027856
43.167189235432 11.916167377476
43.096795313592 13.150538962891
43.811096071664 12.018695058796
43.361385830402 12.397216729094
42.299512351092 12.794954865165
43.343732502958 12.462491010552
42.724689296805 12.404284255323
42.094547124645 12.417810951575
43.691803646151 12.619276180707
43.143821242819 12.448202816534
43.6597349335 12.210691983465
43.011237962663 12.523422858011
42.669789575373 11.922759339664
42.343914683158 12.601426452234
42.461227012103 13.73577950093
42.267031438794 12.005777036795
42.917887016182 13.291560430236
42.513472493067 12.175272232024
43.393819790538 12.431679588033
43.409546659074 12.325927322903
42.057600619319 13.540248754707
42.541329398093 12.358944182472
42.014407484354 12.572022450444
43.337779291152 13.216926791362
42.510439467875 12.629038601031
43.216689084313 12.888434618681
42.652297163707 13.084893036694
42.146422018386 11.944324708539
43.643651920226 13.276717035715
42.2587552859 12.656273993059
43.734216606142 13.481406307559
29.216843414696 -99.074668609599
42.251694635161 13.086034799987
42.61205476879 13.609379826884
43.176237297813 12.242157568358
42.492128919129 12.812637122747
43.004037627042 13.545621255222
41.210643567848 13.30509770005
44.765990007534 9.0513348509075
41.853585627814 13.065378689259
43.032305905631 12.087580934694
43.198204692566 11.93932540714
43.337050717968 12.341464218398
40.026253684208 -73.278985054855
43.744458848978 13.576966868072
43.475885496252 12.77580005155
42.613131563951 13.628077569265
42.890746886838 -71.590198845664
42.521622034519 11.926330301432
42.26701955279 12.503734682477
43.828337768965 12.280467903859
42.820617171873 12.866440107539
42.962288964078 13.579356799193
42.899039531101 13.2500870164
45.434799587557 2.2398709478974
42.055870785891 11.997872680911
43.254366597766 12.882779535338
42.135480076159 12.089064743432
42.80358122515 12.507472642955
43.828232904837 12.865468983962
51.125406903739 9.3599396969005
43.311703650447 12.550779546423
41.263288618328 12.562311748582
46.138859321454 8.5047525348629
42.586019540034 12.331520051871
45.214740336253 7.1451495271386
42.929075928859 13.185828945707
34.667770098493 -118.93675988466
42.039147899991 12.639389565068
42.588792844505 13.464032015535
42.837574369219 13.342880886694
43.687943546443 12.245626745415
41.913834772519 12.753839503414
43.268524021522 11.983101036878
47.996428279204 8.2789308285708
42.176480011652 12.076529565324
42.54464974375 12.825066757328
43.448395469456 11.940016586327
46.638515535108 2.7700157504389
43.243468939927 12.395428014659
43.211752182924 12.227347237651
42.372694846903 12.521507459957
42.290945352212 13.013631154345
43.289272219098 12.960187957625
41.904256029497 13.733196325963
42.872321988883 12.807054396184
51.329418474962 8.2599842801038
42.867256779649 13.619756567602
41.996782193446 13.532703307261
43.38293532302 12.103900194703
43.648911159343 12.510681586133
43.555723625515 13.334143630871
43.031292745413 12.89415551207
45.0750221494 2.6676265209297
43.20646107907 12.105853464525
43.342534327129 12.478264030313
41.920939129296 12.703267837757
50.667943066064 0.46567983662509
43.289357979472 13.143092496408
45.405577657933 2.0864965552867
42.196631527618 12.566852279758
42.119528901374 12.019990643982
42.673403438515 12.813655467638
43.296128917644 12.077305345853
43.760288423768 12.009328010052
43.066595415171 12.342286854231
42.600575920495 13.139755498238
41.895221636137 13.246972980579
42.793315932545 13.243663216144
51.480864370931 9.9140593111115
41.901399198895 13.668841286429
42.62100209839 13.452776723773
43.706018416561 12.808409133858
41.841672167595 13.707259716816
42.954305824823 12.335859462331
43.574167642565 12.023679508394
43.563994474061 13.336701935801
42.995665397514 12.741544851003
42.510675345806 13.360204206968
42.517299394851 12.209630494125
41.867438359145 12.333327325703
41.23471492321 11.761016465889
42.686792511834 12.633182908259
43.152126848324 13.201462494324
42.521449644848 13.555591451284
42.281318501721 12.663639945774
43.738612868722 12.848562702021
43.387209038451 13.393226138986
42.406091381074 12.839231202325
41.866838328034 13.270949068161
42.829106072371 13.584592519156
41.479695833651 12.438187364039
42.757079624013 13.519065406436
52.042671845547 0.56624515189615
43.515334331691 12.162204166971
42.295520813363 12.18098522221
51.458340416177 0.1835438208997
42.537693143628 12.473505190349
42.055453310302 13.189629006775
43.781878344168 11.868320462254
43.482211244215 11.603787757292
42.93746100179 11.9164701714
34.126366086403 -84.964859866428
42.995889843926 12.18534878559
43.637537494154 13.24959073276
43.348618953206 12.211889949281
42.025412706225 12.360388766697
42.33856420004 13.116272638627
43.183314856248 12.160899085089
42.338862155743 12.661759707009
43.809497088592 12.160243181607
42.466696921974 12.083831303347
42.128633214707 13.470867428703
51.177231373814 9.4486021592508
42.286660767781 12.598929462323
41.436255348258 11.510014894002
41.235140242397 11.904421637067
41.532160300683 13.139868604362
42.835905863382 11.925499222693
42.51210008646 12.818992123666
42.119966239398 12.237663227521
41.534177318138 12.334526977935
36.143162136959 -119.79120636088
42.642187015008 12.810508974761
31.552890107526 35.043023021563
42.139112820935 13.092405499489
41.916881082562 11.941631070798
43.443078042701 13.279989029898
42.311467973216 12.131249951281
43.155713508465 12.748749125187
42.263885439983 12.208299780383
