43.826729780935 13.566836860782
43.777719972107 13.614800690049
43.745234626713 13.585879738736
43.831573504431 13.567686845834
43.800381858761 13.690247450832
43.761950746554 13.700301134375
43.777358110446 13.651936940708
43.80346342402 13.603979337331
43.806460692012 13.626537030876
43.780813478784 13.683571719904
43.770617937583 13.644321825676
43.800807640816 13.582214036317
43.820124997229 13.644973218762
43.768601775083 13.639905274233
43.752413673698 13.670375084372
43.829838450009 13.637527620272
43.748791331329 13.607894657484
43.813300594156 13.687625403392
43.800921371135 13.582363394381
43.810321508374 13.689543547917
43.780279120349 13.651694944919
43.755636444223 13.57683235203
43.827228380773 13.680424333888
43.792171100079 13.586946716361
43.768026478502 13.594921680931
43.75926897852 13.606881868398
43.815914274129 13.588737951887
43.825252536624 13.612318582208
43.795686002747 13.593257811218
43.822932418374 13.632069460432
43.776814200832 13.64848756124
43.821562960216 13.597834892405
43.73845484703 13.6316941067
43.757950094902 13.62874195337
43.763677520588 13.625511598154
43.748606501051 13.629024871939
43.816494658059 13.68405700928
43.779972711031 13.603256648243
43.80092849063 13.66360631525
43.80961712769 13.580459940073
43.735707848696 13.593373957853
43.822158226682 13.640863005391
43.933711001341 13.672983977719
43.753488932177 13.576976469542
43.819435757987 13.618608874112
43.779727549676 13.588555034079
43.81989287439 13.688339613254
43.842653634794 13.567547435813
43.772061260332 13.597125027162
43.758853073141 13.631401799469
43.815797800599 13.69947864243
43.813901765206 13.629807171726
43.739573284883 13.642776643246
43.818888113771 13.682098586451
43.805915854802 13.59981367022
43.728919342521 13.621038522882
43.777657754171 13.587851305321
43.757173810993 13.638253371084
43.803584815398 13.663819226766
43.76022272222 13.596129506194
43.779497133021 13.586377185132
43.799313425014 13.601469091906
43.774091261355 13.64152961722
43.795556660667 13.657223165362
43.796571864673 13.661438878955
43.739348093413 13.626119548767
43.816972533177 13.57684538263
43.764445424923 13.593502544164
43.826992490735 13.583084650165
43.819949516498 13.681813771709
43.823648417307 13.608967240273
43.761515642892 13.684891498988
43.771594476335 13.671374647746
43.774316605096 13.671043434514
43.786455381583 13.581708778919
43.78638960972 13.658360285546
43.76443082225 13.700004162614
43.827522547856 13.600412346723
43.787653883376 13.673933498896
43.74718233747 13.666977032885
43.791981380823 13.592839215714
43.755747080688 13.639917286898
43.771402441811 13.671384499276
43.793849045336 13.591230275871
43.817269486777 13.618957644172
43.81592485209 13.601133412051
43.767945572647 13.693458534655
43.829421850794 13.670743218025
43.759334665632 13.590352919714
43.76711517424 13.69660983502
43.768544255203 13.69770046591
43.770568672947 13.604025219404
43.806564732851 13.588390705936
43.827942170609 13.642055162549
43.753967962134 13.683479437944
43.833296565282 13.610574656006
43.758616043629 13.661094529417
43.802228161994 13.655683019525
43.823233591797 13.669617875346
43.815270887157 13.693758700387
43.748902905636 13.588084912688
43.796634638143 13.61296951848
43.76510247719 13.59641264502
43.739047348399 13.603336225566
43.753958484996 13.626415148224
43.811458028786 13.576015259894
43.826629952934 13.627352516946
43.812031948407 13.663759313854
43.82071654632 13.621838584853
43.768499904225 13.644144346327
43.771811790679 13.594807512425
43.726013466609 13.599395171574
43.797117193622 13.592066518793
43.777485105592 13.637519345005
43.790313878951 13.586530342992
43.781507829589 13.60023651209
43.801578713975 13.664853296573
43.756063030474 13.634559060763
43.784736608076 13.607236402879
43.729295049689 13.596957132985
43.830074367987 13.627134592585
43.796328657233 13.579296313517
43.747969418668 13.624159290767
43.782285303263 13.669773800166
43.800379082954 13.593492329418
43.772308716 13.698508822705
43.74987780526 13.602123470813
43.82887133531 13.672231239601
44.025515379024 13.692996080519
43.761715656522 13.584881480611
43.746348749283 13.636279552561
43.744101437176 13.589206614827
43.786926435228 13.577438643026
43.794901035186 13.686095935167
43.792059854994 13.603972678375
43.811575239458 13.689593199983
43.756423769892 13.591353385074
43.746241589445 13.634320894573
43.747320083805 13.597012086605
43.774743099147 13.6842880909
43.818874208193 13.700669055221
43.814015180273 13.578873956867
43.790560668724 13.588877093808
43.796456303839 13.586244330104
43.752243301271 13.676751567853
43.770396930545 13.626228985689
43.76093317047 13.642592619493
43.771833704234 13.631579741685
43.779213490814 13.68347678414
44.153058900381 13.638270842486
43.801444698519 13.615576845901
43.816871682118 13.648840488258
43.739405369286 13.642523370072
43.750052447335 13.665726472023
43.82684879325 13.60011712678
43.79716032317 13.622004338851
43.766171406401 13.641397588275
43.804262184468 13.660426013966
43.825799327749 13.571600991588
43.797179142405 13.590174356771
43.781118546066 13.640104587975
43.798895204367 13.620106375155
43.747892208301 13.606582848659
43.832379143162 13.568802185177
43.7609330643 13.651976922852
43.789984554907 13.695075309249
43.800806741624 13.582745131863
43.751176418176 13.608807725671
43.795577310417 13.700438374069
44.042886265296 13.543277675001
43.818935774203 13.574715039516
43.806689391775 13.648889995969
43.786108523063 13.634841214251
43.784209630838 13.580839485222
43.820547490784 13.617079937208
43.826694996037 13.694062566263
43.758627056984 13.661321903442
43.771599386268 13.605812829291
43.735041602878 13.639912546466
43.825501202545 13.58041376184
43.748549469651 13.669959825797
43.831561588625 13.647226050353
43.772947805383 13.631241300924
43.783913467 13.626815914489
43.794240283239 13.615459036855
43.760878560509 13.680025917816
43.809589744944 13.632365969325
43.777107522274 13.695852306085
43.832326112258 13.650875076976
43.818283749215 13.653765732282
43.739152185984 13.626345413584
43.752725141494 13.613805980263
43.750221385991 13.654500295734
43.776893021922 13.65527319056
43.763557106633 13.663489021225
43.790624550467 13.600343514069
43.802464724447 13.69358878198
43.792362451478 13.621001658806
43.730418464996 13.615457131835
43.759792054447 13.609689722608
43.823410194772 13.63884674743
43.806696447009 13.577918153081
43.750591921059 13.64020599969
43.775878738529 13.701264636007
43.740950860449 13.643734122947
43.783194122756 13.682448114142
43.791688895243 13.655804187851
43.797706434896 13.667653847352
43.752065197005 13.629693722201
43.752902395929 13.604400464636
43.741706445248 13.648001953351
43.781290288468 13.617900821689
43.788711897951 13.604702154477
43.747532640487 13.598863492554
43.791047688497 13.620749022656
43.76181760887 13.599755333571
43.770163366951 13.691678865224
43.817283827747 13.588219089263
43.813994658114 13.577012699387
43.752775939087 13.676501153839
43.832696969564 13.660730176003
43.759505112564 13.63002253914
43.830130026152 13.68126240453
43.825848295293 13.690788762521
43.780444405426 13.594982997347
43.74676182251 13.598932134753
43.746605352402 13.665973632462
43.820326229029 13.647816982909
43.740219564543 13.650495840095
43.735335115241 13.617770430009
43.753900430537 13.678829551546
43.813765307357 13.664831910147
43.791633024736 13.620444982623
43.771871045612 13.646810942186
43.778198732912 13.692462111701
