46.00930521046 10.166732817805
43.422576250261 13.355433779955
46.761859884375 2.5418573448164
42.164878691644 13.347954487611
44.857036059423 9.6707627359153
42.162388813313 12.316964282357
43.058553255677 13.31873867864
43.013866663007 12.927184036454
42.011411442913 12.019998726
42.099191377938 12.023269718079
42.674244747832 13.794181850198
42.96417144733 13.50477993933
42.441402172221 13.798897431672
42.948832467661 12.263115890468
45.696949608949 1.3281869247221
42.31736913154 12.298322353672
44.79373697431 6.6754259435135
42.583101861471 13.313501576129
42.04831103333 12.010840796426
46.245421814406 9.6261910693842
43.581598735241 12.269822640025
42.095683282307 13.830254299974
43.318788094616 12.420247790155
42.428105369896 12.801282564107
43.244532912639 13.227939932734
43.739212687493 11.861592297399
50.250032937599 8.7685636236674
41.859690239143 13.460213079818
42.437801769228 12.616959586582
43.252089677983 13.400060878808
43.57988415967 12.431134905422
52.109263621554 4.9552116045753
41.674776923365 13.136226908179
41.940392387558 12.991716761159
42.379953624413 12.506088678516
43.73117964844 12.568048192474
43.237154002898 12.804902036139
47.327062827687 7.3103931491777
38.997073121568 -77.94251981503
42.579344942525 12.928293166204
42.483654638999 13.243876134646
43.832578422445 12.632899734973
44.772843587388 10.060525197119
41.879752253147 12.607677365492
43.648000398974 12.893743119174
43.606605667459 13.801810334365
46.648680356447 12.924533275268
42.873156209745 11.611251984824
42.517000918538 13.627648995571
46.15297189688 2.6611316118674
50.650068821223 9.8580227405103
43.323263659313 13.498829385519
43.565490996749 12.710950658543
42.697633420929 12.129162815015
43.486996458625 11.912653337679
43.530030226603 12.587863083758
41.857329123608 13.158868114093
46.759676332939 8.6935740898799
42.993681089505 13.026112107128
42.964367849291 12.468914917444
41.016535424612 17.651233432002
43.419122500096 13.417612798262
42.956100659911 13.819066006627
41.885039411453 11.966504655318
43.25335168899 13.273521504513
42.960567700679 13.272331221643
43.103462553187 13.315161730796
42.553282146155 13.822589151034
62.023731142294 15.328421192397
41.902529333694 13.56005838169
43.605508852587 11.918679774256
43.458451301094 12.394116557408
41.902776128123 13.242333749443
51.279282648246 9.6047816181578
42.445775863012 12.744041167101
42.255958367745 13.162610679496
43.569760830428 12.379426286288
46.250514570137 11.563962723109
59.18936968883 25.994680546222
42.166192089772 12.781641100918
42.389891696365 11.855358546553
42.330343157228 13.231624514925
42.213853435711 13.32290328544
42.025048923246 12.993988861348
45.588427864315 9.9825261106633
44.189364482297 13.213531649606
42.485745510334 12.823718953817
42.505213585938 13.33884692955
50.763901404461 8.4365272323771
41.968648554298 12.41041144517
40.007776204652 -74.182649273176
43.277553720084 12.633304441664
43.621231010494 13.217407634604
43.524909630218 13.339812767405
51.479729274511 8.7298562590637
43.716015298274 12.157261300926
40.173312930157 -73.938329937971
43.777467871002 13.29244237828
30.246715057588 -95.868415295294
43.367648524424 12.343732277578
42.570313024621 13.187188051749
43.400961427691 12.698470299944
46.731684568001 14.289368934387
43.715848506783 13.041306003503
43.414402761711 13.14208266008
42.862071895929 12.366647474194
42.694048617845 11.985473549473
43.198263422234 13.404652997129
43.266320787981 11.926223918782
41.84506338364 13.110546269061
43.124657320869 13.593755598012
42.493784693321 12.039751609827
43.52346707255 13.503595485142
43.578396742988 12.828635171463
45.675803550135 -74.18283951491
51.542448388665 8.3421511092885
43.279417912627 12.380661776953
38.144161426345 13.121893430351
42.825200067773 13.206098237192
43.188025007599 11.985351238414
43.533229316854 12.772546260533
27.830679288838 -81.929076060742
46.148872874095 11.912512071737
42.460220345997 12.994649609569
42.123039275952 13.713750165309
42.86468932075 13.027957321644
34.185235630843 -106.23745750706
43.286914437698 12.59450397158
43.768199754326 13.726654270092
45.284429729513 11.832786470504
51.183372939557 9.761097022221
43.810201317936 12.865659279707
42.071510670295 12.239413167017
51.465697848921 9.8326023029315
42.079252190015 13.7168555687
42.492905601644 12.399472355584
43.496272834736 13.405483065849
43.375264316527 13.093475908106
43.364421853986 11.879165244253
40.856040214789 -73.739390746365
29.759356180857 -95.811480406793
42.971746840522 13.583039976483
41.99602667477 12.807994778665
42.926220422597 13.343653464405
43.326645718595 12.130123213946
43.462594327288 12.038445967754
39.374067241035 -4.9460360835986
43.02671314919 13.310580424199
43.185520040444 12.205981671461
43.512868474963 13.011053756371
43.277869930641 11.977501307625
42.447447211245 13.414119897624
42.045329604459 12.276762013264
42.961682659111 12.233539247549
42.700372665071 12.866365196142
43.482418373007 12.787643689119
43.446428938066 12.383897262825
42.193136659096 12.955799531658
43.7563479146 12.31785956042
42.629082320106 11.855124989478
42.748611901791 13.462308243619
42.380263759487 13.678230091335
42.775141556198 11.93884643539
45.087073828625 9.4859340497693
42.898066460128 11.881657503511
43.796330674012 12.39714323843
42.800072738829 13.706255627215
43.572188922492 12.469164832269
43.206763186144 12.335039822562
46.496443077222 1.1474686638207
43.52901218346 12.577973106235
50.959932472538 8.2034056723134
33.318087870206 -97.32550857637
41.121832925103 -74.692303984414
42.072760713807 12.591718513349
42.208678641475 12.053148370748
30.319610824966 -98.26948165676
43.114524617866 13.78978889521
43.138398951471 13.119601899369
40.720050476047 -74.453902222093
38.275947197003 -97.184349467132
42.467254165333 12.540306374238
42.080811464752 13.197115778105
42.226870266382 12.838150669766
50.425475917489 8.7362154641823
42.897257176667 12.429040639416
42.281856862515 12.262805811273
37.551080244767 -121.07859362076
43.227707000111 13.396905717646
43.136311996836 13.572919772485
42.796388447677 11.899756107919
40.888065523182 -74.235831727636
45.958754719681 1.1719450355377
36.80486406322 -121.34575229449
50.826594343328 8.9536230666347
43.001260918587 13.133341996082
43.651798265845 13.283935078573
43.212961671063 12.764086855952
42.570762223385 12.012130889137
43.312436134721 13.79349407779
43.527033829862 13.163380838562
43.324037473821 12.944427444595
43.311839344146 13.22728537222
42.349143090841 13.302925128652
43.813680555443 11.880138263612
43.078472545428 13.651038819783
42.504263877659 13.421622518667
36.596595282132 15.535959234292
50.119920281284 9.6842875656133
51.025275157776 9.486381319578
43.060105636765 12.113537202197
46.844338798823 7.4378858131533
48.215457318383 2.9823668075388
41.234007841237 -73.746569331749
42.842261255201 12.039142475503
43.405360788782 13.587728399147
43.162319440957 13.343437866023
42.35715953 12.011059038833
43.247453311594 12.016480106889
51.310315686655 0.5134161721931
42.772822421891 13.768656339875
45.114333307424 1.4835269551182
43.81574195291 13.109471056217
51.640488169454 9.1481478312743
51.581930888156 8.4672369907923
41.945155534889 11.903024082979
42.146770734895 12.72696696444
45.501521498385 7.4316393144366
42.523704996597 13.508606221785
42.674901754465 13.681974987372
42.523589958236 12.998402474003
33.674647511477 -119.23503590974
51.109311810978 -0.60524461172299
52.487441859202 -0.078835740773392
53.316249530211 6.0425437871798
45.775298105262 8.5330814525173
51.00342961494 9.334261521387
53.178167545087 5.9121075324538
51.060331785148 9.0323421722429
42.809962821126 12.419781570539
51.698793971771 8.8243406991588
51.102920879192 8.022899127576
43.213767026206 13.797115504203
43.676627240014 12.944775684266
42.514263461604 12.209909909058
32.775818830531 -111.36054268357
51.486358935473 -0.22896775060285
46.304512052473 1.1542110690634
46.817631485321 8.5936012466408
43.683279653885 12.457300449955
42.989518228934 12.949893347451
42.841555247031 11.872795643712
25.186879255413 -80.471619525954
40.919949975754 -82.429674053476
40.431878285835 -74.166346047282
43.014706531102 12.876492415518
42.797520683074 12.375501326481
46.656856498985 9.2504569473934
42.636156785619 12.262394625837
42.994182580169 11.94031162699
51.939215902909 5.2890562557332
42.503944468475 12.056107591885
41.718242400914 -83.484424882536
43.73093359907 12.425311795655
43.734343598494 13.677761982997
42.220575417981 13.707444195055
42.597434189935 13.261866634389
43.311644092368 12.233883057385
44.999603631769 11.410142464473
43.40823663606 12.403034449764
52.505861212037 5.4205456709818
43.15207406748 12.919327619003
41.911837106085 12.430367998535
43.163815864459 12.944836397185
42.56762238667 13.812395868757
43.277808473596 12.071704866419
43.218724761747 13.378476673934
42.640077313727 13.250625258915
42.440891739673 12.787767457232
43.397867937313 13.503181255212
42.085137583842 12.036537034941
42.203201841213 12.535486412039
43.225251888982 12.397037167308
49.397323296241 14.78921879562
51.592155133883 0.26011851856025
41.940448831294 12.633259648307
26.795143414176 -80.531966756621
42.331694097899 12.929073248047
42.979651068349 13.306539708912
43.250779277317 13.64580756784
42.941408046049 13.059980180163
38.277864584537 -76.811602645425
42.225017025727 13.45355399535
51.202632345354 9.2091973639136
50.782709089472 9.0567519502047
43.504664039961 12.475683993902
42.903805735032 12.774330767719
29.955107398607 -95.78766729554
42.608020945291 12.906815174479
44.627225055137 12.58712586243
42.833766071069 12.291903267771
42.482834681649 12.766160911793
43.176781814183 13.821629761656
42.012138925054 12.718752116321
41.933778199357 12.215850257436
43.564641075027 13.105494951434
46.693570410224 2.3271720876578
50.545728827382 -0.031296490291733
43.637176953108 13.327894157438
43.520496195446 13.253643017401
46.373357185569 -73.123674898138
41.851849426933 12.825027676704
43.739043751165 13.473922819607
43.057134995285 12.805368869496
50.534233793399 8.8147116446936
26.419522202752 -80.30520778843
51.916097279133 9.0314071984177
50.687683577504 9.2113858783671
44.233601772033 6.9384196081168
42.272138472794 12.706621515915
52.151267992405 -0.071183029569814
42.356287905202 12.579212660261
43.734524647137 12.228345742111
42.371456601851 13.724459702973
47.184904719112 12.41389935974
43.528881032287 13.128285311709
42.025868581641 13.784685895699
42.430410374643 13.075520288721
43.047892682763 12.336164812269
42.612546353907 12.981032942434
42.598967444452 11.855947292364
46.616737132248 2.9992660102431
43.776835066649 13.725236468376
42.349249124711 12.307261799161
43.022846766314 12.821745556252
43.120501518327 13.235791724306
41.910802233478 12.533056693886
42.939551660784 12.496706476222
51.685426565206 8.322123626397
52.452448239994 -0.88177927024279
38.496338197624 9.1930275585765
42.761478631667 13.736647908009
42.007791549458 12.951853855977
42.876850191002 12.880518906715
42.257921525418 13.710005100237
43.302609862456 13.088703926249
42.830371269433 13.729585417907
39.079661939666 -76.372080976538
42.037532199678 12.291247102589
41.962102671623 12.571832244106
42.337703571367 12.251810195528
41.898919837058 13.021115091195
25.26054697727 -79.90244507021
41.989042514951 13.142620253464
42.725827108496 12.0450424883
42.278395485749 13.667509379197
51.85439459088 8.196926150097
43.785859599165 11.871788596696
43.607792757756 13.42899881791
42.984638378504 12.984363639275
42.998976642752 11.918415958045
42.261786732034 13.508731969424
43.327786927751 12.789662688428
43.537702117852 13.469758285449
42.896581054172 12.29898856736
43.304115207563 13.822585492333
46.037525563518 1.1013040799188
43.391027326433 13.241579328797
42.116809903719 12.480409331864
42.611467344061 12.110544391049
42.846132360814 12.51716914706
43.229772571602 12.448266800257
42.759985628913 13.061454739471
45.914956244135 2.1139205615567
43.172833012984 12.446895254074
46.341449769373 1.3754269887579
46.312302218896 8.9542280644897
43.105418786477 13.800857621173
42.644369377144 13.56817050819
42.69236499641 -82.765278581162
42.153933520056 12.248824774425
43.070205506922 12.775936897761
42.177175822771 12.495697974479
42.398221637329 13.663367780721
43.635448282436 12.017327413458
43.504624004732 12.43701960262
51.533995464416 13.017397317485
43.774987785528 13.530445799034
44.1180944681 12.29303690446
42.11674475072 13.29581871924
43.77837526045 12.314030695408
42.17255100944 13.468319179264
46.714162086004 7.0702080959781
41.877558669505 13.144461825578
43.130770783953 12.065863979101
42.505269110925 12.762073473449
48.146465326981 13.116057930356
62.544767683626 15.07928857537
52.548308320366 6.5741547200941
43.470772415174 12.626361357826
42.072408271543 13.291366676025
51.092080663001 9.209349722699
43.218433132518 13.339434041355
42.527283726992 13.749212131274
51.882827275844 9.56795348626
43.338326573085 13.81703790364
46.363230311411 10.839809187078
43.56748968531 12.662034179413
43.12511531225 13.822990258163
33.220810328564 -117.94817634553
42.161721544902 12.506520108577
42.614202022394 12.053603636147
