13.484216246535 42.634443969782
13.523122370042 42.555059170164
13.465116185374 42.566959883837
13.501397118227 42.626892299239
13.466943034675 42.560549230131
13.46285553533 42.552624861522
13.45289486763 42.564692846318
13.471890559661 42.587554088157
13.514427794404 42.600882353096
13.493193505583 42.600464996251
13.528348839643 42.590101192535
13.464741220004 42.581961191086
13.486580798184 42.57560107979
13.452726579037 42.609672960665
13.48313051673 42.554053291026
13.471773098929 42.618777393673
13.470387097688 42.565053890278
13.485379713834 42.62086878748
13.497248295016 42.625524490918
13.51585311981 42.590898961591
13.483059621196 42.593085401057
13.504666622053 42.618304378662
13.489866660691 42.561376279502
13.491697641805 42.617959760904
13.497841669965 42.620689100896
13.449262644651 42.564052704193
13.448789485495 42.550889544932
13.491118790366 42.610930401672
13.454211052274 42.568747615728
13.456785799238 42.557913926711
13.502167822117 42.564112536893
13.477887648401 42.618143302697
13.526037581997 42.57529963023
13.498654153917 42.551255421059
13.490520335518 42.556912752149
13.506990371529 42.585419777143
13.455419673817 42.577984931238
13.474982773196 42.604816379328
13.523945499011 42.610053071592
13.463195598455 42.580051547673
13.470169573797 42.626657931913
13.469037695562 42.553828644845
13.477113527023 42.554887456167
13.510988212915 42.621989724537
13.480340643565 42.575252072243
13.509318147113 42.594871171582
13.48290895183 42.561598603431
13.476415098422 42.601586942396
13.472487886212 42.566441027732
13.462472485149 42.582310697822
13.492043591355 42.588732424953
13.513829952832 42.591828444804
13.513243449646 42.565175550343
13.448209875027 42.571733459652
13.522571434531 42.571971589987
13.482901950613 42.616245642612
13.527592432952 42.587977194056
13.4987819039 42.614579439936
13.521913663748 42.604148809169
13.511407991665 42.611643391502
13.470809750499 42.565729737101
13.465871212311 42.546132048402
13.50109279088 42.587778012097
13.472428367714 42.55577999102
13.464032015535 42.588792844505
13.46363025648 42.587720722255
13.456592665288 42.619567986887
13.450638547305 42.581544510381
13.455287683523 42.553810625616
13.467310832121 42.594046883583
13.484745560461 42.607845572127
13.466366981394 42.567329378152
13.523962753624 42.559245529866
13.497523789547 42.606882567355
13.471247365939 42.587495130781
13.464283112674 42.564239535764
13.475888865311 42.55186044406
13.507839097433 42.590005092153
13.503258127043 42.556248665602
13.453271046047 42.566495294502
13.517628922389 42.551067471782
13.493304527615 42.56642191094
13.486583413338 42.632940769046
13.461605063876 42.62009115129
13.449336704563 42.547754179962
13.490318245969 42.573204115787
13.470891420504 42.627966453635
13.450179203178 42.590835993474
13.47802862689 42.58832378389
13.456417044858 42.584096995941
13.460399082632 42.562975637432
13.497591166544 42.549820063447
13.480102190061 42.546544562369
13.5206155137 42.600398317746
13.500436923721 42.617534406792
13.522946824119 42.578201845579
13.479027773498 42.553772785048
13.465114198397 42.566306669084
13.453317209379 42.570656636085
13.485448652194 42.60462892924
13.523424232643 42.592660107016
13.517629118898 42.580661016808
13.443104201689 42.567028707644
13.451355979543 42.60999330024
13.452379803405 42.614021270843
13.492367417802 42.59277586948
13.455463568913 42.610226467557
13.457196498989 42.592626012227
13.456408345374 42.615218777517
13.50110156487 42.615269896882
13.496450661934 42.628127218072
13.472425895518 42.548405274094
13.44962605438 42.554056186974
13.462675028717 42.610696363568
13.449050660475 42.579567282286
13.512712020687 42.552878494187
13.501875233626 42.572447720271
13.500141629272 42.559594495038
13.474934176318 42.561186160243
13.495452342807 42.626156248931
