43.715423346851 12.782775622712
43.831573504431 13.567686845834
53.805851315523 -7.9905419624367
41.859635528133 12.700120191437
42.103344732499 11.88708132316
43.451420256168 13.10626921577
39.656156490105 -78.031641046956
51.175144527189 9.9287099921744
42.459044799443 13.800070024023
32.938179308799 -111.88710388816
43.11797982555 13.440886765013
42.91829564281 12.466725966666
42.244546934631 12.093816499756
45.428501136826 8.8134278758491
43.24079646556 13.408928480676
42.112442444152 13.414999255193
43.525868077097 12.86072065118
43.440994813333 12.120964841063
43.330827240542 12.677044616883
40.464827490458 -73.456871252981
25.610035893309 -79.483103262295
43.818888113771 13.682098586451
43.787598737438 13.311372644434
42.783709434247 12.424176469198
26.747182944189 -80.830168346139
52.196337318605 -7.9609309797925
42.323265922893 11.90401754945
42.510372507179 13.776883021845
43.261674996608 13.665603077836
40.531951933567 -73.727766742469
41.989286309124 12.343735372363
43.83243980579 13.25953917173
43.359788438028 12.205680554849
39.293156245568 -77.569018519242
42.180711113953 12.914074870273
26.823682834761 -80.467880052542
42.811615287725 13.332613123291
42.404785081954 12.657953451715
43.249251952998 13.328325644309
45.923569094934 10.001752674834
43.77657106883 12.875466674995
51.463681867329 0.4393835548914
42.669902276115 13.573740886812
42.365015494828 13.03455553906
42.089604467216 13.636570142434
43.271200979741 13.123104498334
42.209803866341 13.439106906058
42.737662730172 13.441729131381
43.815025967946 13.07870692067
43.290335215156 13.252875942948
43.167362341756 12.664189672428
42.382338960854 12.01125619144
42.2706569444 12.604452320211
51.294209745384 9.0855491478394
42.5032915727 13.50710554307
42.713398570548 12.693402753555
42.074444003459 12.255196591979
43.452190180075 13.553647338692
51.427897084238 9.4164916530328
51.345240837357 -0.12728918634228
42.194333319198 12.571073082097
42.264641092769 12.417084679688
45.150933258771 2.1461674576375
43.583387701134 12.683778927535
26.175576991466 -81.004922149049
42.365749833831 12.224728259384
43.818896915235 12.788767719564
42.718337111065 12.155598873832
45.980952376025 1.674871594028
42.915562381018 13.394766319748
42.501759446481 12.42434120107
43.40823663606 12.403034449764
42.227759923913 13.605458447081
42.219721374691 11.868038559758
42.558053429985 13.234676081352
42.893260092446 12.789604855624
41.921589453689 13.418385153852
47.212760819687 8.5185099386231
50.795176083592 9.7884162002189
51.518194632613 0.24787457619695
33.748437133689 -118.45970345813
48.993553607711 1.6150297839301
42.411788159728 12.796149588116
42.918965103554 13.290224785141
50.440322599579 9.0436514495144
42.733554311459 13.040522709063
42.444526847214 12.970965747263
42.81215161451 12.376094132858
46.32794383882 1.4713511688036
42.677631043234 12.50932428872
25.630276977361 -80.558375837817
43.335640808279 11.931816995133
42.267851620127 13.73458391278
52.457494375742 4.9537659623678
28.726422190194 -83.393391487555
42.703947804751 12.271744522414
52.143183146903 6.1759966455521
50.761263464001 9.4518097869362
42.272794754858 13.520569972026
43.088823552306 12.896238191492
51.939820754314 9.5901466135821
45.501371075633 2.5692583166851
44.793685196293 9.3578607409298
42.18059560248 12.620336124052
42.660317849231 12.944418791677
50.320636376888 9.6001449672506
