43.635625474006 12.882265671588
43.628246587083 12.96137532173
43.638123961949 12.886111880621
43.6212255576 12.909908478127
43.592138311657 12.869285306853
43.572435686652 12.965203570672
43.55543146031 12.895106845508
43.575427191155 12.944557416248
43.587910125327 12.882919094957
43.648053865737 12.931039929379
43.607300390793 12.948705641084
43.575311170249 12.910028181949
43.604573804722 12.869328747929
43.611046297781 12.957883221564
43.592195945157 12.90671042211
43.55600916762 12.911219655981
43.648000398974 12.893743119174
43.567323666817 12.889261442672
43.647288502982 12.89629666877
43.599337399306 12.945568969935
43.612320295841 12.877086228655
43.617355179816 12.981498017454
43.624737670491 12.873330807275
43.593022555876 12.975190365231
43.593986381609 12.889089090719
43.640201297908 12.87821901167
43.579417101864 12.96549528698
43.550083536932 12.907229177632
43.608140828858 12.900266707384
43.591177045198 12.887070216207
43.620888069582 12.897951718393
43.606241890998 12.955561740324
43.626343461066 12.965803795034
43.577334855507 12.907412186243
43.644083344233 12.880524763803
43.604403761518 12.872921448628
43.626812202703 12.87641552832
43.655751842866 12.937415290616
43.587259247262 12.939541984342
43.589266187807 12.969602148521
43.593077916483 12.976671553693
43.555430617929 12.94324809452
43.603609104477 12.927463889575
43.640921141806 12.962633489635
43.602666338742 12.941571726923
43.572033835397 12.931707450644
43.56993015372 12.926160543678
43.632768625709 12.948184761681
43.59006240621 12.961263351611
43.578211176499 12.897851988647
43.575404350003 12.884511205801
43.58315960999 12.88035721049
43.569471249643 12.882861122921
43.579808820796 12.868259199855
43.658527222324 12.940847189159
43.647820128451 12.932894831513
43.574950848529 12.942629822058
43.620384588216 12.873731140475
43.632830758429 12.90371891621
43.637901418695 12.924855956328
43.584768876727 12.902418686984
43.620563966998 12.939715133973
43.604751101998 12.961399741474
43.596591919959 12.983513744096
43.642056048236 12.939131497398
43.553290518745 12.893441663095
43.559217965512 12.894805899793
43.610532776758 12.978950276982
43.616225077147 12.948822494593
43.632964703104 12.95925156912
43.601121502298 12.88249110334
43.619814765018 12.923909381949
43.633254601005 12.940797885408
43.566372103808 12.891475679323
43.567320576223 12.872961536477
43.588631310795 12.927701213384
43.589511338451 12.958934635391
43.591116172558 12.872790777086
43.62794462064 12.914973699004
43.637941404564 12.94318602187
43.603327529341 12.920805056098
43.649020049579 12.952297811861
43.634332996178 12.885940202945
43.636104220376 12.882255660802
43.636161305328 12.968166343408
43.565050844853 12.939078446005
43.569046462241 12.955610011239
43.596767283809 12.930688367214
43.629131620132 12.892293494631
43.554532893281 12.949914079623
43.636811231115 12.916766701248
43.57293030695 12.95685357228
43.595296878666 12.871664547323
43.596419327725 12.949254149103
43.581731952087 12.858747145116
43.606712133927 12.944002447179
43.583140238481 12.908370454774
43.61937962969 12.963930152826
43.622290617166 12.87587395167
43.604090396152 12.913003869335
43.548765924104 12.895713105305
43.592307399324 12.950151336377
43.617073880817 12.976747552874
43.576294251076 12.911466627362
43.567261410231 12.944675642061
43.62919855708 12.923187922206
43.607606226417 12.942588945379
43.596592068505 12.944068161766
43.617828265141 12.876597550196
43.580520554271 12.959017588293
43.577318524766 12.877182005403
43.624017897839 12.914197915215
43.606462140405 12.96167327138
43.590888174081 12.946346755601
43.626286691367 12.930975685351
43.619813395042 12.939736664754
43.577271596818 12.893506301538
43.616240855614 12.975235937638
43.615882059401 12.92563153476
43.59194652859 12.899700755693
43.632296998369 12.897899905193
43.584168162024 12.867269298952
43.591710840648 12.889761126104
43.570661736473 12.946676322721
43.608559283267 12.913599072005
43.657333517774 12.950915920081
43.65990282954 12.931574187696
43.654611466778 12.918057753222
43.60134621926 12.862142079932
43.584691510829 12.951221005058
43.592612675688 12.96715108073
43.620345480584 12.935669512945
43.56059970083 12.922824862398
43.6120587013 12.893841042155
43.621065447883 12.877597848849
43.586003852371 12.954975296743
43.613680885946 12.905683398224
43.594456362836 12.953292861114
43.578852900129 12.939851992757
43.604799877689 12.887018797422
43.584828237831 12.945037813387
43.592685612681 12.862445733001
43.61534876314 12.931449514337
43.586244860958 12.91568225015
43.608984000354 12.978644174069
43.584506273097 12.876786594243
43.61117681519 12.895295140771
43.615869792952 12.957216267475
43.59202741023 12.961198918524
43.555829615612 12.913178473226
43.54607513621 12.915337506198
43.632762795164 12.963539421097
43.64182362784 12.929851268406
43.63646244662 12.929607376444
43.558056065628 12.935804808969
43.546366655543 12.91146213699
43.62992000099 12.97144246009
43.643239886355 12.90640758907
43.640212258177 12.883138537374
43.556489563827 12.949593036433
43.61296518783 12.902196758868
43.624617745015 12.894447992528
43.55333515983 12.89503979587
43.579748578661 12.956144906581
43.577734872989 12.945098598483
43.635451628678 12.879818183335
43.577430902805 12.891594595712
43.614462115643 12.959019849079
43.619218907628 12.959428115284
43.593787411991 12.896820126074
43.544473420637 12.910048559287
43.6456189373 12.914510745536
43.557580650599 12.957151195967
43.628318281692 12.913851208034
43.549605165885 12.92669643181
43.595696135257 12.976605133629
43.576375515024 12.965488855732
43.587725454305 12.889972854375
43.556731705368 12.941738542163
43.595228936821 12.982223306795
43.618798130967 12.967146280693
43.645432354738 12.958944177257
43.594507369045 12.944917122829
43.542856765719 12.909440403317
43.604270397988 12.976548398389
43.574158517001 12.896886249977
43.643830412388 12.894752404625
43.585530883461 12.944322799793
43.632957618999 12.874880547132
43.599985749761 12.901832039443
43.581716871181 12.875940340534
43.636452597883 12.905388148478
43.592068369331 12.893506203284
43.595477078874 12.970306825366
43.579992844083 12.892142133292
43.61112194306 12.876953714491
43.566675914736 12.959056137132
43.598574497105 12.956498257817
43.601708169862 12.948723364619
43.617358492996 12.872860656082
43.613434761604 12.870835903993
43.607961457527 12.938887324177
43.649661687992 12.922882585771
43.611229478222 12.898369615871
43.62557991439 12.928434292774
43.562266179643 12.940613184583
43.627194437977 12.880586117471
43.629145787877 12.929497750464
43.664071739982 12.946736503389
43.55600922443 12.958829809448
43.594096132852 12.898838765427
43.594695187006 12.870235634928
43.59915352829 12.934542759312
43.565910874219 12.948462271594
43.604557481431 12.94370317738
43.582129845688 12.952581836375
43.615755248191 12.897475447013
43.552760589215 12.917467917764
43.624311173181 12.939321633887
43.629098073893 12.910035660935
43.604513640352 12.924025074564
43.587554568719 12.941706804087
43.627601206616 12.953125029336
43.574168931981 12.871055860033
43.562221081745 12.900444883362
43.623421442075 12.923658884582
