43.623371330401 13.61612564589
43.1487582406 12.770698814567
42.581961191086 13.464741220004
42.77705209694 12.410618565723
42.628193650243 12.614081418449
26.270776313839 -80.002530545273
43.036477149502 11.936562233596
43.407930914524 12.170159658983
42.326839161744 12.438276067601
43.76165380739 11.930739694729
43.63408366017 13.634967885297
42.37122940664 11.918380822504
33.37205675759 -118.24875945586
42.605569830933 12.621277573363
43.117428228735 9.6432891202594
41.9052146659 11.990191332081
42.656882735296 12.058179504286
42.635039768964 12.704641502234
41.94021450029 11.924434667905
42.755176378321 12.346751514073
43.644846821991 13.450301620874
42.244843337354 13.139874612067
41.007125457904 -75.332928418934
42.547165769894 11.936627802431
42.24846340357 13.034102628976
43.026411933858 13.434631076399
43.054666245403 12.542988679646
42.32867896388 12.00465136955
44.236530475384 10.421965844218
43.39818209151 12.378488050971
42.283154632118 12.054555738857
50.92626927743 8.7831641504463
42.199437230474 12.179510273144
43.129390566626 10.282435192881
42.747776307535 13.157797044703
43.805428368901 12.898615810063
42.033078392073 13.787754659929
29.532411893981 -81.128386333914
43.573212950778 12.842736194324
42.030182129739 13.21176179557
