43.658014954702 8.866990770454
51.148398376838 -0.18161488989908
42.004295880929 11.876774302647
42.930159689381 11.957233751194
42.826277222424 13.677623533049
43.647345229374 13.698110481139
42.334971748004 12.766930056183
42.055518241646 13.691988111817
42.037351332036 -70.729353774014
51.742637356158 8.9026487869689
42.439388843945 11.942651524203
42.043429151219 12.145941419616
42.866366113029 13.344677438675
43.516050753911 13.049143035009
43.804555487283 12.220320766915
42.543692486169 12.2516697912
40.925865278767 -87.726401592027
51.148597666364 -0.82288547089923
33.146649975903 -83.70221803873
43.23079655472 13.104468776448
43.028081592206 13.592436840123
51.299949244969 -0.97014133729047
43.252145230909 13.726648570398
50.705002033014 9.1787745683355
42.099059994865 13.109490359274
42.259192160938 13.62517027495
42.262922583291 13.642061819177
43.010301591854 13.565729549439
43.678935850376 12.434933576025
35.031798774571 -117.26186213078
42.526566758087 11.947277386669
42.942225477187 13.124042457048
43.283288216371 12.366759631043
42.270648787411 12.457017416368
47.996428279204 8.2789308285708
42.377049586001 13.134042659858
50.808686165516 8.9668892761538
43.530859358411 13.292801866465
42.298808418374 13.441376548953
42.068599512854 12.316176695917
42.324919875418 12.555304820463
40.605851448914 12.047501986335
47.988973665046 8.2883192725891
18.098961084058 -65.014281216599
41.964248916604 13.009233410961
44.259583521874 11.652631183782
42.078719481883 13.578811164305
43.212578471404 12.1830166896
47.058293919826 12.359534880568
51.109631419699 8.4224325029284
26.921806193835 -80.755008293011
51.695829530105 9.7779389716582
51.624067503318 9.3926230880397
50.884680250606 9.9247202179044
42.885180531503 12.778785193723
43.689793126935 9.7810201769839
42.258101313516 13.022305328896
43.79217496693 12.789860542787
51.584267810259 9.1856350652807
50.307607701308 15.228730133608
43.170711006604 12.727481170917
38.850498998763 -105.22520718303
43.502161122182 12.868091191125
42.676086359062 13.203499612049
42.999219869284 12.443224078737
42.54078678814 13.189138489419
42.739992223114 13.342729111383
43.605226157536 13.392880907952
50.181810152336 8.0518212677221
51.832832459981 -0.1384182159083
51.684645831438 8.2877157047799
43.513053425848 12.608389329004
43.232762837912 12.227891627361
52.756510783339 20.894913462873
26.066883723731 -79.162358107862
52.202006761777 -0.96270329601722
51.043003495803 9.1847208548266
41.922767198164 11.911995296347
46.805252673945 8.4194585370922
51.030749714016 9.1234422163681
43.208065142507 13.77956330023
42.899435596049 13.795027669445
43.275190697666 13.687398077796
43.075850185995 12.649506929188
42.95691044489 12.633953027278
44.19174457765 10.807862942972
43.393059325143 13.583095053038
42.94506961945 12.748563907479
41.992908254749 13.330579698726
44.277980131341 13.275821482868
50.762534017098 8.3508365370104
42.707926471603 12.181249888254
