43.616521863575 11.897731187261
42.089797641679 12.034525380507
38.667961872202 -77.695954801798
45.106368249425 8.9919940622253
43.652709823427 13.738803674366
42.065508577093 12.467534004484
35.877748973357 -76.517968174331
38.004269120869 -121.27080552297
43.131135048892 13.430124377122
42.105797179579 13.17986175894
43.231625341008 13.717494924442
43.01137610155 12.707032399602
42.084667228688 12.347489385583
42.136198844845 12.452726398827
43.776418875354 12.985554479543
43.238302605824 13.759158626573
45.167114884205 2.4726569747891
50.82720210628 9.0552662103694
43.008334204114 12.442743522342
50.008259329483 8.1522930074261
51.275044782681 9.4739510624083
43.26422764515 13.698050430391
42.989836277922 12.91688407071
33.391234023349 -118.29855011675
42.928712302341 11.971851866235
40.554972860946 -111.89041108573
34.267442747183 -84.846987221692
52.363908270776 5.6506747398063
42.596946463753 12.83656317642
43.375503597046 12.749148937778
43.594286262355 11.888862379796
43.68954196979 13.45410002931
42.477362692134 13.501211739865
43.511049298829 11.887133532172
39.930524135696 15.743876913208
43.44718876504 12.070379448177
42.118713099586 12.206649080036
43.470089788789 12.684596281373
43.473083234633 12.324203666937
42.768877436335 -87.903677052498
50.267779101277 9.689877166734
41.908064573981 13.181522243762
43.542339717312 12.134837725749
42.229384541174 12.226389168888
42.152613662741 13.441430147964
42.820553633788 11.863581121857
42.195338471905 12.332131725446
41.986568900306 13.055512795272
43.608309499292 13.123274560631
51.479729274511 8.7298562590637
43.713748680315 12.62949286619
42.244238184434 12.804917207384
42.466778331209 13.488956567614
42.637946731729 12.735482379692
42.509559423455 11.86244480587
42.205260205665 12.546566802353
43.301115708587 13.60248480488
47.731276715049 7.8285798918589
42.300901159805 13.784624277535
42.342661597481 13.753848833404
42.193320806715 13.811327163995
42.168089243683 12.805079691508
43.221347647378 12.016476975317
42.410713781349 13.17063220647
42.149832568688 11.990001860557
43.161002660732 12.145113006323
50.15843519017 8.7937106898957
43.318439997436 12.257631815645
43.712691400087 13.541430380003
42.860179141585 12.621063688149
43.113756776861 11.955662863329
51.249533660034 -0.74789249549988
42.62360099222 12.395548914764
50.432597937264 9.954514143036
33.121085965399 -97.211793127435
43.013148214695 13.061520623558
43.384731663591 12.353905658889
42.950389659496 13.554697535746
42.548656401035 13.327120379252
42.387500290965 12.397112765932
38.107402007994 -121.48695254038
43.051816288427 11.849342858835
46.336019077283 12.365843084599
42.522236617081 12.288348381097
43.066237284854 12.292854212382
43.27775228318 13.193075473997
42.965839001821 13.374858872229
42.297984169025 12.184867181922
43.701197800574 12.509598090572
42.465822758391 13.158636031767
42.78604163827 12.336179058711
42.61535167818 12.358003290558
42.901580408191 12.527812102145
41.904507294274 13.652705519319
47.379065332645 8.2261967254925
52.178691091798 0.019619199405252
42.20895311481 13.689599767204
51.319968552943 9.6648296041716
42.643887168117 11.983446870012
42.107509303909 13.433466279171
46.348317060314 9.0152979347949
42.263703962932 12.433042413778
43.626525010295 13.129418323829
40.034537130036 -73.625779900572
42.648483871805 13.664317238475
42.123469018922 12.705242365948
41.998262982836 13.181003894762
42.326662212318 12.604932817002
51.337388301192 -0.019037862368407
52.129009306724 -0.67010072748181
45.99024978671 11.281495862937
42.273498212415 15.455397579195
42.421187922576 13.519651925454
42.850733025882 13.160230478367
43.50401992842 13.623138403831
43.059032823008 13.219849164255
46.639059506189 1.8635468351951
42.408639671027 13.000480869806
41.981488627394 13.411210474771
52.331244885843 -0.021551505258093
42.132259532426 13.470289623605
51.408328584585 9.6046043693109
45.334312917448 11.316717760042
41.927223445835 13.084193070945
41.839233285694 13.47961023614
43.000768232646 13.549663941187
42.6963858091 12.999412847704
41.847263115874 12.466547564376
43.11666935783 11.921408038571
43.104195606033 13.600474677815
42.384063502508 12.344310296881
42.676847442389 12.665570612862
45.592321724304 12.185778829074
43.165523149171 12.047600294972
42.544715091861 12.049028040419
42.491057254624 13.551915373466
43.659138130352 13.3381790311
42.763550500762 12.668426422269
43.185055514905 13.493140443479
50.23291688237 9.6562039170676
43.344071135106 13.404411216941
43.679236335086 13.724826175147
43.157127329243 12.372513733999
46.771386801624 2.8641617805064
42.221577867524 13.523245722786
43.56233392265 13.663418887979
42.540603341342 13.369239701617
26.581105402459 -80.87656493693
43.453573389211 12.767834225582
43.202003887038 12.534899451574
46.608813872635 10.982827138055
46.696410796929 1.7310956515051
42.803489889413 12.422630666042
50.302472518432 9.0402145260201
43.166017843509 12.141441978601
41.837214114555 13.34967598058
41.608657798699 -73.724505548834
43.729212493996 13.657110595471
50.466865465262 9.4505093607355
50.539144665487 0.73961923161039
42.309960664162 -87.713309233497
43.524853114304 12.673520804252
42.479917172587 12.999105832094
41.92843924252 -82.753852180298
43.669425855258 12.674016889054
48.951137712319 14.870594243226
43.661872346283 12.002385349966
42.342307648802 13.495078665922
43.340574799285 12.593811033591
43.683944660578 13.140706712467
43.019104907785 12.241393020044
42.347239691016 13.64271608353
42.208614687553 13.013275211704
43.800027424863 12.886642373135
43.49557367458 12.700057668958
43.732865275246 12.950188576707
42.319913895505 13.533659133864
50.713897098421 0.73313039570262
42.622007758667 13.315529004373
41.909379857105 12.413039748305
46.096091062995 11.154625543165
42.371024030455 13.437377415822
43.377534732885 12.147154642824
42.475682334751 12.871237880977
42.71035760816 12.085570222293
42.870475309396 13.611577215445
42.14678340647 13.53334208372
50.213892585698 8.4041647088733
51.931846460296 9.9018161315014
50.216799198751 8.6501266908134
52.073870289055 9.2861557727127
43.318255634682 12.172562305451
42.418871051848 13.155366536789
42.915265079104 12.962388527117
43.428223326091 13.506859321404
42.541574931045 12.340800734882
42.383354088957 12.574812437696
42.190154599601 12.954196469392
47.087865853977 13.844275252144
44.923359752294 7.1626133469946
43.104368347279 11.939773521379
34.878269042143 -118.05413913848
50.615446737323 9.6285330940171
43.525153630213 13.299270752512
43.555779088568 13.27393821083
42.25436073509 12.822026812875
42.146968906369 12.263467051698
50.736303116305 -0.51228581304768
43.781290288468 13.617900821689
26.217994672331 -80.969100832734
34.430390740193 -118.98656550264
34.618579458447 -117.47549174963
43.517293209938 12.541871623409
42.201117656774 12.017129059444
43.129819601185 9.4448202361772
41.978277649741 12.543416983256
43.298736134704 12.877445563638
42.75065486077 12.550727006325
42.493372630579 13.152500701695
43.060693519239 13.801384324602
46.783453746598 8.8497584754833
34.70179286403 -85.256329057299
41.869888093749 12.725368309659
43.400720397684 12.956684492064
46.673389737342 1.2702174229874
43.448994569245 13.588683521205
43.799977624251 13.446351614078
42.140194437087 12.36621740433
43.138331812426 13.00130741766
42.075159151163 12.885582353887
42.853408396662 12.479083766474
43.025832686606 13.423052876474
42.040098121429 12.676807687954
50.461742571304 9.1968802079544
43.158678689135 13.066040987201
