43.108949429427 13.047483531336
42.565001021423 12.053436067933
42.8761302563 13.146235740833
51.606469363722 8.4716894060707
40.371025489036 -74.238210859485
51.586533762322 8.4411704141838
42.587554088157 13.471890559661
43.03999922056 12.037540462838
43.277612114941 13.135004287669
51.394113263764 8.6839282627608
-38.37475341995 144.43601541584
50.504243241858 9.6996364373246
43.543597074034 11.981569590991
43.077113594917 13.766993702302
43.805026377481 12.394354541059
43.36769113057 12.16226833044
42.838226087803 13.711965595725
43.552455820421 13.276657249463
45.273387783309 9.0386945460893
40.688764818563 -73.439222681384
42.145642081364 13.626711856887
51.695653918989 8.0158011554814
51.052725350742 -1.0506443824436
42.35343651818 13.346288906593
42.778794134419 13.785151213794
43.215016124426 12.538889080092
42.366210542811 13.558105476947
41.84971349309 12.380736185902
43.729403498012 12.102624416886
43.456284669461 12.204015810159
41.931568138291 12.665677620429
42.173561300719 13.187768376075
42.009940914835 13.431601163688
50.521558308285 9.999047233257
43.506107441872 13.505143191922
43.823648417307 13.608967240273
42.054261397151 13.153689289092
43.28820617885 12.690959345426
45.164541800839 8.1629465814274
39.864669269971 -74.17497347596
42.603799796034 13.094126966847
52.87880856282 5.644025509662
43.540441657689 11.999274254797
42.744876449364 13.316604221874
39.3931195898 -110.82191339253
42.829878879653 12.011369786252
43.693577909255 12.207355300548
43.537938010685 12.310275301968
43.175104193958 12.035877673924
42.341230826632 12.561027364156
41.26409325683 -73.485558512047
43.712974191531 12.54180815657
33.603066632845 -85.263521038491
62.193427213092 14.818442075894
51.932751615035 8.2879022412411
51.735952873358 -0.78420239775171
42.209686695717 13.240435065835
42.897908059854 12.038747859226
43.444385842648 12.270904438717
42.349133816731 13.009513787951
42.547853521347 12.699759029665
42.137688643384 13.000586982838
50.729965903671 8.4008376549002
43.676612609402 12.507589985874
43.774915996855 12.65926329219
42.148641739131 13.552225412613
43.016827363084 12.247823364703
46.342154753579 9.7055514771983
41.961612527727 13.613660337245
43.736292528818 13.256326424098
44.958890647864 8.830736826328
42.903435497521 12.707389848192
43.391494429874 12.264347625575
43.820437644546 13.773621481293
42.737069932642 13.071404509301
43.163160428502 12.157011058741
42.643832826842 11.918183926942
43.445001282026 13.787243824374
51.264049028169 9.9803554848676
41.975596788349 13.112528767976
42.038802477105 13.443077154219
43.34663362959 13.671851068603
43.155593515933 12.669073432551
38.963421488338 -76.916380291259
51.685075549495 5.677405160818
42.815422009146 11.915220378414
43.76419612477 13.470939913539
42.432037692274 13.122639230531
45.651985123591 2.8691979147816
50.522913816628 8.5576679299388
43.083821913287 13.66913530776
43.103637879318 13.607775514318
44.812784169082 9.5301695172327
43.73884666701 12.588441953358
45.367470323719 8.6343339523205
47.128500220426 7.2387068356568
52.453683299922 -0.74267553391525
42.168813091337 13.815203375584
46.793587702696 7.9223961205792
42.373171477308 12.852811873377
42.875302947089 11.895526417038
51.735906664392 5.985128413064
47.717319760806 7.9538147458592
