47.260610410905 -122.5953701891
47.130437368894 -123.0506639737
48.467719675876 -122.06011585234
46.735405213848 -122.41022977345
46.823307724893 -122.71498585572
48.451658044061 -121.8488427521
47.301714708544 -122.88497787336
48.366589871246 -122.53771539942
47.795332653038 -121.76069850362
48.30875628258 -122.68552338045
47.784154799579 -122.01041696555
47.746441480903 -122.46307531937
48.472306325626 -123.31211993951
47.6664622575 -121.41221286275
47.674660925442 -121.40297184065
47.732018419257 -122.62875519815
46.840870674532 -122.10877340924
48.097993745354 -121.68838066174
47.743799448977 -121.40979308506
47.223591029123 -122.00218791096
47.693822182413 -121.56909179854
45.270558478241 -122.93922731501
47.346640672608 -121.6968563529
50.056150462388 -122.53874754658
47.209745400523 -121.61596444371
47.614771249377 -121.6300784919
46.690683777606 -123.2483200162
48.083241142211 -122.74983818026
46.655390609201 -122.78144837673
46.96266154458 -122.48884933361
48.000767089279 -123.0160589864
47.571909234966 -122.75550665649
47.963941346677 -123.30068411646
46.8999831558 -121.40712218006
47.976916278542 -122.40987297446
46.613727708545 -122.98642139936
46.91110922197 -121.73046305957
47.547706164587 -123.05538810381
47.194513656595 -122.72711326076
60.026453752695 -149.70178160021
48.384729806819 -122.32894310883
47.68663498829 -121.98649275496
47.904381428175 -122.49137220043
48.18159550332 -123.02240075058
48.428979937958 -123.1674116725
48.178797839133 -122.50632268773
47.050752716779 -122.6557972494
46.303937195833 -123.36968267539
48.135480415983 -122.03659029315
47.798325930723 -122.78350294257
48.149535677617 -121.19636882424
48.201186908343 -122.40629222356
48.505288618072 -122.48243454439
48.174931853311 -121.14345370604
47.239368100448 -122.0522961914
60.13104961321 -149.71458130047
48.492187554552 -122.40330619896
47.953773099748 -121.46705155422
48.043448730232 -121.41669443595
45.538773151498 -120.32642038986
47.523410888938 -123.12563347543
47.309763440919 -123.1712880234
47.905369773632 -122.21960282055
46.634688442709 -122.41624163111
47.032197274123 -123.28282624822
48.151717299506 -121.35214775538
48.616959911899 -121.57122545763
48.326998952303 -121.83327430433
48.440416858111 -121.64905706684
47.210922284319 -121.75847183341
48.356997417758 -121.8342167292
47.605845039212 -121.58263709089
47.771779706281 -122.98054462569
48.290373911125 -121.45960504537
