43.072662839721 12.081806781761
45.179589974568 11.334009215764
41.951759924179 12.412381167737
50.472988881391 8.0451548341872
32.870310528925 -117.45694814108
42.757482225915 13.446654799623
50.917446038182 8.079421014562
42.969072194311 12.438047427909
43.538097182095 13.33999221883
43.170877859097 13.638601771409
42.069964258054 12.056457466959
51.646445378497 9.2557034502997
33.723205882501 -83.980847745101
50.200444885157 8.8455722554799
43.056935399818 13.082174901444
42.750035790165 12.427506802824
42.864233261398 13.54900566749
42.698174202229 13.204848551308
42.261670197037 13.760979313779
45.848204697877 1.2358499128538
42.952652154955 13.522890669558
43.120958491772 12.923421503496
42.008143663431 13.469509307535
43.099838894394 12.271245776823
41.863641939549 12.904019084735
45.773657807628 9.8410999989771
42.408398991196 13.095509394137
52.399121702602 -0.95372598155575
46.712893013804 9.3263801600907
50.509722323394 9.7783503652449
47.231807240393 8.9499937826535
46.795779862553 11.904096974891
42.691688876477 13.211768674318
42.816580147418 12.311968848741
43.596591919959 12.983513744096
43.516386870091 13.550775924975
50.941183053628 -0.058195162642833
43.145168825607 13.001958149973
41.923835758105 13.01908575793
51.904118198857 8.6525033878407
43.686387298504 12.769743605431
41.905804045941 13.402560472697
42.579348567698 12.759987528345
50.983454130582 8.4163016273716
43.744854948386 12.855703843711
42.384311742212 -87.275713783323
41.984111785902 13.058420272127
43.757200753224 13.151599758396
34.030761172118 -84.996564286666
42.674602112602 13.091738199413
43.537450262617 12.067247886729
43.402107105799 13.676743035541
45.564864076471 1.6524020543566
40.79374446135 15.087100510621
43.202465188805 13.463071118346
50.532328391696 8.9939694623435
42.221758544104 12.805153825716
43.432788979019 13.454444038449
42.286495866408 12.042778839864
42.284052479234 13.024271964594
42.582732463082 12.451133577384
42.139417918485 12.080683597888
26.610337586409 -79.982376755017
41.929190115526 12.093010684074
43.321936854332 12.73522463291
43.157804535796 13.384004991236
51.112368287105 8.1202311968059
43.03439517416 12.43965263501
43.73111942726 12.560962019305
41.924258780186 13.751589496991
43.681215741079 12.741126566094
42.13964524315 12.994651823789
51.60133572463 8.4525216568506
50.696764604047 8.0226465854899
46.920231438459 14.108782785783
42.476955214293 12.905801993772
42.08959281963 13.791264967451
42.119290011546 13.110380258018
43.637487091442 13.730939904589
43.394477450959 13.026181827798
43.168157918944 12.866537257522
43.283640023008 12.69935525709
43.43893219134 12.782042224345
41.942826667795 13.075788672604
42.549405332466 13.734769538408
42.033855197522 12.191656642704
43.141419913707 12.487166318359
43.548404423331 12.874635166917
43.400600239842 13.340445393876
42.418984866917 13.215339736669
43.576656589574 12.097574564695
41.878805368172 12.038511288391
43.312902921512 13.508471186065
51.717332522486 -0.53503821168329
43.533053417494 13.678422751708
43.557507325244 12.307258767706
43.79490774909 12.468674616662
34.70179286403 -85.256329057299
43.136266545011 12.592544406949
33.846717436301 -83.888259881962
33.102152140898 -83.679238381553
52.476130921383 4.8241261914718
43.439892320654 12.015105779311
43.052847184752 12.153204508684
51.753324878054 -0.12370098067154
33.698338076371 -84.530683907369
43.114299436174 13.535425351737
43.692624959041 13.610388057612
34.604289986635 -113.05677153416
43.444447454293 12.506155216392
45.441217740062 10.537304154289
42.004715460841 12.849659390699
43.794358560275 12.950571824794
41.92379422205 12.926712552072
43.500978300137 12.750331172159
53.026443141758 5.1976466050593
