42.770764817864 12.978528692398
42.823350504911 12.936050808048
42.717450787668 12.933130243783
42.689363696954 12.876237124168
42.691500326496 12.914490147475
42.705831677537 12.960672518241
42.737185921884 12.981444868737
42.72456806282 12.862383241722
42.692269717687 12.946341660335
42.771889288359 12.895400761133
42.832462552878 12.917647822743
42.773071031001 12.848171313709
42.790325292775 12.95734447986
42.671513301188 12.864991381723
42.787814446647 12.824049779619
42.792347434832 12.876190382019
42.690773130272 12.849041617892
42.754622522648 12.827685184718
42.698089608337 12.88559379146
42.820565896512 12.886905916004
42.718334928976 12.897076365045
42.723613699325 12.928426898072
42.732433275682 12.900925296334
42.74881067164 12.899750392393
42.735219049165 12.824075745823
42.814377237512 12.878991273662
42.717928490025 12.825738728452
42.76294338927 12.967918688437
42.703393705072 12.839722793961
42.816022825828 12.909454630201
42.716441084985 12.949916834009
42.770400262352 12.887496849956
42.741586014063 12.847518784875
42.810375591207 12.91526592847
42.81431946245 12.903903984441
42.784790025945 12.833534541949
42.815498188539 12.958466128448
42.796744655278 12.935803777064
42.733925567956 12.939045810855
42.808707841604 12.899678093356
42.716062719357 12.875067953449
42.685731084892 12.873097260445
42.809737280409 12.916816631314
42.776818994815 12.830016495136
42.710790037995 12.85559966038
42.828098057245 12.908434878547
42.745042267158 12.894086533663
42.737858667869 12.891998766892
42.80402308416 12.925025128746
42.720460970311 12.841556187666
42.676256863736 12.85314426287
42.747315574341 12.881528291817
42.774861651389 12.908366328549
42.720065112582 12.814418882997
42.717564064899 12.91924874902
42.786411438525 12.91134492725
42.798885324432 12.883744658404
42.717983093002 12.851361392018
42.825012328508 12.901530553096
42.803951410506 12.958300548607
42.777460795745 12.959310668988
42.759611823039 12.968584361027
42.799022005333 12.912168876248
42.793193211704 12.843888254319
42.770814819176 12.821148756364
42.766518839082 12.892242066533
42.755585042201 12.888511831376
42.73266599317 12.970536232002
42.77598109833 12.854896885762
42.704043584759 12.913363462295
42.682802771557 12.911524502075
42.71685692005 12.829957225302
42.756286066399 12.903805159474
42.788468479101 12.862196227958
42.811640371036 12.918117003498
42.704949455219 12.929501458991
42.692999721848 12.838927686626
42.702015467336 12.887415013245
42.814475847808 12.910822924206
42.724521268983 12.963175960355
42.789199236703 12.926641038606
42.711201610396 12.839238263613
42.731491118565 12.966928355867
42.700052250989 12.913781898543
42.735346829882 12.952693252358
42.734462289037 12.848169357932
42.830427096633 12.927240509993
42.694167006174 12.908482296371
42.763192986515 12.924247222473
42.827335537352 12.904981525126
42.716555682831 12.894868165227
42.683353733145 12.899811482497
42.716840723884 12.852452182163
42.763851181981 12.996067230143
42.688890972051 12.961088634099
42.700414031626 12.828106713888
42.746468122951 12.923716582343
42.773080610585 12.852793632493
42.713223072122 12.934792642938
42.733135336907 12.981564429601
42.763626153957 12.823639313629
42.763794416007 12.978593034681
42.684766982556 12.920442142973
42.759729649315 12.962050495673
42.698343630761 12.828278399014
42.688690133269 12.946039205413
42.796039414984 12.863644297192
42.727007157529 12.977263540971
42.731118417241 12.866424501832
42.692342878197 12.912908699344
42.735813192921 12.937103354364
42.740630319708 12.818039045605
42.796943178793 12.956735853572
42.802282167062 12.91593707677
42.771993183911 12.97333698674
42.787412839398 12.950245353391
42.693583829672 12.835916848332
42.767135101749 12.941884366324
42.700075233702 12.866248092573
42.783660981724 12.880817615393
42.721911054462 12.960069147407
42.796979263351 12.961994851477
42.797099911069 12.968002626678
42.726492861179 12.966613743925
42.766774953255 12.977225536957
42.696790283891 12.882018329076
42.760578849728 12.863929939414
42.743504627975 12.905113616469
42.812151594487 12.946630757298
42.769397667988 12.97994743475
42.757014162281 12.82835300354
42.787159121517 12.971804098234
42.804179055546 12.869037727785
42.760524897746 12.963601994798
42.724472117969 12.908252259695
42.71019019082 12.835849737693
42.757247485128 12.908733346012
42.779094669886 12.954372555017
42.806630335679 12.90307789666
42.772227371026 12.909688542576
42.685662084134 12.879468738532
42.750403196921 12.924248239011
42.67696650453 12.89320578982
42.737557045083 12.863512739962
42.714700185582 12.942392832594
42.740036217861 12.915580921322
42.738564219691 12.965377978985
42.718152987195 12.94704629853
42.776453341274 12.911656104008
42.805379372952 12.910977037603
42.796699985788 12.961206986572
42.698511981752 12.850236413952
42.731958805945 12.857868978709
42.700372665071 12.866365196142
42.678467864508 12.859715152953
42.82155692478 12.930037231173
42.725125637264 12.882540801041
42.748497957733 12.828297640604
42.723083285041 12.835238100439
42.75124221565 12.899865433082
42.717321845592 12.878204874659
42.756582057011 12.881838778
42.732721722116 12.922664622296
42.725833631945 12.908683414084
42.728504704672 12.975182220349
42.811151170571 12.941450806794
42.794005590416 12.964827330788
42.776691793847 12.961868268441
42.764331058045 12.885403205608
42.741764174675 12.884388573901
42.734685437651 12.887788847523
42.759611369951 12.954852224328
42.78073266513 12.840009374025
42.781097939157 12.968234111561
42.763905894854 12.963649348826
42.734982568203 12.861317091578
42.776653543032 12.870399712546
42.808711583658 12.862012574872
42.706899732236 12.943653707853
42.71644164471 12.841495485924
42.819002099272 12.90164415303
42.709777697807 12.9024182935
42.7417835853 12.863227614159
42.796683559586 12.956683736761
42.734814457493 12.975903596739
42.718678477576 12.920806922003
42.729628141399 12.905943966914
42.794966552798 12.876787897629
42.772602246058 12.991797344311
42.688935744452 12.865834244951
42.738695962254 12.952045455108
42.753451460413 12.935435411046
42.755814000406 12.862686446825
42.726776029343 12.969181672677
42.825659255903 12.924748049104
42.762650397517 12.886529427921
42.763666967772 12.950443302279
42.730397617806 12.866380249575
42.804607719579 12.889700324244
42.786345238253 12.849458512335
42.778665584896 12.843870439981
42.758795408441 12.88565512138
42.794501188136 12.875360016674
42.703644194058 12.901187033833
42.766336139669 12.954193308949
42.71928777721 12.854995326558
42.742317826388 12.978873451252
42.720227144084 12.963418820877
42.760267201255 12.822577365147
42.786116322424 12.905345175858
42.811685610496 12.890461106755
42.698630005933 12.940142587752
42.795260872152 12.943943161978
42.81317557807 12.92895739245
42.797652653345 12.955787747633
42.725109830392 12.932759320819
42.688929340213 12.905034577916
42.723039426267 12.813247847305
42.772047369656 12.824904716513
42.759797980918 12.975480579315
42.812566239786 12.912405403777
42.79870856546 12.918132558448
42.760809071272 12.976085322453
42.775459006345 12.918358393462
42.722428788323 12.958766871599
42.723747335732 12.950909995938
42.76914095218 12.841786245297
42.682459424589 12.931931679126
42.769979212813 12.960922536443
42.817998351 12.94473375659
42.79574851498 12.914510697573
42.809008607573 12.957694303711
42.695075273393 12.89962472019
42.716955838149 12.921996462609
42.775517928331 12.915873486065
42.779902910732 12.920097071661
42.743573727919 12.881193263888
42.758368280625 12.921829440616
42.817812943767 12.898923051517
42.728077828313 12.980950942275
42.770326627332 12.957935928834
42.802523239445 12.93455314775
42.809001853156 12.913311320338
42.711967192477 12.850196787573
42.720171444009 12.855947565707
42.750578083003 12.934844250781
42.716773942468 12.94972536992
42.798356793282 12.851740609806
42.701740706687 12.970082159627
42.729889491934 12.818100232567
42.680310924875 12.92343621327
42.775994313332 12.944007170847
42.698390055794 12.915457091742
42.768835212017 12.870422980243
42.740411082648 12.891521062207
42.697324716366 12.935633239327
42.765680680429 12.966330172034
42.738156860128 12.959370044528
42.810364172051 12.922501220143
42.785224530767 12.975720458674
42.702692454098 12.883332291585
42.77639202253 12.939136584282
42.700528615036 12.861116049768
42.764214070891 12.860842836977
42.777482599869 12.832681346628
42.688466712243 12.856025779574
42.765886358829 12.909147428793
42.735587371411 12.924387806547
42.733038822551 12.898148346666
42.717791521811 12.971252338037
42.726654907582 12.868642227218
42.765459255693 12.973818976441
42.801097040459 12.848272960583
42.791938701569 12.906657469902
42.727610796584 12.884804613856
42.71250264475 12.83054433571
42.72475640465 12.957053068561
42.705494685448 12.884884905503
42.724767726273 12.87880994376
42.734569703592 12.895040585632
42.75206118673 12.826262233253
42.680247963744 12.884695474491
42.816144925012 12.912176763153
42.776589031248 12.85249349051
42.760470040052 12.90427198864
42.731783098437 12.879931251484
42.729642252333 12.916349864547
42.764849138823 12.888448763142
42.774737693751 12.872956674974
42.767831697507 12.881542935933
42.736969485312 12.956147083548
42.767233846622 12.959295243493
42.759035054037 12.936054063021
42.767826139374 12.916582212766
42.69852668361 12.939189157907
42.753067798353 12.971388870858
42.696199258669 12.878872034105
42.735772509957 12.867502270226
42.767886679067 12.951821296009
42.774612422483 12.90564737327
42.744513799338 12.972943297596
42.766639136156 12.946204313539
42.778252561029 12.863517478997
42.7233387268 12.860787649595
42.705018926761 12.938426168162
42.807042102726 12.903921056049
42.744580616145 12.878798210958
42.739757984776 12.875534251295
42.763184302397 12.97245830438
42.740286692877 12.923178805489
42.778499484911 12.97828774295
42.713347154091 12.816987137712
42.790679419802 12.83714178851
42.74017134811 12.964839655911
42.806754325448 12.862380168358
42.835841890369 12.948227880985
42.783114179889 12.865469152066
42.70911180915 12.966396199079
42.703990560839 12.858223748348
42.688630808021 12.860248644792
42.755705723565 12.818030121929
42.803055307292 12.937056248999
42.770085802681 12.96121656569
42.742086029512 12.859055356544
42.743752054772 12.959072685802
42.813183001642 12.953538814093
42.752370119466 12.988625522253
42.751241614016 12.819912285947
42.684427650054 12.953577737789
42.730532631174 12.931623808097
42.716429675353 12.888801917869
42.763383824755 12.844834813797
42.677391787862 12.878210305666
42.696484879936 12.940372024656
42.737365991242 12.821678941076
42.777474305044 12.916538847593
42.750224558076 12.976686873018
42.7580771897 12.903188979695
42.775221676016 12.862076803999
42.717864002922 12.815147722075
42.762545329895 12.889205958664
42.759388253002 12.970663141001
42.717197654192 12.874764868952
42.706002952881 12.915277792122
42.748623366837 12.870426370723
42.708995693249 12.831965785416
42.683928275355 12.946044681124
42.729207247856 12.91421062544
42.775807334027 12.969769237104
42.734517249642 12.82895181555
42.686666777233 12.946206992488
42.753210126328 12.825543723475
42.768797845493 12.988694740475
42.689945068087 12.920807203262
42.78563258789 12.938121754668
42.703042636974 12.888195172853
42.79116570616 12.977286185148
42.740236776781 12.984841024051
42.755589729082 12.960674170407
42.760692717883 12.928595290973
42.704340835451 12.950142365412
42.768904591358 12.923829741762
42.777522153604 12.882655984688
42.763251887079 12.972500569661
42.761161470696 12.86107664225
42.799549439384 12.847201790145
42.754078577645 12.839236093631
42.722906519085 12.842692822631
42.720996269847 12.971809575342
42.768248469948 12.982701344429
42.844298949879 12.939197815947
42.792100386618 12.882009552292
42.758675309272 12.928132913529
42.744389204676 12.881227823871
42.754325349722 12.831274707744
42.805022566509 12.899612704732
42.717911525519 12.894021115237
42.785272418442 12.892663391744
42.728025994158 12.819837477461
42.771825785663 12.831492367143
42.745997076291 12.946379624303
42.741189522569 12.881073377061
42.688747568398 12.943711839145
42.786641695924 12.895090623265
42.811746904094 12.966021186212
42.763250814662 12.904026663373
42.762254146769 12.91504755009
42.826728956714 12.921648152623
42.720238192829 12.966319547971
42.701204766401 12.830774743052
42.790209930779 12.865903491579
42.760342060498 12.960738527591
42.78734446542 12.906753990777
42.795617526323 12.968164217665
42.681636708196 12.949889380948
42.73623162265 12.89527376133
42.744439948718 12.94537828676
42.738918488279 12.857687692113
42.68488000507 12.857730762522
42.70214218262 12.95604328299
42.734570570653 12.971679063056
42.688750453635 12.935576504087
42.787106288985 12.854633457446
42.696448229133 12.885063408841
42.693055631005 12.885932065514
42.795390887112 12.935804649247
42.780687567231 12.880177675246
42.70418407151 12.883445186042
42.740464227174 12.878373647073
42.712919648717 12.953325808003
42.703993074013 12.94878113968
42.714693183433 12.876113141385
42.745992347035 12.8224439937
42.708333352 12.822857954478
42.803648031712 12.958813609557
42.750516208725 12.886905985853
42.739106759329 12.946101316712
42.749338558779 12.848515442989
42.76842927179 12.937236785415
42.714827460591 12.902599754253
42.817056056048 12.9459221065
42.7029373463 12.897472224172
42.798249236701 12.923894765772
42.741709199635 12.972581179821
42.715239935909 12.834467147887
42.746481235508 12.951140258925
42.755276522972 12.934668204738
42.780084735632 12.886111962111
42.740592125238 12.841020033176
42.734154084595 12.974780946514
42.806215371867 12.909150340107
42.807932233835 12.897298291764
42.840367989561 12.944549929346
42.795799439699 12.941999360913
42.810553387206 12.946223833594
42.70772968128 12.880770566373
42.786632463258 12.894816137822
42.713694989569 12.936465773257
42.698884916838 12.918770620117
42.728519906184 12.924088286687
42.707571660519 12.832036414592
42.781769059983 12.945668629366
42.719406742959 12.975493874876
42.71792582784 12.842396086029
42.705588145065 12.856191207609
42.747015792314 12.884165734951
42.797589214445 12.874817643743
42.748563127962 12.861776146994
