34.848094717565 -107.4701447346
41.940513289061 13.309629998335
42.810786020409 13.824174423176
42.795015865397 13.28809911261
42.957220135258 12.896340526147
50.807926639359 9.3732173980089
43.5588206484 12.021847070226
51.171589092897 8.2582188720155
43.601591870024 13.123059032563
43.555430617929 12.94324809452
46.646154590726 12.440937980166
51.739560576634 -1.0925720341635
46.656847874009 7.7656756000433
43.522591409538 12.290549670968
42.81353048182 12.262875921702
42.534727548053 13.5414541576
43.207421472879 12.625453354172
33.189748920163 -83.713525750914
46.234835658332 1.9386484748398
41.848760832052 13.449754019033
43.235087192748 13.149754020942
25.273331375903 -80.089472753313
51.65863580753 8.267557000866
41.977217463787 13.414657783909
42.811260417968 12.411012097009
43.080563386495 12.164522321061
41.36974583467 16.11820399373
42.637108675988 12.731245453831
43.112330326884 12.76825048533
43.227230790664 12.651814467598
42.165162792062 12.654729446256
52.228363130115 6.2083059532839
53.372470525034 4.9458626314047
43.515259296429 12.76677219235
43.009891042046 12.260249084935
42.310303289143 12.707813552466
43.33526480821 13.021595652712
25.463954276139 -79.298670291384
50.060305292746 8.584499131229
43.542810668977 13.720716535005
45.050567537104 1.6347815378731
45.699908108537 12.241380662662
42.324021044359 13.638413822597
43.142210850579 12.397098235061
45.29699098568 9.1225040408422
43.263357294401 12.513007588479
51.801149879024 9.5636152902449
42.373785300375 13.028926255216
42.578914404672 13.215690057846
42.763615976464 13.732858343412
42.420536233795 12.196281806678
42.697027337152 12.463316136277
41.923731822972 13.121861524492
42.878141639253 12.619805209183
41.976307072221 13.498904869214
43.622729641696 13.439459752517
44.249415705308 11.586519315015
42.333907586352 12.981049104862
42.594747288916 12.370275397513
42.632371783572 11.866675697692
62.622526736754 15.973810835729
46.57830845822 9.4679015219971
44.531770072056 11.139849191315
43.189395004061 11.893433576887
42.575461500148 13.28088777155
42.385254518329 13.831547172683
43.254364127433 12.591786564159
41.870897877457 12.629730036796
51.372200972108 9.2743239213127
42.564421005831 13.662092568216
47.97048130956 8.5679064223393
41.840194576366 12.009169837951
40.639006043601 -74.085278530226
50.84082613552 9.0032021012172
46.256012973029 1.696354213495
52.330077649714 -7.2921641773042
52.996336587936 6.0149876043503
42.878014090435 12.003817715705
41.989228439999 12.748189456665
42.68321513791 12.043365678791
43.723331344206 13.405719128647
42.074424895514 12.933002074705
52.134111476892 -0.45874805123021
42.566267804993 13.608912627052
42.907421798423 13.299214336716
43.72042438051 13.111802674903
43.086268070681 12.078712224087
42.456898433856 12.953891498036
43.762674251016 11.86333179423
43.039935752323 13.423148988033
42.671631727701 13.306248599827
43.697083088449 13.825001576855
43.108820743931 12.086869832655
43.745412704903 12.399778551629
50.816794325978 8.6124040030932
43.098409306325 12.51698769562
44.338488500469 9.621360158723
41.610860404165 -82.312474211099
43.191063273808 11.981312056084
43.235025673304 12.237113149037
46.042834473794 8.3493170465107
42.493423434225 12.286785717742
