42.838287555093 13.700000493669
42.864226783584 13.726834807904
42.827751656004 13.685194486627
42.826277222424 13.677623533049
42.836795396117 13.721665777623
42.843829410565 13.704354993417
42.838226087803 13.711965595725
42.873984788972 13.728807594988
42.855173650617 13.737849907849
42.873854791708 13.719105031697
42.856543264306 13.705705715693
42.833390379268 13.73952513085
42.82715330267 13.692220200662
42.828046092239 13.736364927041
42.835675319136 13.697568977132
42.876290049367 13.732850432758
42.880642597063 13.727069311204
42.832343378513 13.726078362563
42.859756551173 13.713569659627
42.835370888878 13.684730288912
42.850605133407 13.701330322189
42.836511452627 13.713816448003
42.826614582851 13.707020724543
42.879757114185 13.730647792004
42.859219693534 13.718383920269
42.856418460562 13.736954313136
42.862368270246 13.70905633725
42.846552920012 13.713565624672
42.832398526779 13.705828567385
42.860045783643 13.72761671933
42.843228607387 13.677025858183
42.865532090846 13.72076140892
42.859273761932 13.702503011444
42.834535753764 13.68550059699
42.835723422412 13.682621954348
42.829349257925 13.684725996447
42.871601376644 13.737780689626
42.865880680695 13.725125289881
42.836087167673 13.715838742797
42.827519458659 13.687874195042
42.858571562406 13.716419066191
42.870226328687 13.723937251032
42.844100014721 13.680725173897
42.837153172531 13.703514146967
42.85590064521 13.716539112274
42.846149974918 13.697805156346
42.842633256171 13.694120303141
42.828755142108 13.69787960767
42.86659309357 13.729516579199
42.842400007363 13.679114967456
42.837092657519 13.710256001798
42.827638261892 13.715060805325
42.864046785473 13.715592583996
42.830371269433 13.729585417907
42.8483830946 13.736171066659
42.834478017818 13.709762090237
42.836495819446 13.727192905625
42.829238430538 13.678304070012
42.841806741379 13.722424717512
42.85921717291 13.70433670131
