42.057729227982 13.776230434338
43.059438539252 12.649613127436
42.769799108996 11.83535733115
41.962028500627 12.101399012444
34.578460765759 -84.336241844901
41.964128395081 12.310114951038
43.425849143169 12.071806586402
43.049731960099 13.653723252331
44.995629013791 9.023862154325
40.802627142113 -75.145386740299
41.852691435208 12.32201036176
42.676256863736 12.85314426287
42.928712302341 11.971851866235
41.856487964818 11.510903756184
42.949854778124 11.860715324015
51.77508351662 9.3529377050479
42.316303219349 13.179933210008
42.371277095944 13.700259859555
43.041650961659 12.059209083721
42.282499948203 12.052836134144
35.274238023624 -78.401038909608
42.985120994053 12.734764689943
41.914809062127 12.453375593991
50.156572042106 8.5803268303072
46.496391906168 2.2965300717841
43.696489569611 12.223307634829
42.170359193913 12.561723209269
43.604751101998 12.961399741474
42.45201433706 13.412511283745
43.432743746544 12.266745036147
43.044315590565 12.345620215121
42.70180711185 13.155341791548
26.07411857929 -80.762170619962
37.478058729532 -122.78210090792
43.093058429257 11.8490555556
41.949071098116 12.600707015789
42.22170606268 12.101816726451
42.771292711057 13.217302497133
42.471656931805 12.095749764303
42.293042773538 13.402108044106
42.399658808692 13.324745950461
42.446706846585 13.105782268639
42.151375891267 13.246866769293
42.56268762546 11.952696580904
43.322413009763 13.055112127727
43.527528236887 12.7558761294
42.707145402558 13.158149653209
42.046305569863 13.44795537763
41.91687418158 13.126839771272
42.964663857599 12.448512586529
42.327252049172 11.91735118067
42.213828149372 13.087875035653
43.167304627231 13.077410075405
45.787063548528 -113.31757420838
42.117275263724 13.502996430522
46.442949989551 7.5930196100813
42.245560188913 12.349313257911
18.402714124021 -66.708513716333
42.983164960532 12.790749466902
43.099009550709 13.331595667813
46.427853566794 8.184423690282
42.493304686406 11.966969117062
43.319025789091 12.613979051662
42.028332339168 13.263692768434
42.350803673917 13.685072487095
42.029519925394 13.548759912417
41.902604685141 13.641332207102
42.329037195246 13.167681245232
43.423800331759 12.58516321966
42.719508493675 12.750117712093
43.12835433901 13.713631603754
42.202590644475 13.081874078664
56.054853260077 9.7012870687532
42.351875780801 12.640378745126
43.197951879466 13.283638210189
42.510511732453 13.08283282543
42.786691787109 12.291379937127
42.989403229223 12.288866488884
43.449683394979 13.809491994723
42.052107679703 13.026109967414
42.883727817763 12.454161878442
42.431844786497 12.436769005136
43.343847005809 12.241151122975
46.482628132907 1.9826802252711
53.179165119622 6.0272019339154
42.527278491562 12.038035775108
43.780499114574 12.091501426481
42.070673004312 12.332304916986
42.011141058549 12.129464549094
52.749764561304 6.3956614740406
43.44284122134 12.559526940158
43.540972351369 13.49680983347
43.231508011593 12.604818992154
50.998855201527 8.7662684669561
45.334558158337 2.9186619310261
37.854645164533 -122.33472594091
41.926925311783 12.092001724586
46.930726164454 2.054958903722
34.039666604914 -117.58330296735
53.496059190014 5.0319426908539
42.635995064714 13.557262978797
32.733231131328 -112.51000956547
26.163254012413 -79.870874563913
46.918603068645 8.4522285077033
42.280310639797 13.050870114516
