43.371884877522 13.218962389167
42.607243374759 12.330387603666
42.267462551739 12.924257714753
25.736526217638 -79.343994917784
34.079351500219 -83.757016974761
52.337026702164 -0.24348662577266
42.846801339133 12.966633088427
43.234196033459 13.707695036546
42.994540213626 12.340564217598
43.361385830402 12.397216729094
52.792689406216 20.400658265874
42.83279879758 12.555014594738
46.05474527495 12.797976882287
43.492421115999 13.196243501846
42.819132717263 12.114530005101
43.413758670659 12.304632263887
46.482443958999 13.288494731222
42.126559726508 12.10036886723
40.949834513755 15.506742934562
50.799994955678 9.6962438396626
43.472365133705 13.603922874969
43.34342570682 13.128080847432
41.896001000861 12.664121956895
43.403642275305 10.348645992574
37.29081653398 -96.849413506617
42.255306235189 13.468789047801
45.153243109099 10.791890084856
42.437677422763 12.848283859386
50.266196691555 8.7299925138848
43.100497109883 12.979659105663
43.306409500703 12.848641982253
43.737488455038 13.813044924223
43.825252536624 13.612318582208
42.826277222424 13.677623533049
41.110637543777 -112.11951910487
43.404955894896 13.08632455167
42.158849820124 13.331878611062
42.165766814822 13.532274196659
42.06288250727 12.926107669236
43.82797642931 12.877128855289
42.672814683392 13.603081039455
42.989532222056 13.660427049597
42.175824599909 13.185352907158
40.023887982755 -73.714089433661
42.607061420871 13.806164821541
42.407510647295 12.40649873505
42.315882621967 12.136433390519
41.552208574898 -74.273748282602
42.005962714111 11.994819401782
42.984127119197 12.884467706051
40.773709848104 -74.971009088332
42.240911755378 11.929130330204
43.714050554093 12.907488916047
43.046822203832 13.527691304019
43.372174010806 13.215460574376
43.322199417449 12.153380108624
43.766479520039 12.548459511061
43.185988799776 13.369666011266
51.526742691885 8.9508276572222
46.155226160379 1.6956940492129
43.768199754326 13.726654270092
43.428987908864 13.215807442209
37.613873713611 -81.365592504722
40.179181360409 -74.570161725791
43.331039918762 13.322769494433
42.342125742411 13.548176700526
42.098052242837 13.114482417777
43.495324183041 13.781948773576
42.19890305551 11.973522026566
41.881246983505 13.728921791899
46.285348524007 1.6294216735426
50.498039188561 8.800539980084
42.233237919527 13.430294324865
43.74170316513 12.570777727112
42.944123026444 13.823063181186
46.210442073044 12.593744637014
42.401846322558 13.407553776634
46.021877964503 2.4706192661406
26.934530272101 -79.367626725211
42.63688519396 12.589808632915
42.972692446791 12.949439812449
42.594761008695 13.79847254038
43.780219944113 11.837022288648
45.616696950801 2.2649350754288
42.097332630373 11.841983811412
53.261202198808 5.102444630746
40.565451000878 -81.908259798285
43.49153620961 13.043603703887
42.282727793943 11.834885644671
51.926158931538 9.7996590169145
25.342714616706 -79.311686933927
43.113241541273 12.25673175105
43.519715937583 11.946929578666
51.49969818024 0.48199835762941
43.672759269233 12.935192135619
41.204786963542 -73.449331523726
25.923664957698 -79.54011678469
44.769849695694 11.566367210153
44.746188926159 -72.801245171156
42.176531466759 11.870581597051
43.035876438991 12.878728471661
41.903783496445 12.042120879091
43.488540798674 13.593745125289
33.903614213962 -118.1801560366
42.792409692815 13.536991216979
41.846446694756 12.958652229981
41.960546946156 13.033486319277
42.175100041656 12.708265453462
42.436429790445 13.097922200404
43.281077851228 12.855492074462
42.345764497011 13.436353167743
43.56059970083 12.922824862398
43.770266046196 12.629559990333
51.633664634607 5.8069939911631
51.678397246952 8.7462194183591
42.745634756885 12.455710881623
42.547853521347 12.699759029665
44.060827675001 6.8587408779718
43.622170958047 13.136605954814
51.737350789708 9.9230526531688
41.71131131545 -84.067434948604
50.391857575342 9.8327343197692
43.796919905507 12.083849460878
45.537259243679 1.6357455508019
43.276956617982 13.468306584988
42.916473402158 12.348497025386
42.967753495561 12.1956854501
43.205868572579 12.524411252965
42.512823838069 13.473304283115
45.166980768443 8.5857824733392
18.548888065505 -65.334980537854
43.70061294257 13.246614372494
43.064733232423 11.877835893036
50.195194016767 8.4896505388849
43.053492975467 13.40643713784
43.483892498319 13.793369606528
50.612455488933 8.7378965391488
43.349493860451 12.57017494953
43.491593419824 13.513179397005
42.035946768746 13.372652689655
42.89040481203 11.835953087491
42.995833199956 12.961625903382
43.807649385581 13.138330091342
51.1783816934 0.10988118825475
42.28756678865 12.06949703587
42.380497362663 13.562967978701
41.992258768546 13.107508049418
42.924196244669 12.487310395358
51.529987526839 8.3893548019181
42.514497599825 13.20450940181
42.86504825573 12.390777408814
29.955107398607 -95.78766729554
41.951873089185 12.725655719997
43.472473633717 12.49496419101
42.160527628942 12.798433022501
42.323678071317 13.033977120686
42.683462380305 13.766157495236
43.308554061853 12.373065598504
42.087571039858 13.536019889908
45.538210979448 2.5659492847351
47.536304080643 8.7193196526353
43.279697354569 13.717989572679
42.388405757227 12.839339941221
40.853961078108 -111.24542891884
42.847743627565 12.540307595667
42.177619921147 13.371576616735
51.062815539102 8.9509662566478
42.484966750969 13.088251397541
43.799778107481 12.897181581213
43.064493760052 13.771220237862
43.028028937091 13.825504763457
42.278094175422 13.377167508203
42.793950922247 13.369617550361
42.721915453564 12.344015441085
43.806696447009 13.577918153081
42.124537506685 13.614195850519
50.892651350187 8.4143836020559
32.883666865979 -84.539490636596
42.733625143198 13.827568252046
43.282018050704 12.936633780124
43.332445936388 9.151947372687
42.589993820821 12.286598897228
44.956119299336 10.645308203388
42.74539907686 12.681913650468
43.394731221925 12.623551579038
41.890596211858 13.121968178156
51.761567679588 9.9221085672835
42.684067174201 13.459983973068
42.461781732043 13.082578377858
46.46153170311 2.7572881932171
42.932111808088 12.927166106166
43.558031123878 12.157803715301
42.199744659124 12.164166815211
43.196301899963 12.75384062333
33.38602502992 -83.689894252219
44.659657111743 7.1857926318566
43.770563100844 12.043747701724
26.635135756619 -80.621440392087
25.585269754077 -80.162418668975
40.269765425751 -73.647856700202
26.262071782362 -80.600493139211
45.76775825062 8.8927265346482
42.067293567635 12.115480338764
43.469867368934 12.878261652274
51.749307493097 8.3099081922834
43.540966920362 13.371586719722
41.883992078215 13.417079572315
42.645041019511 12.443317694351
43.044927525842 12.775927729356
43.562669565719 12.143940975512
43.087529251414 12.737127857647
45.596830252836 2.7194423273762
42.936220357652 13.488078152078
42.794800172485 13.196953662784
43.052785213151 12.596663965677
46.363230311411 10.839809187078
25.637989418396 -80.856762961693
46.219788579373 8.3143711845923
54.149801656862 -113.15226115107
46.237040697707 8.8919831737373
