42.845547899553 12.357361186018
42.058265714489 13.616661845083
50.666708294846 -1.0331474515345
43.667106301855 13.567671006831
42.723265375834 13.693175961142
43.574521355154 11.972108264462
43.588513642379 13.512477528564
43.141965279908 13.633084372933
25.54262519372 -80.967736466117
45.662230926665 9.4116012162839
42.778130558703 13.500935412266
43.269838792419 12.746706002295
43.641767500754 12.249429203707
43.351588975152 12.793480553265
39.826648008729 -75.569958450045
41.928845072153 13.786158698532
60.090342194604 17.625870920241
43.601422642659 12.08574343991
42.121851514637 12.886891363157
52.767961199054 5.3247482052887
43.576591567892 13.553053640573
45.632799416423 10.85450268276
42.314583090301 12.605693129194
43.149927027149 13.167251125543
40.255223277129 -74.60649187337
43.556844494586 13.104018062888
42.146718555685 13.27494562991
42.873030593115 13.016367670177
42.986503587119 13.252460032374
41.133387295743 -74.415774078899
50.26047853672 8.5190470113973
28.658786234139 -81.590528883437
53.369256821081 -6.2869417281008
42.360686952437 12.542342150857
43.178850731777 11.567541504103
42.414220041344 13.505669048778
42.51862897075 -82.873907141536
43.749689374489 12.093524237694
46.649643080146 8.1746639693969
50.482819396762 9.6777294537414
42.546685845401 13.520566188994
42.93312296736 12.272445991783
43.353306832909 12.225673413962
43.412874899087 11.89968235695
50.553999133433 -0.4676683915675
41.857438333753 12.996028261744
42.299752755717 13.515449403115
51.903652609747 8.0522893918922
43.729940343543 13.13917883075
43.682508651506 12.54619591245
43.368015757489 13.574117703186
42.49325402309 -71.789429072864
43.586132109459 12.258636430979
45.137362272543 1.1396780331338
42.048969874668 12.381932943327
51.947112044528 -0.021135117919708
44.252024954789 11.716788716154
43.246266093706 12.685022541662
42.955505458638 12.475271766316
42.337129013791 13.709303614569
42.71625445027 13.637715674323
43.509359394458 13.621707815522
41.059662803721 -75.17454358491
42.972882064068 12.529828290257
41.964668267877 13.654121082602
45.225737481017 2.8409560396527
50.30105716656 9.9126973319392
41.753106277109 -82.691489869327
42.748026875217 12.67722491162
42.605632421398 11.878457472624
43.00202772396 13.67215292422
42.595527273435 12.691566353541
42.27595808046 12.333066303459
51.141307916558 8.0846005618035
42.911818592323 13.750987002531
43.808726628778 8.295415210908
43.822158226682 13.640863005391
41.958934917582 13.20616927289
43.75015111584 12.590481660625
42.92456121881 12.325870697094
42.398165906986 13.105852754857
42.683353733145 12.899811482497
42.390724188851 12.377640526007
42.824538890677 13.370735710215
43.491649142716 12.81554023915
42.413057824344 12.624696134902
43.697452272634 12.447016122514
42.639734757917 11.878269619273
43.295606714366 13.08830178023
43.096323696962 12.540976766304
46.514756372438 1.521192717143
42.518534342555 12.369919815294
42.019393346768 12.298863043703
50.156572042106 8.5803268303072
42.513601409066 12.912369273118
51.386670710233 8.8458269107369
41.921926451832 11.882418479271
42.910287430489 13.430592991168
42.88035906941 12.48413520657
42.68648633069 12.038260801734
51.554048760586 9.60479628416
51.620615203223 9.0634743841661
40.603188334 -73.677809111755
42.311132453548 12.12952367271
42.38591041436 13.436965031308
42.894320650464 13.26716263793
43.217647130258 13.155306911189
43.368885385065 12.826209264282
43.54597246069 12.0443213331
43.111754125523 12.391156440804
42.547272564307 13.256651750231
43.130235213402 13.175996709252
43.679876483362 24.07304346332
42.406187182968 13.175463144305
45.407251502551 9.8695968090671
42.034153657537 12.908086452611
42.313033329955 12.666040679771
43.105791091058 13.630158269161
43.778668398887 11.961016690827
42.290232570067 13.327488441194
51.156464753745 8.726061355195
41.903377808141 13.529349540628
52.675684332464 6.3080946777752
46.374593600365 10.028637392646
42.867201480042 12.816874374106
42.941341551946 12.54507772326
42.533401059722 12.003387761325
52.254728275237 5.2249157198122
51.63727144461 8.0032059736565
41.89277681752 12.99458453713
43.23061834568 13.461408598584
43.285551279006 13.481059461146
50.165798215273 9.8570764809181
51.278337259208 0.76924004902097
43.371757041857 11.858927613545
46.96266154458 -122.48884933361
43.063608386139 13.554641144164
42.062775073623 12.394314244594
42.645747682867 12.350638779996
42.256073168619 11.909513619707
42.472671672477 13.446733724555
42.853520279237 13.245722239507
42.858508178919 12.216214040882
43.126012405926 13.58262133907
41.994482345432 11.99356544299
41.96536148014 13.347348300457
42.570668678086 12.8861158271
43.200997988342 13.647105299724
43.015587298693 12.921271197017
42.662042844439 13.493559034792
42.434821831752 13.630336782744
41.950011633334 13.146006027326
33.56928979434 -118.81352907869
41.942831272719 12.367998275167
42.397941034494 12.647475028733
42.71428505646 13.644380066865
43.160365366007 12.131209980779
45.462838507473 1.6452036745125
43.555593475979 13.311584344765
47.156161414066 8.3225997878809
43.211029916655 13.095264363634
42.485267901574 13.496054601642
43.159290455377 12.779083623003
52.132704133928 5.9753164803727
41.840544471464 12.952646115794
42.035338459574 13.657588904585
51.272427726664 9.9238744759578
42.795628753417 12.074507914074
41.941157918883 12.326305807275
42.524536381275 12.751877765077
41.974066637931 13.732846932382
43.065080874185 12.684408671562
42.941454059438 11.963160029151
43.471528232338 13.681862756017
42.690360253088 13.434285391811
50.678525561317 8.8859167955285
42.81353248882 12.190742818749
26.425707800495 -79.731326107086
50.610586065385 0.51448923181952
43.18487380316 12.243762147282
42.486930303989 12.960063684734
52.930091791055 4.9788241545804
43.581891083916 13.661702673746
43.492065298882 9.1009047046052
42.119647245465 12.296544924537
42.966748472774 12.257701201505
43.375987234256 12.207770080889
42.098878329687 13.026014135718
42.857912233054 13.493724945252
46.101624168037 7.1707433942569
51.214052510547 9.2159734453149
43.11209702825 11.857799152333
50.506619845287 8.9458522386597
51.551122415136 8.5549382644496
42.949421638155 13.48532764033
45.753681444958 8.1228519304506
42.310815532858 13.788006379657
26.936619251454 -80.894535137567
42.858691357497 12.801878799147
43.231922039891 11.858162928328
51.309037452708 8.5961090235953
42.876953308434 12.663661306123
41.981312072848 11.966090620035
41.84732375289 11.922706203055
42.977447002671 12.36121058483
43.105311950273 13.217661722686
42.760809071272 12.976085322453
43.152076419535 12.349904469864
42.746234337702 12.196346141045
42.490876368962 13.274181798249
50.612496273179 -0.35223562385059
43.203481324598 11.992199093586
43.406511334913 12.274221016708
42.629609642865 13.184039290635
45.613703931502 2.1367137507241
43.377985802676 12.095602942696
43.540179005165 11.836374102571
45.255487907659 10.957590183407
42.093581927539 12.125126144462
53.196339921444 -2.1570192305892
43.081747848134 13.598452094311
44.785606696913 11.818265480624
43.669412124769 12.197238078454
43.377765640348 12.50414809098
51.386249082808 8.1576476828929
42.728263139154 13.255083792983
43.174820518224 13.257101178776
42.203904258669 13.585344791706
43.097808636326 11.924509421908
42.416793059307 13.615754949702
42.266321370057 12.162611260176
42.628974968881 12.875464595352
43.474460810665 12.191708399093
52.093791245759 -1.1298975545167
42.764077813276 12.402030803006
42.651351081997 11.915225433167
42.967753495561 12.1956854501
43.154804966506 12.364901705836
43.598498935645 13.71422963066
45.752098859664 8.2522123379876
43.052729769655 13.654728556378
42.835965606329 12.021893818894
51.98742077825 9.2039572299477
43.451786319025 13.803057592757
43.594929043502 12.124545502555
45.188988333004 10.556715551811
42.832228351327 13.058967699345
42.387979811725 12.765529835043
50.431402776126 9.3946467239385
43.706375870738 11.850710159585
43.266430999297 13.709460441374
42.772358087272 11.860958913763
53.111230758303 6.39821686719
42.42376570146 11.879208149353
43.686437536837 12.683931991797
50.764774518444 9.473779907205
42.680247963744 12.884695474491
42.726207359215 12.078167568905
42.232749984263 13.065457743178
40.954347068574 -74.139927811186
42.377510515704 12.901364816328
52.3367818542 0.49371643196034
42.443153385766 12.83103501791
42.166257810647 14.089353672224
42.225316871084 13.561777364745
53.245678378616 5.0764415852383
45.731648673202 10.00681673298
50.15364133306 15.562864039123
43.321123745463 11.865537364926
43.57230892294 13.353901873529
42.151363459507 12.755403172598
42.795517515317 13.601999301765
50.179799471134 8.3787089494889
43.39061839666 11.964434355502
42.750646024382 13.176940798397
42.233113775159 13.141537716699
41.906166312728 12.664778961199
42.878855727112 13.192610031105
42.301413370458 12.713572832178
42.742562138842 11.90904037792
43.753909835964 13.479074467218
43.326895678589 13.048085215545
50.648492354503 -0.31713188273233
42.352528275641 13.383643711185
42.777893294498 13.766287906473
42.323621502783 13.244480752521
43.031236247661 13.677395677996
42.680910916406 13.166471811576
42.075313034989 12.153100801258
42.680842366408 12.822335632922
42.823936191326 13.019938164421
31.520146903591 35.358531156373
50.319799896479 9.6120446047802
42.92449687513 12.822822955376
42.756761932653 13.465034835744
43.768239140889 12.210749004621
43.191346976085 13.556563015376
42.072290327455 13.576960941601
45.845573365616 25.999735566787
43.479620408045 12.636876107511
29.951316303559 -97.909098818883
43.315346390642 13.059572703719
41.081827846534 13.258604868247
43.433388650174 11.953189802355
52.594039865348 5.3700171860959
52.688572394705 -113.82614160368
45.038396313667 8.9554593645062
42.737543676413 12.484727457878
42.72917615798 13.034636003934
47.421321549838 11.907836509991
42.268925959856 12.314561465923
50.232853517976 8.4708122897292
43.231515883131 13.576551779928
50.488947487198 8.194252122284
49.154926174509 6.1377017479821
50.913120187313 8.2781341719805
50.695363700248 8.3731164975898
25.777752184206 44.106236860671
42.740858283982 12.216967472025
43.719884867205 12.709988844933
37.951624812406 -76.844012107366
51.156349586396 9.3481750769299
42.833061067331 12.268052588828
51.84953532943 0.085077997751109
43.790851720067 12.277075359282
42.145706542391 12.684363013473
39.921285031966 -77.910905969247
42.012444732738 12.820368132026
42.230093839706 12.50605335671
41.906413788885 12.553825435042
25.351866491286 -79.362496439812
46.495851045028 13.413856874201
42.984105623806 12.697970770645
42.544954935829 12.033726847767
43.575722202016 12.455582455499
42.734517249642 12.82895181555
43.556022413821 13.635141176488
42.891131013602 11.866117090877
42.941440078424 12.253711239574
51.186280400113 9.4058334247236
46.865572810576 1.8048867661529
42.75788985137 12.322014295667
45.52096070376 9.7889118114878
43.338839043111 12.751416990904
51.743469938749 0.4421951981877
43.20241425617 13.254417383251
42.840122989325 12.224676987282
45.887879289169 2.7100978785707
40.703174725707 -74.550212785189
42.560535594172 12.378606768988
42.692929184408 12.746599962838
43.105206552963 12.580368813419
42.007068846399 13.678287532983
42.410298126496 13.378782254375
43.345751917172 13.736900144621
43.809066538165 11.999160353115
42.720238192829 12.966319547971
41.914432206172 13.692866365303
42.410293416332 12.883509322502
42.974712136211 12.445536239767
33.660944065233 -117.76474172171
42.973109764521 12.879031319602
34.466683791881 -118.79914187846
34.910716757316 -118.2352742296
50.422612367395 8.7102875978268
43.185391802448 13.40067937013
42.849294497582 13.520493998921
43.662878073616 13.74290386205
43.490104473445 13.014045080663
46.915076306516 2.5370719672819
43.179380654928 13.008047551873
43.434179768655 12.563384343222
42.173750208327 13.464025608967
42.246670623911 12.914631233998
50.362343338953 9.1058843080447
43.79786958771 13.299409992222
43.670025493351 12.912366311977
43.637886416019 13.040397559798
42.683643010319 12.40846323895
43.281740600861 13.223240106957
52.021658698295 12.435738155728
47.75829330122 8.0772047569403
42.02653492292 12.800622085038
46.620970282993 1.6900083835656
43.306423795108 13.664124613027
51.381643270087 -0.88292633695198
43.441133375506 12.736724960516
43.436244894509 12.623620114135
61.929307020236 15.061270540143
39.936178539558 -78.176401367918
49.202926903634 3.5100184330568
38.911017186728 -104.73671533423
42.24395917742 13.437440016532
51.574080654222 8.2526637349523
43.64436376546 12.730055421486
43.139524906494 13.545198431048
44.117845372163 12.329702544899
36.642107291564 -121.73138132171
46.849443437461 7.5083480838259
50.887235350389 9.4773560797225
43.494627635712 12.265062689926
50.561903818306 8.9901704033791
47.393383126889 8.7203881427275
25.626921264264 -80.451045674292
33.805695128383 -118.37098833356
46.681710224916 1.4709808446797
42.736114923275 13.580360320222
42.123227252703 12.73255410361
51.582221854982 5.7093020081331
43.469494586584 12.575409630602
41.99679605851 12.995061344486
51.424099943353 3.8920562369246
42.979163717955 12.882838198416
