42.846446432123 12.145964742727
42.712272160108 12.62384941786
43.064033716502 12.854953230778
50.433078816828 8.6200833300222
42.329092647589 12.413344207433
38.602031143242 -123.3309058215
44.073755483249 11.162280010484
41.98822167331 12.077157109101
43.629673559999 12.175700971494
42.040273959323 13.137149359184
52.860906852577 5.7975802202931
51.992307745848 8.4069590817238
43.451605393317 13.768541387661
42.654719050368 13.047196378509
43.223236220082 13.695201713005
43.730599687796 13.571082172271
42.383041396936 12.818536513422
50.882899898981 8.8067789300376
43.065800115983 12.678354262711
52.81246685759 -113.06050080157
43.636179614664 12.764141655438
42.870470942424 12.616399991168
41.911837013418 12.254348158044
43.132683367086 12.669353052841
43.239304664212 12.214984941417
42.707439076506 13.536679283987
43.815315973414 13.445482298029
41.349067163814 15.157665662399
43.296654588702 12.014404169777
42.088319713477 16.856079080634
43.469853809809 13.760946499559
43.757367067413 11.873200392778
43.791530033963 13.276303570402
43.057774608071 12.024162518358
50.711177599482 8.496859356061
43.627663632702 13.777465714059
43.647643653067 12.661580089343
42.263814831762 13.533116367915
50.618166428347 9.2291852367246
40.78162472281 -74.767521250551
43.684895767239 13.231460095512
42.866549520712 12.190995553153
42.434163716379 12.934017214449
42.160009371639 -70.312918607987
41.267834398857 -78.621714526123
43.403568770014 12.026654379941
42.287307888424 13.50270595427
43.215730118687 12.832169256582
-35.595105759412 149.98153536075
35.124579812494 -106.84600918373
42.631986940129 12.119353718667
43.119310258499 13.81924820685
42.709175562372 13.259359306332
41.92533208475 13.777547160547
42.382233481588 12.729174942139
53.167081378711 6.3046416540419
42.45862238412 13.673828334417
42.63175094718 11.952162855304
43.177910341985 12.993505784328
45.030537651167 -72.700715136247
41.85446686293 12.709939387979
51.447928220475 0.75718078093938
43.081266488939 12.126667166209
9.4096919132442 -79.793066391159
43.389552873762 12.810499031495
43.122517742295 13.603196310647
43.035702983886 13.104947447381
51.503610394431 -0.064087750471233
52.047603638166 -0.17435328955033
42.682261900384 12.035693752617
42.264942221022 12.971132355284
43.053487789397 13.470090587398
42.091141625371 13.504078211519
41.857614816121 13.09508651874
45.61984897706 10.145596702744
50.028012473149 8.3279348194264
42.921033542587 12.545248347144
44.753176227493 12.098082757065
42.956100156066 12.171420764279
42.764451468275 12.690917066176
41.919766757324 -84.066320971646
42.935736451755 13.049395536582
42.886821957273 13.041063237975
42.705004870775 13.406561269635
42.090985032328 12.503587216394
29.669604163638 -95.133947018277
47.10542650712 7.1501473193756
43.256268533553 13.667764568102
42.585818489376 12.496875875416
43.152630417234 12.954787243158
43.330747596163 12.242639683321
43.455236549257 12.219861999743
43.108355051444 12.68804480449
43.565479414822 13.347782644626
51.155349280292 8.3675845723448
45.027744914214 11.971138159162
33.310520118899 -119.02590035533
43.433499371856 12.847910362712
