42.138752362776 12.066224214673
47.905570598275 7.7651336997585
43.031115036493 12.143920200034
42.555904842262 13.086822574554
42.610745582104 12.221980551382
42.553387400507 12.593340425118
41.902185054471 12.747482578639
42.593691375404 11.938006843898
43.456773545827 12.935617445493
42.765278816719 12.27611758973
40.139579640766 -4.7808222127058
42.982198969474 13.311236941887
45.430279179236 8.7860373259457
42.460104994245 12.657222717862
43.023968093129 12.750225379502
45.146408923944 8.7780316561103
43.519950307703 13.477669605763
44.561664861076 11.161949202817
46.001652619828 9.6890590298404
42.288395732797 13.392766635603
42.547450561352 12.474789340757
42.919849355689 12.034327758047
42.84721138789 13.591351680754
42.14197368556 13.644901854773
41.135214780246 -112.52483182225
43.131844739978 12.070456030367
39.912050829213 -73.301571370755
43.244944613096 12.249406931128
43.557976135799 13.73754561077
42.97425294715 13.676637995859
43.424478791873 13.271081186978
42.72088416003 13.220456195188
42.528410795412 11.849835850715
43.822860677199 12.140785240189
42.436373272669 12.695793075366
42.908786449094 12.329275885306
42.952570724766 12.156721925923
42.978999708325 12.44504812988
53.378000814558 -7.0214364480971
42.323364040986 11.83674383158
43.687168905852 12.039260970468
43.757184364741 13.810683847804
51.888144030882 5.9787115264818
42.107875556291 13.200798127915
43.304802699643 13.319168723824
42.695295642941 12.709836151802
43.760709483086 12.173608772558
42.153498325589 13.08305354888
40.292528838712 -110.86524443262
40.475733785798 -73.438209868372
43.109947151111 13.728518986038
50.373110963205 8.2360732034948
43.739643239782 12.496523973319
26.801922318416 -80.104089320495
51.864159159765 9.8301705149143
43.219920784358 13.163517319694
42.700718737555 12.711315982862
43.421716845812 12.869761642495
42.297252569507 12.428991029725
51.698793971771 8.8243406991588
43.173130572875 13.524017169871
42.198424192725 12.089085001561
42.226871336471 12.10228648323
50.315860212928 8.295922222685
41.977699123334 13.514265171047
43.288504765524 12.3458240658
42.28311026391 12.134101457977
43.49460774499 13.764916774728
45.0750221494 2.6676265209297
42.54161921264 12.871373578867
46.898486772135 7.5763684972545
42.597434189935 13.261866634389
42.236919450705 12.994176384546
42.937113188199 12.647341217702
52.595892278522 6.0027366090811
42.927484021975 12.77409055355
50.844756037856 9.8624088758893
41.995054831747 12.207997592284
43.083842194234 13.534422307079
43.23699677283 13.259069211923
43.076027448346 13.243829953619
41.951873089185 12.725655719997
37.676170730992 -122.21686191579
45.538568276697 2.9364849147091
43.494915709151 13.018029681436
51.711471509054 8.3235494742745
43.186159780822 12.383421369097
42.025655017733 12.363826944683
43.411067646675 11.974666451579
45.853781587376 2.5143046362858
37.03782339489 -96.889538831492
45.355193185597 9.5804228087773
51.890556876497 9.4370594380596
42.405175759201 13.355914711673
25.197470072732 -79.586757906795
41.906413788885 12.553825435042
42.755217585154 12.257162090997
43.168992695498 13.581670079206
41.959375075532 12.186992868424
42.456651887159 13.293512838119
42.634858181551 12.754928345699
41.833537778761 12.447908392406
43.195624161158 13.475148803797
42.597655370665 13.180178817001
43.301733938673 13.299997409966
50.213170701737 8.052700375697
43.752310321572 12.413689926946
43.004232584056 13.076769790203
51.112726365734 9.229641677453
42.335887024822 12.814112551445
62.350498792879 15.792577547856
42.751426767463 13.580592957151
43.378786488168 13.404659917788
43.781281325885 12.910092430168
43.169463485579 12.539588145718
41.893862073747 12.971671718181
46.774614643201 8.7828680727551
43.475037432984 12.658641962197
43.055326289078 12.541327547089
42.495452579363 13.10186429934
50.895522737128 0.21448297617235
52.806444486236 -113.42083863142
42.437730990575 12.399312977886
42.459385820434 13.810914622087
46.219788579373 8.3143711845923
41.720848130538 11.548090785808
