42.853753222571 12.694661446726
42.320112639743 13.205679630512
42.032477851062 11.907290929441
46.928349104399 11.100840290289
43.011961311594 12.354077026434
42.588460825213 13.696204821924
42.833992849513 11.994464181382
38.98142851655 -83.310276782462
40.976765975031 -73.956183001976
44.021645968396 10.345660761043
42.622906842699 12.088162417376
61.293009436826 15.373293567623
42.774379848419 12.344202310494
42.120323034546 11.985436541974
47.766286742765 7.5321541021262
42.407210910903 13.372035470054
43.42929321829 12.094609855274
43.399470615873 12.13798391781
51.497024393639 0.017728849736852
43.785553436182 13.329863034363
42.676971298979 12.086460932219
43.109791037699 13.553506201412
51.802457043809 9.2617787943509
39.86504180552 -74.247017042958
50.600223387522 15.59584271726
40.961110161338 -74.859257172991
41.987098127153 13.570061357978
26.394116365517 -79.192935724177
51.626166387753 9.2958765441067
45.702065935148 9.8535185973409
42.785807269665 12.548022220909
39.076192026864 -76.932645927822
42.630883844418 13.782822864981
42.445993231372 11.925857456387
42.979065941658 13.498848413371
50.091081420468 8.9258981924159
43.710064328627 12.876606410333
41.908504117724 12.953302663285
48.274806153877 13.081957231102
42.126722840672 12.814488596218
42.520544343891 11.997861444504
38.111485971464 -122.52152812643
43.330207032792 12.015543465996
43.825252536624 13.612318582208
39.608699117124 -74.688268960821
43.045445512091 13.185455720048
50.473487104414 7.7739803933185
42.8749260143 12.078903419955
42.099776184254 12.332962771122
42.895390350344 13.007186958125
43.451171527848 13.512110424953
42.667629124929 13.521140100698
42.400118154215 13.583623369983
42.115603501518 12.948529025071
42.858147706326 12.801855759158
43.72345454561 11.913658469431
43.721539186205 12.538462305248
51.941689157366 9.2074696688016
40.044551230208 -73.683625258489
42.562676501278 13.020124371194
43.195859235358 13.118283660693
46.927288950387 8.844467325995
41.699514773323 -83.751532550527
46.171459370373 7.3393735691623
42.876170787924 12.339746489834
32.874878952727 -84.523549655603
42.768551789603 11.979112622339
42.422672547618 13.691191577695
42.526614155887 12.652581326988
42.748319968485 12.271073466314
25.289230733762 -81.139566566204
42.550238737648 12.268177201652
41.485371983275 12.675160017018
42.166584961215 12.240430668129
43.216689084313 12.888434618681
43.42255102306 13.295761123924
42.877066154928 12.322233843788
42.352995527162 13.39395403603
42.316821921785 12.086568403585
34.29146805344 -118.45418009259
43.405969604129 12.854240325698
43.641036421846 13.720541788156
43.554580084793 12.282622127481
42.891229664412 12.454161172965
42.320117828141 13.611644139354
43.777603981003 12.998689896913
42.034168169871 12.133681029165
43.11698154647 12.357481097059
43.499151970513 13.001180083978
42.267094508424 12.615340935374
42.355879837368 13.150355171038
26.484506578393 -80.995567642426
43.740834124287 12.099437699255
42.832640065755 12.743019081088
43.477171788701 13.670685511416
43.473964702114 13.08847069374
41.768944970376 -73.993570672477
43.722682252418 13.041297335218
42.656586556091 12.903191075171
50.742786618528 0.34734405867632
42.258935808811 13.755996545684
42.483539168038 12.932277571865
51.603715319468 8.8082819491663
42.351870698574 12.03695895061
30.133857244519 -94.713601223269
43.729808161862 12.580887912133
51.321746247505 8.621288688677
42.076924948544 11.83595008351
42.158614920547 12.018257085729
42.843685729377 13.325210055043
42.540844286599 13.297671935681
46.659447068909 13.832486372617
43.808281053255 12.044804856223
43.03527033845 12.189078580231
42.46159865172 13.742440321384
42.200701749998 13.019564373914
38.386023249931 -122.61630684211
43.584768876727 12.902418686984
42.692342878197 12.912908699344
42.160307147755 12.104868021654
42.054969042121 12.964710797653
42.063367201532 13.79394972736
34.527150106436 -83.964069571236
42.477836392132 12.690368141856
43.443568166573 12.523843278908
43.673240375574 13.568692434399
43.15053196959 13.433979065381
43.534006071081 11.928891653649
42.310118048617 13.822447587209
42.062888445383 12.11036673242
43.15256444048 13.154811966792
41.925862305318 13.590455825737
40.75925026512 -73.530425569887
42.469028186292 12.55257741995
42.565969159646 13.527809212717
42.966211285913 13.416496841918
43.599981609567 13.399357658552
42.907968896885 13.073436920586
42.168979864202 13.608682205739
42.664552653539 12.123592510898
39.735441687585 -110.63193066667
42.664661061815 12.778361180715
42.017617196805 11.895824607434
43.155485110916 13.263522414634
40.494350678243 -111.73647591958
50.218592261997 8.6371682750234
42.185870998647 12.466172705643
42.978819951892 13.478421692515
43.517531561927 13.662353973234
52.401868924453 -0.13018443912276
42.666854813095 13.449095896675
42.643130543031 12.123760327775
43.266483642772 13.187947814461
42.136029519225 13.510549371855
50.972059277572 -0.10484453812932
39.164160814387 -78.026159987756
42.686909771865 12.689766391523
42.202769907307 13.768799332815
43.312734753526 13.214736739295
41.819729954176 12.768753181057
38.365138768433 -122.77070614469
43.273575490955 13.769311047073
42.914312496297 12.769753269765
44.799358368313 10.721091729596
43.797949410436 12.422622082507
42.874353558253 12.743379339943
42.929448954284 13.635625639316
43.068002214708 13.373778914296
42.377299453794 13.666916282713
43.461233971411 13.763064298689
46.395786072777 7.4585520776261
42.902233348204 12.13510909359
43.732124081709 13.121263310856
42.271807128711 13.462358482884
46.449370724824 1.6120402410682
43.866579361964 14.357304698256
51.537310436153 8.7575149302173
42.65158121134 12.908012002219
42.48579794426 12.110201662479
42.142728260459 13.295732475301
42.457962990507 13.048737219113
43.595893494618 13.111202699205
46.745628692557 1.4084364610763
43.344352390659 11.870086047763
51.929443999394 0.53025854771038
42.723106685452 13.798308330049
42.763976001092 13.686568818861
43.405126058706 13.151018980051
41.860251671125 13.821333661148
45.370260831141 1.4715106824746
42.983510873294 13.669470378996
43.302781288422 11.151914702401
50.416305235781 9.8627815679008
44.774407688214 10.344320121079
43.737202464967 13.696616705387
43.307975290508 13.713575683887
45.398969771552 9.0542788293465
42.24127932465 12.150663350334
42.044336763718 13.453931133495
41.843697610725 12.51187452793
42.640620636607 12.681811060164
51.272069883194 9.0005846139978
46.210365285194 8.9339485778632
43.042544902809 12.85619626795
51.007478974297 8.8730773105626
41.841031180176 13.788016666581
45.22827406187 12.349742345863
42.763790693045 12.043390760705
45.165358583613 11.397069537175
42.974548130771 13.743617525226
42.400127466975 12.707201705199
43.759266022502 12.061597264422
42.37858297649 12.392805404699
44.247458352844 11.738385668971
47.130755795227 8.814878914419
42.033621340561 12.388299992044
43.677282162347 12.37275718172
42.285547201676 12.736186479582
42.263509494396 13.781566359022
51.79350305176 -0.75827183288907
43.626219271995 13.626932741456
43.40399573578 12.765630334528
43.203607358154 13.034450795073
46.64098822262 9.5678724359594
42.681389637164 12.265539829764
42.842144364439 12.880340038764
41.892669002497 13.070211112553
43.47592056986 13.317002891732
42.279772803804 12.259651257333
42.453673620475 12.749974650235
43.437198465915 13.363245910689
43.812402753093 13.809844352703
41.988702362419 11.852799231605
43.007737503877 12.490621328138
42.772723108911 13.227346997369
41.845017020074 13.670422743408
43.091695231449 12.4892663269
42.895694447188 12.827630664163
43.226028420157 13.106616919
42.208776015441 12.788489200097
43.48276252557 13.459736975611
43.576440494331 12.655078070564
43.025871381197 13.687096421016
0.0086062592494331 -0.22444215799889
43.785739023625 12.477423659303
43.757410266345 12.244132139389
42.973904481141 -70.312364125801
41.895049081622 12.039928264024
43.0926398738 12.406087947288
46.566701071601 8.6910095707006
46.037654149829 7.3489004095778
43.404172911052 13.530140165507
43.187139603883 12.620348773275
43.678876300214 11.881894688554
43.137632220137 12.171300714005
43.038851126602 13.502401314931
45.459354465135 9.9898901718621
44.017224729393 10.734203077359
43.117680308485 12.383349224659
43.108887557012 13.621572948837
42.020058269643 12.553468340355
43.424695266164 12.900344241385
53.224115263964 -113.48218391532
43.041169510263 12.162210396588
43.376572340923 13.610396324496
42.21706250229 13.442013283021
50.366141809321 8.7572810848976
43.524664993663 12.098401609409
42.783119548498 12.300290350497
43.401918751861 12.315169629343
41.48351863028 -83.025945267859
42.1469610027 12.672588897738
43.300581823264 13.213000783351
42.092930186139 13.355910183583
50.904595258136 8.7860801586816
43.745034281067 12.899446811036
51.326408136788 9.714820423962
43.692043590237 12.353952922578
42.758991164491 -70.230637614487
42.489555813621 12.193618852756
42.224259657911 13.116012625937
41.424113253539 14.419198090385
42.362519444622 13.438080818617
45.348357747937 2.4104766023394
42.90652900932 12.191703148762
43.421783546203 12.587140306659
43.460977445131 12.521794332735
43.758898837866 13.033682721704
43.617303675815 13.375978230695
43.322081839371 12.050272893671
42.210104983884 12.480506931676
43.293616907829 12.675443656147
42.096854374344 12.351284736952
46.132713517702 1.0415787133582
50.81144262143 8.5376866127074
43.826566010188 13.38443584993
42.606416440872 13.691917310812
51.323808784515 0.33585764152271
44.535600592187 11.932429518657
43.015890514041 13.752020619715
43.093242303533 13.749335172025
43.20934390079 -83.022794399163
43.361983960218 13.138270676221
44.536275905204 12.286506539062
48.765860036023 15.124716507096
43.65663007726 13.41662657329
42.107460015059 13.313727868888
43.421180141841 12.384554009619
43.344070783998 13.224918956994
53.365945863475 6.1556394279029
51.609015034795 9.5985404092812
52.286609207646 -0.92557385006713
43.506100579887 12.502302885776
38.80467198518 -77.483353150727
42.352836376241 12.07664112147
47.309970115456 7.4540684150784
42.029147737228 13.493613524613
42.915380477887 12.404167197854
45.796143024811 10.614821742878
44.810474796945 12.283127880347
43.780149097007 12.390723754389
43.04348061657 12.833824790492
41.866238429635 13.720355841222
43.601356651004 13.571672063142
42.464142177025 11.868261730258
46.675662355812 7.197952155116
42.028625819866 12.436195521374
26.794786676652 -81.010923734681
41.9907924249 12.772656315387
43.190991457196 12.396688435898
52.61241524062 12.97278638872
43.671878150532 11.955678905826
43.071346516775 12.932950302483
33.567343596813 -119.24842096999
51.784365471818 8.0412861481501
43.74303314499 12.178684148576
42.606536960998 13.739279037241
53.049205944198 4.9104423980044
46.071868991513 1.7270586903799
50.242139043865 9.2916520816701
50.994734403209 8.2353771031999
51.404955181249 -0.97286813197791
43.021055560124 12.236088025515
41.938474190879 12.590336246712
51.832832459981 -0.1384182159083
46.045371512438 2.2733961708254
53.41817626493 5.6881022792953
28.988946602061 -82.451830106654
42.075219100397 11.955863197335
42.178030703786 12.223296089223
42.038026171775 12.182296008909
42.100960158811 13.825789211258
41.481337981197 12.475007417644
41.963295856029 13.032545842732
42.572433573947 12.178258765127
42.94888132624 11.923770545036
42.544186530909 13.003986352146
26.631573253588 -80.690887514633
41.951923139392 12.670200923791
43.072587866857 13.606288804045
25.907184982146 -80.956532601057
42.76135443142 12.434174122978
43.018619977433 13.603390449494
43.535370664476 13.596670182721
43.403403825801 12.982318488428
52.011912021093 -0.75434677110256
42.107349253796 12.037659973876
43.042197192594 13.326714189431
43.218948679633 12.027316803146
52.652823788185 5.1293029917308
42.12240188856 12.790733019745
50.799518154841 9.1313549667277
50.636557011696 9.6185222280298
41.97745283927 13.666573998384
42.000245833325 12.671262258997
43.694401891315 12.9969105744
42.510978997013 12.256514917734
42.747414325267 12.477652076875
42.807534403099 13.233531583696
41.997335508951 12.069128776022
43.6215227892 12.18651973886
42.925869333544 13.375980619072
43.729685755342 12.39310595367
41.906403769716 13.279824253323
50.553679694679 8.6208121718936
33.714916063519 -118.96991354161
33.304142302223 -118.03511145043
50.926024317241 8.5927870141309
42.052491583907 12.076093326845
46.10573317993 8.863396137051
49.213378375894 2.8867569674886
51.575565671816 8.5378479825043
26.805549368155 -80.97309144566
46.464128448844 1.8448028726712
41.881299326628 12.574292228846
41.36614060298 -71.375923495655
43.348243887254 12.060274286245
46.066944287912 10.853072141136
42.529947995942 13.714333497341
43.216115931171 13.311889848372
43.041601303074 13.286125540888
52.388191095036 -0.85976720925875
47.166101193133 7.1105990112343
42.552879822253 13.366940236377
42.818882614311 13.445779384342
46.918603068645 8.4522285077033
42.423582662581 11.926209350569
51.887159938173 0.8082363930057
42.658109729506 12.553047340176
41.808861490118 -72.275353882808
42.502536735287 13.393223403691
43.659849672907 12.16815571916
43.693567956676 13.10209871556
43.099972873062 13.053145410539
42.246144974274 12.739805844512
41.88499935294 12.428279639442
43.517478731257 12.360924233406
42.947716096878 13.288643140501
52.56967330215 6.1235241351526
43.29897453326 12.097750025402
42.476599839293 13.547276908808
43.810307710364 13.093343077758
42.177129617996 12.790207256952
42.75457107313 13.054513389291
42.608743866744 12.177441141672
41.8875493379 13.602021186914
43.447484742614 12.731471134711
34.401393632628 -106.66637741632
50.379362143287 9.1137919729174
50.890282662069 8.6482177836114
43.329614303715 12.30916398687
43.377091728813 12.83267791517
46.449615712487 7.339066395694
41.892917356425 12.434166011158
40.713786236029 -73.592356691079
42.520983870405 12.359182863685
41.972689463765 12.318368967326
42.71792582784 12.842396086029
46.122138325648 8.050275002164
40.660133564373 -74.998502850663
