43.565611852617 11.919567133749
42.750745798366 12.170760120831
42.332883837343 12.983408018029
42.425056305467 13.099125870105
41.810561735234 12.593066808855
43.260911038288 12.317771142983
39.87365778316 -112.58124784673
41.934304887885 12.68881852633
43.04444892243 12.393816758617
43.616776254802 12.6725307874
50.61771124446 4.4028628274812
51.808695507147 9.7464572162118
44.839192645039 10.858187971128
46.981657788149 2.1401559389849
43.80352226498 11.947710892182
39.366213017184 -75.398983296414
41.840371641277 13.202715451945
42.227285455108 13.29932655317
43.424036366152 12.955490788445
51.415290673573 -0.0082592268257295
55.042458522153 10.382574431776
43.258642099474 13.292261186213
42.875762329866 13.035219214894
43.430950127764 12.178367875155
46.49228718015 2.7923964694107
43.151000109593 12.268831482303
41.990544684714 13.364916035631
43.214203217653 13.084798242026
43.09794051719 13.82214618049
43.592922115064 12.734623175012
43.058367109906 11.92098261135
43.019040498447 12.285173406513
42.287680116637 13.245602561762
42.168563190481 12.045087289107
43.275598138254 12.097634719751
41.94775756355 12.597139501312
42.139355449558 12.154866403993
40.413215590985 -73.791492638678
42.971734081868 12.087417358129
45.583840621907 1.0495482874334
42.489617887202 12.443853913103
42.282449359692 13.61599216315
42.411800250624 12.174818725428
42.892412477609 12.001556784402
51.380411031833 9.9394046528914
33.073093778006 -97.457443812626
41.852856430178 12.317256400996
42.289157507165 12.988218806234
43.568221162359 13.166003691131
43.053084965375 12.012444963706
43.693177961157 12.645911279456
43.097933242164 13.807282019803
52.638510015858 5.531618216439
51.686437702126 8.1689495552187
43.188979507067 12.510273444259
43.626637008354 13.808995789315
43.79983723622 13.302444424176
43.636650207304 13.675777946935
51.172117340924 9.7348018883424
42.191764055862 13.396255218629
42.144414273179 13.049633367031
42.27137201201 13.16082618628
38.790946933052 -76.965840322375
43.384909100099 13.734563989462
42.229309566447 12.721733602121
42.555124108959 12.920876864794
34.422882483726 -118.45133653202
41.85232271389 12.990610524563
43.265075840666 12.728975826304
44.631348306819 -80.082820018189
52.401813309128 -0.082466863651041
43.361400761831 13.028560081531
43.357777300013 11.917363041529
42.0445682798 12.775564521468
43.426535433844 11.94271676428
42.279649783543 12.080628443102
50.850157107622 8.664767359693
43.551548289413 12.437557272372
52.026618347283 0.64668004938247
42.082345033589 12.708705145285
42.753210126328 12.825543723475
41.867503240664 12.756424889342
51.85439459088 8.196926150097
43.362171662695 12.224382271184
42.440720242674 13.536214425034
41.907004035056 12.487959576553
51.274144333915 8.0154435900112
43.692991556943 13.444095011097
42.534848387623 13.353893217816
48.028994643541 2.4876886881109
43.374950159071 12.278819302713
43.588460206349 13.156674735808
42.478798219247 12.044080156874
43.250549747746 13.223116131624
43.355577615742 12.279464696219
43.74040332706 13.013217413359
42.779981972103 13.039812760467
46.540947946506 7.8853386840249
