42.752913201134 12.807236538666
42.658070289857 12.838057233432
42.67631941788 12.810688161224
42.689363696954 12.876237124168
42.718333728967 12.796643590015
42.72456806282 12.862383241722
42.652650816691 12.796441324913
42.743615752919 12.807711080579
42.671513301188 12.864991381723
42.639092188181 12.83210855903
42.690773130272 12.849041617892
42.63867410537 12.785931132655
42.688707625369 12.806034604484
42.754622522648 12.827685184718
42.698089608337 12.88559379146
42.664294006633 12.77454627064
42.666453523427 12.818580483954
42.676281811074 12.847682280882
42.681987188629 12.764494361267
42.735219049165 12.824075745823
42.732553757158 12.800676561355
42.717928490025 12.825738728452
42.703393705072 12.839722793961
42.704766950919 12.78948053058
42.746546253931 12.810667018805
42.670442495828 12.790875246206
42.741586014063 12.847518784875
42.629628665128 12.801206357706
42.682218614373 12.809059116456
42.700362409346 12.811988738765
42.660314160728 12.855238673696
42.663181668477 12.776950621429
42.654557015607 12.856723191637
42.698041094347 12.779624089051
42.716062719357 12.875067953449
42.685731084892 12.873097260445
42.721906002968 12.784605075526
42.710790037995 12.85559966038
42.63449503839 12.800071626364
42.633783829249 12.82086268713
42.678408935537 12.831333117502
42.720460970311 12.841556187666
42.676256863736 12.85314426287
42.720065112582 12.814418882997
42.745522199567 12.799249856195
42.717983093002 12.851361392018
42.70809458045 12.769685240842
42.63462633485 12.800203109088
42.645210448043 12.809844644673
42.668580924027 12.833695748764
42.71685692005 12.829957225302
42.697615864101 12.759936453218
42.662753308987 12.843273336481
42.637230948863 12.79211829828
42.6600369046 12.817687520693
42.707494411037 12.765285768458
42.692999721848 12.838927686626
42.696850568867 12.798172473369
42.702015467336 12.887415013245
42.711201610396 12.839238263613
42.734462289037 12.848169357932
42.684831884098 12.825380310822
42.721591621529 12.809233767844
42.668469445181 12.84863943462
42.729326341662 12.804782565613
42.716840723884 12.852452182163
42.700414031626 12.828106713888
42.763626153957 12.823639313629
42.683878260538 12.772882013963
42.735053820433 12.796860058718
42.673287421334 12.831428538485
42.668579221104 12.867386988323
42.698343630761 12.828278399014
42.731118417241 12.866424501832
42.740630319708 12.818039045605
42.698219917129 12.789489039609
42.639724859355 12.779507059988
42.647701760145 12.816375567513
42.649600772511 12.859473362521
42.693583829672 12.835916848332
42.700075233702 12.866248092573
42.716724079923 12.782058047982
42.72023180675 12.791053856647
42.683462960519 12.796526531149
42.712250902204 12.792282894178
42.706142434269 12.791155883035
42.655504100351 12.857846001118
42.734335024738 12.804006691021
42.696790283891 12.882018329076
42.636938654204 12.785576409116
42.757014162281 12.82835300354
42.68472149909 12.792700973264
42.664661061815 12.778361180715
42.697579942524 12.803421301231
42.71019019082 12.835849737693
42.652521559362 12.866315878886
42.729294930014 12.791745580191
42.636452197415 12.782890345355
42.685662084134 12.879468738532
42.690910802566 12.833514878935
42.688514787114 12.771822120909
42.737557045083 12.863512739962
42.698511981752 12.850236413952
42.731958805945 12.857868978709
42.660207670045 12.837395769955
42.700372665071 12.866365196142
42.678467864508 12.859715152953
42.655796695827 12.788707028531
42.725125637264 12.882540801041
42.748497957733 12.828297640604
42.713168349004 12.805558136595
42.723083285041 12.835238100439
42.717321845592 12.878204874659
42.670078290494 12.868276227691
42.72999185127 12.797000922655
42.734982568203 12.861317091578
42.745165740042 12.806266355725
42.682322913654 12.774385210974
42.71644164471 12.841495485924
42.672149983569 12.85108581553
42.692383880139 12.787475094587
42.7417835853 12.863227614159
42.650688687198 12.779271965765
42.66709577791 12.813658971274
42.669350779017 12.812689728969
42.688935744452 12.865834244951
42.700294250969 12.757476011665
42.730397617806 12.866380249575
42.686328928327 12.766650436824
42.682740521956 12.783556519462
42.667284275737 12.784148172396
42.670851876827 12.876194358767
42.630467648467 12.828717264754
42.650221046384 12.823991402923
42.71928777721 12.854995326558
42.760267201255 12.822577365147
42.711595425269 12.781710081653
42.679357903416 12.769025558985
42.67375797579 12.818649513118
42.632167022059 12.807397808345
42.723039426267 12.813247847305
42.701966064864 12.803703090106
42.674062253777 12.847968521478
42.721890228226 12.810493937626
42.728927404049 12.803226857376
42.697023795404 12.815674722737
42.661267245983 12.860423470338
42.694118255162 12.804001419269
42.689710290048 12.760691198896
42.658237971693 12.796826391873
42.699344603226 12.774612881159
42.68357761471 12.767647565255
42.693833511667 12.814232059689
42.704533089767 12.802283786632
42.711967192477 12.850196787573
42.720171444009 12.855947565707
42.753385136276 12.803999357787
42.716951264423 12.780448395212
42.721602471902 12.771235291761
42.643495671306 12.842392098572
42.670087254008 12.769207740116
42.729889491934 12.818100232567
42.693408239045 12.824605702828
42.658066466312 12.77176432303
42.662348112421 12.844239477017
42.69061374978 12.773423985028
42.646999836756 12.832199991158
42.702692454098 12.883332291585
42.658964640789 12.830601684226
42.709097277259 12.800449217132
42.723198162284 12.809083454243
42.700528615036 12.861116049768
42.660016623188 12.820862733231
42.664080462283 12.781046213036
42.688466712243 12.856025779574
42.726654907582 12.868642227218
42.71250264475 12.83054433571
42.67412479721 12.790494775323
42.705494685448 12.884884905503
42.724767726273 12.87880994376
42.634560201634 12.803531016618
42.75206118673 12.826262233253
42.640559959079 12.78186485303
42.731783098437 12.879931251484
42.688042993533 12.762546897311
42.657773828461 12.821872572353
42.693398184953 12.792221903725
42.674119812771 12.810010490872
42.662458157496 12.83245451603
42.627779894356 12.817031418375
42.67483590018 12.779088017915
42.696199258669 12.878872034105
42.735772509957 12.867502270226
42.678514399437 12.772667358079
42.680842366408 12.822335632922
42.645087414277 12.85037402571
42.673403438515 12.813655467638
42.661684514352 12.792762493639
42.7233387268 12.860787649595
42.739757984776 12.875534251295
42.668297681358 12.78942607708
42.713347154091 12.816987137712
42.698331314485 12.78531980041
42.687798763501 12.82342156948
42.703990560839 12.858223748348
42.688630808021 12.860248644792
42.755705723565 12.818030121929
42.643965386641 12.780334642076
42.742086029512 12.859055356544
42.653294958034 12.782637368342
42.751241614016 12.819912285947
42.645077193943 12.841748191922
42.677391787862 12.878210305666
42.64123620963 12.824704520344
42.737365991242 12.821678941076
42.724687358257 12.812472215322
42.692512882751 12.832462184074
42.717864002922 12.815147722075
42.68108141037 12.84148558969
42.717197654192 12.874764868952
42.748623366837 12.870426370723
42.708995693249 12.831965785416
42.734517249642 12.82895181555
42.645094260895 12.816325043264
42.732920483117 12.807275254211
42.753210126328 12.825543723475
42.730584791757 12.808777260526
42.703042636974 12.888195172853
42.658718757193 12.800790660012
42.72172830243 12.780809549999
42.703267570002 12.791589502169
42.754078577645 12.839236093631
42.722906519085 12.842692822631
42.708089620691 12.760703727978
42.67994657798 12.76312471731
42.754325349722 12.831274707744
42.698755627844 12.807102582349
42.728025994158 12.819837477461
42.680655762426 12.816030810057
42.754557465575 12.814841491105
42.701204766401 12.830774743052
42.67615583526 12.769553560212
42.64383260705 12.832347923367
42.655796582671 12.825024509742
42.662275684861 12.829406099336
42.738918488279 12.857687692113
42.68488000507 12.857730762522
42.697745812006 12.826633473333
42.696448229133 12.885063408841
42.693055631005 12.885932065514
42.70418407151 12.883445186042
42.714693183433 12.876113141385
42.745992347035 12.8224439937
42.708333352 12.822857954478
42.661512966597 12.797761703768
42.749338558779 12.848515442989
42.706609891146 12.789010129326
42.713975658528 12.764257333618
42.681097748096 12.828411413298
42.715239935909 12.834467147887
42.685188138266 12.810199240155
42.711314584599 12.785372132147
42.740592125238 12.841020033176
42.667832897377 12.818475772563
42.70772968128 12.880770566373
42.740462892589 12.800925534613
42.691253282007 12.798592987398
42.693091156305 12.798525376638
42.707571660519 12.832036414592
42.642187015008 12.810508974761
42.743502475689 12.793829585816
42.707915432171 12.814906378211
42.71792582784 12.842396086029
42.633188261966 12.804423433658
42.705588145065 12.856191207609
42.691859692678 12.803966942639
42.665149639226 12.804134448454
42.660489386742 12.823350659045
42.636102506742 12.84340470605
42.748563127962 12.861776146994
