43.238403366079 13.037294833028
43.23721621059 12.994816009439
43.370552129771 12.966256087651
43.261793022187 12.970310268465
43.284451340479 13.071686488165
43.292664813966 13.040292097295
43.344194499957 12.921397257115
43.312005871142 12.981854402473
43.303810505359 12.991678528505
43.279460113647 13.029526485631
43.269656458085 12.983568659531
43.350342334432 12.995596103389
43.281364238042 13.042115791276
43.327315149071 13.076871308555
43.290285483159 12.977978266786
43.256572483714 13.065143680717
43.345871450562 12.960965342823
43.39001838045 12.973698471216
43.329214402183 13.072658848538
43.38572743136 13.061170747087
43.322242998223 13.003274422161
43.373291155984 13.077643225492
43.409826261203 13.021723147978
43.243888285611 13.047830855983
43.329198290768 12.996726883129
43.258166155919 13.018218030717
43.328837951354 13.030892573798
43.389526822341 12.974543299069
43.271072451172 12.98358573859
43.285587153086 13.02072022253
43.352110000978 13.043210147455
43.372581620895 12.976782660942
43.303811475331 12.98489123072
43.329987786419 12.977340663328
43.312140683344 13.092286366102
43.382817378001 13.014029963435
43.390668685285 12.994058377593
43.302619342854 13.066532732971
43.359507540895 12.973280148124
43.397164043711 12.98262404512
43.398588239422 13.020779266053
43.324221613989 12.984295201967
43.408056463792 13.057190560783
43.296196510709 12.956932575443
43.32296266098 12.919489312435
43.348555710816 13.044626751025
43.333673065239 13.02957757985
43.330532818276 12.986859467827
43.394666423295 13.033677146807
43.292738767498 13.082578266099
43.363717860267 12.986253094874
43.309086953455 12.981378525508
43.230327355804 13.023749086572
43.341813254376 13.008679993525
43.272280790991 13.074660559241
43.289751578278 13.063907143245
43.358910437396 13.013677810346
43.296252221959 13.006368235709
43.26192992288 13.027722054195
43.336819443564 13.030352172943
43.268710060191 13.002928980183
43.408091461497 13.042734036729
43.326222617818 13.03909432892
43.304987985338 12.941995313385
43.327593502296 12.973573979465
43.283279446572 13.048676268707
43.295117145563 13.01857755569
43.380685442791 13.084725258001
43.288392913683 12.944063945668
43.390488489268 13.079256192839
43.388832524621 13.053186355204
43.36929992466 13.015538180741
43.381212653325 13.011554035385
43.363058106698 12.93263397551
43.371051777348 13.039866882882
43.346573176045 13.041580958332
43.39715679383 13.070800444165
43.291662687127 13.011780808241
43.342907792604 12.941342458588
43.398412694895 13.036942843386
43.289298373896 13.043134594843
43.261025765588 12.9713826296
43.283640993446 13.091995233268
43.313510813452 12.935549224718
43.343087426568 13.090034354541
43.246093473533 13.055050574755
43.347406640366 13.083226792574
43.231090374885 13.028804622625
43.34271774785 13.002321045868
43.407020985359 13.029216881876
43.295172786033 13.074269418195
43.335385558838 13.08543905715
43.292862031301 13.055864279205
43.364489053567 13.005641696067
43.260895347365 13.051519584887
43.377338094368 13.005343837221
43.3838193386 13.08355088538
43.36218152773 13.070259541793
43.389828965736 13.005304416199
43.32565429498 12.904025967675
43.330505095597 13.016180152568
43.282433269698 13.025414126027
43.271489783338 12.990848678181
43.283862269171 13.007391831862
43.347468110916 12.99202620752
43.256211559894 13.019385251712
43.384551710649 13.060617567089
43.339215037126 12.918379115389
43.254606654541 12.980247524113
43.30826261237 13.028077992179
43.343790709222 13.033013520799
43.24751009666 13.025695011518
43.24151230384 13.005289351125
43.295606714366 13.08830178023
43.36389747281 13.084206736241
43.350086828878 13.000468676931
43.267695319984 13.010350257184
43.347228033185 12.975357752303
43.31719202146 13.08444219368
43.361278496406 13.072291847373
43.350048744304 13.050927599937
43.338374545976 12.971510200769
43.342411292897 13.063179511162
43.258990242288 13.020348449734
43.278170871233 12.957753035707
43.340460619137 13.007136262046
43.364798082695 13.085676086196
43.28721107232 13.010823411893
43.352111714146 12.970732726164
43.289871025521 12.953481534961
43.294215891203 12.968809415593
43.286858110378 12.998166654745
43.241790969058 13.032310077957
43.357766606101 12.983932250659
43.309680846219 12.987931616154
43.313494288064 12.922523600034
43.264427851564 13.054684703285
43.379429913324 13.085737797027
43.400725311807 13.074962766897
43.360797122776 12.936101154416
43.341690581938 13.055403510621
43.299755810455 13.039040816056
43.358194431478 13.063713208357
43.315814736002 13.031526727172
43.351409723701 13.045115657193
43.235321159605 12.996028673389
43.34171161027 13.038840479722
43.350570474936 13.04106550854
43.29792351152 12.941045864944
43.328971786133 13.043507224921
43.404715448827 13.023265675208
43.296065366986 13.101195603677
43.331900739752 12.946393163405
43.346689578794 12.937096470027
43.234245922081 13.008627754661
43.371877959192 12.962043946147
43.329144449148 13.071510617676
43.335229385821 13.073589390199
43.357839525865 13.012328741633
43.386101814653 13.075157666169
43.263929832405 12.968719044707
43.254901738977 13.029678178986
43.303382861125 13.080097158498
43.287319382807 13.042656571645
43.348316461497 13.0336834025
43.31416022608 12.929507048789
43.325704781511 13.099478661616
43.336161357528 13.013552394257
43.360272036123 12.953124098013
43.291305059258 12.990486856567
43.325337885586 13.081587296504
43.343847521296 13.03778035151
43.410244867883 13.047912235415
43.325051385616 12.931281060901
43.361621744189 13.07515014993
43.38961333988 13.037891358641
43.343598398561 13.031115003431
43.348419946336 12.939418034621
43.27731243862 12.991444753034
43.380603746709 12.963635632772
43.248779984794 12.992379867024
43.33564334753 13.010341749552
43.234966420699 13.035172361918
43.283861890588 13.067170071468
43.275484781396 13.062122013004
43.345340904962 12.960497884082
43.28178782171 12.944184552873
43.353135570138 12.947052139785
43.317832314113 12.91081923384
43.294094054186 13.027306273148
43.389896267296 13.030286959873
43.399730148467 13.06253537075
43.296909256532 13.010842387125
43.330444176856 12.979659687274
43.397160928437 12.994821367338
43.344987132303 12.940551969682
43.334492871715 13.067897175026
43.239736272155 13.012849103221
43.379259204224 12.990293452998
43.301171920424 13.055042719049
43.314038130622 12.984531486886
43.347054095656 12.928428211703
43.23825014908 13.027324298896
43.41184712502 13.031648792828
43.318614421582 12.912886334564
43.334496309226 13.079849247879
43.247453712994 13.03569327252
43.377926053676 12.957400407643
43.380250406184 13.01075711523
43.344032347849 12.964347831909
43.360684649276 12.956441994757
43.270533055214 12.975916830833
43.326185669457 13.041756321251
43.284044310138 13.074910639841
43.311778888273 12.939326321233
43.367056057049 12.953484138008
43.359149332347 12.924364381921
43.376571464549 13.056279039058
43.326589113274 12.934487890908
43.306732180692 12.9589357893
43.250202084563 12.978950655565
43.296946438654 13.040150042663
43.327422358269 13.021835509719
43.371099838249 13.054981139069
43.326427520891 13.085859813788
43.388480822758 12.981784313464
43.357762240992 12.948706196618
43.292981305317 13.013381481664
43.389961649866 12.988044565559
43.315106110815 12.955504194368
43.314943466969 13.094550489979
43.327910829509 13.056993080816
43.309395075941 12.957339400892
43.300722539586 13.091048614185
43.329633712943 12.983983608442
43.389471412373 13.030056567432
43.372165120867 13.027547133189
43.34772743303 13.070865255369
43.333600318701 12.933238278133
43.37669642429 13.090189469576
43.374832773777 12.947532203511
43.345340537089 13.045645250981
43.340390832809 13.096516186437
43.27067622883 12.978872693155
43.281007282588 12.961387918334
43.263113835504 13.041044248774
43.364598068599 13.05414831643
43.350620029678 13.029404128005
43.335987519185 12.984171728152
43.303731379727 12.959179453554
43.369190938032 12.990836637111
43.382160205593 13.074370521642
43.322413009763 13.055112127727
43.312657386697 13.000463481082
43.254005511896 13.061870832512
43.292371641536 13.085019558263
43.38661574965 12.991184270026
43.33526480821 13.021595652712
43.391029329242 12.985606132555
43.324037473821 12.944427444595
43.284526720331 13.014217739487
43.282928045526 12.950685367452
43.344320189389 13.075021707974
43.318275592459 13.072099722511
43.387290354088 13.047942851248
43.255661543599 13.029382162762
43.393897425122 13.083421852499
43.358137201706 13.069550413226
43.251450250529 12.970894208651
43.272024446315 13.048438898797
43.304033572948 13.064483902002
43.303577508008 13.00707879013
43.292327202082 13.039283691479
43.285828069938 13.068482911733
43.233125349636 13.028324369841
43.33884016582 13.052790222269
43.297485048577 13.012032564756
43.354620380048 12.996014380381
43.295417812346 12.94301247084
43.28285085332 13.063082662927
43.311962624712 12.935931758481
43.38140222031 12.992804813216
43.412273930599 13.043673716993
43.244479735517 13.007147347579
43.365393940085 13.050157352861
43.372881435052 13.055527485954
43.266095742728 13.026584463693
43.347999527302 12.968157493981
43.302781689608 13.00637760202
43.267559184699 13.038399157623
43.379319436114 13.008576407122
43.298856807567 12.974478348167
43.366046952741 12.96275531175
43.357662445122 13.085329234661
43.32987336925 12.958953794094
43.344860777906 12.950966050381
43.320892171639 12.927481250359
43.298446159504 13.060626415585
43.283571812012 13.048961955632
43.268470531476 13.069312745759
43.284540236615 13.03005638303
43.311067573426 13.101039473501
43.289272219098 12.960187957625
43.382565316943 13.003921431978
43.28671547134 13.000591580777
43.38947676515 13.056931273128
43.394296376705 13.031111205032
43.271972523219 13.058909783188
43.381618416136 12.96247055801
43.305006808299 12.962467636451
43.279474469053 13.07645936316
43.273751995675 12.984066620948
43.407505820716 13.017324631131
43.272340091559 13.017367227032
43.296319279047 12.97401200422
43.241453251004 13.040685975498
43.346750285193 12.992385542038
43.334139403598 13.073664706256
43.362826522164 13.033683463502
43.304626322049 13.014229313032
43.338244704708 13.026966665439
43.399472677822 12.977941980131
43.408595509107 13.016904996737
43.309529346579 13.089323754019
43.346282354273 13.089062966003
43.294102614438 13.086465708973
43.318902560214 12.944669045969
43.257095056727 13.007140340308
43.335331585901 13.066566535324
43.2358102539 13.028746780042
43.305422738823 13.040988265111
43.31036286678 12.915504165441
43.325033989907 13.074129396639
43.288099921929 13.025453206185
43.340697021869 12.927580691396
43.291183286037 13.069660689735
43.347584078737 13.031247593498
43.382817310946 13.072588470819
43.302741076959 12.938184695776
43.265619170065 13.044989526779
43.29386686596 12.976613620772
43.317619817966 13.008880286503
43.318610010838 12.986957042493
43.316939978098 13.072769611663
43.332306580794 12.995658094082
43.261381106594 13.010599010184
43.247349416973 12.991131695004
43.336634305018 12.973466636622
43.29631504153 12.980139901408
43.344276001393 13.0596914385
43.365625131601 12.931214672037
43.30427062714 13.006293943641
43.359441616761 13.037074931935
43.363121234536 12.984421391985
43.248994690503 13.041123553685
43.390545566769 13.060562265155
43.327609443745 13.038213272618
43.349919175447 13.055990128359
43.299109396219 13.016900845832
43.322072275154 12.961696433838
43.395141190589 13.043267452665
43.325349939694 13.068771170505
43.350138748249 12.937695487394
43.402640045829 13.044517126442
43.263810547678 12.985832714956
43.33164233825 12.917761274596
43.293147695408 13.095840797825
43.283444480192 12.961558723825
43.32404582499 12.943120004138
43.370681479301 13.006895343797
43.358195956984 12.98150716537
43.394477450959 13.026181827798
43.358950777167 13.000726864695
43.375433141561 12.987029424883
43.280467713403 13.021661821318
43.315708670002 13.011832417481
43.401131669267 12.999634748346
43.283442289256 13.076265510228
43.299629944537 13.032594658936
43.347765949738 13.087473729221
43.326895678589 13.048085215545
43.266257774695 13.046884547962
43.307978821151 13.033085385374
43.2618063862 12.973292189193
43.255598051148 12.983506630188
43.38000734403 12.96840445046
43.316248519049 13.00576918854
43.375437928094 13.063953748489
43.36168137072 13.094308517938
43.334561539525 13.024750130749
43.361400761831 13.028560081531
43.300129262426 12.977451448805
43.377699970465 13.045879019001
43.325632714839 13.048310048922
43.27573250575 13.060809567154
43.315346390642 13.059572703719
43.339152996607 13.007327013208
43.315181710459 12.983871449264
43.33248921967 12.957696877887
43.307193672914 13.089261709775
43.323444413193 12.995901765787
43.303015136788 13.056480686693
43.342373374099 12.941091013135
43.346954515386 12.967047160031
43.341100519237 12.947157897517
43.291795580339 13.054987833882
43.260197441701 12.97538010777
43.294508794946 13.026778196018
43.247053589342 13.007391163638
43.248057755313 13.039876731618
43.333022558306 12.921817619338
43.328082108113 13.023152323937
43.320099511354 13.016059249202
43.322120010558 13.031896777953
43.287925056803 12.955249684397
43.302925072307 13.069800340624
43.362218543145 13.009039042077
43.303873870219 12.996200109851
43.359426581955 13.076509153527
43.296477961979 12.974539762838
43.276962184963 13.002563836541
43.394123302977 12.986778670005
43.295534438612 12.976666291254
43.378406998433 12.947288220745
43.37596605924 13.040989684912
43.290839790057 12.95716130687
43.31688986363 12.976009644112
43.341345061262 13.016601281269
43.265770967263 12.996244012397
43.398347191719 13.01089810862
43.29700595203 13.095625891881
43.254949700693 13.027243560679
43.257875525068 12.996193177086
43.368847042515 13.01891502741
43.264424633379 12.997030845863
43.28739601622 13.084913504371
43.303915300569 13.044748995495
43.341335314972 12.9306954448
43.315229767636 12.946683400307
43.311893822326 12.964658029382
43.27649138976 13.010306391891
43.39186040379 12.975323216068
43.297146632961 12.976801823835
43.326650488829 13.009578524649
43.302609862456 13.088703926249
43.393174879923 12.948298356027
43.288221207137 13.094677398978
43.236402443741 13.00160863113
43.337053280036 13.046046145303
43.366409016499 13.013019115225
43.296367162998 13.004766766005
43.411089717157 13.056940381928
43.39637001671 13.007793843771
43.250621530365 13.036233976987
43.345739343386 12.953544702846
43.285825704844 12.988056932591
43.323614753489 12.913417900427
43.292744572897 12.964183046952
43.349488861577 13.03826933358
43.306121224701 13.013211768613
43.330994972203 13.032382339741
43.273948536869 13.006770418981
43.286661435073 13.09257987148
43.350576673353 12.940563482226
43.355137837771 12.995408287291
43.304694303474 13.084382545729
43.237221920994 13.042712009087
43.356458785665 13.080563040974
43.356171896402 12.964665917684
43.317441260704 13.081437864821
43.392741674296 13.080913192186
43.300537617107 13.067696776294
43.314380157441 13.095309278062
43.332111051947 12.936105719293
43.315705427137 12.982675788471
43.316405517217 13.102579445181
43.350683412233 13.032361658792
43.251687237665 12.971262757674
43.313968390394 13.096152437451
43.378060759708 13.077216674631
43.247395081116 12.981250378316
43.310297870243 13.00257293044
43.28748722064 13.076099224911
43.321309726856 12.941344710526
43.390501321962 12.997621842214
43.244121753745 13.017134407099
43.37229818032 13.029744525941
43.298320350397 13.101790411932
43.28802566758 13.009755896896
43.330944563903 12.935278053852
43.270246594825 13.006322587399
43.368784045528 12.929246079165
43.297798201601 12.990718750765
43.377461496472 13.045352928848
43.313382317479 13.003675634995
43.252264707953 13.034641403276
43.309277897866 13.051406630825
43.323317732834 12.929864146269
43.361279243327 13.058904029012
43.2994038576 13.068770965149
43.250248775489 13.009892194557
43.325869860766 12.903064354764
43.308812285007 12.943193431473
43.315887067635 12.927696793327
43.259882854905 12.991844228952
43.286302723611 12.982852910658
43.301196261936 12.929842326778
43.316841516347 13.065155679877
43.334672412546 12.909031442345
43.284225179036 13.061816691471
43.31355067173 12.912525339032
43.253410185361 13.050468049057
43.278270434273 13.052235926081
43.318971186115 13.063121068807
43.3126695046 13.008324330698
43.318426029926 12.933012830083
43.320881926625 12.964604312559
43.27696891144 13.065913564577
43.310059035362 13.060261029334
43.267101951089 12.9838088276
43.37127782191 13.033751855641
