42.745344357933 11.939504523289
42.282550397482 12.941334223368
42.049501046582 13.365874545374
43.479562736361 12.460399850507
50.770408105231 -0.27323240292409
43.326176513159 12.052371937827
42.329092647589 12.413344207433
42.150663067678 12.399012799116
43.687742180532 13.535246505207
42.809558835744 13.117997609621
42.063501231889 12.131135943893
42.044852392324 12.531630947058
42.712488049063 11.910112776307
42.569714633103 12.980312393524
43.05552524752 12.705965497881
42.208965876724 13.76497791559
43.085217516464 12.642577038001
30.428624325463 -95.606905047808
43.330276061024 13.418157512538
42.410180977292 12.537227840434
42.624445734392 12.150885788349
42.289394145522 12.156946423558
41.836463444648 13.335328185714
45.66171846523 1.2338258695015
42.48216949195 13.526196990894
42.440344507101 12.13066188813
42.19985540502 12.138631963722
43.389907251315 13.743633680879
26.995295084528 -79.84687224796
42.315354008861 12.017786725919
42.525972653912 13.444031520974
43.162670159809 13.73856913754
41.839172300363 12.340565594093
43.005601367471 13.512749338782
42.253836561599 12.881947694778
44.179835948783 11.2465816522
50.36893231858 8.5549875430553
60.751229285147 99.622098946768
42.808776075418 12.130556312937
43.431249649951 12.573816215908
42.91730287809 11.928006637363
43.664655931159 12.171588580691
43.676390172318 13.188369786476
42.670323682816 13.610831694517
43.737657478444 11.92490381001
43.220389400732 11.97613595753
44.974825493535 11.557155184379
50.265165668104 8.1240380006489
42.408158167476 12.835714454707
43.085658136751 9.9992671315788
43.630696311908 13.59112275468
29.754242364677 -98.931062289509
43.039443542289 13.271090415454
51.241807758222 0.65603966850138
43.498197406783 13.373887526067
42.019224658638 12.077419241016
51.542448388665 8.3421511092885
42.075276440531 12.124481782396
51.140298032267 8.4011245278647
43.051103369378 11.835309859775
42.191886999289 12.745632551979
41.924798703273 12.823455588831
53.516024644727 -8.0093672815754
43.096862739018 13.164573152647
43.797869480142 12.752419068849
42.186171682194 12.125967993946
42.242935915146 11.963520452384
43.656165091647 12.176785997218
43.165235322532 11.949064950456
50.687579717109 -0.83234664795098
42.184507050193 12.787047447559
42.129113135941 12.065562045719
42.285723413029 13.584464476737
43.616238053265 12.285773107936
42.49283867075 13.58803082613
43.565050844853 12.939078446005
42.936765575307 12.6854255743
42.547041899335 13.096996161222
53.212535106909 5.0047009821305
43.023315217843 11.859175836157
46.885758766851 7.2202470168566
43.764811598142 13.464746711082
43.340935640682 12.830241105927
44.972273612452 11.27652936302
41.858637555458 13.546383072432
45.761097265042 7.8355394245734
43.266620683163 11.959903956859
43.179679852084 11.86737691281
42.006233993476 12.965617610147
42.073781644515 13.4189471884
42.06807358056 12.460576371525
41.991310315689 13.564406804559
43.476347452738 12.502299352338
46.98565608728 7.6828094207136
45.907991768284 2.1640929939058
43.334269777117 12.300699910776
42.425360440961 12.31689292349
42.200274982138 12.289571541517
42.706258608378 12.101617416435
42.994817756135 13.215449296059
43.506346082572 12.070402562672
43.005837614672 12.167027471686
42.95567484852 13.640218768122
43.695237533534 13.24079155423
43.802570950148 25.983212070532
42.224615233145 12.75331119066
42.624807179752 13.1476330623
46.675661865936 8.1798009714949
43.572571904686 12.478382061479
43.029320762527 13.537389043524
41.885483620891 13.146637071411
41.078234811024 13.658850716825
41.99321457466 13.537396725538
42.594095842745 11.950796752235
52.257656068428 5.3356336055257
42.065152382064 12.188014169332
42.957453863696 13.395267649293
46.042333877665 2.6345977106293
42.396870969535 12.781824804296
42.578449953172 12.397940371858
43.138146134644 13.623663211553
43.457140214509 13.76306819674
44.757403918012 7.6424680645565
42.423876868314 12.902766220713
45.843381506784 1.1306925244307
38.848689195526 7.7193124844612
43.319283151237 13.4889097016
42.00784258966 12.308628940188
43.779684587766 12.754379054438
50.201341626445 15.186017840954
42.544582560933 13.324379809838
46.27719501838 2.8383297942757
42.088774640641 13.105015002261
42.395740039386 12.006499751029
43.495565043548 12.752960902545
46.026060157188 11.025972095379
43.373184843184 12.323678800077
42.13000604891 11.878931177279
46.199410480826 -113.6927627753
47.373267467773 8.9028280283803
42.674906522837 11.93157559865
40.843660004555 -111.66453208931
50.309156433357 9.5073983513319
43.645432354738 12.958944177257
42.112149945068 12.499969860793
51.847718672756 8.8313065421913
41.99714570867 13.479153861536
42.740658089419 13.592565036676
43.365914976416 12.749146859997
42.072642869837 13.079851301445
37.434177140359 -121.60515408867
43.660427880802 12.748920654782
43.136551715984 11.851085531943
42.18836336035 11.95887810318
42.014578767614 11.853559574996
42.429239001812 12.758854424024
41.982163771534 12.76444456438
42.557018791606 12.968479949987
26.286241020658 -80.206150574981
43.023030699262 12.316193522588
42.98381910521 12.109788531975
34.514363194629 -84.722460136992
42.924731039894 13.593611657917
41.944302061568 12.852440474973
50.590066034854 0.24805489701129
43.585106578949 12.244842007426
43.737718698933 13.014703372056
43.058714421514 13.678752816619
43.038780634796 12.354567797575
41.303832701235 -74.772986183434
32.752529126051 -83.504039661169
42.111317713352 12.638849241512
52.519752789298 5.8253850350507
47.250528674224 8.6329813583908
42.256734636753 13.381331317791
43.365978161996 12.38667371377
42.067644364719 12.608960018332
45.921364791191 9.3032972632224
42.256564440812 12.14446687195
42.462485904576 11.895713929991
53.024157925287 6.2108633916177
43.512055851779 12.591945942322
43.831372173446 12.119305792807
46.122138325648 8.050275002164
