51.927570307594 8.3974933435197
50.743888021793 8.1841415186339
42.196634369549 13.324626682498
51.054915620505 9.5762254877837
51.973928769107 8.4382526220001
43.607489071625 13.613545582471
41.988985669815 13.48657004234
42.223469602069 13.336585542365
42.150663067678 12.399012799116
42.238642629834 12.125909613991
42.405115463981 13.263336853268
59.756158845174 18.632316292721
45.601230343152 2.111667396087
47.554074905393 12.959387169454
42.148811502007 11.925033424501
42.679953928443 12.087110557189
42.258166548937 12.036111223549
42.920754607751 12.933951591132
42.15768385036 12.931148073159
41.358525132716 -82.678176675515
43.246736017657 12.799966712876
41.501210559079 -73.490627617935
52.860906852577 5.7975802202931
43.355804839358 13.434699855037
43.323968314738 13.215207997831
43.533099193395 12.428989410621
42.977698220882 13.232101407497
51.012611806399 9.1527680881101
44.805131736561 9.2621764115092
42.805669588899 13.089121419533
42.651109210074 13.58314073767
42.438392634263 13.301785829639
43.213419143697 12.067948187288
42.229181576648 12.89516427598
46.761583544203 2.2830128168142
42.817275630246 13.669603383036
44.546964438372 9.3983667074252
43.32260029035 13.185823122613
45.99749738071 1.9928973847967
42.415825451008 12.65549323787
42.788715736863 13.66437239326
51.223275562387 9.0807762104463
42.176941153697 13.376161197862
43.556857677923 13.070338184068
51.691411499256 9.4138002486032
43.110010706426 13.531995917939
39.937002369813 -77.142251691806
43.056001136127 13.713218656722
43.49050018356 13.327191168616
43.666929343116 12.563028006632
43.749684458251 8.4590103782545
44.7312578262 6.9360047020209
25.474568608421 -79.453073377742
42.604048034013 12.657340909216
43.816372883442 12.297982521981
42.566011921787 13.281186237618
42.369728106733 11.853264856105
34.191709960474 -85.063808643196
43.224920181683 12.498891917776
42.539551439502 12.063136598146
42.123819378283 13.11339880906
47.170754517508 7.1490272158519
41.899089467686 12.099411913261
51.885217794164 8.174372543662
29.389600941996 -81.39096185191
51.463033745048 -0.20213043424865
46.733429421547 1.5246972723513
43.098338826626 12.287374316404
42.727007157529 12.977263540971
51.215918766901 9.444093160538
42.208786125413 12.60540757638
43.291654309415 13.515434324537
45.456942256753 2.2451194870496
42.030056919472 12.653597752889
42.461768829034 12.863150036851
42.124246395272 12.283381932102
42.67644154314 12.174082164289
42.667514654208 12.000227393604
42.499552000102 12.458848987941
42.480885136652 13.108883878288
43.557256148012 12.658645403433
44.922241397494 9.0869398609441
42.515077972114 13.397635047996
44.618748366052 9.4606160531335
43.585599169429 12.62641052188
43.046753590038 11.837378227097
51.785238472645 9.0847241934783
42.048675468701 13.683540386953
41.978471449587 13.463438017531
42.426972509582 12.864774342584
43.809916371412 12.141185710293
43.154637347534 12.575583931813
42.596409523693 13.113937417119
50.720510789994 8.8108515310152
41.958842567636 11.886286174381
42.635092533045 13.415183995599
43.560376115891 13.711536861843
43.063322044494 12.539417122763
41.908911218845 12.703816982801
42.308619157576 12.224014510992
43.63109552333 12.7297021089
42.917524153815 12.012610038769
42.983743349104 12.334852602975
42.784552555452 12.296472816421
43.184619219149 13.740993161586
42.577489768911 12.109544925929
43.459821184867 12.134343626527
42.196336829216 13.10435200443
47.094003838996 7.1725346702954
28.591661900926 -80.663217339311
42.288386108509 13.015771978563
43.084260612786 13.419344984677
43.671507133505 12.082995337959
42.391029067541 13.605230803904
43.383720612353 13.362473288275
62.168893114742 15.641218885147
61.010706061502 15.611323955754
61.378864159518 15.202885732615
62.122613490616 14.707413622042
47.468478933661 8.4370145315477
42.028691868332 13.173609828213
42.785085813063 13.293581579038
42.524792604414 13.219863279846
43.1160354154 11.966968170373
43.275784426518 13.392649742047
42.903803734085 11.992206418904
42.059866145302 13.524130385168
42.900529382725 13.458681483056
42.686983932616 12.266368284035
43.413472367664 12.85214588507
41.893774263835 13.415120100889
43.642481218412 12.676155537237
42.859449970026 13.127687538123
42.81758853228 12.076814993807
50.677511256969 8.0127077745333
42.829114119929 13.348537828957
42.862024265298 11.840845486096
41.897116542301 13.156437757053
43.223242527465 13.374542112192
43.198654598204 12.732244064928
45.455438099548 2.4261034999164
42.440704649541 12.456011812902
46.746699966468 10.018736124189
46.112604000192 1.0072510074858
42.998809711562 13.818814903434
41.359180329221 -74.035332057307
40.614825929759 -75.728919066202
42.538709044728 12.389789754262
42.932283967257 13.631282728015
43.626949418649 12.681690113026
42.578202866774 13.060577426155
42.17503518668 12.782821813984
42.669307372865 12.649305751871
47.27837295822 12.529744724778
43.286920434484 12.650868263885
42.917784079892 12.329259769234
42.141668696509 12.163513685208
43.797062556186 12.797829683331
43.366407148266 12.383186915158
43.552344323414 13.131739826024
46.34137893484 7.622391825366
45.2621157165 10.273219868761
45.324599643019 7.7287452324427
52.432687247141 0.24518051703237
43.466958874609 12.446964428058
41.853508842596 12.677645443344
43.482715172008 12.416077091108
42.788077807908 11.861663181291
42.386256856579 12.58171993337
43.56059970083 12.922824862398
42.285426288997 11.897192801322
26.837984793727 -80.888047873266
25.147953479603 -80.686230141333
43.741373054118 12.905505277193
43.264759126729 12.577127943105
42.54095559967 13.110180828793
50.800998774032 -0.48671712055649
43.285058871065 12.241159072279
42.368015215925 13.070929907316
42.892317046382 13.705354519538
62.237912606093 15.646376184023
43.481690563507 11.957462144085
42.844647007477 13.595869849269
52.258668505009 -0.99077438428102
42.903434869344 13.514733946677
46.819414118221 2.0785237187885
42.081286799221 12.69210048613
41.994215773903 13.532159417671
41.886777930861 12.99725454582
42.757784605866 13.594697305765
42.666638908308 13.20764405199
43.286616267791 12.213318863073
43.434172805156 12.57946823613
42.809912350893 12.838448538391
43.725903585912 13.022140393065
42.011828202315 12.235782249496
42.477705638168 11.93175984592
43.569936594747 12.309753860047
43.001798782985 13.513225700966
42.45434406423 13.150003827734
42.235025998335 12.242862974893
43.753909835964 13.479074467218
50.57485736747 9.9843344846667
42.214385559903 12.257265978634
42.38507827112 12.360694096613
45.353390900839 8.7087846536463
43.457361106995 13.422865153508
43.040405753108 12.654660139559
42.828812112042 13.101802596425
43.383542986321 13.404723865655
45.3100964787 1.0347354789426
50.892862963207 -0.77509266412122
52.425717146101 0.21852731523502
50.243755802626 8.0418828302258
42.730159841373 13.823299701264
42.108598160629 13.36037553726
42.203918684856 13.544668116416
42.018102054048 13.600391600582
41.846421466158 13.412938250442
43.628318281692 12.913851208034
42.390326807131 11.547536013714
43.043259836309 12.874634776227
43.040395987726 13.532984710102
43.540857803815 12.018757715851
43.36931689522 11.887910729709
46.805814325973 13.21855813347
41.945926100943 12.741012055327
50.365974949843 9.9152686795757
42.998334095834 13.147374600727
42.878328717278 12.708032056574
43.344190953946 13.261140546904
43.526400912354 12.034107590131
41.856670332095 13.455416929676
42.216095710295 13.251622480478
25.963512802463 -80.887112248446
51.300033817207 8.7759032457955
43.241679307207 13.323015651837
51.344729441844 9.9225902212423
43.303690191055 13.178742614213
42.368186027935 12.905634383648
46.836348703309 13.607046270814
46.857591967286 12.34109376645
41.951923139392 12.670200923791
42.76318857484 12.55334790917
43.398458632381 12.426856833264
42.10525964906 13.247151365174
46.495851045028 13.413856874201
47.431878142514 12.980759617652
43.448638220082 13.770155810665
43.227990666066 12.658366686061
42.56631075759 13.563334301397
42.767526512413 12.549463795775
43.387566631396 13.549185979922
-38.411675534868 145.26917692768
52.347436436381 -0.50837546103558
47.087865853977 13.844275252144
42.251209683854 13.827051796891
42.36496029208 12.221873453011
43.123654555142 12.571201023467
43.156194657647 13.652827682764
42.582079502115 12.139230102386
40.707916238361 -73.539453464943
43.743811212847 13.39967081018
46.555041260133 13.00283896157
43.601722230039 13.60069855938
43.053197223273 11.934781714333
-35.257338727279 149.79284841937
43.077416971849 12.425244389321
42.1470171079 13.663606672878
45.561105636675 2.5648056112997
46.255606528025 1.3501303658588
42.484157348764 13.177770509954
52.927582362633 -7.8527661067679
43.035587010943 12.047789608172
43.745692609712 13.44743421231
42.421781584372 11.910758246181
51.909119884441 9.7283783102075
41.96852615942 13.779961892788
52.11412217776 4.8292273139019
42.661329878357 11.901757361808
42.554062187951 12.344449746604
42.406961234497 13.777130920357
43.075093135759 12.603194046136
43.447379546935 13.759560595176
42.572195778888 11.959827787711
42.172323349499 11.899808779333
42.690478951547 13.057474334306
39.956075637793 -79.455929549401
42.602305716205 12.000762226547
43.407519641543 12.607723279694
42.478208483906 13.259700391584
43.604557481431 12.94370317738
50.590817914619 9.4541984277098
42.394232896827 12.536755952324
42.865831805352 12.016180428705
43.675841651261 13.566204425232
43.230142563244 11.967159859376
50.791706236215 0.16026660895454
33.256974549248 -116.92724208515
42.803359151747 13.398755044883
51.666455388612 6.4043414628386
50.353635864963 9.9893439002285
43.079681344388 12.228227250405
42.158451470176 12.333854317376
43.106152204867 12.323265739422
