13.473625197783 42.163671934143
13.431366337685 42.209986285891
13.439511092605 42.183082505701
13.441903863795 42.137032085183
13.488439812108 42.18557652935
13.475566852615 42.162193439997
13.418869456958 42.235009865966
13.463330405535 42.132688777138
13.429168422462 42.174091009991
13.454685748322 42.136802086226
13.452597502385 42.190159345155
13.407201130154 42.207834929346
13.414821167225 42.198260090427
13.489667112722 42.202126336865
13.484130316195 42.158104543669
13.469084498246 42.123468510885
13.40987729023 42.16612687158
13.481577804092 42.223587951748
13.409002581823 42.158624419572
13.445115985111 42.235663675368
13.453740333439 42.192063922639
13.459930776388 42.146775728181
13.428572234453 42.153394159488
13.408471659037 42.232033959253
13.424043598338 42.228475990833
13.43480810266 42.219125674229
13.473192290179 42.22055758362
13.420316905466 42.191755693982
13.469144287759 42.222336758984
13.465173414215 42.213849686207
13.387465116304 42.211807585441
13.451119862262 42.231690566184
13.443925474067 42.223943310449
13.398045573124 42.224914277098
13.418987743773 42.228665586223
13.482002225019 42.17773936839
13.42262574307 42.240212105813
13.371635642562 42.175698089051
13.386316476125 42.202368708908
13.424004178713 42.154584125709
13.391515007446 42.195884852317
13.442661391333 42.208425426974
13.374560933756 42.187768601455
13.471603349557 42.202063311938
13.482904265881 42.187665324767
13.376161197862 42.176941153697
13.383774696583 42.211150756225
13.483611096409 42.188255726934
13.387386935033 42.14415579624
13.441430147964 42.152613662741
13.481298905577 42.189317993463
13.431950618735 42.238486581148
13.440240074641 42.23524858769
13.421741056473 42.132874386468
13.455889227568 42.163097416613
13.385603488158 42.170225117456
13.385911418791 42.169042843959
13.395744022653 42.221740770744
13.44700971129 42.153746282309
13.486768903924 42.183257211106
13.442244486645 42.229793939867
13.380506103591 42.186290748059
13.471413348576 42.228422042575
13.403650513128 42.18986165907
13.413090816447 42.182492408076
13.483015363816 42.15083491206
13.421072864191 42.216465023468
13.390197716856 42.134283472867
13.439475083018 42.229364882817
13.476837813166 42.213485399382
13.410542962819 42.162795305349
13.440177327714 42.122284120492
13.475744461418 42.136916651941
13.424947907436 42.210321752473
13.401986726768 42.165276174066
13.367631483084 42.168689234282
13.412383188241 42.241869440436
13.401386517308 42.230906681752
13.466769174445 42.159826106953
13.379480672267 42.167672925728
13.426717415672 42.156234461442
13.472418881728 42.155661257077
13.39910917517 42.209912382185
13.406670801086 42.185822122838
13.387517082706 42.156240865682
13.416783191944 42.221757979257
13.400201544373 42.138513404496
13.466057042364 42.176007007817
13.445813989495 42.167732626299
13.411079221618 42.224723283327
13.436948428155 42.136721201326
13.458275694169 42.219731815748
13.380568223738 42.181167746999
13.404663712927 42.148447142073
13.448616967766 42.143811422488
13.439105420599 42.166193893278
13.447327734666 42.217517788179
13.445770488815 42.133277186276
13.414295191625 42.163617076449
13.449586034517 42.195457972233
13.394068080671 42.134335619015
13.433280342947 42.14410986993
13.430294324865 42.233237919527
13.39702411715 42.146201890517
13.422987384474 42.180755576224
13.436540562418 42.206526449999
13.4599958153 42.187843106796
13.427866372966 42.227647755422
13.416918225802 42.140300555707
13.452719004125 42.21299476887
13.3854335935 42.139214386318
13.447721280853 42.195032200422
13.464026237144 42.230436682829
13.380973873393 42.180472259515
13.439106906058 42.209803866341
13.389495420006 42.200334668739
13.441069226938 42.216291078954
13.403266335837 42.141074059271
13.47962820275 42.161052593126
13.40115087081 42.160469052012
13.440001911244 42.122268041208
13.39966535263 42.129337726242
13.388518329446 42.148862587378
13.433644226044 42.223192026964
13.492943821725 42.174346288768
13.447444254762 42.196296944861
13.39062711058 42.188030783661
13.470289623605 42.132259532426
13.464519824139 42.159986259046
13.402800081506 42.155889719818
13.390565294044 42.182004475141
13.365577259758 42.175110901343
13.465594216953 42.196574930214
13.39645116564 42.155642236211
13.445595239052 42.139409185473
13.459571546179 42.228117035363
13.375395235801 42.157614444477
13.437092194558 42.237651810647
13.448497420407 42.220985734494
13.41410295221 42.241501468367
13.489490179594 42.196455811729
13.468491516315 42.187490990959
13.396207569838 42.143992741215
13.381216863369 42.153019379917
13.391038774716 42.168923513132
13.427153856713 42.129101939115
13.389668432732 42.184327337066
13.444407448866 42.205686648959
13.460586482894 42.178133615397
13.417975791014 42.12612634393
13.467481791746 42.150366708262
13.477661026885 42.210152346294
13.467831904307 42.146177980207
13.437494600882 42.122930159405
13.453151736175 42.205500668031
13.419752265077 42.239550522195
13.442013283021 42.21706250229
13.453390365233 42.184816629267
13.392456781789 42.151612743361
13.373312132162 42.193913688529
13.412212885664 42.139948885974
13.45511784195 42.18956213176
13.409820729147 42.169562053967
13.382877350053 42.206752115978
13.449509012743 42.164981365767
13.485755803776 42.178067506861
13.419116581541 42.147749133964
13.420850800567 42.144165106672
13.396255218629 42.191764055862
13.447897045637 42.219067169942
13.431426750718 42.236877654345
13.426732613459 42.174823392751
13.447009346677 42.179405652557
13.402511641126 42.17754077782
13.386509685978 42.137927321337
13.470934515594 42.155843747408
13.477612800674 42.208125117353
13.445958858585 42.136145497757
13.4476746486 42.134471096182
13.453629159601 42.231681662741
13.471301972175 42.17118387726
13.385610169466 42.176405648338
13.403404293325 42.176412101938
13.470826139914 42.209270994763
13.432922432887 42.201512077938
13.45355399535 42.225017025727
13.410059441559 42.151952054443
13.380247757968 42.133466990748
13.411854610991 42.223010464231
13.422251477124 42.180449206021
13.498074120164 42.176600443768
13.419123201847 42.168439725513
13.397455210538 42.162073465161
13.388121044465 42.167541130079
13.464685540884 42.154235649015
13.494919270063 42.195695178695
13.480388590845 42.170344387747
13.469459334162 42.131625958335
13.420717884538 42.14171599652
13.432609223052 42.237049754375
13.434416696653 42.175288828192
13.434953162205 42.149869730321
13.432977819572 42.149178979543
13.371576616735 42.177619921147
13.386850363776 42.148916754962
13.417623112659 42.236806936693
13.427607830834 42.145230453084
13.462131339362 42.140654172369
13.430290760228 42.24144031959
13.420969828715 42.221026807216
13.372272405036 42.178798633266
13.480218224472 42.205735881464
13.446664111452 42.14559151474
13.448278699766 42.216107760212
13.424692724585 42.145648132167
13.435425109919 42.180812582944
13.419005703863 42.170356197849
13.39198136024 42.137807696677
13.389767608808 42.143577635842
13.437146450152 42.232989989816
13.442680525821 42.199013954608
13.402691001747 42.155417820066
13.456590832445 42.177671794418
13.434708639271 42.221346424551
13.373526052767 42.172606207532
13.478267036622 42.207595764777
13.41650632511 42.223309435541
13.45208201534 42.156855213084
13.396735009943 42.143260634592
13.385193955354 42.178549581311
13.44231626321 42.13386843455
13.436661330276 42.152017260062
13.483122129239 42.205619800487
13.387701030556 42.180388078664
13.407202411654 42.215989990747
13.41551066156 42.184057840257
13.420709965036 42.223949597808
13.435004012417 42.153697021398
13.472429179827 42.19466895435
13.378000826306 42.16137328707
13.418512779038 42.136735581412
13.438265848199 42.175163826076
13.448922143548 42.22538883531
13.464025608967 42.173750208327
13.41863591944 42.136205329644
13.478491012716 42.221935229966
13.418686949864 42.219304426231
13.395185566247 42.134469906883
13.45314704324 42.138572358146
13.448377534977 42.157200535388
13.470867428703 42.128633214707
13.475697046388 42.1480457155
13.434635165837 42.232345678507
13.399408444969 42.207757729689
13.464979864894 42.198732556423
13.363188023403 42.189513455254
13.443690738403 42.120057751967
13.461827897703 42.173309844089
13.426726658583 42.240126108884
13.368881436723 42.193857963308
13.468319179264 42.17255100944
13.483844142653 42.213076400691
13.448440450008 42.214912087312
13.370332516923 42.195153690986
13.400379901959 42.202303963363
13.473209695201 42.225576380859
13.486828740934 42.19449167151
13.430999873893 42.225673260293
