42.063916356354 13.148854703267
43.01260135698 13.292334509705
44.923984011064 8.4641001475831
43.187135859035 12.447241020618
26.620859721482 -79.257723710429
50.913117279724 8.9561850060505
25.52995825675 -79.156881600035
50.781616797103 8.3843563876042
43.067340487667 12.803586355806
43.371812218063 13.720189470223
43.144579898654 11.952222181949
43.675479031969 13.591359366959
43.672209408468 12.878810286486
43.340629656513 12.784678827892
42.832207732311 12.245911109397
45.892768781978 8.7780197580731
43.320059434681 12.318739504257
43.02213413318 13.623089362713
42.937279415309 13.063492248351
43.719333353343 12.725518602305
41.853086194907 12.166530849511
40.255223277129 -74.60649187337
42.173861467381 12.131682073314
45.334256549452 9.7304729280227
42.522943699997 12.955383416265
43.107646895644 12.173976888982
43.235966546592 12.820792000213
41.863403766373 12.735465965597
42.60470087158 12.111730526274
46.05393131911 9.6612136509112
43.420722428461 12.0857291483
46.398208177904 10.842797956822
42.23894747127 12.286615232626
42.850472590372 12.092060019792
43.481759249478 13.795964549222
41.852092265569 12.937357967246
43.108243893438 13.593147540297
43.681132947433 11.896782844766
50.510240769717 9.5242322303933
43.709942011049 12.47849409586
42.999227998333 13.478543536516
43.476224379391 12.67663001489
43.815066652773 13.535256989105
43.208424596211 23.246052328148
42.731824966044 12.349200700593
43.262863450827 13.566973032715
42.232592386789 12.215198659925
42.630630492547 12.250919870704
45.06452982913 11.218074319359
52.295472483521 5.8947340409014
42.590898961591 13.51585311981
43.090557196241 12.268162868597
41.90181398529 13.778666125528
35.025143027962 -118.5674642628
43.179460750066 12.764378459104
42.407265251713 12.228289684874
42.420435990424 11.925090439138
42.303198957978 13.673636434003
45.118525211287 9.6459476689114
41.081023252759 -75.335083214388
50.57171813239 9.1954389615894
42.494019333524 12.089667917292
43.305711717974 13.498478574931
43.219661977265 13.565471958188
42.29451839176 13.777545961469
42.228426284284 13.293701152475
43.018560476631 13.099434880141
42.018757885817 12.308575777036
43.123873579395 13.025589902918
42.761537702198 13.773608582941
43.613676722003 13.694781822031
42.162002872306 12.535075649889
42.368362446974 12.772768171885
42.055028064689 13.550063651332
50.891826726912 8.7491834539683
40.846111463762 -74.626842807851
42.611767807816 12.982096324222
42.575178641768 11.530461745395
42.607061420871 13.806164821541
43.639260860944 13.712805352992
42.2499575295 12.226449203804
47.761334424262 7.9344258024052
42.669551385434 12.160284016843
42.409952560652 12.489850066386
43.350040116066 11.879348904791
44.680192365183 11.851986404111
41.929078835051 12.113164747208
43.679525593167 12.973451582724
43.060880022638 12.271073091457
43.652050570444 13.088306808906
41.990788703801 12.654191263346
42.768897503062 12.474559142962
43.575404350003 12.884511205801
43.898920041674 10.727878089237
50.141783100153 8.5197723440452
43.442085489392 13.536864176198
43.706976327464 12.979104597133
42.752062882668 11.886886650665
42.004580290546 12.553949563577
42.186473209053 13.665902390476
41.85917917262 13.103464721771
42.691214381129 13.403290704567
43.476820759718 13.671387336551
43.616179732448 12.472973522506
42.38182086238 13.650734200466
37.188714359509 -96.692225482637
44.643806401337 11.150433223017
45.104677015827 11.735263690413
42.907538051695 12.695500145546
44.251428709694 11.048343320495
42.869030545891 13.680857499002
43.048741431485 12.836901245118
43.343315132143 12.387390366026
37.174861908506 -97.854132070138
42.478955541516 12.69119096116
42.446899683444 13.466183149494
43.074492761455 13.182379698487
43.496880094307 12.462355193918
46.115462610552 20.334179763838
43.813762654485 13.294052858529
42.34050261166 13.397024418689
43.602355177816 11.985056782621
42.581854875491 12.988689974432
43.336161357528 13.013552394257
42.601586942396 13.476415098422
53.447748024458 5.5519829656938
42.447972025486 13.380748904974
42.878148303331 13.484080907669
45.104408301511 11.274747089841
46.580572099695 2.4238681655488
43.439878817408 12.347886354845
51.28302166857 8.6983896506477
45.465734869459 1.218297472791
42.08187526936 11.941110649605
43.74116860553 12.426978979945
43.147208093289 12.018253210962
43.703749191365 12.905883487291
51.593915224818 9.0152261555266
41.852311009959 12.605222285097
44.980752267449 11.286628854825
42.037201948968 13.027006336056
42.323075604331 13.045823291452
42.162068432759 12.926331673735
42.993739910908 12.050165224399
42.519476166724 13.280195647536
42.429771561397 12.660255601958
42.170531135619 11.837692768258
43.314448773563 13.451467749894
42.283876209673 11.85415547383
43.670205311717 12.516577687376
42.459989881844 12.25291815088
42.666142980899 12.240734628535
43.272814237195 12.242589638237
42.968042439787 13.063070748983
43.365198053145 12.838045895977
42.793845008518 13.376455137237
43.112441167774 11.960076555612
43.178512517001 13.531158789329
43.079203959147 12.743262497144
44.574851380859 8.8128304785666
45.519581934609 8.2213512280612
39.948224405886 -74.807450790466
42.236331568231 12.424102088655
43.730766261358 13.47943001684
43.226588101253 12.503187080635
42.114998927414 13.168866543665
42.806040720014 13.735046892325
43.777648064691 12.117044377682
43.33760364418 12.371823022802
43.804718072456 11.933128368565
45.434358680802 9.3732712223326
43.0217064177 12.080373593199
43.073138136472 13.152848642877
33.279171504013 -96.646017030049
42.585958435494 12.855177882547
43.795437043458 13.756356101391
45.918706215415 1.9570719324784
41.853865338573 -74.963212229891
42.679015224671 13.161255632623
43.241083320364 13.791029281372
41.995847478528 12.304823737289
51.36523993796 9.4199436551053
42.441834501802 13.296586296936
41.664616310487 12.789063759793
51.423614925902 8.3256715044033
43.534769979576 12.979939235852
43.695331468061 10.230312439744
43.390429003833 12.91604763221
52.50360795716 6.3471291081967
42.395442864597 13.182661878517
43.64343777657 12.672516362144
42.691425949678 12.141974261583
42.753451460413 12.935435411046
43.546196388822 11.889683471031
43.814356445735 12.041231866035
42.466524278518 12.580415012606
42.394238495007 11.884045009468
43.792765593081 13.145708723548
43.165756412414 13.71167647315
41.888078194546 13.689111323438
43.37983324026 12.70411545725
42.041284283663 13.517415597831
43.321580103769 11.939325722859
42.298162035804 13.518946925441
43.430715976505 13.552993367705
42.780616649464 12.814206043449
42.79841636859 12.364861062453
42.308446873144 13.530367121368
42.770275874909 12.405134347477
50.011529231449 9.4755606024878
42.019997376513 12.751526222935
51.729866154366 9.6912395072594
43.594939979557 11.959590960296
42.289416133582 13.426835244276
42.088536244414 12.527869527495
41.849156491875 12.323910949458
41.943548853038 13.619375410799
43.619555835456 13.731425738789
43.531140767306 12.326129667168
41.852030954741 13.728696049086
42.767535061488 12.451716316164
42.71035340417 13.104181134212
25.186405235506 -79.93614013797
43.320892171639 12.927481250359
35.823006675998 -107.02254572617
42.727840481686 12.138108062178
52.259424709603 5.8081617667611
42.521616790242 12.547760233093
43.610951665629 11.949561020823
41.915200849045 12.560656575768
42.685193092437 12.240727295301
50.674400077981 8.9533389233767
45.244667784122 6.8745231378495
43.376211720249 12.470862023307
42.11988660794 13.395429208149
25.030332926192 -79.500839333093
43.331111883454 12.099437496227
43.045290513938 13.043445538305
42.307729917743 11.980718252727
43.803527742088 12.866353247739
43.218666619278 13.570249118197
42.170157243598 12.596072340217
43.493431893894 12.933782914644
43.604559338023 12.281735495816
51.004946485863 0.54429368694979
42.422493327161 13.034327602517
42.910047698279 12.65163666182
42.860719463278 12.116271951777
43.808713818367 13.054432724183
43.549169249841 12.137168337451
42.005306888861 12.593981058169
42.101028349784 13.563631314136
43.243287633773 13.770282867279
43.576561105261 13.614028890924
43.808001936811 13.134657706218
42.935221420126 13.361877855569
42.899037005819 12.745938083991
42.895816969658 12.262503374977
42.532649673791 13.591244382149
51.023606831685 8.3418125665476
52.046596292661 -1.0018502800315
43.588637549725 12.395613244474
51.461045841435 8.1401046235767
42.824413924883 12.551962613406
41.892954382085 13.399823149408
43.526507747626 12.71398726793
41.930266407307 11.88196395893
52.416017724162 5.4710674554673
43.804368483764 12.086047816617
43.400201636574 13.783021572432
51.653289452034 8.3677019907011
43.011254115522 12.925972252139
42.652473939908 13.183606975353
43.810086408563 11.854769656854
42.648592982764 12.14757373938
43.047785222108 12.311534610743
42.709097277259 12.800449217132
43.231819166 13.480280483386
41.987519463074 13.600895963444
42.093818609202 13.829894328432
43.794066514279 13.185208804081
46.058168139801 1.2257217183829
46.237560350093 1.9549937480851
42.413923979951 13.521379228014
25.731580081719 -79.368936394323
43.675836862401 11.835008839089
42.443453219481 13.232233055065
42.897137892406 13.386210818976
43.165160711953 12.591170189267
43.752833811006 13.061273798396
25.997182159201 -80.958858016203
43.322072275154 12.961696433838
50.235726489795 8.9008076567672
34.162717180442 -83.477960652801
43.501942389899 13.412093430505
42.431904125249 12.165574300667
42.402677680109 12.869582931006
43.803588872239 12.045570469969
42.990245918294 13.182962461481
42.173273024251 12.511863622142
43.383996267537 13.12923145768
62.854082306313 15.142362550899
42.846663962534 13.477601820381
46.143206691436 1.1781214448521
52.013149746933 -0.66908015440175
42.500796361149 13.011074376784
43.340982238011 13.42820501629
45.693088712028 2.4908569410866
42.24167542918 11.876315995549
51.946432018162 8.0081299440973
42.850055935744 12.711841211075
40.368645064005 -73.694093084538
46.952619822674 2.6121141708512
43.398239841891 13.34152188822
41.473315975065 -88.328208319455
45.953561409355 2.455673244994
42.592733263335 13.67383136494
42.175649923375 12.982752230963
42.290305500541 12.392877177074
53.3126812134 5.6372940577042
43.737605817049 11.99019598916
42.659117388867 13.284580441811
41.888785114947 12.493668817235
43.181884162699 12.677350055763
42.541991514427 11.835300340262
43.2651209069 12.633377118818
43.605226157536 13.392880907952
42.712574171255 13.368721297669
42.09520356969 13.771154686257
42.651099085201 13.609268334533
42.409882223445 11.970026617411
43.144161160658 12.072067525758
50.389453968215 8.6454425820361
41.909152811372 12.612910267738
46.148718778113 1.1214873614355
42.09305643483 12.441197827219
41.94359414698 12.464801698695
43.250537645675 11.979059921123
41.739185510374 -84.53683852592
42.751241614016 12.819912285947
41.972576149282 12.78146442111
42.887436405724 13.520198332409
42.348369487745 12.63623262927
46.616737132248 2.9992660102431
42.772642691069 13.277208169607
43.576074887822 13.221765932751
42.751361706665 13.645738955909
41.953049783128 13.026413880788
43.394123302977 12.986778670005
42.307323426172 13.493436713954
50.851872015443 -0.95170853476119
43.795394066647 12.795787207708
45.656681694396 2.8617034754072
42.053489574277 12.654432540154
46.258033953262 1.801981532854
42.019640823856 13.215614906168
42.517098274344 12.644318096195
42.499510225628 13.462725335503
43.20639465435 12.445180934617
43.469152753946 13.831670233922
43.254728885041 12.595418352466
43.452907061902 12.740408562024
42.905568281166 13.550364854092
43.041953379795 13.245447037877
42.684427650054 12.953577737789
41.902199650624 12.867148073815
42.754258725699 13.472826087623
42.971632627312 13.178204313956
41.867439434823 13.480982063583
43.016780333622 13.759863116222
41.864288477651 12.77377253157
51.338776796283 8.1146415947539
43.809435166816 13.137440692718
41.926639574567 13.26600753251
41.843223496288 11.918263198791
42.567560734513 13.020932659538
43.056700713049 12.788120220338
43.343192739127 12.385012551411
42.169577875275 12.384669223069
43.668414337427 13.241498338658
41.747365338762 -73.807149197017
43.840002916679 24.950433209515
42.349025694837 13.76854274972
47.878899736274 7.1501027006424
43.594113557897 12.623728917292
42.776348288554 13.705123414169
42.834766336195 13.515131024905
42.297431897066 12.025818327475
43.3427823062 12.528406361851
42.478554939629 12.573580429246
46.581100526536 7.9273995728825
43.015952765504 12.416909249249
41.833591380566 12.631163764129
43.39300088046 13.406842992386
42.992685543391 12.889622857298
43.650083279561 12.560306329096
45.905002566406 8.4755151397457
42.169099758013 12.092231015273
43.049501028887 12.364310494815
52.348810706217 6.1574250876007
51.685426565206 8.322123626397
25.597489355393 -80.237865315205
41.91100227272 12.667625023384
43.795209132061 12.239121537322
43.076828458869 12.890868938033
43.128089454571 13.415913185785
40.380532255558 -74.722634167328
26.542862750826 -79.965115229858
43.258118950437 13.638020593525
42.632830172162 13.368956356037
42.334994686479 12.318373988552
42.53288552611 13.148465538022
42.004343117145 11.938465757288
42.309455185828 13.153878138493
43.109612968822 12.163279745359
42.568582652888 13.373349709631
42.498000030193 12.372391799194
42.176895683735 13.515022225473
51.389357392857 9.4974084182165
51.033072965701 8.7785322464903
40.041564715266 -74.67352863306
43.60295880523 12.181042559085
42.798605155593 13.646283299518
42.451967021682 12.830973277276
43.413998356303 12.042781425215
42.872027869298 13.356411981583
43.092045542848 13.476900319346
42.369495039068 13.660140891888
42.769554719708 13.756291541644
42.282492172126 12.503311931411
43.675007923842 12.460891709899
43.348305291679 12.829840787628
44.604310331612 8.26208316943
42.617349922965 12.05140766925
25.614389335074 -80.26932462438
51.274144333915 8.0154435900112
43.261330915921 11.995619986996
43.052177717023 13.449977917362
46.175914876224 10.322556335562
42.436417826676 13.566775174631
42.69910301815 11.970124206513
43.275190697666 13.687398077796
45.427016433527 25.612302304531
42.033682656977 12.758091531602
43.484740390689 13.401843268632
42.738310138128 11.948650736359
42.302723033516 12.111969724371
43.779902322136 12.183861284623
42.390008929854 12.414288105657
43.021789526598 11.873634741604
41.988585422763 12.294213990839
46.811143173283 1.1523567317763
52.745340565101 -7.7166877429544
43.186996481955 12.022610151706
42.799780527523 12.499066561248
51.851353007765 8.1446302761997
43.775754992301 12.211769893419
42.214627560349 12.393461676984
32.333054400365 -96.463858493046
43.337849677719 11.986844216488
43.783542725178 12.428267725032
43.557792380267 13.347890859653
43.046840828421 13.513065878096
48.440416858111 -121.64905706684
43.621099972942 13.35228635948
43.003404504176 12.660031744607
42.159413767142 13.257405431151
43.487954002122 12.575054451646
43.625393343005 13.12977463993
51.752477102332 8.1519587129131
42.667339445889 11.986674010303
43.809355338968 11.920642902127
50.964174779115 8.8101217494393
44.76751146634 8.4314280794637
39.878084259203 -75.206637763646
46.041275942182 8.7211776288348
25.888905254124 -80.681350247596
51.889203168866 9.5369710244876
45.720810159471 9.7699301038729
43.018935079716 13.199257802798
42.364541475386 11.872141913007
41.881492759998 12.713797959387
42.612013840888 11.937944693949
45.570332313618 8.4647528198406
50.501095280285 9.9288907171827
43.508780536034 12.222417284859
46.47553928165 8.860130363314
43.210579742797 12.544182949043
46.509352749381 9.5769079900728
43.120893666598 12.25020369482
43.003322054634 21.790194939724
46.357150461225 25.465102596425
42.357782367805 13.391614679451
43.61188628136 12.138036939866
50.634185766765 0.56357878028783
43.348202456438 13.426239039968
43.355577615742 12.279464696219
43.157082367783 13.794489890728
51.553073391576 8.9993327222761
42.823589464123 12.873149472716
45.679278633338 8.9592491371856
32.67818670592 -96.60848941017
43.481397603418 11.931503289834
48.580308544652 2.9941512367405
42.452736497623 12.927600793528
42.05878477269 12.144709909889
41.847858818198 13.037654620634
43.408864512785 12.897897329155
43.471062169651 12.158453789634
43.204444774077 13.305766812223
41.723884495051 -73.297952517337
26.291657639786 -79.25605151283
41.971272337258 13.5112244522
43.621161741049 13.31373239791
42.369064387127 12.492304121394
42.164267963827 12.826437681854
42.806165991747 12.095781594115
44.58621281301 11.21142080834
42.707915432171 12.814906378211
41.602122058581 11.809271967692
42.748982136973 13.186938103862
42.849047346923 13.576361437152
-38.188261972828 145.70180891364
