46.88269798685 7.6272266887255
43.039741188327 12.756706354116
50.305214965392 8.3477643115203
43.098481459144 12.131328276441
9.3074722189025 -80.59507631771
41.219681936952 16.700461082463
53.498246013186 5.6120117622716
45.567012394137 9.1448528490914
43.810626347948 13.324098013979
41.883430036683 12.427676329609
49.128963301416 1.9621339037583
42.754272752814 12.506566148974
51.62435697607 9.2801688296162
42.943349680392 13.704479994136
45.490400727347 9.8078340513924
43.644660091349 12.000881576932
43.717096757033 12.825010789498
43.224853963251 12.566979240445
41.985015322934 12.456185345771
43.506507779263 12.757309941483
43.790312289184 13.516521622223
43.786868450619 12.306078732177
42.026586405501 12.355403617211
43.430938226393 13.645442761802
50.733493091414 9.362924457231
42.819528234594 11.971031801783
43.108109111969 13.164209594116
46.210170206272 8.5593455135633
33.455660857789 -117.35483953164
42.352815905306 12.543936559739
43.664133839639 13.563087699752
50.418681448986 8.5540406441102
42.376584885373 12.106871113252
42.546434551287 12.778662351344
51.169842896131 9.375427212741
43.570247537277 12.740947989647
42.531977642596 11.896414315766
46.312960038107 7.6914191081614
42.31211788779 1.304919090703
42.471656931805 12.095749764303
43.06725683062 9.4679565501949
43.538676387716 13.058792158756
51.074786199292 9.2666591248785
43.407997420269 13.72334294802
42.662042844439 13.493559034792
42.900529382725 13.458681483056
43.737202464967 13.696616705387
43.46771464381 12.35373249296
26.465521106696 -80.150560492995
42.634863985088 12.11038197398
42.366942083189 13.507528418932
42.746424911912 12.693832672545
42.072997426669 12.116329846048
43.523942760923 11.971669261817
41.915104225259 12.933907554941
46.778422154849 8.982008092097
42.318850427104 12.631597477792
43.416783789854 12.00696572757
44.684500894164 11.635015944536
40.340854676595 -84.022063959112
40.1062621453 -73.790061732322
42.822109705241 13.131723724388
42.071052670067 13.155639467854
46.567654744986 24.563967942523
43.280608725886 13.557742911206
43.710535091961 10.366808673093
43.767838339234 12.758070649953
45.954180100911 2.4042125900296
42.193721141312 13.196407026258
-37.636483350599 145.10507744292
43.730947937712 13.55286070872
51.534108523062 -0.88820347731621
42.143681579823 13.787773867526
43.667984579091 12.518241201324
53.189586114459 6.1388836472243
42.880404117017 13.01655197519
42.878506555652 12.897548759329
43.439475137035 12.061814301231
32.880100615117 -117.49175947532
42.03266408624 12.930932457082
43.767887654162 12.511692924219
43.465232692431 13.478953838127
43.327425483788 12.763130473349
42.571183713906 13.014758052798
43.757247214579 12.332188257192
43.539231118553 12.343322475622
42.610117755204 13.004407896218
42.182672366606 13.582560584707
51.802917024495 8.5795555978918
42.373766834577 12.506684927527
51.289894044767 -0.10919935592412
28.778346476339 -95.477565068717
43.009591952457 13.000404440819
40.102819961307 -74.27570261524
46.714162086004 7.0702080959781
41.866371520754 11.893011145265
41.452344162286 -74.712839602956
53.010770710423 6.3586484303738
