42.062840381687 13.360574252627
42.049501046582 13.365874545374
42.113582632578 13.405370339495
42.087033856722 13.47611954134
42.052136176311 13.439626758213
42.048684043853 13.415171730546
42.100441491765 13.42881892597
42.024798779315 13.46302360739
42.052422091876 13.369244642283
42.083467034683 13.41965744666
42.006380613452 13.451491700251
42.049490185499 13.353245196584
42.099195035707 13.41400441735
42.071809245328 13.370496256936
42.103837768151 13.410961726427
42.113157331552 13.41880177309
42.015479092049 13.44423520681
42.064903875398 13.460757465337
42.077597493829 13.43399050435
42.053004889795 13.382031850716
42.068259769638 13.399888041171
42.022625658227 13.383538423306
42.030467863696 13.441117055475
42.062473014979 13.36316943048
42.079242615087 13.396855368485
42.008268733068 13.39268087523
42.103834149963 13.459575598829
42.060095157058 13.371459364154
42.081631340218 13.479128334357
42.038915442808 13.427975927234
42.025175803839 13.366702340269
42.049753440123 13.437785279696
42.011708000701 13.411608934149
42.042377094779 13.425427944153
42.051185275473 13.390677781979
42.01363857326 13.447266461091
42.075908234399 13.411912578371
42.085614858256 13.421021296394
42.042235840153 13.361158868487
42.11971643016 13.406257280824
42.027658792712 13.466596688382
42.03831916772 13.381853158319
42.062997004068 13.41475902752
42.029225245153 13.423390459022
42.06913548527 13.408572824883
42.098648740046 13.417080242402
42.035347477105 13.428321512171
42.081219390094 13.384711118615
42.045353946784 13.414115811446
42.112442444152 13.414999255193
42.053742504725 13.421008465097
42.09151939309 13.473447067905
42.010284237124 13.382696758224
42.036960082167 13.411856837318
42.051118770659 13.354504812695
42.056510807528 13.397342978251
42.046420252459 13.453029266791
42.085094079902 13.416382452222
42.014708125526 13.40472098228
42.049386186569 13.47669793876
42.086629092289 13.410018285017
42.024160766075 13.411927686751
42.044385677711 13.461588999027
42.107148759138 13.407465159638
42.070797280462 13.397857646664
42.042130892671 13.427086058293
42.0968007907 13.368596897188
42.015113315107 13.376821663893
42.112997600882 13.379352853831
42.04074352518 13.404652612493
42.098817338768 13.450891763203
42.032181224356 13.461894055599
42.060514326257 13.447622199772
42.062658482281 13.440605465083
42.026047154363 13.410613178022
42.00095782338 13.427258085679
42.109846758263 13.432902375459
42.117380062659 13.397623658386
42.074192349389 13.457485102351
42.066209965437 13.351808995659
42.032797253727 13.411968215116
42.101619832286 13.396669652519
42.014474441325 13.407558231825
42.065399427018 13.393531177397
42.020047269326 13.430300965661
42.082124467533 13.409702323123
42.020359427699 13.416330253455
42.03974005677 13.39353154201
42.040220127015 13.431609861775
42.083107356973 13.470294804552
42.087457723977 13.467537800554
42.053624147595 13.380620813661
42.070493360104 13.376818318116
42.075691174772 13.384175328738
42.009940914835 13.431601163688
42.033729427531 13.384605156924
42.068530200568 13.355575049948
42.019052279677 13.379133384407
42.021846032267 13.420732509096
42.114116201251 13.46158225532
42.096573046475 13.475408592504
42.084912170251 13.390245003828
42.033795865289 13.362219618823
42.023864286984 13.417033830407
42.075912995786 13.438028814496
42.040813962969 13.472666924595
42.035756082777 13.439208375516
42.01390962026 13.37845975646
42.055978594395 13.43462977767
42.043565644924 13.427273631782
42.033081820271 13.406558349939
42.031892491075 13.467432225827
42.015899348567 13.379662728135
42.042292573996 13.454740445828
42.030637294555 13.416901164438
42.095971592302 13.392565551883
42.092872945656 13.375442106007
42.077277904899 13.39644661706
42.094076902205 13.44956707698
42.054510653531 13.395678743925
42.078072774281 13.469757664723
42.044336763718 13.453931133495
42.107509303909 13.433466279171
42.065198807563 13.42418353328
42.119343986811 13.433818795476
42.102163607323 13.407641046426
42.047289408321 13.434535623286
42.087710308904 13.477417608035
42.084020746932 13.4142298654
42.066095317766 13.48140099576
42.081925168693 13.399187504986
42.024170894208 13.465035572886
42.073781644515 13.4189471884
42.034938170612 13.381805804291
42.066461689822 13.443521291711
42.046305569863 13.44795537763
42.052248642825 13.433034420702
42.11316691812 13.450357269726
42.104944381933 13.407395721158
42.048728727314 13.443634876743
42.011370583464 13.429821896122
42.073956112898 13.41893916459
42.034220893439 13.429932037124
42.039813960476 13.425788704525
42.048066138333 13.430845999846
42.074076116141 13.473245729934
42.068714414776 13.401198977812
42.05520483111 13.411071140997
42.05354398447 13.479311871587
42.070459038539 13.369493410184
42.011533333946 13.446714706948
42.05885131336 13.429653372371
42.082572382934 13.395127504803
42.050688906152 13.438260049319
42.070039738023 13.386986830939
42.085981467334 13.430407427473
42.11988660794 13.395429208149
42.068476383162 13.440826331957
42.104591069347 13.468006950111
42.072402805145 13.413461688654
42.09650126339 13.42006422601
42.094845454739 13.380975035683
42.086167065954 13.414187205704
42.111569592337 13.448917391009
42.114365341682 13.456480957801
42.063552950094 13.422561723491
42.085254660403 13.399368010203
42.059309824418 13.404247144446
42.032619521524 13.360333334378
42.024696006006 13.379017956752
42.02648677168 13.399423070925
42.004478556593 13.436301650238
42.001440934859 13.392042042425
42.100067936883 13.437080738359
42.04713142621 13.470692226438
42.088522068753 13.412077126772
42.117387790774 13.396491634399
42.035946768746 13.372652689655
42.047293327326 13.412510610399
42.045922984411 13.368542650441
42.01399564187 13.40285606936
42.123398813032 13.387524826654
42.083584666312 13.39591902515
42.032120157069 13.458968938563
42.066873619851 13.406138600992
42.109468711146 13.386206404973
42.038140709551 13.397629992777
42.100028057185 13.464795107259
42.063176425224 13.378836312994
42.098176539477 13.390382303128
42.10649811437 13.450410410527
42.060281505857 13.447862443744
42.055695815524 13.466470961232
42.066821126785 13.397920403836
42.042553906835 13.395732195788
41.998686661499 13.445226351959
42.101140395341 13.467199458048
42.014094004435 13.412791012068
42.088703050806 13.461488556353
42.099494042408 13.421784232588
42.03080936292 13.362653230507
42.025295208707 13.447066669582
42.045869736975 13.451541245215
42.090027304895 13.458037986189
42.010534103054 13.441721533652
42.057462596848 13.472192177324
42.021291279265 13.413116590333
42.063424868094 13.417341653939
42.015524243033 13.408759057268
42.065259889285 13.349437217878
42.035930689462 13.372477273186
42.019103933621 13.418445815548
42.050336754925 13.443627649214
42.038802477105 13.443077154219
42.09824234673 13.470161910874
42.070332135128 13.442131550278
42.07335330272 13.37413519687
42.055033145053 13.472795009389
42.081621708407 13.418813490991
42.10257852876 13.371507324007
42.077360811235 13.408645607742
42.043193860021 13.460402711996
42.054207027005 13.37429509704
42.040744073729 13.453138179843
42.060752389536 13.463425251892
42.108825613816 13.464681431423
42.052314928313 13.423505605417
42.015287832851 13.433808096908
42.057583623614 13.406440403988
42.088066966801 13.449336358576
42.099841400117 13.466407778445
42.003345388476 13.382236519562
42.054133484186 13.400252123571
42.006480572769 13.418351100042
42.039139119016 13.435281450618
42.070150214767 13.441363229177
42.097051708094 13.415296045346
42.048020704227 13.441297340433
42.071591976619 13.403225883585
42.116490179282 13.426143130507
42.0812046738 13.373429807098
42.063949469993 13.365202054572
42.122889638496 13.391945827402
42.11603626337 13.436655961667
42.06004953855 13.470874809435
42.048082791312 13.376466423935
42.102801889716 13.429895420314
42.010302574865 13.424599680337
42.06527668336 13.439107834587
42.021010797967 13.437511075513
42.106794250268 13.388654128385
42.038684994487 13.374723369917
42.090920328226 13.470213064698
42.094299144642 13.461722293173
42.039986811152 13.388056690075
42.094020069176 13.373534374134
42.0206598081 13.387635046352
42.085427188841 13.385785390824
42.055639849557 13.46707673581
42.027620538172 13.427430437632
42.107286105469 13.468390120898
42.082989258286 13.426434733659
42.083009575088 13.432738047316
42.02065404461 13.430838894321
42.078365026565 13.433154496587
42.029802559444 13.42517084138
42.061394753915 13.425428762785
42.115672840346 13.445723355045
42.009512268498 13.412502617788
42.021609175981 13.458982589889
42.063913052487 13.409461579032
