11.843813178078 42.748334031922
11.835793225971 42.78914307283
11.849469605319 42.77841251149
11.876125231814 42.690374107908
11.844592868765 42.80370662494
11.852444956497 42.696685906845
11.877490775158 42.793364380877
11.859230434012 42.691190073144
11.887361716448 42.768138092856
11.83535733115 42.769799108996
11.872666282075 42.718755642308
11.868331583642 42.698032945275
11.886764102584 42.785553983334
11.865169295999 42.78004745479
11.861416535874 42.761357934124
11.873258338272 42.761052926912
11.841839806124 42.698693307463
11.891947274067 42.688111495568
11.850604853079 42.804780163267
11.862192023502 42.748273980708
11.888511130555 42.774849757003
11.886710027201 42.701620356993
11.872083108368 42.751110321282
11.847729007198 42.730757330906
11.867662492168 42.759335994164
11.839539523648 42.766835479444
11.880517348612 42.727608488767
11.856975168875 42.71922235925
11.887850341356 42.742258696252
11.846947743298 42.704644380139
11.864944796036 42.769014261576
11.876009250489 42.682803189721
11.851982593954 42.686980582183
11.880877623766 42.736893125243
11.847033742765 42.757308701427
11.836673099027 42.781114535791
11.892311539472 42.745767963021
11.871005712038 42.77556241761
11.886886650665 42.752062882668
11.838643117754 42.781236581889
11.884448551074 42.74083440508
11.834955868255 42.787881907464
11.867247148842 42.697144835602
11.853397939773 42.73539824727
11.887143556928 42.769081892359
11.867020578548 42.689838896382
11.88190285113 42.753730214573
11.860821909227 42.741232138959
11.852625257754 42.728811326797
11.861656105568 42.792044435086
11.834302631151 42.689063090242
11.795165034658 42.783358551135
11.852568568614 42.763618383468
11.837570377105 42.768067201512
11.862070892429 42.729506414279
11.863522222689 42.718988568878
11.891306805395 42.794375605806
11.853158530732 42.765826028218
11.834651865475 42.759160410522
11.850543777875 42.7276004915
11.843593138684 42.790673900785
11.853861818974 42.73944912608
11.852371560362 42.74987497404
11.89278439802 42.74827303914
11.843410037872 42.710956994331
11.848822671405 42.720877520165
11.868385444821 42.700480862402
11.878917932941 42.674317915328
11.888011804285 42.781983320055
11.861678877802 42.689643647398
11.859646868382 42.707557354939
11.838647054454 42.809236985563
11.890807788789 42.745396118048
11.876133081467 42.702558021409
11.860653779891 42.695965312766
11.888434229388 42.772945491047
11.86102612871 42.706905315515
11.843456936483 42.690852032851
11.880770880694 42.774093913762
11.878194222657 42.766700766893
11.874166271612 42.740518632245
11.839822562824 42.725111013171
11.861663181291 42.788077807908
11.892484537297 42.773498027967
11.855901935557 42.718635847682
11.892673066323 42.77034300464
11.844753737976 42.748008902554
11.849420695982 42.755353793875
11.883867818363 42.727858839917
11.787252690355 42.772535163943
11.891777310957 42.710473532675
11.881591021049 42.695240704222
11.865305555011 42.710176402123
11.875833735764 42.697616041518
11.845192430956 42.753543359134
11.862069753887 42.687696503351
11.834069086182 42.793728993199
11.851199128617 42.726122861156
11.874519243333 42.745407913714
11.846353040748 42.7275575027
11.892666489323 42.694464402618
11.889760083954 42.786569498867
11.877200733368 42.719040814212
11.860958913763 42.772358087272
11.870545388626 42.724174311743
11.876493622978 42.752298800646
11.863095716531 42.688589972786
11.843233537808 42.750935583746
11.89348504736 42.73541893241
11.839115331827 42.790749872027
11.889022218033 42.702682623522
11.87225681167 42.786342232875
11.879396420403 42.748560497907
11.861833719028 42.688657868995
11.839832127041 42.76344792955
11.840827253594 42.773072563958
11.828920519643 42.700188680086
11.857848832339 42.783776577948
11.837397380677 42.801738130323
11.874412196651 42.771459392652
11.838053100688 42.69725651608
11.881881735719 42.677709596568
11.842923712399 42.802872112881
11.883209730465 42.757656038181
11.851851377588 42.727305428485
11.833579124826 42.745991030145
11.844530245703 42.694225871814
11.842505167652 42.696736930749
11.838104034254 42.690355185762
11.890948310465 42.697090678728
11.888632587592 42.787182533104
11.854703568807 42.785434659492
11.879697721882 42.714893735833
11.889085399422 42.685427214359
11.889501789089 42.73696269597
11.888913547589 42.693645693706
