43.32514865248 13.412930617322
51.357175164225 -0.67787023643663
42.596173985694 11.897890735391
43.07111437205 11.872559345755
43.629673559999 12.175700971494
43.152727036363 13.467373492435
46.295443009257 2.6051965433197
43.272077078147 13.238481568305
43.295190664632 13.336107386919
43.022858614134 12.105801829673
42.460052672078 13.72679083644
50.589276459342 8.5826006562368
41.565762245977 -73.660708088867
43.734943092233 11.845769140353
41.91290803112 12.246312923399
43.455820136005 12.407636093652
51.166301493279 -0.40596536125133
43.608328789311 13.076148391292
43.148680033252 13.255920328806
43.53003060146 12.699943628509
43.727791595633 13.038033216299
43.487114610864 12.829667772108
43.625572846583 12.218714144204
43.200276285524 12.20275944576
43.07698607823 13.459088577658
46.563445632143 8.7625318103295
42.847453175994 11.920284014179
38.370753584776 -77.283549997116
42.637638821119 12.609215109448
42.938242133699 13.18053076939
42.506131472698 142.16027508569
43.393694089464 11.873748742472
51.199196166452 8.2817258235448
42.467972417601 12.02856097886
45.39028552619 8.2334589615387
43.591369060165 13.362473262664
42.698219917129 12.789489039609
41.860897365448 13.156614160259
43.171082877422 -83.940969821711
43.25609112219 12.317664520518
42.373466454176 13.188610279576
50.924251415732 9.2026413354104
43.248040630153 13.606179978536
43.475616811603 11.372264656761
41.936095062169 13.051177529663
42.390245755406 12.771044169001
44.713046030683 10.784358295465
43.316593001299 13.715303858631
38.009058416404 -122.1192563537
41.940501757425 11.955184424296
41.935577724586 13.113822095636
42.652518344437 13.003205219306
42.579805913672 12.988752177932
43.256138435705 13.245899765888
51.458187169609 8.1761639021226
51.681958192945 -0.41707386865875
40.079589605055 -74.462295736533
43.008449520475 12.424887748654
43.333075090488 12.703826373792
42.031192640809 12.845374988807
42.892797896144 12.861533551433
43.559237570318 11.899375484765
26.856884456622 -80.870220517023
43.122740422919 12.298500262827
43.779917064973 12.96911132802
42.133869664361 12.615582222892
42.875877934006 13.343428061059
42.359858322612 12.126012818968
42.240125625993 11.835187036954
42.358178402951 12.401507532432
43.06991381157 13.17325455333
42.076087478139 13.491887146391
51.654124728709 9.6190152967437
42.253334009228 12.178319072921
43.127639218314 11.849597738075
42.620632602678 12.846139292182
42.577192636031 13.241215770732
42.519378558064 13.310581701042
42.488322470586 12.312547472938
42.980431605142 13.631647402736
42.457008659142 13.038673493585
42.095014929837 12.860669271045
43.266620683163 11.959903956859
41.955783212092 12.999240223805
47.893536628174 8.5341783382623
42.91551008679 12.096979945964
42.22584878759 12.352538387476
43.255661543599 13.029382162762
43.583982448852 12.173846806036
43.105864137016 13.305295346934
42.681389637164 12.265539829764
43.252577943866 12.239546121231
42.994710220508 12.604104393464
42.724116679639 13.438866362201
43.782061340673 13.781339615503
42.382338960854 12.01125619144
43.345168205626 11.994052983839
41.970621400986 12.89682508071
43.824723341907 12.463625473207
42.838053172866 12.144581182483
43.302540271239 12.374182917373
43.068537720998 12.020296537813
43.075387895629 13.43099827295
42.55020294925 11.93146945861
43.312205413523 11.900997216788
42.250123213183 12.900516093218
43.501745665235 12.103098895935
43.524013098594 13.3462919753
42.525971941916 13.565309591876
42.050702482972 12.344091052836
42.502815644046 12.094660522016
42.076701776181 12.167142377799
42.160892934634 13.0518221213
42.207008577535 12.325929134326
42.216579310252 12.433333324957
43.491130392971 11.804036592927
43.48759285851 12.959951115774
43.826850149721 13.769693987823
42.964250788097 13.307737136424
41.795423484464 -74.671676759587
43.497641394633 11.963275694292
43.153801699727 12.397918369362
42.48343518401 12.82007890654
42.169977537456 12.059023282074
43.524492101078 11.974534556744
25.428394294526 -80.660894976115
42.800864459409 12.428509901033
42.578449953172 12.397940371858
42.892612499156 11.865424404345
41.880709209445 13.590474597009
42.428322463051 13.422333939219
42.663009498132 11.915927084145
32.119637564041 -96.482479283969
46.029993512544 12.549326083131
42.160282033591 12.190512858907
42.098938204415 12.769385312598
42.59451976262 12.843451446802
43.29631504153 12.980139901408
43.54655866725 12.200499333556
46.237941174276 11.690738034009
43.827378578846 11.723194907779
42.069603368693 12.922104639452
43.608439272574 12.803298972942
43.421730150686 13.167444469041
42.739108226627 13.470530877596
42.01399564187 13.40285606936
43.345201258264 12.441850581899
42.380677871604 13.254772161739
42.015168933226 12.03165636774
42.957162512002 11.913853249959
41.870401306504 12.626285503465
43.288521867866 12.357478931734
50.77622431799 -0.62480022253491
40.087208239554 -74.785028724962
42.461034292358 -82.993624902069
42.217590690247 12.249232806868
43.15208899658 13.020815488913
43.255372553272 12.251615062494
42.829107516852 12.112226300946
43.536005060191 11.219083353775
44.721168650462 11.064897802011
42.124240677417 13.535718677836
46.607252342441 10.711934775355
42.854239676101 13.053860100032
26.191168750243 -79.351604172933
41.881670114085 13.813120893602
26.917929802966 -80.279139539632
51.787056551914 5.7290515107936
45.121438497597 9.5384792644477
42.077102283073 13.215555871493
43.314872087613 12.473442823402
43.39728384439 11.9572203625
53.246518859987 6.6081337783756
42.547805085589 12.869874681772
33.052041551162 -84.417029513147
42.654555720137 13.794849805925
42.298972116012 12.910408276578
41.969311699278 12.453741611214
43.237465864179 12.712040159273
43.784266533251 13.103937215707
42.645094260895 12.816325043264
43.303915300569 13.044748995495
41.976740092049 12.551502825504
43.212954802559 11.946461967654
43.311306907496 12.614739735918
42.412687276703 12.08747015108
43.450650788609 12.100676526849
42.8317417269 13.415257494645
42.199744341543 12.455395301571
41.904863831564 11.973688601059
42.76556809424 13.778134062338
46.263329108602 12.131979278108
42.936220357652 13.488078152078
41.986389132231 12.579512323544
43.225074402648 11.893450146978
52.754989891897 5.9562058431125
27.125833910335 -82.129773236062
26.805973910154 -79.719271794106
42.660317849231 12.944418791677
42.631527820917 12.305596175767
42.981804448192 13.814063983438
41.969666700351 13.196227352713
42.50680667467 12.463978877062
52.329407822727 6.5026569491032
42.723797635533 13.502110347407
42.415852363436 12.91617881598
43.014105632929 12.651145500921
43.11430704927 12.619876295638
50.703109141999 0.4095316023098
43.295938374168 13.773302140095
42.826380787357 13.147389340304
42.05807601479 12.580417756283
42.348680258912 12.799132462984
