42.517100220808 13.19432746537
42.125963708931 11.886888479317
43.442190879251 13.563690102011
43.19264505023 13.374026388591
42.538048906523 12.685957628643
43.326597064907 12.592841776385
43.800807640816 13.582214036317
41.841068770683 13.400068809486
42.75059598442 13.227654663042
43.130419006653 13.220212299966
42.791044246329 13.373180931629
42.673931883517 13.219439387445
46.411249257816 8.4974584539875
43.252583991875 12.826753717788
41.459481380314 -73.652760587602
43.113814400117 12.854530912777
42.787182282578 13.545297433431
26.23137631742 -79.801368186433
42.605164499325 13.19224712869
43.327734272635 13.110005234906
42.732133933705 13.600352944175
42.668580924027 12.833695748764
50.927221793647 9.9611977571441
51.591960659293 4.8821184998993
51.321746247505 8.621288688677
43.232829736209 13.551966384331
43.398162802422 13.598313694654
43.466461275011 12.017382969643
52.81904208838 -7.856518075269
43.659797520705 11.874276601206
43.740040513587 13.187114699386
43.124658274543 12.683454284784
43.707860517201 11.97151155724
42.376984119146 12.766460080543
40.708901580439 -74.28839113357
43.051223862961 12.380325510365
43.21436815721 12.239552507775
50.165798215273 9.8570764809181
43.161728792455 11.905945231184
42.983743349104 12.334852602975
43.665625804435 11.976435239902
41.867493030574 12.658882062279
43.42192002361 12.097577943067
42.717871432082 12.369019758149
52.40955946078 -0.29424306070629
42.762495031491 12.723207757235
43.075969661177 11.867665248882
43.78228786114 12.459755929422
43.379904756055 12.262150217922
45.493129813829 12.542160984984
41.898853938535 13.722741959508
42.260118701637 13.810430384639
42.699840755549 13.141014126216
41.901773291615 11.932165831317
40.082824299851 14.482147777261
46.442949989551 7.5930196100813
26.97374338514 -80.801433207184
43.59165503254 13.48046553206
42.396451446433 11.889268651108
45.742872388474 8.9989934383887
42.874155231248 13.453099332982
42.052840318111 13.809428467813
50.278273159302 9.0361602143553
42.977045630115 12.173860493684
53.255944342006 -8.7382780940916
42.395776996594 12.503055733418
34.100623709979 -118.62289379543
43.48587201933 13.483850536649
42.49748247468 12.916537617781
42.976014069757 13.22371526401
51.287758763781 -0.17911315815947
43.745034281067 12.899446811036
43.120197909961 13.387149108775
43.798135301025 13.734391305027
42.624388092044 13.052357301627
42.662058344906 12.671394886783
43.434172805156 12.57946823613
40.852727950634 -74.783358792805
43.562500514373 13.701740470131
41.983930402449 12.272017778045
50.826375410811 8.9363764044532
26.734854617947 -79.494049614801
45.037710689491 2.5959388234634
45.620784359808 1.6119330588784
42.41726493531 12.342308775237
46.807556976009 1.1201836979576
42.937179745632 12.846855873192
42.081621708407 13.418813490991
44.759963027113 10.835433309169
42.750928532703 12.098045473985
40.624841701507 16.685481687677
46.758885850552 2.5972390545519
43.513539631646 13.16202892559
42.526989936164 12.279932675569
41.917780030036 12.353196749649
51.786760545935 5.3663381205948
42.441972298774 13.677588723936
36.712494646519 -121.80767438974
42.307684939519 12.745761504299
43.47969320534 13.463682101811
33.86651486822 -117.64588483296
41.965859220834 12.920979951493
41.285784351519 -79.395647493618
42.619812151261 12.602304534357
39.839038542131 -77.765637631769
43.646988237599 12.30916486697
53.753501832093 -113.80091090771
42.351685417069 12.597972454337
43.617415042437 13.690314974047
42.713694989569 12.936465773257
51.125540162495 9.6603104149272
42.53793153613 12.454918355448
43.682624012105 12.032250265161
42.201094615853 13.139228264421
46.664425038576 8.7863182661991
42.491591819812 13.117260662914
42.494369969023 13.727064888818
43.139828918588 12.229496633296
