51.684591274096 9.61348765372
50.46426257699 9.9633816913531
42.478145754208 12.846678945651
43.164946272136 13.134763153819
51.586243533337 8.9460841002623
41.925917893169 13.39853402341
41.919426881226 13.613385162623
43.268424674949 10.914254038578
43.011900136274 11.867918758613
42.413456771271 13.409592393997
43.645799108637 12.857810158703
42.982395116718 12.613628029199
43.091099517949 12.858028942674
42.437445448471 12.844363047224
51.351381718345 9.3834665847865
43.644540026639 12.309563046486
41.929481296788 13.073898877073
43.125901617189 12.159920318613
43.068124935084 12.824133835672
42.568528042461 12.199145800548
42.942830850365 12.603375570685
42.114055572617 13.550060707422
43.942856283247 12.956538108183
50.272840234578 8.1996522523461
42.325388161638 12.844640250266
42.587309202474 13.61622159307
42.318436346652 13.513890858069
41.855670700735 13.572921559502
42.281002710725 13.143216071272
46.444509958124 2.104063733995
43.564107953389 13.437983484698
42.837571258602 11.996143909656
39.568073880993 -74.631065394313
42.162002872306 12.535075649889
43.460102496904 12.446535093939
43.269229607337 12.454221714521
43.131515751144 10.043554801072
42.162090054344 12.302847389759
42.714697998837 13.643845952902
42.155758508109 12.203545877826
42.041648881085 13.770046507388
43.049926414664 13.255598380836
43.515257295948 11.853110055392
42.265436714194 12.777301483239
43.240257495681 11.908264276084
43.420362513263 12.220638459206
42.364446666282 12.646938176217
42.1000158997 13.653367949044
42.824062183904 13.23521363236
43.049728724684 13.729171233612
43.219735939645 13.106976101711
42.558743958643 12.980176368274
51.824555840494 -0.98805145271963
42.571911169969 11.984479201506
42.453080001519 12.087640987771
43.632964703104 12.95925156912
42.959123494571 13.79234391257
42.868573063479 12.444174720668
42.884565907963 12.716128629987
45.714565729124 1.2611129909107
43.485040002749 12.273411960489
55.576282217436 10.135586922586
43.35377045134 13.17279316821
43.745770258266 12.424530702862
-38.048988835443 144.55994179748
50.606016588912 -0.77885239240194
43.133394717322 13.832405693772
43.271971536017 13.198798919676
42.7309956652 12.386918654401
51.134339211106 9.1074973014684
42.320452813229 12.051301350862
42.503370023122 12.46220072429
43.735939894701 12.820327480261
43.051468018487 12.487246285441
43.25168325207 13.139334040314
43.495696021496 12.941923490254
42.348125437923 13.064368687155
43.774154907008 12.963337448895
26.29248296202 -81.14656863815
42.713940340448 12.280715615175
43.144829206723 12.59351715289
40.519180423974 -74.375177074064
45.297191779733 2.0190944741569
41.925806252738 12.609509805057
42.634152679555 11.902850889111
47.316205885662 13.537255364974
42.303432934614 12.60153176945
43.256691092766 13.186699414734
43.821197991197 12.883310863715
42.17069309308 12.854653250379
43.609326791789 12.592129903677
43.214065136974 11.955968698487
42.602196679752 11.901517351599
42.160469052012 13.40115087081
53.147348396316 6.1890752885673
42.118286849076 13.678932377474
43.624556270274 13.801808484293
42.782044448344 13.550063065996
46.656070243407 8.6320962922797
42.227097368926 12.990411035733
44.924526031955 9.6831191816311
42.333144465172 12.593988983258
43.035117175002 13.594396522101
47.819533937527 8.0667908368943
42.167731712206 13.654492114531
42.065867387276 12.463272051657
42.682740521956 12.783556519462
43.120811373399 12.357800943969
41.972161041581 13.536384558576
42.951223873997 13.503720068628
42.703352847485 13.096792263511
55.570178852682 9.3859063272299
51.693941275679 -0.26893847919019
42.256786586392 12.894148278022
45.309788051206 1.9015233697842
43.135898385281 13.062607207386
50.963880182693 8.6122930686047
41.359180329221 -74.035332057307
42.789722534751 12.486291759895
44.681897503057 12.543512227292
50.055150162454 9.1283315029593
43.065694646961 13.599995827137
43.326168127065 11.916398608108
43.500937866767 12.176475643283
43.126086162017 12.813714664829
43.759313951155 12.403214840893
42.47925377941 13.152077078445
37.717677099078 -121.50158945465
34.467165290635 -85.039449399263
42.198424192725 12.089085001561
43.049669665329 12.743561176019
49.631201577599 2.8265290099064
46.917697082701 1.0574619705125
43.254433666495 13.138868007429
42.126009051302 13.6822044443
50.696764604047 8.0226465854899
43.174333958523 13.184563935376
43.822581263663 13.117568486912
51.213051100826 8.2443441032639
42.532043466148 13.246142706969
43.187120854963 12.726312781578
40.190325901022 14.959385607256
42.923480303943 13.644615342696
42.019405732427 13.725647924361
42.99637861319 13.700593197134
42.395089643281 12.204733368591
49.966615805038 15.965333326936
42.375023032734 12.393936162088
43.019987767127 13.337730100557
45.424761652308 8.7568449658606
42.94013769598 12.058790513363
39.03756229552 -76.886344420164
42.805726720882 11.948705865533
51.291553772423 -0.16786482151498
43.635451628678 12.879818183335
31.520146903591 35.358531156373
42.429534074606 12.519840375318
42.672997176982 11.985767843682
51.683731315743 4.9136165199632
41.459782853306 16.134927534657
43.177843641128 12.014330054661
42.922825671252 13.112052433732
42.046945230613 13.118356847746
42.879519091418 12.476361587421
43.138644999444 13.582252138121
52.652198904963 -8.9229636923051
43.449869659494 12.92474926122
43.730300421722 13.312313991765
33.85345958477 -118.08239691221
43.825603905074 12.163935686559
43.512170507366 12.226211543787
42.361635806228 12.253276497265
42.460331119367 12.407145039389
42.918918869441 13.297853414595
42.626465452216 12.446314812867
42.98208859471 12.494211056521
42.490692143112 13.517002573964
42.331941114914 11.930314116634
51.348359706974 9.968998115961
42.935745802699 12.206880760496
25.840891325755 -81.052765281705
43.457784213826 12.036361143497
43.793724317029 12.734999447493
43.709699857866 12.759084305169
45.98790498543 1.7475887740718
42.264841518509 12.728017168014
42.371451028817 12.968708200387
42.644613653743 13.475266366042
25.070200167146 -80.982900172739
42.762837875079 12.551265951524
46.470455952673 7.3749597684364
45.062747607968 1.1849616301176
42.700648452503 11.923724805922
43.509314757099 13.672411987892
43.016011582716 12.010426674064
45.489525085366 12.662969775786
42.614021270843 13.452379803405
42.288973695288 12.372654077326
41.895867498564 13.097111960008
43.41887992223 13.174559802385
42.896485285806 13.174564120928
43.288526517029 12.084202110362
42.644369377144 13.56817050819
46.380179465951 8.5991129088211
42.781166809996 13.660905525417
43.716795849037 13.780580037192
43.38352824395 12.616710958845
38.617877144654 -96.712388992176
47.761992541031 7.2361320062709
56.046758845005 9.6143713857114
51.829343702099 9.7569913131916
43.610577722385 13.006261855388
38.571343153582 -74.525531910597
40.944622904642 13.383491910518
41.927815961639 13.034879519641
45.444980143311 2.2181812889027
42.547445116375 13.263167417286
46.657986964406 7.6092000741554
26.082224902718 -79.80808887789
43.119666184375 13.069926495252
