25.606456818324 -80.913454054158
45.661230158182 9.9544076023155
42.890034729585 11.966928716289
42.31736913154 12.298322353672
59.608170630228 99.208099939492
42.469805358218 12.385627991255
42.973936073491 13.711024545951
43.341998288588 12.098480425842
51.222260414261 8.1389049259661
42.797061831151 12.064434177759
50.351386322804 9.9708842555857
41.947344372511 13.311173481101
43.54989736648 12.303994883946
41.358462528179 -74.063469951202
42.71685692005 12.829957225302
45.228569272546 1.1762826746219
43.80466515983 13.226142711598
50.150696578506 9.4631336203139
43.352366386632 12.021842835502
41.869627747179 12.263395346845
45.201551259498 10.604752132695
42.01132074653 13.130060130346
42.991898374184 12.594801359642
44.923934251312 9.4260942370729
42.285782649802 12.004165215441
43.556254246087 12.154405019339
42.04594685514 13.478446855454
41.887145528073 12.8834542371
42.210321752473 13.424947907436
42.639625137059 12.699100624651
42.971799656291 11.936091037458
42.932280451049 12.277155541034
42.352815905306 12.543936559739
41.994098302927 12.491239070211
42.270173119994 13.48171737023
41.908613689688 13.585601423695
43.657514931961 12.968571887358
51.227544494312 -0.94062615653994
44.385465267108 11.226236808007
41.926888848642 13.509561037903
34.605285966773 -116.97879939842
43.116670139675 13.597138253805
43.757367067413 11.873200392778
43.448088229398 12.651868930411
42.274823592193 13.189097951741
42.370146276623 12.497008665252
43.352897713146 12.432504660672
43.107924746421 13.460052375451
42.14333819793 11.993084844685
42.781651824166 12.504312870814
43.185809816341 12.687335848684
42.017861331842 12.001241154059
43.77528703996 12.16583072404
41.998104357646 12.795754076373
42.328140277589 12.460571591978
41.967857840011 12.195406094305
43.679949700239 13.72399421724
26.819881019082 -79.661955360907
46.366328592583 1.5943656571183
42.82484588766 12.344991223137
43.542496043857 13.288379307996
43.344352390659 11.870086047763
41.806560448886 12.015968771005
38.275947197003 -97.184349467132
43.433454635776 13.012603448731
43.385611117552 12.377227229263
52.361162187933 -0.59564608042391
50.210956955427 9.4875276263279
43.582977158776 12.738552951619
43.160356682355 12.047883274543
42.013570660287 13.181364836742
42.711595425269 12.781710081653
43.81347217637 13.416422515857
43.788417982791 12.819942472905
42.041230318177 12.234916490633
43.039985664228 12.365628886694
43.630914429052 13.285702378177
42.714228280708 12.277400577591
42.954600700643 13.451242104404
42.160418689347 13.607551918669
43.29386686596 12.976613620772
42.245193341882 13.523710352168
51.604249386398 9.8809394481969
43.816635827004 12.249765084728
-34.784367701205 149.153054692
42.066873619851 13.406138600992
43.285237667305 12.937651954118
26.245200332351 -79.741581384248
42.869029705838 13.386687688731
43.000998931493 12.402858595107
42.685083808252 12.163379128188
41.914684861414 12.840540163166
42.096106997291 12.834529282003
41.998686661499 13.445226351959
43.472538213487 13.358246655857
42.987036297578 11.894495431306
42.643471143529 13.332306963567
43.119719947765 12.769805647347
43.528406187693 12.383177825915
43.038431089876 13.523664839831
42.877922367734 12.396561639589
50.107672175908 -0.63337126112472
43.790624550467 13.600343514069
45.570395222665 1.5507048375675
42.853806698182 12.158146661801
53.110022849222 5.9795960789684
52.119844853701 6.3594421016096
46.756459760832 1.7005333838521
42.567987292825 12.855473239394
51.478316909158 0.35473480878619
43.644144442253 12.107506335784
42.097051708094 13.415296045346
42.001084669049 13.665305675338
43.291482596349 11.842081256158
42.353139724302 12.395660164971
42.461237341867 11.833574878927
43.663528900924 13.34866206506
43.421798927461 12.904139850265
43.167518795334 -83.965777350781
42.332970702265 11.873729996345
42.942341035226 13.41001027704
43.334748452241 13.240608492534
42.215336983679 13.741346912825
42.533528561973 13.43297854647
43.105787271238 13.625682130768
