11.864113173871 43.473500207308
11.919567133749 43.565611852617
11.878088745718 43.546264437303
11.896837816081 43.552028659078
11.838817411514 43.564644812425
11.84862611205 43.562613229085
11.865541721653 43.498557885896
11.887957510973 43.547105332181
11.863166438839 43.552701142895
11.896710823729 43.522232360005
11.876408122909 43.526455696473
11.875182042793 43.532571011026
11.884869112135 43.53086275867
11.867134841584 43.49241250499
11.893214742159 43.532264853165
11.882722219884 43.57220521272
11.914034803845 43.535479357736
11.904809460021 43.526335438048
11.876015387904 43.56209757673
11.883037757561 43.555478274636
11.891954146762 43.572732890778
11.881242564379 43.528236758697
11.90023046776 43.54877185337
11.866731141653 43.464454374048
11.852219275617 43.551920674554
11.887133532172 43.511049298829
11.846864554515 43.496511391616
11.862265922086 43.554290999006
11.914070622976 43.526865795987
11.890164549898 43.573110389345
11.853519778651 43.469264016726
11.845230389801 43.525254309909
11.859691024714 43.509298349058
11.892060611368 43.515865101275
11.84543447983 43.582739888051
11.850787398357 43.532564780478
11.887954038537 43.502842144364
11.843866440416 43.569710707578
11.883852006834 43.56232215213
11.930558450974 43.552316347881
11.860716811803 43.557796428261
11.844937612251 43.509857314897
11.883132678423 43.542155553395
11.841790270939 43.498610612724
11.839474165758 43.545257382835
11.874510955494 43.526154374504
11.870661183221 43.475454268754
11.856079302682 43.545059284004
11.878614745067 43.537090557433
11.853110055392 43.515257295948
11.861313858492 43.504015783569
11.861842761704 43.529309550102
11.887083878709 43.573704023668
11.843865676731 43.468920627383
11.893616280956 43.547560324237
11.835832677726 43.539125935912
11.901174508941 43.537820543434
11.879091493964 43.557907477188
11.921939913168 43.542049405904
11.854178018355 43.493486560201
11.913087023868 43.542623622617
11.840558101836 43.464524043961
11.871422245594 43.515199743938
11.868640806951 43.484331892584
11.86221039384 43.495258131316
11.84720386746 43.496271724599
11.841851465351 43.515212807134
11.899375484765 43.559237570318
11.844518924546 43.5660275247
11.908204887506 43.519304039685
11.856073343149 43.48169864599
11.873504567853 43.48918967393
11.910886597799 43.531447790366
11.881076203159 43.526979154708
11.866483403794 43.50675136482
11.899202382632 43.504908502358
11.897540468696 43.515857720077
11.873196878432 43.555133692268
11.837937303299 43.559116890935
11.888320743541 43.551916914804
11.844159325068 43.544364847983
11.889683471031 43.546196388822
11.837332826519 43.517649657821
11.857579634764 43.465048418418
11.844658697438 43.525265617096
11.850969185073 43.54404933359
11.880659770186 43.481945442747
11.883428627592 43.490163058292
11.865242429502 43.483128438484
11.923314903382 43.558405692039
11.913904480617 43.572785836932
11.841845883935 43.499316525899
11.87730489202 43.576598422426
11.837582005133 43.483794440296
11.833510553408 43.475521134921
11.8504685787 43.46735971538
11.899142264363 43.522407451443
11.85935458583 43.520560195933
11.873971395623 43.554774641339
11.836374102571 43.540179005165
11.868136838504 43.512700579855
11.842626763921 43.504564582161
11.84981474322 43.532937524644
11.892853898433 43.531753948227
11.896901543691 43.561495509747
11.887022374632 43.500988778447
11.804036592927 43.491130392971
11.91032459026 43.525503053596
11.83923143469 43.526392753036
11.894630662603 43.560905089884
11.887382429527 43.505927490793
11.889988488953 43.566086096042
11.898624812692 43.506034204527
11.841747533943 43.564945252896
11.857863523487 43.502839422109
11.880157455302 43.498671187807
11.873513061981 43.484013974447
11.842758526508 43.537100869968
11.915448305644 43.536373450226
11.909449722597 43.517713889742
11.876660584901 43.513131488375
11.916536881105 43.54293984854
11.858738080088 43.515916528907
11.886836347604 43.52865393859
11.869409960189 43.576655199109
11.917939720192 43.530485614005
11.869590899867 43.484275632784
11.873908639848 43.49734980126
11.77111350278 43.470796148836
11.844701296133 43.537629358742
11.856376327994 43.527167932397
11.870843044443 43.545552488226
11.901755521515 43.557512562537
11.875283113644 43.544940112433
11.867730013054 43.525899145087
11.846122276919 43.484736547586
11.868438513444 43.46516834456
11.853678555181 43.503650385211
11.869467713365 43.511038678492
11.91278983185 43.554366895742
11.917412939464 43.549948667919
11.872907674368 43.475994670075
11.849407183889 43.468791476225
11.873968066144 43.560476425852
11.895644878941 43.506700783294
11.913252649809 43.52793760671
11.867071143776 43.506391120866
11.864997110288 43.553171573485
11.848748092956 43.524907794581
11.906346746698 43.533707492789
11.603787757292 43.482211244215
11.870662183462 43.512342739644
11.887975219606 43.54097481984
11.879159119876 43.546378479149
11.876849038024 43.519073839096
11.894762252429 43.520030938818
11.882010383963 43.571375437368
11.834841821287 43.53304632361
11.910222912186 43.53543257135
11.909862781388 43.533281186399
11.835617560372 43.493951400993
11.882852648817 43.555556872674
11.878321437595 43.479803860432
11.843882973254 43.576083272985
11.895989758401 43.510634664239
11.847685681606 43.539129345019
11.839060660398 43.490874423429
11.888930567975 43.550380050948
11.844422016707 43.578697031189
