41.86034793868 12.046822540039
52.349048248888 -0.64752471621964
43.241851147398 12.742852604384
52.166384704721 0.26595181559956
43.349739925188 12.372164337624
43.531551614207 13.420957802546
42.977225084799 12.66721703285
42.415544498926 12.64639493995
42.556437600684 12.647814140512
44.905817207392 11.798083605754
43.774922912391 13.475028421972
43.10322560144 13.311665080654
43.523051477302 13.132282319561
43.019934222132 12.4645151177
51.005329765848 9.9349046013946
43.782523151873 13.015050414046
45.024431281269 2.740207395861
42.11888598798 13.767658065917
42.812938636103 13.170160491585
42.047474408565 12.222226834515
43.666201999742 13.603079469711
46.815238909244 25.88323897863
45.600081413824 9.2818038774104
42.654364533117 12.270534466168
41.862866879398 13.213200426781
43.662211796598 12.69018935493
43.188025007599 11.985351238414
46.159872314036 1.2845218704476
41.858741492454 12.749143846703
41.650457481365 12.395772196348
43.089238008081 12.272016229256
42.448552482991 13.50245932096
42.697579942524 12.803421301231
43.579055201087 12.713142666387
46.399404362056 8.2849540690356
43.643908650004 12.581910509442
42.042788518168 13.501158753199
50.971810389995 -0.73523779765015
53.176679952385 5.7066766517035
51.18383098216 9.4594883781203
42.218072250608 12.132076545235
42.185805422827 13.746366979457
43.822173316901 13.254425572837
46.15284024198 11.435432241103
42.00809023718 13.063018549284
25.274104760605 -80.125692356246
42.38786918271 12.807049510466
41.852916246698 13.662767668584
42.707393017017 12.464219899154
42.632345223183 12.214315587776
42.104944381933 13.407395721158
42.098878329687 13.026014135718
33.071803143926 -119.06701144887
46.291543999569 10.51434306361
43.071985985207 12.729157670762
42.425347662284 13.009689301278
43.083287973482 12.776869926519
42.498308093074 12.511515792253
50.750458193827 8.1652880553926
47.904381428175 -122.49137220043
42.412161139519 13.311356956305
43.611284083992 13.677096224261
42.48883966847 11.913855595961
44.752975567876 9.5017751948661
50.541906122371 9.1487461315229
45.373267743445 2.2268013908653
42.889273022737 12.298497264899
43.359897521979 12.689581289298
43.625932337097 13.620332380135
46.392938689374 12.747736164435
50.226217704116 14.951755401423
42.10649811437 13.450410410527
50.839064448764 -0.53830970481425
51.863282611297 4.8335212045738
42.235923477579 13.750817361658
43.156670981646 13.393243751227
53.481749552249 -112.88565376396
51.99769286788 5.9701822792274
43.256013448956 13.582797623066
51.547955411509 0.67680581126679
50.138903254242 8.3289484075871
42.677687787787 13.225488161329
44.698121822555 8.6584655938709
42.048504112332 12.050089750018
41.963280376051 11.923362913992
41.935101289293 12.374830469685
43.534610116193 12.135481465692
42.127495879853 12.249669396921
42.808404986678 12.746420506757
42.378895529278 12.847317325833
39.794688704839 -90.247311006883
43.128089454571 13.415913185785
46.325897460049 8.5156811175918
42.137082000814 12.154820566624
42.901543396035 13.120772914573
42.660870282774 12.52484254845
34.571764839327 -118.84164257648
42.544054569951 11.958058484831
41.857569904021 12.014922649162
42.59277586948 13.492367417802
42.731193726313 12.748962951728
42.639502699806 12.205388565664
47.586836565094 7.1529012863305
40.440989584138 -74.535668818325
26.412155222323 -79.62517752881
47.939942423692 7.8219539755126
41.894437749376 12.854928576341
41.723884495051 -73.297952517337
41.859275571492 11.858347735788
