42.71000326786 12.721060561373
42.539610099785 12.141384569084
51.49349773768 -0.29781267810976
52.231976655608 14.003115472758
42.39399176903 11.902375234267
51.128918895092 9.9919993206821
25.659533182915 -80.60977837639
43.620992580273 13.581433629909
42.664678878016 13.252464461745
41.901482113146 12.221702121322
42.920754607751 12.933951591132
42.640853203687 12.125494554253
43.588859347922 11.894818349248
40.71349394137 -73.585814801915
43.090557196241 12.268162868597
43.08608804789 12.061457219583
43.223609817339 13.673402246422
50.521627886464 9.8858184576434
42.713869223259 13.231502973603
43.236872638707 13.441657159238
43.086386287646 12.711974106616
43.260899896876 13.175709743621
42.742248358106 12.617415774922
42.135961317542 13.798076396269
46.393759531315 11.054413829001
25.618067641082 -79.43527263637
41.856774733356 11.983284768196
42.980607132905 12.880123452249
43.096697457666 13.273587405364
47.053143047941 11.908135217737
43.724710955643 12.176713629729
42.686909771865 12.689766391523
42.353718248847 13.406008833298
42.616575628362 11.99035003457
43.121565881263 12.245373864328
42.546733822484 13.182253798576
43.284044310138 13.074910639841
43.744509576256 11.88914396797
50.547366095496 8.11940348573
37.164963593783 -96.229874149072
42.852650957113 24.420705874646
50.904655623205 9.5758294782489
46.392206600703 11.048609542751
42.133752831807 13.355911744945
44.750904768447 10.015935062068
47.399034183912 12.364934231578
51.080961202775 9.9131071841871
41.850171176668 13.00310711658
26.263155419019 -81.134978796228
45.453881119149 11.093539684563
42.564419813738 13.398830214722
42.652879344159 12.149812677035
43.333684580111 11.970597215935
43.3826985445 12.175339655588
50.562144523748 9.6802227244155
43.306652452495 13.716538857092
42.726776029343 12.969181672677
50.397439340315 8.6177529900417
41.898977012347 12.249726491186
43.408806391737 13.140408028004
43.251847346917 12.794564401191
42.063473497568 11.872011925055
43.982171633601 8.453810418073
42.741367519268 13.219244592481
50.264214832459 9.4117226830738
42.645312931244 12.888803019158
42.794320873376 13.332298177936
51.369713989259 9.1746093654887
42.221703139258 13.359017236346
42.91611556381 12.841728782229
37.783141226917 -121.4730383129
30.423362516538 -98.358438425426
43.32772064366 13.262021860716
42.388948150181 13.254466544045
51.718820802969 0.67513548329712
45.222287951725 11.72833630949
43.17428125421 11.862635458616
42.791351036092 12.808230278014
43.438676701153 12.436422642079
42.213469784362 13.33348761796
51.389894448402 8.6038458815794
42.851102348136 -83.255766963447
42.047533915421 13.230426350271
43.322904618163 12.406251580665
42.395089643281 12.204733368591
42.89040481203 11.835953087491
45.821748642866 -73.57420648023
42.644791588974 13.17642561636
43.2635690562 12.046160542914
34.607197306124 -118.80267939744
42.186543936483 12.917412477528
43.289881972752 12.391257007344
43.166196317045 12.784918135419
50.672094853442 9.9222942273702
46.632035502993 1.9153287610576
43.373413481013 12.795851658024
43.602611066609 12.734329714337
46.235117653282 9.2635587239468
42.403834012546 13.576376879877
42.73135289586 13.460120680046
42.092584289209 11.989354767387
42.042246157344 13.009924768496
42.292906087049 12.71446271602
42.916569183563 13.194208354335
53.262928774447 4.0356088053624
42.961380476601 13.353125431295
43.36424865779 12.517936060933
42.575584483622 12.173249779371
42.730239580281 13.555533641763
51.646901681156 0.83314940925835
42.029445503873 13.786523165103
50.537938193436 0.2326258100209
42.492477071722 12.303017937275
42.010716809452 12.259896530912
42.229497835634 12.107168824949
43.579273062118 13.302253478368
43.818301275309 12.32510192337
