33.557942976217 -117.61797478387
51.301323281043 0.52791153379619
43.570297518566 12.263995431042
42.577321808609 13.184936008989
42.45338512049 13.021731660267
43.008859760619 12.738138229485
51.966051179667 -0.10681273053251
43.770398136142 12.489037511653
42.796740962584 13.030463752372
42.977262506272 12.027486271724
43.608986660677 13.454027835978
42.108227336385 13.031047678122
42.93312296736 12.272445991783
46.139151702865 9.6260207146272
42.588143383913 13.006382018352
43.474025097452 12.390082713885
51.021879033196 9.3498430547071
51.460874763066 9.4549850348639
41.908138671868 13.362521750577
41.845493617417 13.717325034906
43.352287272176 11.897434995017
42.901598290515 12.213671828275
42.566002841392 13.268055029359
43.826768260648 11.241487398179
42.398712174708 12.671555781605
42.472543311081 13.364186540902
42.17815253894 13.027951920905
43.335866356912 13.640923605154
43.685314957393 13.074497726336
42.941523287905 12.634810149055
-37.356954152396 145.97024491817
41.86344643678 12.069144676493
42.366884260165 12.585766691543
42.116668242571 12.954410641454
52.410609045024 -0.86489517240547
42.485958522249 13.674043416313
42.380262626533 11.956931356342
51.728483527307 9.7683562504912
43.318611903751 11.978534155536
43.275649975203 13.224003589372
42.336062946069 13.454580418067
44.136308096631 11.913014571869
43.195501549281 12.011833808877
43.816744730278 12.770327618725
42.379363321897 13.010717828318
42.817281118064 13.496770115822
43.535843968662 12.35206985725
42.213485399382 13.476837813166
45.346472712662 12.757087557219
42.012906199814 13.81894650723
43.780629888561 12.989831759611
50.127667164489 8.0782875316582
42.792896893731 12.329680299561
43.708343969078 12.782172381332
46.929833286749 15.091846468244
43.482369526069 13.828055669029
42.697456973019 13.704582605394
42.325823310004 12.464997046865
51.133782778696 0.64591971809786
43.080969248026 12.327594712084
41.789353124567 -71.216506277529
42.575648467346 11.991491802985
42.626873511203 12.010064669445
42.147208117038 13.30982601566
43.126601868855 13.270195823775
50.539994028183 9.4305795074583
42.187718079534 12.099714473423
45.232214103561 2.2752963124194
43.364957339321 12.525841162806
45.329637874304 -72.707194995602
43.651942098372 13.412861163476
42.741831956798 13.112408666479
42.219086963341 13.302674232213
42.021359025066 12.765515841921
43.76443082225 13.700004162614
51.578500338634 9.202160684486
42.593969603367 13.215555495704
42.814601915358 12.718085498904
43.520756374633 11.582241967845
42.580226130609 13.104891691427
43.426477086019 12.907491108846
42.548225396589 12.251219009653
44.134608553229 10.317501408498
44.980343589713 12.933459142212
42.183664927831 12.063306667427
42.492532091 11.887300416796
42.349630993043 12.659655331497
42.74434346789 12.275358542484
42.138945197307 12.048134393102
43.515857720077 11.897540468696
39.3931195898 -110.82191339253
42.303221913682 12.411305659663
38.043611073 12.186936647648
43.594700578432 11.851853243493
47.315728326729 14.115885589114
45.615229853997 10.675055281781
43.648532681956 13.661698140067
42.236632797067 12.114647292606
42.971735649284 12.331222468231
43.308197478463 12.355100745056
42.760931773952 12.160765978138
43.762593854129 11.993992500025
46.688759153098 8.7275507677009
40.999242208572 12.060915495574
42.225016129329 12.002803829055
42.413170873867 12.316599227656
42.68655133002 12.740418765594
43.622134294672 13.640394290763
51.340432523908 9.958694078009
42.807574709809 12.080934512488
25.067103876746 -80.384568722442
46.741691160827 8.6643506240399
41.848629773079 13.365613548742
45.951778553334 12.445870600779
42.42214677458 12.105731642875
43.756423769892 13.591353385074
43.634688311107 13.559040447513
44.586538269015 11.561879875214
41.871363082862 13.024221389121
50.54683172542 9.2009179928344
42.957231809852 11.986372936532
30.625358550809 -95.314649409907
43.49146443677 12.673820590469
42.533939224937 13.309917393306
42.784509221013 12.389908213371
44.636981168593 6.8898637378053
42.707617711161 11.998519256731
43.682576936543 12.713404810409
42.956746634562 13.669533969702
42.234610333703 13.394180624019
43.524188692947 12.261928270714
43.132983591956 12.574279085556
51.836042010847 -0.81860788721992
43.266210685163 13.419596358419
44.855022270028 12.515033345162
49.484070266473 16.194503494396
51.890485359538 -0.29624972837336
50.452178597661 8.9667104994723
43.061349062764 12.0447391584
42.951554414349 12.694722267678
35.790443293265 -114.2617881452
41.914155395683 11.861723082097
40.866098258101 -74.334601123089
44.645698711295 11.910349141625
43.568750125642 12.465532960608
43.540843812556 12.203140265424
40.869251648986 -73.976829492608
43.25404852922 13.391201710066
42.106260425947 13.546687903158
42.667809680902 12.738972318724
45.737169125461 15.730395546989
43.753032003435 13.516974352096
43.756650262886 12.410471660297
52.191718533957 4.8674880215514
43.242924180947 12.323802967262
43.697935436267 12.987032192774
43.800313814006 13.730955030665
50.219702138202 8.194478011315
43.725653589596 12.416015511593
42.832326628211 13.271855660396
45.767547684476 11.916728145588
41.843198894275 -76.438117918657
43.290952920139 12.261498251607
43.427805543632 13.302555247372
42.121985190626 11.937937531147
43.193550674822 12.905936252303
9.6423513733979 -79.853933731957
43.17772405605 13.827510263246
42.768248469948 12.982701344429
43.097631400983 12.522054592412
41.957224098967 13.120606799221
42.231995517983 13.115958453697
51.052061857447 0.22424007957533
41.11203259576 -73.584433135049
51.702732112586 9.4830003550663
42.656348022493 11.926045952351
40.218730768969 -79.035853136591
43.088823552306 12.896238191492
42.090628690615 12.789664116145
50.337712339748 8.2608285771035
42.697745812006 12.826633473333
43.083821913287 13.66913530776
41.93234460241 13.105309785879
43.596415157729 12.638238672951
42.464689004007 13.710646173337
46.515479138827 1.9056198526666
42.037897367535 13.49419333159
33.801058106677 -117.63018323726
43.390251868607 12.067473087512
42.69512068375 13.597600574904
43.668123300054 13.386984436043
50.568976413724 9.8583171432178
47.365717517636 12.967062194139
41.976390069826 13.729697383835
51.377273442865 9.7143812620614
43.483604560852 12.08068862703
41.953901171218 12.963764627934
42.316599512176 11.876657676381
42.427964419347 12.90687270274
42.235970575959 13.624311197395
47.878374848458 8.0335557800874
26.669786305927 -80.133797850797
43.164816574291 11.962741633415
47.019556850204 7.868958693868
47.105252549101 7.984739538275
