34.189257893839 -84.930524638263
42.556563490351 13.303912507067
46.493694153379 8.0945427846604
42.65002714549 13.046053623357
41.997092303374 13.153462636843
51.451772350563 9.2164943079541
43.135003669737 13.066460173629
42.354567930288 13.429353125149
42.185152181997 12.554118871502
43.051946964626 12.057545182809
43.589266187807 12.969602148521
42.762651648749 12.222107312766
43.682461183391 12.113705862387
41.449387864906 14.29509808684
42.201997063238 12.576953098468
43.080095472804 13.465653264202
43.631894490066 13.264584715157
42.953295959159 13.275728097335
47.126919698774 11.619021349756
43.506509626075 13.588157834314
43.294764978504 12.125674841074
41.987792312183 12.18575085524
43.101974701112 12.736770449105
50.247444229781 8.4211053826944
45.492393748088 8.7276828462177
42.087521190817 12.010359384145
50.930901939949 8.2815382453993
42.781224316371 13.533296573245
43.127984184852 12.340763399091
42.801275703053 13.087407131275
50.438422158565 8.4076634572855
42.183664927831 12.063306667427
43.093347856374 11.852213052054
42.324098119218 12.76826626985
42.929611709423 12.732489290078
42.557030236163 12.502339244609
43.214065136974 11.955968698487
41.837094888036 12.890338792436
43.628001144004 12.300288119049
46.072287654072 1.9163350257633
42.409888630479 12.868146320765
26.936619251454 -80.894535137567
43.081883453823 12.817324946105
40.334477150655 -74.253267484501
42.42606430709 13.589879366865
43.325213666712 12.342302198237
44.221545765701 10.822973665722
42.724151504584 12.41275771263
42.251684613783 11.63554444687
42.934072749214 13.259900123954
41.902604685141 13.641332207102
43.489335047796 12.354499729071
50.741518279417 9.383576655939
42.807712487342 12.8240013718
43.55227116011 12.357519863827
41.946864980735 13.622537836743
43.391147314308 12.820074245271
45.336523133401 12.424803719796
43.376029960542 12.089556792814
42.971204848502 12.414397829426
45.663988088101 1.5194043226165
43.329921732366 12.324507444803
46.018003564336 2.3187948247971
42.096326988256 11.834709829595
44.875724913776 10.349438977146
43.297143426417 13.207592669992
43.554645338841 13.037305950691
41.091600963109 -74.105062218563
32.882355637954 -96.327919500725
47.431878142514 12.980759617652
39.977866715638 8.1663179973279
41.837494222058 -74.056089563453
37.219956941539 -96.830620917878
51.98456099489 8.8128023463361
42.549227153693 13.827873486966
42.13620273917 12.503248640126
42.500866086476 12.33469545207
43.08425649215 12.225142294201
41.859869180669 12.758387847246
42.800568305815 13.29828233055
43.13011728049 13.047309359113
40.524613170463 -76.059647507501
