42.400920210614 13.502712216018
44.385038845069 12.606207063215
42.318430459762 12.251991436024
52.327140666464 5.4674283921334
43.707677613829 13.019585993637
42.690081925008 13.22794750299
42.316902342887 12.057194092824
41.836807782707 12.626830385845
43.347060917128 13.825486720945
45.028905191498 9.7425700682879
43.054033166309 12.717489594017
51.641113429862 -0.36741692781328
44.53371566452 9.9222482222003
42.235213688705 13.539772464235
45.800389828205 9.5442381800148
43.249358878608 13.166776866285
39.812446221607 -73.966484608626
41.947761477434 12.172248844624
42.615345331216 12.497950899202
42.795338829439 12.726845461769
51.874735999328 8.7804387457578
42.50192822588 12.427191479817
51.057045586899 9.3637619239109
43.234354005791 12.981558088691
50.707366692697 8.6539860235779
42.457129546209 12.232341836801
42.74083440508 11.884448551074
41.84012828762 13.587723494336
42.867673627526 11.838880161701
43.212876988396 -71.100322512697
41.852923963171 12.950080348177
43.784147598701 12.629132430383
43.713266099691 12.954969573766
43.488853091623 13.622136610871
42.258571786947 12.922659491174
34.699098308005 -83.910828196309
42.741831956798 13.112408666479
44.324969630186 10.695700336825
42.559708355742 13.669411591121
42.546810505722 13.065453534532
51.59201187668 9.2761296845396
43.815670418954 12.129067920695
47.673501533304 7.678040011636
49.786997566483 6.9712429688899
43.323509510313 13.320995239711
42.856361512515 13.32315334462
28.718363573689 -83.320197669772
39.117886762123 -91.232303288773
43.812990182479 12.594701983798
43.759756667914 13.790093147119
42.996544711777 12.226202864326
26.348826532863 -80.350135145216
51.195392161233 9.3969589138389
25.173074316763 -79.344822744809
42.919383700455 13.554120321571
42.880217546097 13.349430110489
42.075222844314 12.519679868391
42.980664101441 13.081587099064
45.811102864012 -72.606980662747
50.897717504714 8.6758825688976
43.498130279846 11.99102446392
42.340036040351 12.008814238503
43.173198232995 13.833096583783
41.85814145296 13.222812733738
42.571611618445 12.093046889239
43.818220629293 12.828479285759
45.617276338682 2.5289448562679
43.141007100319 13.614866883336
43.352722828462 13.639304715527
43.204571926151 12.047016179232
43.149401777514 12.520551780968
44.849252111071 11.163516899831
50.969416767345 9.2595764241459
53.29244237379 -112.51301464882
50.96727354823 8.3874365852156
29.955107398607 -95.78766729554
44.728249428739 11.558962756912
42.738031934546 -78.595066050648
42.097813637062 13.340202552446
43.164767615595 13.083888570372
43.446545987153 13.752668191585
46.470004784092 11.082333686264
42.787298570309 12.526984406902
42.949906317515 13.408276361624
45.169199733261 10.808653040302
43.67210772015 12.220737689299
43.712200325335 12.588100699537
34.484819799601 -119.0956403826
42.175163826076 13.438265848199
45.875436987318 10.751560362851
45.844754016886 2.7364094172308
53.181532713902 5.8111034040624
42.531519314077 12.433821039963
42.150044944228 12.823653678814
41.88499935294 12.428279639442
46.275169784401 11.315993094033
46.827666946141 2.7002186713276
26.986000122945 -79.434609021538
42.411568543621 12.681429931767
