42.001008898507 12.968041178776
51.955228500513 8.4656935145453
42.678470384201 12.557856489719
51.709935716684 9.3442912187168
42.218601543113 13.502243889285
43.357529365645 12.239593048247
42.292619245284 12.015419983333
43.193373159616 13.254180407757
42.285172129669 13.488789103243
51.557298216763 8.4527213277541
42.054681246681 13.053143647545
43.38256583895 13.457781940467
42.949201247187 12.174871486248
41.881823208149 13.529126429266
42.362533664174 13.441646903305
42.099063342504 13.484331398052
42.784805742013 12.233415289912
43.311433803456 12.646706206115
42.270367563849 12.905211369018
42.710235087087 13.751543702463
51.392511090447 9.0091370455963
42.924550779615 12.140005290594
43.328837951354 13.030892573798
43.262745732119 12.945668228432
43.482540761832 13.692738402978
43.814075699476 11.910627804676
43.474862370882 13.297270131457
43.589331911707 13.344558463148
43.42667779395 12.93032321193
43.813300594156 13.687625403392
42.003200327069 13.63938551428
42.034273525271 13.239889367616
42.867844604847 13.688930152792
42.096037691525 12.998151993865
42.848405545993 11.967511398724
42.126909819512 12.957887125669
51.649857746041 4.8775988310238
42.556506072451 13.439341712037
49.681849276033 32.027936586192
42.234551950022 12.327617562084
42.595054694749 13.757019679436
42.140719177288 13.181519917784
42.216098503797 13.156431409624
43.046457050411 11.942396829365
42.348420623873 12.326899782928
53.034697088662 6.0093532555082
51.876536490804 9.4973992982402
51.572949769708 9.8627144498111
43.266211557347 11.876726449431
43.189217006897 12.68680014961
42.061993767236 14.338606843116
43.38917840339 13.244547666651
25.227989535868 -79.535474853183
43.633001908044 12.232689156326
43.669021849387 13.333741252487
42.825616219021 13.778666028671
44.197562985424 12.34924317582
50.733588611816 0.58374933175452
43.823654484408 12.251791042414
34.538488564644 -118.74445434533
42.321543501861 12.594050647989
43.189280890969 13.648955211367
43.196632166506 13.036697612182
43.02672777468 13.649430424764
42.459500961241 13.382804978372
43.22745797563 13.144713667775
42.273332186192 13.470829240287
43.623667091908 12.745099739074
43.526869768078 13.769862238232
42.151008476129 12.737208085965
43.039811768609 12.574157494409
43.530480435852 12.618143872201
43.769443631551 12.411030975383
42.484927869183 13.230485775636
43.715295876265 12.068439721183
43.282433269698 13.025414126027
43.690602478914 13.032799767832
42.242648069415 12.669006483031
46.112558991235 1.9237017733621
53.646855683367 -7.7737944786315
43.132993475617 12.684725746852
43.75177451074 12.954672079533
41.94038532208 11.852023742579
43.203599956002 13.109770471302
42.113237530532 13.191701028141
50.244045611119 8.7681738230252
47.760337771271 7.7362374685408
52.129780960563 0.52036180226615
51.501271034824 8.6215118419479
42.84136365861 11.859584751029
43.474391535632 12.673837093506
42.999519572614 12.996127168201
42.87112117322 12.510548399554
42.970892745543 12.891228247404
42.138398897454 13.805381525238
43.343180052651 13.666087276168
40.894024257029 -83.994401241827
39.636504647618 35.825663284783
42.117380062659 13.397623658386
42.168336245331 12.657120047464
43.057845479857 12.498958281029
45.76068933297 1.7422903421066
46.073426962587 11.98486605023
43.652956610712 10.72211232894
42.283348989826 13.370029066417
50.971479090849 8.0857787593667
43.280888136628 13.176762455246
51.970242049066 9.4000561583787
45.761105870414 8.4772871471626
42.328542153059 12.334032695451
43.585995142176 12.125951921181
51.148061824333 -0.93415527001216
42.856786656613 12.658249826032
43.523582104858 13.283400491499
43.55101270722 13.515858712402
51.03589503818 -0.78223876230988
43.240029563329 13.51025761876
43.731132099301 12.023133279322
41.955259619281 13.00899291693
45.459530544937 11.104289186212
26.808530375255 -79.603112820161
43.403649152466 13.692934893415
42.96321983403 12.36568694348
42.471779035645 12.408405512783
42.801653052842 -83.254659153847
42.186405295148 12.003523657587
41.91836628223 13.578878012776
46.604741606677 1.0731706400743
46.413506069879 8.947969607519
46.438380498178 1.6205527710824
43.23602093909 12.286372361393
51.963594305545 0.76377847448633
41.937835887532 12.693390154158
40.155262452607 -74.40337451338
42.978218505636 13.797407131569
42.36549378159 12.804237552848
43.296909256532 13.010842387125
42.538891013052 11.937413611907
42.657928885754 12.669181848277
43.114252911489 12.203125820145
46.410658406751 2.7008206065282
51.964468304517 9.4710377009916
43.058654014535 12.464338479335
44.686889360909 12.241826522207
45.90919395206 1.9974225740868
43.181904337475 12.863921246915
43.421247902543 13.003287643217
41.858327120498 11.92760013322
42.244255494461 13.207484146698
42.938916135879 12.102419874029
43.376571464549 13.056279039058
44.795255243209 11.309339497891
42.799720876778 13.026656790204
46.262149484482 9.4540563916131
46.439017990808 2.269104164219
42.653770909504 13.373777077728
62.358525853305 14.314628527181
42.603975677699 12.789668071472
42.333842885857 13.515677853283
42.097566260091 13.211700151794
29.465033158708 -94.843587552334
40.293715160462 -73.305496066998
43.603730377578 12.089894409354
42.104253338254 13.142689120578
42.005359798228 13.486054538997
42.793889240752 12.801565005838
43.496469173367 13.209249021604
42.160935887697 12.874706007503
42.428391274751 13.820304447257
42.903257859847 11.953583974391
25.448984042933 -79.94643590764
42.253538771672 12.500672538553
42.211273751341 13.307792442084
30.227877565366 -81.196364615796
42.523293213252 12.555014352594
42.350875856074 12.654067585105
43.354504733532 13.717866813188
43.026904641684 13.200585174023
43.359907062913 12.611840023965
46.691844228046 8.4135096461575
42.205761792721 13.19153478613
42.892412477609 12.001556784402
42.692224502441 12.532567426366
51.337388301192 -0.019037862368407
45.549048673617 2.2068587183984
42.179276077647 12.514661935884
43.485930605107 12.15054759532
41.246019502902 -73.626697944435
42.045743631241 12.466651703935
45.004993540863 13.470013791403
43.208830831225 12.890758261055
43.235084375031 12.452002033357
42.830622088106 13.662295652417
40.95918702621 12.883831147446
33.460072656222 -119.29809363132
42.771462810606 13.304822832509
44.572061966347 11.046112944414
42.189687948783 13.260139439863
42.711130971441 12.071051570641
42.692505826586 13.026241549324
42.035348213781 12.331059330318
43.444216776867 13.497105574488
43.360686772226 12.029381860548
42.687820844228 13.584340257863
43.501526674045 12.694106864156
43.159745541497 13.452490811934
43.178859690774 12.137491073079
35.973699045876 -78.827457533228
41.918611615879 12.771405214358
42.865042996085 13.556505514123
42.104375653504 12.554722444899
43.517478561291 12.372216905662
43.471187870724 12.950215364804
43.774310687938 12.4462305007
42.313965762667 12.828413945564
51.590049698292 8.552507429641
43.752788774575 12.282506467927
43.601356561131 13.184878951511
44.84197158445 8.9767442644465
43.737913989827 12.858446005687
43.209452767509 13.497526697601
41.844895618451 13.624093971992
42.725655995668 11.906335824147
46.417595627912 1.0242091924996
42.680138450454 13.678635408042
52.370993593182 -0.018525065914036
51.368456537076 9.0560946613811
42.33118185791 13.047551010778
42.692873723683 13.202105676405
43.825916274856 13.234790842645
42.548002026786 12.81038913124
50.255239310328 8.7393666621015
32.63999408576 -96.52364976884
43.61080892694 12.096222757428
43.527040904189 13.485458309544
42.696789233825 13.499730591916
45.44247084411 2.1348548178258
43.195089771059 12.167897564924
52.02005291475 -0.71714123376977
43.174999361029 12.743508980511
42.817868181441 13.623417932851
42.304930589325 13.677757848856
26.793713352996 -79.655367915633
41.957457043232 13.131314909168
42.191830729245 11.850851119913
45.219286539254 8.2697839651582
42.322600405834 12.859405417882
42.623020136109 11.9209126802
43.177910341985 12.993505784328
45.987911026849 9.3158214752892
43.105195912603 12.218827884767
44.276073298243 6.8801168624009
25.402336428578 -80.833090101101
42.058133796837 12.578397289209
43.078490885963 12.268237373472
41.892193191656 12.810615352753
41.923731822972 13.121861524492
43.724764750232 12.536813966735
42.878141639253 12.619805209183
42.57691149396 12.748868368936
42.709646709149 12.710528186409
45.483936389202 2.9599413135834
42.671933872959 13.749336330124
50.091683168007 9.2881383180097
41.926756060203 12.709834268668
43.323212011889 13.379670850665
40.404850421535 -76.575889684503
43.141837060539 12.834656940251
50.009494837378 8.5525414648245
43.224378508641 12.940255154383
42.913321971408 13.132327028167
45.001299792364 10.020173581885
42.603965945844 12.885166332559
43.448614421531 12.398182822132
44.014862720862 7.9071298986218
41.860248059922 12.896880711402
42.545620793286 13.381927052246
43.46027093218 13.016489747009
42.363527561728 12.359137144128
46.402378483397 1.7101530324249
43.797179142405 13.590174356771
51.930344113349 5.3239835251933
42.380205795367 12.559115211761
50.667053402363 15.321247752207
50.597491955314 15.397295381826
50.475557544956 9.0747879934845
42.045698947781 13.171485149868
41.952626249286 12.853939311066
43.688879522371 12.212223498271
25.480200758876 -80.743886645574
42.941514059895 12.31915778218
42.200873240943 13.07217373751
42.430823019462 13.127632798242
43.702748949988 12.192723610083
50.609974734304 9.0439016018267
42.585399548817 12.158092689329
43.239553001842 11.981030402717
42.816082296363 12.711144709846
42.608375704686 12.508303815291
42.5014041865 12.272699957396
39.551140472724 -78.372792330238
43.186353063784 12.935978791202
41.184377317845 16.998462905923
42.157972063498 12.813280741153
42.464501273124 12.628201697335
51.849161545676 8.9440066870041
43.423279091934 13.732127574634
43.820547490784 13.617079937208
42.639008842895 13.08490062688
43.828520677459 13.508550214839
42.026962211855 13.317728898191
42.801438294745 12.707914301079
51.255741566306 -1.0081022587223
42.154287949297 12.92954802931
50.140392373847 8.7601399131865
42.668238916767 13.419886437927
42.213117637326 12.511584875433
34.552095119484 -117.14320402809
43.155524354987 11.924444031887
42.03266408624 12.930932457082
43.730355311081 12.469046420657
51.1131056557 8.7426977389225
43.166196317045 12.784918135419
33.088385512807 -118.28840283859
51.818051142533 8.8181621082212
50.38773741498 8.8431440726123
51.199495326355 9.9864266603191
51.816382841122 9.3251467772411
44.180000191287 13.312063456169
43.409941843923 12.387406260442
42.510913750881 13.827270762004
42.803055307292 12.937056248999
51.551728592045 8.5815339570779
43.615946502733 13.57167045568
43.421003556562 13.311253067738
30.130036699385 -80.771744668259
50.687601406447 9.5010194096253
42.475265947413 12.988328678083
51.207844563878 4.9429355519558
42.547805085589 12.869874681772
43.37596605924 13.040989684912
43.7461053458 13.17672817885
42.695435513156 13.082877073497
43.757470021864 12.789006455724
42.785913201902 12.241142351314
42.605531009683 13.08764434612
43.650083279561 12.560306329096
43.814733772939 12.445348305856
43.414483269425 13.578736943949
42.635873013493 12.660451332901
42.487308567638 12.841688168648
43.830297549197 13.795160273016
42.708884333611 12.490695864212
50.108466325378 8.269339744127
43.682263509709 12.0363104246
46.5733676914 1.6031828213498
42.972466474873 13.475449790024
41.366803529983 13.117321342562
42.650911333829 11.94191685784
43.417314058851 12.13994442587
42.769973365038 13.812466038325
42.084380708695 13.125541740177
42.479737943283 12.825140168364
34.258672473786 -117.58437096337
43.289155533693 12.445364956972
46.374384243078 11.910190092542
43.51966660822 13.395621263162
41.842748693604 13.754799005948
51.337207381538 -0.56548709686635
41.863866874906 12.433454531002
42.179346285865 13.068081930798
43.710286660937 12.415355694229
43.425772766336 13.029857747757
42.696448229133 12.885063408841
50.298308136081 8.0180750624361
39.030093140183 -76.149937673891
43.761756931807 11.83525308542
42.159413767142 13.257405431151
42.319621245547 12.763066623736
43.568443296297 12.16105616242
47.586836565094 7.1529012863305
43.694244232373 13.247978942605
41.856596768788 12.397563365494
46.906400905413 8.5496914761838
43.274638448059 12.84216305422
53.346884578861 6.0379580540061
46.260064068835 8.7583255947396
42.478001727966 11.971275101889
42.173309844089 13.461827897703
38.751370646584 -76.591167441338
42.617541344214 12.85046916683
43.231637061702 12.142977512064
43.007081894228 11.989463761465
41.850245302494 13.291839334805
42.964953197171 12.180774253898
42.459385820434 13.810914622087
39.08974095836 17.116643028619
43.746121227644 13.404530589678
42.897778124056 12.981137612381
47.39617602825 7.7722877076698
43.588322067928 13.471822065542
43.731414546155 12.888864958162
44.658627402298 11.354486763831
44.770391781705 9.439728597293
43.255437783106 13.228348032233
47.968981973812 8.3291808438158
44.002935523497 8.4224220491352
39.450009727512 10.021902531347
42.574352679597 12.024568212717
42.963421823461 12.350861870402
43.277382334379 11.853154957713
43.312377999238 12.7082666558
41.95709258644 13.154271980375
