43.304701285134 13.23044017622
42.417971230793 13.33182277222
42.738672991183 13.711134557499
43.448797787304 13.560943253155
42.718755642308 11.872666282075
42.669840707777 12.561124188176
42.971990388826 12.950843462719
42.823826290606 12.413282166914
45.28104665842 1.8176831620828
51.026296434936 8.9935700036555
42.898321682095 11.993043056241
43.21692582558 13.436851028112
43.335866356912 13.640923605154
42.522218330096 12.667870210816
42.088770060862 11.887438609699
42.733324871761 12.590178966352
42.135649703993 12.912834980971
42.086760384558 12.072873104419
51.31556638764 9.9246707069337
42.149701252205 12.333745487676
42.188844153301 13.599153018391
43.458927606467 11.915212014672
42.90468225067 12.801095521472
43.356863027626 13.429063488019
42.435892632921 11.863156496039
42.255790967169 11.984529733672
50.499611870153 8.4247382005792
43.555895116926 12.253527944581
43.583637564736 12.400492643679
42.253335927752 12.114006222765
42.987094138764 12.191216804197
37.158471993627 -121.53603547387
9.3640541752633 -80.806989167727
42.066806915734 11.998461043017
36.968394294895 -121.43313556721
43.055343567906 12.966439293237
41.991443601454 13.634844374228
25.768670970449 -80.900674441127
51.562659383082 8.6616866563734
41.866675933316 11.907413884044
42.035405538082 13.639206881488
42.856075699861 12.34397759167
41.920164797905 12.250724939767
43.634881050112 11.092637541305
43.717631773913 12.798701580075
43.335512952125 12.130769676145
42.8988619521 12.088945803761
43.027197411318 13.375670969217
42.924786726464 11.995055453405
42.65140030193 12.327894377696
51.844411834303 6.0965773422954
43.239293921406 12.791757404263
42.05891538975 12.231208491733
42.459955654575 -83.596645157804
42.824546656511 11.951557153369
42.501704945018 12.110079136749
42.593325804285 12.145122746094
42.215086198533 12.328684067993
42.567443560163 12.874563124459
46.427853566794 8.184423690282
41.906997399848 13.460583675423
42.101984207121 13.524363294509
43.565895260131 12.311711956913
50.028603727943 9.8270819209642
42.544964964776 13.703529912861
42.244968874981 12.86756909588
43.128224526613 12.924430933301
42.536687099646 11.94912004098
42.498551975258 13.474686622862
43.435841959194 11.877087031455
38.386153417528 -78.100461835979
40.712007372136 14.574427115929
43.409309770192 13.094777426282
42.297795684702 12.028973836952
42.846149974918 13.697805156346
43.302182190282 12.381744732348
43.175701073474 13.32064856699
51.475569175312 8.7869913297645
51.035626648942 9.53088036018
43.441972705762 12.713561886809
46.233304001732 -73.101242388318
43.685019186107 13.006829560293
45.705511994988 2.5431564019728
43.290839790057 12.95716130687
46.495851045028 13.413856874201
43.754451497365 12.248517308521
42.413096305196 12.51289492173
42.817944659322 13.514782239944
42.363892575451 12.965311165438
42.072582125719 11.876898786948
43.523065793127 12.998503204921
43.465700786035 12.5696917723
43.154818189424 13.448730407513
42.931275760278 13.113871653638
42.796321528424 13.799302370215
42.687047089325 12.473498565386
45.097552047671 9.33526610964
42.714832071103 12.119640651236
44.303928581348 12.322304179206
43.261847432846 12.031896355132
43.523114606071 13.447145312322
50.959796042396 -0.56507119474703
43.429580980667 13.321240036453
52.969375430825 5.0532609989416
42.662997501766 12.239428939896
43.12368937124 11.885394923357
46.906523352445 8.2936858661909
