50.187418548478 9.8515875147896
51.06286467475 8.3466369660323
43.399049960284 11.930440835178
47.139733905317 11.435099046296
43.519549863676 12.715230745617
43.390668685285 12.994058377593
42.290239490259 13.5444188456
46.403038866635 12.49879225071
51.633180998561 9.2304716223061
40.490025142588 -74.799182754514
43.163612483166 13.763562564183
47.453066059134 8.8671938389853
50.61014677566 9.6188453801995
41.841911495145 13.59796796024
51.471083715777 9.9140712404223
42.749873749351 13.758611256165
51.828018241016 8.1924061240593
46.510181280091 8.8712808843103
43.577783224929 12.49526955585
50.853610759533 9.1518849568217
46.717670773025 8.6898769441479
41.992374917975 13.768549287605
47.327045168668 13.371231654154
51.552262040578 8.5744952138395
50.578608600227 9.5774739107943
51.742637356158 8.9026487869689
42.974725098358 11.959665486591
43.031122342719 13.350575766245
43.704952179338 12.433440821468
46.779280393561 12.921334792239
46.401997093087 13.858074681555
50.158723476417 8.5229722426846
46.805708464864 13.075490606772
42.348478074834 12.801511946063
50.184025129855 9.6220388797214
42.716443098039 12.354541308898
42.357824411896 12.976261021114
42.336822621702 12.775756250052
51.000928416383 9.6489505309839
42.00095782338 13.427258085679
50.852139783023 9.607774828378
37.858795974804 -96.822824242908
42.731962507953 13.132453240537
46.731684568001 14.289368934387
42.035102645438 13.314269120972
50.792035671785 8.6044886850773
51.874735999328 8.7804387457578
42.60174395244 -83.34120875587
42.349502142237 12.495987176681
43.017742645956 13.17595037642
42.280353489949 12.943605180359
50.485685052111 9.9694613921314
51.005039046987 9.0522377887053
42.759729649315 12.962050495673
51.914242527408 9.5758813482597
42.255255614547 12.119475273026
42.339081348099 13.589507846923
26.207537934264 -80.019323173729
41.948836566878 12.330633133825
42.424412168781 11.896655967898
42.640816752653 12.610514283486
50.253931959278 9.573912099271
43.047726205593 12.016190511203
51.308183815008 9.8821872039149
51.090488025961 9.6647784149576
51.294969938367 8.2122315569838
50.367880131289 8.6880997110568
47.299089619286 11.889627913593
51.414696216311 9.9617224596263
50.748181217233 8.6349592453963
50.948170067253 8.8415448301665
51.554048760586 9.60479628416
43.759636020197 13.796100922321
43.103240381064 12.477077043393
51.367141249761 9.9442925760263
42.291417305514 12.88689459764
43.14678684305 12.882134412847
43.762054165735 13.059207638309
43.215509354724 12.187536685836
51.963578815555 8.1449752138671
51.364052793646 8.4656282530472
42.554237577878 13.008859494261
41.927419427304 12.496689379002
51.982491532798 8.6324497645872
46.731759162495 8.36624974076
59.717354696112 25.594334881098
46.98911028234 11.23252227045
43.398162802422 13.598313694654
50.918695297986 9.9463710840542
43.447902581884 12.479556907213
42.616168173338 12.031111399679
43.454045598162 12.42685197828
42.692280468409 12.533173200944
42.53828018279 13.159707610125
42.285897498173 12.840056094753
43.380967306172 12.153325047902
43.740937290614 13.50104984294
42.679174220527 11.899265758202
51.962130791024 8.2348252969025
51.785972448432 9.0779332402525
43.279006245697 12.099194166783
42.863517092498 12.105784784607
42.213893446261 13.33307044831
42.045212653042 12.267579060193
50.061443374055 9.6143633009001
50.601769849473 9.929542698399
51.778362117605 9.9825043976225
51.605654334233 6.3796093345758
51.557012604343 8.8920033624824
51.073942503926 8.7917300028688
42.534433536036 13.659358718761
50.72949966962 9.1787849274365
51.895076822906 8.5754132492353
42.688948055605 12.396808684078
46.371024154954 11.969460685423
45.814480516696 11.765631704647
47.120952277223 11.834228240973
43.717094617319 12.241147307347
41.162964178011 -74.206099244528
42.002562108006 11.938608047079
45.61253189762 10.509061449144
42.730596181366 13.575062545771
47.164428076572 13.952856065937
43.828398515411 13.753670948464
43.672992505933 12.136385020419
42.444266129979 13.137018072038
42.983509683995 13.72195946135
43.454221699154 12.255358724529
43.113756776861 11.955662863329
43.54597246069 12.0443213331
51.754977514853 9.4975658918254
42.129123792599 12.307843702078
43.592922115064 12.734623175012
44.090934106005 11.296984954198
43.613922634935 13.011473499265
42.534362003943 11.9614534569
51.351865619119 9.3752335307073
42.852993832854 12.494196194941
42.589326855091 11.975717016505
42.222575939385 12.925793584423
47.78320164065 12.193190216058
42.760280545245 13.497165604281
43.022245484436 12.06992090266
50.621387205842 8.6955387781819
41.998277558034 12.618364986341
51.935388636394 6.1646191046641
43.156769971457 13.564709437364
51.394876726621 8.3233606262707
50.422611023496 9.907768983351
48.398160964502 8.3051652136807
43.825366489063 13.355992884562
43.345757966112 12.25383187565
45.80329022054 11.458668793465
43.826431001011 12.033080498259
45.989699163122 11.703513632924
50.144213348694 8.581530689067
43.637960778867 13.704399506445
43.79728618024 13.12923252125
50.372689385606 8.9987957626576
47.043161279356 12.866464593733
45.544120652112 11.833698822273
41.942769571667 13.318606270647
50.357857323418 8.5390592192016
43.663585667828 13.594263445884
45.944105818655 12.926269542739
42.447493172014 13.634430167116
46.562494598125 7.666609756959
50.082810255272 8.4776439501334
43.477960651053 11.906692583091
42.175395190818 13.625151339765
46.42894778728 11.753133557503
50.294278006206 9.9216247335643
43.501104457558 13.265370362583
50.743893248375 8.5642756375318
43.056936412166 13.045326324688
38.34843110094 -77.103444840766
45.265772218474 1.5907483988398
50.223990990885 8.923883514909
46.920920486525 7.7403871718517
47.274798991752 7.3798401213157
40.708547580072 -74.858733182839
50.60049795853 9.6402543576622
50.896043369498 8.9137815967732
41.976202186207 12.464755975879
41.835595732499 12.442659640446
42.202170151867 12.830494854076
42.539836625841 13.521257518123
43.069006401167 12.472672839424
41.941330425435 12.157612383926
46.663507769312 10.891767243872
50.571049967115 8.6523369008919
42.344625806152 12.246144584981
46.940914956825 8.2829547609589
46.557596574797 2.3073599735775
42.902233348204 12.13510909359
46.662244633894 12.275292544635
41.908601066542 13.311962408646
46.976076187555 7.1225078437116
42.969942228876 13.45885244175
51.338182498393 9.4409296300453
51.206080817713 9.2977275309608
51.278162235756 -0.82229153948477
42.185930004451 13.52114052119
51.243753619606 9.3927320150625
42.067903365527 13.739874752604
42.604218746372 12.993050229753
47.045761698601 11.415421166816
47.62184948112 12.753109240205
50.740556618078 9.9098360919905
51.126364988334 9.5444484052921
43.685837154151 11.932638433752
42.642532975733 13.514079000596
42.126093878956 12.969489556278
42.012366047156 13.575521147633
25.531428937099 -80.344461787462
43.767235279927 12.085983338827
41.806436880088 -73.462361647163
51.837024371064 9.6353191810825
43.704042056459 12.620384148166
43.096078654817 11.882004615817
43.352999495993 12.297385691825
46.355489821804 8.0688224104554
50.469842957086 8.2937236806814
46.837680700625 8.5084179162553
43.323567514479 12.604100283072
40.42092527903 -74.963497987597
51.71009222358 8.3312650156819
50.789723241604 8.313121806976
45.909568891541 11.329188186528
43.684187628668 13.612426172317
51.14308284742 9.9525085156562
50.231195831779 9.8504603131909
50.266776768615 9.8580908150683
51.651021071547 8.7104616778486
43.478065592015 12.98430557271
43.584866659078 12.67020028211
50.577072578285 9.757762772384
43.645397671354 13.761407697949
42.910222031621 12.797587199529
42.627773060777 13.16660958259
33.266040949901 -96.312845334249
43.632640793304 13.457659275971
43.778604468714 12.652413077977
46.994082712819 13.994739068923
42.140822242101 12.743729809201
43.78228786114 12.459755929422
42.484314930872 13.132573921782
50.425475917489 8.7362154641823
47.387471038402 11.25534124675
46.888364125645 11.80274509739
50.539470963431 9.2764804462327
42.527091461035 12.543117013103
43.312735508363 13.437491319367
50.618166428347 9.2291852367246
46.683916662672 2.583662250351
46.016899952396 12.263929159203
42.989227796455 12.703633757191
42.608967313382 12.322006063707
41.866675933316 11.907413884044
51.150332944538 8.0588190425461
42.52245816382 12.758737679014
41.046264594128 -74.583612775368
43.352238926756 12.28213780668
42.03576171076 11.993099122792
42.625643011495 13.367872308201
50.078159755132 9.7072427569457
42.805267467094 13.546072450742
42.398476361038 13.520186646639
51.835956228821 9.889196199779
42.438081044463 11.958482780961
43.585584556978 12.282202454436
51.406410373471 8.5576140552562
43.728910920105 13.497064377434
46.738086732637 11.793538467096
52.775825140195 5.9070103211128
50.196151535584 8.8557466533295
42.598799630834 12.662469622543
32.520936388926 -97.705435298404
43.383756545106 12.190704644302
38.107088303709 -96.744818776727
42.247635563972 13.230805481913
45.817894730912 12.363274419731
46.759630368724 11.286656547353
43.265200949419 12.602973189972
50.986070971464 8.1959200916793
42.16874206728 12.313335664272
46.426767956853 11.085604152382
43.539832473539 13.222885609264
45.80340276156 11.327369646953
42.088301935295 12.001320589821
42.886471974166 13.475637232662
42.975958239297 12.165994160907
46.894667309914 13.684974228605
42.039918501901 13.060812775561
41.995889085364 13.460405670807
43.472960912864 13.470055733582
46.743181081157 13.873000052021
43.792528437375 13.528660866699
50.034324353577 8.3233674691633
51.462064161646 9.1149893440842
46.73714047267 12.567952899408
45.742464019632 11.205976595753
43.085130182621 12.291667712544
42.506094490435 13.621958433961
46.290900281114 11.075144787235
47.323056754436 11.557767588276
43.000820462613 13.222595443142
43.07254265394 13.076286831462
43.554119248222 13.458857657623
51.100779847755 8.4113574216195
43.733328559333 13.237923272086
43.366945957491 13.553468932211
42.385009164191 12.363706921883
50.416352619145 8.7648509399802
46.23548342038 11.015510032126
42.211772796352 12.22252049589
47.024401062368 11.376690703785
42.293987462455 12.501449149822
33.216747485242 -84.676090740821
25.510961960291 -80.714748725438
42.107343509399 12.387505439777
42.362519444622 13.438080818617
46.37637516734 7.1118438737988
42.306477848604 12.439034483621
51.773184800881 9.1517576822786
42.012197591391 12.50699133312
46.101730250801 2.9257980771017
42.480268978758 12.203360753715
45.849604161666 11.851223946827
34.132505342931 -83.801536672563
43.685728582428 12.90942925818
42.349748925024 12.52526710535
43.873303927518 12.036609472587
38.670042949283 -77.045742271449
42.463068415182 12.724111437224
50.542014722033 9.4319465348646
51.417800859277 9.7566969333015
51.567184468064 9.8453328161711
43.642161245778 13.640850920084
43.429518324078 12.280905779137
43.53232644339 12.179203774419
50.759075972139 8.2399955108948
51.301108280803 9.5956937789897
43.0859705676 13.331185505435
50.502933162033 9.8243537176514
43.368720038987 12.000947563465
47.282744244061 11.952916886335
47.788725622179 11.615515371487
50.697578336204 -0.41371125286617
39.390772937446 -74.570641458799
46.413842285107 10.507395355661
38.771099511763 -76.594159887653
51.410289482405 9.7043240897843
51.575869866915 9.0484076934161
42.737543676413 12.484727457878
51.630446831524 8.2840962415953
51.415412412218 8.420895375973
50.130930445684 9.7538378977933
51.424939533428 9.5149602664239
47.421321549838 11.907836509991
42.867446783889 12.551609588134
42.600398317746 13.5206155137
42.74017134811 12.964839655911
42.776581625837 13.697938331283
42.025868581641 13.784685895699
46.956548822558 7.8326739747229
43.268099941459 13.562148040909
51.506985266929 8.4848936574929
37.508239351915 -96.48387498338
43.418288176629 13.688747839878
43.409418648321 13.471174332554
43.258404231772 13.553935258463
42.905695470493 12.279395085911
50.470263445038 9.2674231334903
51.524998346588 8.3229359152368
42.037499267646 12.807331829729
42.338441594682 13.095126217296
50.504665715389 8.6163453909645
42.857802123717 13.331416188449
43.571000161402 13.612662826505
42.832690329234 11.931871254452
45.938522418467 1.848446303908
42.402819944289 13.759927312287
50.285097981005 8.173659141722
50.923518850432 9.767890096534
50.745440770753 9.6666817291019
43.41286053297 11.971984361772
42.181238526584 12.766753961245
53.367415030891 4.9127776367416
51.529770833221 8.9729160717562
42.458745239071 12.47587968899
38.008784004491 -96.144134654731
43.11430704927 12.619876295638
43.240328980277 13.387269157652
52.677129735554 -8.3440335911438
42.5666233928 12.811931469411
27.021052854128 -79.465321562745
43.217183384235 12.28451362221
