46.489463329823 12.165318366564
43.154253493044 11.051539271465
43.320334291721 12.00775021224
43.371812218063 13.720189470223
29.204787751764 -98.463217220978
43.755094530434 12.322257045828
50.699325413303 8.2548311470332
34.718584461168 -112.20953186621
42.791044034453 13.222874536769
42.077061567047 12.181462254481
51.761264737584 8.6959592153765
43.332913176333 12.44506605784
43.042660969816 12.912966528422
42.776818994815 12.830016495136
42.697633420929 12.129162815015
43.235974308234 13.317660770082
43.087699867381 11.949241142252
42.590465582738 13.315295472909
45.834279961271 12.395832651875
43.433755981493 11.947466523383
42.56553999363 13.304882234591
42.078729710134 13.351294599658
46.030716130338 9.1988462159615
33.726644385984 -84.108409343245
44.960465404096 10.819536554171
41.934668844556 13.226408868223
50.01913108631 8.3690484582302
40.959758313805 -73.692248214405
41.841738424211 12.813526233592
42.581611568866 12.578218585636
41.404822914724 12.945819874546
42.34401223361 13.477011012157
43.035219376013 12.816150756488
26.947333681821 -80.280339690797
52.025885328895 6.5248365750419
43.619576405768 10.647616639404
42.117975233664 12.346757885251
43.043429133058 12.650632317968
43.739230012421 13.668415569101
34.338644345628 -118.33690531783
47.954471116399 8.2680252698567
43.359855578004 12.824310496854
43.316357903351 12.302858193567
42.243583334744 13.690854976296
41.897665687344 13.273636283967
43.046596701765 13.775329518048
43.677827382331 13.444628032618
42.052063026045 13.579228380054
50.116073362583 9.0020069498578
42.827094888255 12.348083967992
42.981451977988 13.705311505473
42.291375455138 12.08407161158
51.228888033064 9.1330136806392
42.172303386599 13.791768918204
42.108243245237 12.492546445009
42.500928140965 12.191881198546
41.307607567759 -80.904481992324
42.960308038632 12.495693170717
42.006127431081 12.462005919547
42.371046714213 12.837103597765
43.599744736052 13.494209416462
42.248701790485 12.035457078405
42.134471096182 13.4476746486
42.236445515548 12.945739278566
42.442379467882 13.482552008949
43.057172157384 13.234413895886
50.707318789189 8.0986441597802
43.37479802846 12.411130098838
42.328329079493 12.325236450588
42.089260458077 11.962887940932
41.901113516626 12.827808457368
42.713938739504 12.053799978969
43.554288455099 12.453202548203
42.726191255623 13.071229555698
43.471825863941 13.242994554009
50.623884552915 9.568195963543
43.499980912332 12.118772528211
51.020085447477 9.7774031738645
51.274705189874 8.0888081044372
51.101557064849 9.1808585995719
44.479959848726 12.303776743286
51.05394968952 -0.9109688977972
42.258412770603 13.104243560298
46.227323349671 7.8018646071674
42.768797845493 12.988694740475
33.719973782573 -96.374481992197
42.876832660251 12.789191319064
42.040235167409 12.774009374352
39.226205357857 -77.933809819684
42.499320243273 13.775683137039
43.680720013439 13.136963227849
45.796027119272 8.5312204789516
42.461237341867 11.833574878927
47.875045396795 8.3459860656159
42.346696229368 13.106813269272
43.417154444131 12.347586258963
46.028538902769 7.66589288072
42.056060923311 13.553686065878
41.901144899873 12.59827056362
42.86162018725 13.778555493254
56.288364022173 10.966004036817
46.389860491846 10.990625737626
42.766870275984 13.665841478254
42.16666912763 13.497113607145
42.560306441321 13.296614059406
43.685059168716 12.562204891167
41.932721371286 13.223234209357
