47.376208888076 8.3353781357107
47.554765026809 7.9156155418212
47.872718367201 7.9181146770334
47.360187483188 8.0001718602144
47.129751428557 7.9103933432654
47.839283331688 7.89983747988
47.339198303101 7.8711079516779
47.597411202545 7.8057106760357
47.02031922481 8.0877980520426
47.53542038311 8.0387778743351
47.648040463053 8.1628892385228
47.053597644928 7.9032275480699
47.36971946171 8.0066956239784
47.810178767336 8.0376605163504
47.54018807157 8.0234286906307
47.496457596075 8.0692278519595
47.11940358771 7.8301711295872
46.930193168544 7.9026502356411
47.305524223626 8.1443904680872
47.363629934547 8.3051013361221
47.118986244369 7.9943409846138
47.069076664778 7.9167522713154
47.805781454689 7.9472081409521
47.337345801451 7.7360414940566
46.91443122277 7.9129551851251
47.821476592599 8.042122260687
47.920302291829 7.9602535343544
47.180206196467 8.2182335640389
47.507627676477 7.6877317184991
47.216314333592 7.7563994996047
47.346040827849 8.0108032431504
47.173666904761 8.1655077413495
47.457483728629 8.1580089629432
47.761334424262 7.9344258024052
47.405535520709 7.8094078422568
47.491996929279 7.8947932593966
47.350734609343 7.893053295041
47.663583141129 7.9773073731816
47.412290736992 7.8173221318317
47.570109044001 8.161472420749
47.619972843034 7.7906820116521
47.517932514901 7.8880755891502
47.731276715049 7.8285798918589
47.328773141992 8.1486198181047
47.424809896585 8.3155057259442
47.075187051238 7.9799381103273
47.808865544763 7.8355889422053
47.618907814668 8.0563843203971
47.577790120886 8.2669027020535
47.590866756901 7.718675667289
47.203545854987 7.9295261441402
47.635439242067 8.1271212208677
47.507463187681 8.298597953887
47.670592502072 7.9997358210384
47.54314799539 7.7584715451852
47.161772124545 8.1619980769055
47.422008759073 8.2993226881601
47.42045030064 7.6346744874654
47.184263935398 7.9666076316343
47.456217553679 8.0736467610456
47.56896159871 8.2669530819482
47.214759411405 7.8096493856372
47.617771744084 8.2354159547181
47.419460060736 7.8980678459155
47.229066901481 7.9664181307733
47.285928666259 7.8022146624523
47.088466080412 8.092570913533
47.387218577502 7.9027161024989
47.958154500443 7.9069977681651
47.301172210044 8.0240145898536
47.868479963796 8.02490946186
47.462061666167 7.7960173151437
47.175993356004 8.0596756101864
47.956426780651 7.9854559507153
47.943156630706 8.1045793393182
47.379065332645 8.2261967254925
47.554282623601 8.1181441806807
47.368332225535 8.1227853261506
47.570173828197 8.0931722624661
47.516496431789 8.1771134711695
47.241893576571 8.2733194941065
47.680180598833 7.979749559881
47.22566719224 8.3191504782621
47.201373306895 8.2323073501103
47.397570996265 7.8349430807098
47.220678316066 8.2797450224309
47.2448327617 8.3244865142389
47.854691152393 8.0903684948992
47.943990115982 8.0654256400026
47.819533937527 8.0667908368943
47.092087696815 8.087639625225
47.286583406984 7.7528849042733
47.459014821546 8.0108103291182
47.291840567855 8.0731679909272
47.285644492733 8.210268665203
47.316101266684 7.9842053740212
47.488473258209 7.7576550900739
47.726171050093 7.8083272300699
46.969993091174 8.0422321870188
47.511799811624 8.2266134886195
47.716956292147 8.1464146227326
47.101677776362 7.8044722000158
47.439042247105 7.9275114582514
47.251133751707 8.0456678597469
47.214129926271 7.7582855414405
47.121115475484 7.904972026546
47.917817309461 7.9736302271363
47.042827543823 7.8946801931107
47.026884210774 8.1325980383589
47.524107551912 7.7709067835337
47.040134270694 7.8922311122959
47.152668187466 8.2687889692694
47.342591273292 8.2284534313848
46.977479845741 8.1819452015599
47.314681790916 7.7553399758205
47.221849600888 7.7486716493725
47.532981517973 7.9982122718348
47.146767312729 8.2082295460665
47.294493826709 7.9714162321628
47.724559421523 7.9900501687033
47.271374190818 8.1235521813499
47.875045672001 8.0848188582271
47.702622289631 8.2164313063102
47.508046664534 7.9320941418093
47.648294591647 7.7992228743617
47.102920257069 8.2426159131539
47.65976389342 8.0749580739415
46.985540580463 7.8659982964704
47.40929155583 8.1466618520891
46.955553755143 7.9170309360684
47.540239425628 7.7262193047098
47.025206807081 7.8932379106494
47.201454635338 8.2792132363092
47.389040007903 7.8966964128877
47.915863694118 7.9538811766328
47.780973188943 7.9910722318995
47.145468200159 8.0614986135911
47.515179318616 8.3056440764599
47.453984480728 8.122557573939
47.63756508503 8.1475436492579
47.25260475895 8.1830517487522
47.253582879553 7.9560291068424
47.332762609857 7.9228788353144
47.289281865717 8.0494747772112
47.011950579943 7.9548749280883
47.513119375106 7.7500759073301
47.007066792812 8.0591344014086
47.377208695923 8.3057044717975
47.259806101797 7.7031566108126
47.44431390634 8.32757527443
47.21086254912 8.0674553807208
47.548043793788 8.113226490148
47.736172602389 7.833164321181
47.430584766171 7.9601796627791
47.506271892929 7.9832796743062
47.421535930793 8.0130822104463
47.383631070323 7.8863411154069
47.392865600713 8.3849393787724
47.459011190319 7.7208616112922
47.818340409928 8.061219062219
47.262547725468 8.1260127896098
47.138450980251 7.8793234307688
47.597845629602 8.0852927873308
47.336214226361 8.3087968743913
47.984100267284 8.041919864268
47.380368866204 8.1926882891882
47.142073686766 7.9542926759246
46.955829535125 7.9359163278415
47.58587701646 8.1077840831633
47.095841870222 8.1556323231923
47.159452905021 8.0496800714404
47.280288852416 8.3781658887761
47.826142392506 8.0325761996361
47.103689988192 8.2333497448048
47.325555462542 7.6551996803168
47.818704526787 7.9384092110854
47.39617602825 7.7722877076698
47.476335610485 7.8207219754442
47.512979836908 8.1624802640465
47.32211570643 8.3805886164217
47.867168829714 8.0986398254049
47.648751884535 8.12332957104
47.136819492624 8.246902688987
47.285941215831 8.1411757958779
47.420700216396 8.3808440684252
47.220078234198 8.0044497209622
46.933093897036 8.0944165476106
47.938874626969 8.0329618454133
47.058887471472 8.1671258020993
47.916692251766 7.9259090069336
47.265699902673 7.8331368704481
47.878374848458 8.0335557800874
47.381031642845 7.8103719660129
47.502387033078 8.2630986125502
47.268677084366 8.3069292676202
47.195083369126 7.7303413114186
47.202041511052 8.1428367975833
47.228875079299 7.9851768859593
47.467282321522 7.8748659034608
47.247190741472 8.2476761924325
47.155407548954 8.0873835701902
47.150030454691 7.9536945381918
47.33668060337 8.27052041668
47.21752140914 7.7904194876507
47.372998450125 7.9242979483326
47.235246292891 7.8393923984093
47.019556850204 7.868958693868
47.104771908887 8.0510860942542
47.360780332871 7.6379204898318
47.141223747349 8.1971169846119
47.067164635317 7.9148330953507
47.717319760806 7.9538147458592
47.711249048687 8.1289208909166
47.105252549101 7.984739538275
47.075376087835 7.8202280275618
47.099292483693 8.0549123725178
46.962551118789 8.0449712323234
46.951602754161 7.9305947320213
47.306698836063 8.0850078673498
47.223942201689 8.1836686028092
47.055251375332 7.995465221347
47.03864758091 8.0407559131462
47.540887354659 8.1883454952335
47.664103636362 7.9569214083985
47.327694998741 8.3654208860199
47.75829330122 8.0772047569403
47.283842498103 7.6715495049355
47.377508969222 7.9192915940281
47.427608208464 8.1603903109955
47.388329648594 8.1805580091572
47.595629183853 8.0205069193712
47.478012666794 8.077924018762
47.602887646576 8.0855433531504
47.116071578635 8.0767266736723
47.576222131763 7.8510043997555
47.606767176002 7.87389580853
47.275644214952 8.2540319041601
47.319146291036 7.9722468699199
47.596928083616 7.9455313295804
47.298367731412 7.7757983751482
47.821539723697 8.014674194164
47.813630797348 8.0748920971876
47.801211914886 7.8407104890052
47.611521475302 8.0047325273066
47.96840270095 7.9169757039831
