12.904193963366 43.163559385207
12.916574437153 43.140842616179
12.919033226217 43.133395670603
12.958161245567 43.139754248403
12.917488362623 43.156304204465
12.92073996736 43.121092797334
12.958531409504 43.119540017175
12.916537769587 43.17469218011
12.941688145039 43.14161463789
12.921227842088 43.122879753899
12.908130587988 43.161175732131
12.930317820038 43.10597556138
12.905392748281 43.142791370949
12.921412382259 43.13275389335
12.956911108923 43.121392795428
12.935744537963 43.160715132582
12.939145371311 43.102458701072
12.927597660559 43.178568172838
12.923421503496 43.120958491772
12.934549271585 43.163452752963
12.953366164117 43.114534378592
12.90303087558 43.16392083988
12.914430011045 43.159387805594
12.950017529537 43.108056157899
12.947989351113 43.174628408262
12.938428189132 43.121685373209
12.929381068784 43.172543333479
12.949793690348 43.13969301115
12.931291704521 43.139222810596
12.909326309783 43.175162076121
12.955628612079 43.123278319914
12.90509400235 43.166009376855
12.960502520672 43.135239180261
12.946755853012 43.129236250731
12.938715659074 43.156779435557
12.933898265464 43.122020963657
12.950988819821 43.119658002707
12.923199310418 43.170099653869
12.943957720878 43.105362385581
12.927410268678 43.162132113337
12.949305065439 43.165572407754
12.913179624341 43.150248470341
12.950782863421 43.145415923181
12.910203801447 43.165572850132
12.903610523301 43.15545792142
12.942629462568 43.107761788719
12.928833811066 43.137313807934
12.892734459572 43.15981558813
12.926469025655 43.137371296148
12.930496043514 43.147689601962
12.961084860846 43.133624893696
12.932639787895 43.165459459746
12.949063243807 43.156483972539
12.89844853894 43.147505373318
12.954726874828 43.144353585872
12.919327619003 43.15207406748
12.944836397185 43.163815864459
12.94705303758 43.146840890493
12.924430933301 43.128224526613
12.923236357499 43.150186726914
12.918558395916 43.174347686218
12.954319343902 43.123653173991
12.909135823582 43.155524847657
12.936156072645 43.156663648412
12.920462487249 43.16450508228
12.909907481612 43.155183345173
12.933850639024 43.152208178396
12.91331096271 43.138943745375
12.927540218445 43.118239595165
12.949061960911 43.103238040185
12.950451559385 43.15707345782
12.952472071162 43.121847475957
12.901897523993 43.145835379228
12.918836059032 43.174465583274
12.954787243158 43.152630417234
12.951079940887 43.122277708336
12.899922629327 43.169111461013
12.924026657347 43.171839565605
