1.5494485597822 46.366734780542
1.1796783326099 46.633235359394
1.2214938086558 46.776992495999
1.0991835031189 46.781214976116
1.5890715590627 46.440527950153
1.3802527521645 46.766204042251
1.1573036118212 46.518273481875
1.1786739217018 46.713864494448
1.2393627139923 46.607535875685
1.3672091939334 46.657911074654
1.1088748216205 46.684817383385
1.6554247241725 46.74240203376
1.5818955514496 46.892772185566
1.3322740468813 46.88924307371
1.2107981029948 46.910202329937
1.5095409380782 46.505676734497
1.5362638824323 46.802628036497
1.1297615315438 46.995154459958
1.4185583798301 46.339653470246
1.5295997399509 46.813819548028
1.5848139825206 46.757989367823
1.1934188563346 46.668802967606
1.5369517489043 46.32170867283
1.6046841799303 46.378630820838
1.4060183411492 46.599844475556
1.207221909057 46.395890068913
1.4198585308249 46.730047238865
1.2304707147323 46.590331278085
1.4881815218777 46.505136414666
1.6252638314037 46.688796402742
1.5308356762542 46.936559622146
1.2369624894284 46.91502164766
1.0475905463321 46.45008096958
1.6779087207643 46.574563020642
1.6840938994121 46.575352962397
1.4924541625625 46.41362566427
1.4207677289009 46.495548520002
1.0070769176851 46.468777517541
1.3922025209256 46.70357297254
1.6183522798206 46.625917707861
1.6478064314685 46.749269336345
1.3232452167772 46.602307534126
1.5088743597776 46.983985919032
1.0106363911231 46.891584041012
1.2307226696195 46.86556780332
1.6020457579764 46.733893561053
1.2346945755345 46.498720490606
1.1657430902895 46.975182394951
1.2407239453125 46.3622796621
1.3518167912736 46.902820872098
1.2655195916377 46.642696630509
1.3926173357259 46.538091118232
1.0740711060698 46.500721190358
1.1171903089235 46.535461745474
1.1413629200036 46.799479861185
1.4490728827422 46.328115673423
1.4681947964561 46.586988102918
1.6046621746405 46.567084461249
1.4268942202567 46.952086140379
1.0284917848317 46.592539026212
1.4568082254645 46.34191722951
1.426011170459 46.569917403893
1.484896244707 46.792344831299
1.4124295694811 46.808765484397
1.38893934078 46.436995825468
1.1964633870853 46.799051458854
1.1389053599624 46.813685020811
1.4427167561104 46.592664292358
1.3736537375365 46.575932996616
1.0253257318518 46.673336353001
1.4209499375061 46.96393295888
1.4982874745029 46.851118826704
1.4615214543704 46.610857160581
1.4675771894248 46.65346118
1.2177553503857 46.859441609988
1.521192717143 46.514756372438
1.4563343480492 46.792880418148
1.4596017079705 46.347684248047
1.6749903786345 46.466815902603
1.6739784575412 46.639187468513
1.229545763335 46.556702915838
1.2159528686739 46.848318182327
1.2385213762701 46.540228251154
1.0308031956809 46.540364939971
1.5258428163481 46.494604125384
1.3985219553106 46.823259012691
1.5496233471435 46.684331714494
1.4331301834589 46.842550079731
1.5729140530214 46.591633543182
1.5246972723513 46.733429421547
1.6266379852903 46.797214283979
1.1031542635072 46.763182543108
1.0149160958896 46.982381532426
1.6252668661183 46.63870430069
1.4442542844658 46.977664427356
1.0762167722342 46.682317589262
1.1641509333458 46.988909413567
1.3859662550436 46.449991013599
1.3366983920972 46.331082747938
1.4628284068139 46.726945997089
1.3394269418621 46.629306862424
1.5529543620315 46.44145407036
1.1387287774769 46.396365062984
1.6750705766841 46.558566373102
1.0190878291703 46.694585411202
1.2982020579736 46.791493897229
1.4513589830377 46.739146453673
1.2502514348599 46.631756450809
1.548852095636 46.81630102909
1.0592408310898 46.471090261578
1.5018449283679 46.372628656389
1.5443416296245 46.935790744115
1.0731706400743 46.604741606677
1.2194173253232 46.833982331601
1.0563782374637 46.408152662408
1.4264100168023 46.59206150686
1.6205527710824 46.438380498178
1.6313832507615 46.644298079258
1.6378246944574 46.811125145206
1.2108516829139 46.936487822298
1.5637264310213 46.945722566427
1.534816227171 46.93322928433
1.2087150193791 46.399753996823
1.4354645788835 46.559825730305
1.6120402410682 46.449370724824
1.2720229976215 46.742712989795
1.4084364610763 46.745628692557
1.280833198354 46.34657229639
1.6181222654963 46.673806919564
1.5943656571183 46.366328592583
1.1474686638207 46.496443077222
1.2437031936104 46.822367352816
1.085419683757 46.981485574032
1.5226891397139 46.93686410549
1.2529069097959 46.754562934281
1.4766273850001 46.873598219302
1.1764740073944 46.542791283011
1.0238575320802 46.454085437327
1.0694148559447 46.869448943934
1.1186248190322 46.501078074566
1.4954473294762 46.448478901968
1.4503289677437 46.864322808508
1.0753587275163 46.596627954206
1.4836054176481 46.924585072289
1.6929146473729 46.601709413157
1.2880816637949 46.521851267443
1.4592610855863 46.567788728777
1.3062825493078 46.645971203989
1.1376622976445 46.897414094721
1.1667606505411 46.614132701705
1.0917382613252 46.427114451037
1.3053274658999 46.657510823876
1.5482821238918 46.857421693791
1.4850187713676 46.433984502886
1.3005669290668 46.358957101758
1.5181547964542 46.522139093616
1.2414254714928 46.502443354811
1.1196863060443 46.447180725842
1.5250192142674 46.567413442567
1.2811316411389 46.693805947292
1.1684409217762 46.419858204396
1.0917438860479 46.539579925844
1.5688689665724 46.762405085732
1.2928533620633 46.913598545787
1.0458469535438 46.454333097886
1.5602265356855 46.580468012756
1.1739086667886 46.453600350047
1.1462434041995 46.773041392571
1.6415159025423 46.494487831599
1.5226167042379 46.326924998931
1.0780958487085 46.825488048059
1.3550211476884 46.955309421269
1.1648063576616 46.423268039442
1.047955383569 46.592284391444
1.4043293848654 46.524097152298
1.040696516652 46.921671261043
1.2728548768316 46.869015669855
1.5793138121158 46.902713286645
1.0747094378223 46.863372082293
1.1670582649145 46.372155649761
1.363698090596 46.912829423283
1.5964067688195 46.982500652309
1.094477284278 46.402088378743
1.0242091924996 46.417595627912
1.5412359193625 46.800662791729
1.4248135902103 46.934359107602
1.5853309811025 46.355418256184
1.5145802439724 46.861659169598
1.161418081802 46.431478737589
1.1423744811408 46.78143101967
1.4286164070613 46.795261331273
1.3971984923804 46.718381710685
1.4393293170442 46.821679730817
1.4295140953872 46.443550165949
1.293794990654 46.942163452013
1.5098933593882 46.692778992789
1.529516391237 46.868443661308
1.0908280346034 46.53987823871
1.0209201439381 46.800353520457
1.0985094393131 46.93318236849
1.0574619705125 46.917697082701
1.399094283301 46.885795546642
1.077573049384 46.852118898114
1.5133571077666 46.808746976223
1.2515944681371 46.570112228659
1.4705126874477 46.382737648386
1.4089811171447 46.726183204784
1.227633133171 46.516867811567
1.5742715283177 46.766515874195
1.5392250048645 46.940609707935
1.1749574193614 46.444028414061
1.3963010643592 46.962374372856
1.2633177648593 46.52958387068
1.5007278185807 46.855627048228
1.3845393966811 46.503998219736
1.4023029703658 46.595203453021
1.3004072342536 46.35215729538
1.2392928792347 46.356080060525
1.6933403586472 46.50847626408
1.2728980706413 46.724556071555
1.4135708401043 46.395580087041
1.3870937369704 46.751747649979
1.2815953606188 46.376602021221
1.4986407912796 46.680184087567
1.4748441369621 46.493592762618
1.653887839361 46.738677441952
1.1787151974527 46.872969322779
1.4078546089157 46.627933920654
1.0225218543888 46.552363870923
1.4077986699565 46.620793217151
1.7064638914105 46.532678703094
1.2498759875306 46.830100603788
1.6715612964107 46.68518787049
1.2349365191697 46.460611934057
1.1201836979576 46.807556976009
1.1586687034735 46.934937856595
1.5541467780965 46.389352617035
1.3537731349253 46.957026700935
1.2435787926631 46.893727636847
1.3764953880461 46.47543531725
1.3398395242821 46.582613029789
1.60068130428 46.944108704545
1.5197224358654 46.782986152816
1.1383277066696 46.811736683739
1.2213832080464 46.955069131663
1.2625618988008 46.76527528873
1.420227797432 46.856833125864
1.4777116954689 46.33739855389
1.0893012355498 46.908112395046
1.0482274834291 46.778057294329
1.5289905078378 46.781335059452
1.6345505377439 46.659289601566
1.0753696239904 46.668876659437
1.414220612689 46.571225784054
1.4182765513744 46.750401082332
1.378710443796 46.80827087481
1.2958106036744 46.62354087067
1.1660595513722 46.372398584323
1.1869326574667 46.60561285429
1.4324321902508 46.419273178754
1.4713511688036 46.32794383882
1.4795428754201 46.987907257391
1.4675993278937 46.944779468209
1.5308306452496 46.72867180115
1.3189632586757 46.55131297072
1.6272159403317 46.536547969811
1.1736682742711 46.64947217314
1.6279341790955 46.449489698023
1.0893485369577 46.557597490287
1.3289455046546 46.452361770185
1.4524076313024 46.647515384782
1.0044923597036 46.698790353117
1.6032522975482 46.9177452372
1.6031828213498 46.5733676914
1.5328532776483 46.5571892618
1.5809244409115 46.670779500469
1.6230720913145 46.573375061887
1.3506610665241 46.944954995506
1.5726554736368 46.479909407664
1.2767781532727 46.557894659023
1.5376894830436 46.69664887511
1.568630735189 46.970939568696
1.5817641981792 46.869744727327
1.356975048481 46.71271966431
1.1291429042486 46.571486643316
1.2247235580463 46.743617547091
1.034903392212 46.474657062662
1.3185468620241 46.90985342111
1.4860333038895 46.816021942914
1.5394021982976 46.838561729918
1.6182313657451 46.440397577565
1.4424728594918 46.469362119431
1.1523567317763 46.811143173283
1.255408430591 46.886752604454
1.5573192311252 46.343469230618
1.3754269887579 46.341449769373
1.3794647885391 46.43826165676
1.374298972252 46.869140076856
1.5354637841394 46.490851077945
1.1874033101776 46.555276918484
1.0498503577196 46.992145909924
1.144385521833 46.428261000862
1.6419902926506 46.509359934604
1.6448982323729 46.496040222466
1.1536184452258 46.962746466493
1.2702174229874 46.673389737342
1.1702232617746 46.710509602311
1.4431402033396 46.34330835675
1.58052984559 46.805411398786
1.445347795936 46.367386222057
1.5006164370573 46.35685919335
1.3495394351657 46.495836510088
1.4428286489299 46.618668432636
1.4649244558368 46.374771283183
1.4602173825075 46.885919199738
1.0723262126894 46.669298505257
1.5154134237745 46.823636663064
1.1231013211064 46.849682213669
1.0290337088653 46.986303660081
1.1487311069615 46.90959396535
1.4938847825368 46.693875938511
1.3975437122386 46.427606779815
1.6900083835656 46.620970282993
1.2257905054026 46.360369271767
1.0720320195295 46.540241849395
1.4906016841953 46.882667760776
1.5507180283548 46.994288071056
1.3613142293698 46.343341669693
1.4709808446797 46.681710224916
1.370675692973 46.875322353037
