13.679239379114 41.948765423146
13.721260317027 41.854232269758
13.689009545713 41.944611933543
13.744457632205 41.853634992567
13.680863184727 41.895524868248
13.662695141839 41.921175398848
13.722848946586 41.878014484385
13.717617045977 41.882902519744
13.674830602817 41.879984005785
13.717069128883 41.899401097998
13.708214254004 41.837921106202
13.683159031779 41.911822214703
13.717091327888 41.863342990125
13.717325034906 41.845493617417
13.658601461306 41.925514734802
13.671045353038 41.901585303688
13.727564373413 41.876057573092
13.719691244776 41.903671139362
13.743264571665 41.898728231873
13.742323535396 41.836141973213
13.689728685066 41.941046353889
13.731017704483 41.859235993076
13.701782437389 41.869712404867
13.738380137264 41.880043377134
13.694947571373 41.947816147
13.696564499169 41.858801516194
13.710524737721 41.868873209187
13.696325846362 41.923302448806
13.707555808943 41.839644644821
13.711893957461 41.845601035697
13.660259181031 41.927482436398
13.67388769878 41.910526398549
13.710608464552 41.861713452687
13.720228688216 41.897556412473
13.680267420935 41.896059580586
13.71192167688 41.839949269726
13.69345346081 41.9070637482
13.668892667961 41.885715198205
13.749334635117 41.838472963257
13.696618010635 41.893735702587
13.748215048012 41.872566948606
13.712619397211 41.923553617657
13.708039958381 41.907174370229
13.68928888614 41.889034200429
13.730758424278 41.883677058354
13.701484236283 41.900106834222
13.70721280051 41.932646460355
13.698564989373 41.893070005317
13.728921791899 41.881246983505
13.694104306278 41.926746240804
13.689770549878 41.876065481883
13.747071655836 41.866728196345
13.745990930028 41.84797788453
13.682754535567 41.882430524532
13.688044810078 41.862751076421
13.695309986705 41.872209076731
13.713333455268 41.922535992212
13.749330524259 41.854463921813
13.688114846932 41.898196461584
13.722427908689 41.897789855927
13.68136957927 41.900763691843
13.692032905639 41.91978712844
13.692568210297 41.918593841588
13.73273554108 41.905105739343
13.720766229912 41.906238458097
13.7188121992 41.85912063434
13.722741959508 41.898853938535
13.711129184699 41.886894975757
13.694819562482 41.93080963752
13.693655724516 41.902781829679
13.741012059984 41.849337253205
13.704059589072 41.9283755198
13.689111323438 41.888078194546
13.737910563491 41.841678468923
13.749388715157 41.883202691063
13.704233883298 41.920523249528
13.728696049086 41.852030954741
13.744166158507 41.863977158865
13.669369591267 41.893451957469
13.689484848052 41.86463511405
13.720701502061 41.859883136537
13.733196325963 41.904256029497
13.689773522194 41.901884434254
13.713522319104 41.876586178747
13.73767467904 41.896543442244
13.713763183802 41.927178466214
13.737720956925 41.865823295857
13.674730358049 41.892493930151
13.678657160943 41.918131015246
13.721908545944 41.877976066863
13.66412732271 41.929381983343
13.676492250395 41.909490930827
13.693814076827 41.915936635323
13.744796565636 41.867331962526
13.715369834453 41.878141231799
13.738854179058 41.870896589903
13.740954846975 41.839902854937
13.692635858309 41.949738549066
13.733561774613 41.839957850932
13.726947693514 41.859404460948
13.68702231987 41.907907733672
13.720355841222 41.866238429635
13.71369794093 41.850656175937
13.715589192119 41.884166053463
13.694298949437 41.864885259843
13.717795451061 41.859059290916
13.695002821153 41.912780436668
13.710777873991 41.886002681652
13.751227532419 41.854478531936
13.720410558286 41.912115004825
13.691215169028 41.856957329857
13.71809305845 41.92408720775
13.724811715432 41.86191636599
13.736790854382 41.904792575608
13.708861450084 41.924132953384
13.703110332484 41.836370184497
13.715186916646 41.914327956252
13.668841286429 41.901399198895
13.667686343059 41.933244148259
13.695313838655 41.902535627572
13.712449108138 41.894756790223
13.707259716816 41.841672167595
13.740884536312 41.839052245898
13.729090800869 41.840487755782
13.733746018623 41.847094387697
13.716615436022 41.85453917454
13.689119497656 41.943730065128
13.733076431685 41.896010457511
13.680249210785 41.945146851237
13.679425080179 41.914665472675
13.691036476631 41.842271607782
13.692866365303 41.914432206172
13.70614813862 41.863868951289
13.754799005948 41.842748693604
13.730181522563 41.847994080695
13.70963668905 41.866593795322
13.671078548169 41.891171679802
13.72007123044 41.90063193857
13.73451342144 41.874862870164
13.666579066176 41.901781158031
13.736585633262 41.894978275029
13.705731848604 41.868800211658
13.67168021934 41.912968039027
13.72546540516 41.869175571908
13.714871167559 41.889738616038
13.686144797006 41.936274034894
13.722318549067 41.864650371908
13.702493841642 41.843449250743
13.693984449254 41.947807501998
