43.604681272362 13.81776536855
42.720124274383 12.558864684125
42.128460677421 12.682931977198
43.058603061877 13.337482895415
43.70311002701 13.795567118023
43.532807187241 9.1599944146374
42.501152553384 12.145818729508
40.627268150893 -73.950471627169
42.745528041288 11.940802112215
44.347928629957 12.222917757916
44.690476105476 11.6647073838
50.433078816828 8.6200833300222
47.872718367201 7.9181146770334
40.905575693681 11.944105499209
42.408355342901 13.658543205682
42.843887415197 12.089202741224
51.245707756488 8.3046943150948
37.290883956657 12.711730211166
37.394946085517 12.473079177564
38.712493793949 13.481781987956
43.734579317635 13.500733418179
42.177903578255 13.259466995161
42.164453300279 12.78688317902
43.463072387273 11.925155701568
41.87736301819 11.86814751798
43.689667204271 13.095305464296
43.59963343695 12.413748046131
43.291723648243 12.648360005437
51.873358965792 9.3285891731868
42.608687853745 13.775081235366
43.418043105147 12.605760662654
43.721602544546 13.291130242095
41.959492435681 12.524200802468
43.678827398794 12.322716543157
43.361271544083 13.213114869901
39.034771213022 -89.848546766013
51.009422274544 -0.28214041441313
42.322653853506 13.215157921547
41.879984005785 13.674830602817
40.287789898745 -74.144876941306
42.851440171782 12.05067093747
50.424812736188 9.5670621770281
43.183265830031 13.81275183794
42.556353430013 12.7665767246
42.360686952437 12.542342150857
40.468101050666 -82.039114450916
43.233072152491 12.515193105471
42.682273110714 12.990194488799
42.984890434439 13.547556501158
42.307130217369 13.010100422709
50.422004820044 9.3788272148831
42.125356994649 12.118876654731
42.487054180602 12.783551524779
42.336409917279 11.991031877248
45.532524705668 12.423765000756
39.215926023006 -104.2412481445
51.687908862572 8.7556333671117
41.923772086841 13.57547193748
43.487842696967 12.526403160101
43.409486290745 13.781817797025
43.689010142225 13.330101812433
42.786939606458 13.542823727516
45.95277446669 12.460591934554
42.484976612278 13.51251188971
42.391563261597 13.006193243457
41.921934657715 11.841321138147
43.620445327212 13.136665382507
42.787182282578 13.545297433431
44.91520939295 12.49702073449
43.263769828858 12.73957588793
43.602018815767 13.727958187821
42.870703303682 12.312418856359
41.898728231873 13.743264571665
42.660983005867 12.008756152845
40.625298997003 13.661245746681
51.135705429192 9.9018019693446
43.368832178141 13.2011797094
43.573438282413 13.452267519896
41.976493263162 12.499981870663
42.291120880906 12.164520471454
43.685314957393 13.074497726336
42.595527273435 12.691566353541
52.122650454111 4.8149025002797
43.741182833345 13.245199946356
43.589390220882 12.423285825862
38.677201833214 16.151930287316
40.830834655939 -82.584145601822
51.609725502138 9.0380528364508
43.441892264172 13.194749745652
42.454410239821 12.483206985764
45.097323771637 9.2815087538592
43.337652698337 12.87999334276
41.919210016711 12.195285318997
42.326900105165 12.446299304483
42.226035339418 13.039989061693
43.309227315874 12.890707367536
34.024140252783 -85.158803695794
42.892611497053 11.934744488439
41.964648260274 13.306726441882
42.968765002216 13.065092406753
41.60487976626 16.185570033864
42.861913867717 13.241554896481
43.569710707578 11.843866440416
42.606127159042 13.64896991369
43.258642099474 13.292261186213
42.476465788913 13.461887470217
43.161668704453 12.279051649069
42.967998403131 13.797521626038
42.613132967454 12.493415894238
42.140585492917 11.959171001336
42.247742066762 11.837934106068
43.445881908057 12.84453501035
44.416304101183 13.0177462574
41.921337388906 12.185804009545
41.884110766896 11.864037934183
41.843581386443 11.570560857265
41.449387864906 14.29509808684
50.603015251273 9.7459095631474
42.25175108821 12.169697372343
40.890196252609 -73.747185877287
42.693523074844 13.571135887232
42.128700122318 13.726853654148
42.359133924546 13.064569699163
42.475824691598 12.081037578232
43.29923085931 13.333560109315
43.776769903871 12.813285133735
42.318847900892 12.039096801115
42.062369151091 12.325936388863
25.067232803922 -80.648703312147
50.264454939991 8.0233642133062
50.49798545963 9.2925315547234
42.446663981998 13.290718635235
46.652027652903 2.6085309887345
51.31747512115 9.8982870536383
42.464267500448 12.633184700589
42.936038250095 12.055944360374
42.7283981162 12.086325173327
43.365326961228 12.485738007599
42.792896893731 12.329680299561
43.691215951339 11.857869085811
45.66008082859 7.7076688023995
43.475616811603 11.372264656761
43.64498077272 12.450774480354
42.340687528432 13.399906183335
39.55362605095 -74.769119110829
47.670592502072 7.9997358210384
43.191914358175 9.5371039507129
43.764795018271 12.604800126352
42.598913213072 13.83299764892
42.535486800401 12.121033088381
41.898905889224 12.697254361255
41.873968332968 13.351687596364
43.004094329686 13.639007872289
43.322769794319 12.805128247873
43.325337885586 13.081587296504
43.506107441872 13.505143191922
45.989549424054 8.9507520833755
43.186658289857 13.746897416092
43.144212972927 12.388531988223
26.301533522673 -79.778388164644
42.59057494236 12.737774373397
43.356867082604 12.86012263871
39.164160814387 -78.026159987756
42.611055733476 12.308084366542
43.592777979857 12.363111552972
42.299090542059 13.483203282826
42.744760337654 13.00100214409
42.114051541388 13.272692662812
51.979035753747 8.6804136860559
42.042234607082 13.673221871591
42.014995010598 13.472663952279
41.986664122451 13.156290975493
44.690780088324 8.663005311097
45.49377332837 2.1190381665337
42.792477098684 13.047544129236
43.586018781937 12.478599045204
42.722563743017 12.068828263839
44.78048773279 9.105482244217
43.220685408574 13.579328585241
43.228789239784 13.318026945164
42.858328924469 12.161608600154
42.933784404294 12.956877265126
43.250084684368 13.329492941208
46.857711666663 2.6108480834453
42.733513801256 13.17040222381
42.816146846796 12.610874903694
42.720543024487 13.567907480343
43.760390174485 11.950316423082
42.318726057822 13.278997587191
51.480923579764 9.9438217146992
43.130197644781 12.970324894886
44.683266535745 10.090341160768
42.222346602132 13.023378517511
42.957294714638 13.725413959367
41.896590912687 13.512475788387
51.01789691626 8.1231346638515
43.001308120809 12.073825083728
42.50313615126 12.44963485305
43.750757413356 13.117809775827
43.394882727619 13.651647528958
42.704470024793 13.158502230516
43.065046745869 12.088901684216
43.492606065021 13.717249263899
50.717358106616 9.2115745205486
51.631103086114 9.3945827700172
51.711731601605 0.75456005644266
41.584108756884 -88.342762761459
42.692505826586 13.026241549324
41.870545671748 12.23444122415
42.310815532858 13.788006379657
43.37894826635 11.929734535969
43.605819462636 12.267854638078
39.01045390998 -76.639375896466
43.106324980572 13.203482383978
47.359599252865 8.4931225904697
43.177770689699 13.679303860629
33.867115184317 -118.08468757044
41.890153937477 11.97882256984
43.485382081722 13.236198102721
42.655337367999 13.620579602507
50.330677857776 9.785799934429
43.541630130069 11.967930562335
43.243297110446 11.970790631145
42.30689924413 13.42156323952
42.707857376781 13.062354794753
42.61437670731 13.447916853471
42.915336549729 12.021411683441
38.471419026408 13.492839886363
42.056465241174 11.902073848502
43.144212395972 12.363851497606
42.054728508973 13.625336056887
43.018623530429 12.429886018147
43.406275063032 13.434053022172
43.009237178161 13.042676230468
42.709646709149 12.710528186409
43.474390595928 12.117093566415
43.495627588844 12.254946453171
43.609084920797 12.160820498227
42.602841301657 13.031889241225
42.805446863105 13.613190295947
43.233762980103 12.85316659552
41.946102592624 13.393890438806
25.412722006615 -81.090961192587
40.190325901022 14.959385607256
43.20271186123 13.317895257083
42.608195659543 12.211744988922
42.423165345783 13.406906580297
46.23071812148 9.2555068915713
42.699961163916 11.909154992995
41.867447718472 12.111331215201
46.15990919397 8.5243172952553
43.112349566146 13.513604437727
43.55333515983 12.89503979587
40.602135901482 14.638540249985
45.813830643803 9.8271716002524
42.489570330146 12.913973572179
42.081759508758 13.230395012663
43.101400777766 13.78978319179
42.145292458213 13.513427627533
43.750221385991 13.654500295734
43.76212948738 13.559515371735
50.735505843412 8.2587317336624
41.790492933751 11.677442771044
42.48493292673 13.598568752708
42.312120053618 12.705196047551
43.792362451478 13.621001658806
43.659429512315 12.135943840342
42.567741473002 22.628815822598
43.127979375503 11.863039341712
26.066883723731 -79.162358107862
42.949550618881 12.318561312912
42.172145096686 11.892196516012
42.746189428515 13.004211020004
43.174462299896 13.445891861567
51.614467290283 5.0751582357684
43.58164981549 13.302909936452
26.286241020658 -80.206150574981
42.177065005629 13.270648759937
42.267398570344 12.581789202349
43.2863597294 13.707339608927
42.665915605012 13.486286645537
42.5415734237 12.552980515453
41.905108222715 12.424888626426
43.200145653563 13.168132751814
41.891360728041 12.443676238176
42.777417486451 13.762834712308
43.146608883139 12.054809108423
42.390862491185 13.302805377332
37.917122656744 -121.18810680817
42.146968906369 12.263467051698
42.384781096331 13.828467532933
43.495402799705 12.622954591954
43.347057411164 13.477479791046
44.288682647112 10.566836510211
45.717791627495 1.7068932162164
50.700444450577 7.5544130642919
43.131994496699 11.163353661035
43.092229150765 12.49752377092
40.917571717369 -4.3392141262718
44.799633153111 9.7746177384745
42.038686604278 13.648589758991
43.33759223967 13.802807562914
43.024994592215 12.165420465269
42.264841518509 12.728017168014
53.065034959263 6.5614413757862
42.644613653743 13.475266366042
42.865169481798 13.639747689797
51.484649610466 9.3940501922714
46.080962039309 14.492003774807
45.769714455504 8.4308357210042
41.898625337027 12.675978373606
42.920450883901 12.202662483904
43.586835140657 13.320537137969
43.055206647655 12.282159594506
38.228016515413 13.592367818648
33.889506206836 -84.27686981581
42.398221637329 13.663367780721
43.584231910123 13.127390522124
43.442261096783 12.388298001808
43.078129634319 13.750001344734
42.104017771384 12.952803832944
43.567570414679 13.053207260602
50.222914787579 9.8728900127452
41.138921829157 -75.119947815501
42.029992484523 13.291360981453
51.811794646462 8.1036863741948
41.914085246604 13.183433957039
42.911350095624 12.63734816745
42.087234480834 12.536510695974
50.461742571304 9.1968802079544
41.982088731149 12.953639130573
51.537024977867 9.3422109104424
43.621458662053 13.14819948943
42.077874269978 11.780547292147
