13.294287861017 42.229133096651
13.318215666042 42.341895974421
13.421553008476 42.320643846582
13.423088558236 42.336584804292
13.396391384044 42.375501690163
13.320411464835 42.400296790267
13.374482587641 42.365434075431
13.323148403865 42.383687440045
13.405493565114 42.36759176171
13.333246286203 42.357943075897
13.292986380094 42.292485383496
13.31872419052 42.397752985099
13.37318411908 42.361110160316
13.393937026821 42.284361832463
13.36378923031 42.28357340597
13.405143317045 42.327676884072
13.33182277222 42.417971230793
13.244850583044 42.331539577049
13.39971535627 42.342167233297
13.368116957328 42.340943214663
13.34533409094 42.263119001551
13.350614716483 42.340103424334
13.372035470054 42.407210910903
13.34205584898 42.334922864279
13.359798120989 42.355614549667
13.316240431909 42.239061375281
13.274004177339 42.381628436235
13.393935812376 42.328959070786
13.321355773772 42.287488343815
13.286358229505 42.368473772152
13.311467848884 42.401276808906
13.298315474458 42.374857786307
13.342006357567 42.275062313452
13.33378653665 42.310098229142
13.323432032656 42.428924838302
13.262821192065 42.359801886792
13.320947628173 42.324626008221
13.305302776559 42.343117405376
13.258212533455 42.293741699
13.379964994465 42.308613090009
13.327532145834 42.360142921752
13.400672783817 42.299760091279
13.282038471348 42.392701916135
13.353245211951 42.374079254185
13.243719127629 42.341342846577
13.334327720282 42.246389553552
13.307620487806 42.372461480749
13.289341726496 42.421005787079
13.295758211213 42.265120957657
13.270546154732 42.27012071261
13.386138410508 42.305770455092
13.259597739812 42.284630649411
13.264781390461 42.321532278958
13.304168561636 42.307017007075
13.375925682681 42.334810110917
13.372229916704 42.315756384917
13.364715635967 42.398767268492
13.306484064251 42.411332210273
13.385613040733 42.310229815708
13.289595633435 42.231920370961
13.309637140182 42.371499545135
13.29249562106 42.400190781078
13.310756566634 42.398519841695
13.327121645386 42.23222239375
13.316060674079 42.38620022425
13.303332802536 42.37840765129
13.33058174717 42.29191774425
13.36651411532 42.323737806347
13.29932655317 42.227285455108
13.386556922659 42.298991793927
13.328499569266 42.306491792831
13.362468833759 42.403514810115
13.385431062165 42.397815071718
13.299473815758 42.328662358398
13.332367208031 42.412749091842
13.3207061651 42.240792712796
13.293701152475 42.228426284284
13.34276307532 42.271898368987
13.328901252418 42.310351242477
13.31445536593 42.428882459399
13.308673903511 42.406372388104
13.323425852865 42.379787549109
13.394547539037 42.386402376197
13.279230070917 42.401013550556
13.316069109999 42.272732597924
13.392766635603 42.288395732797
13.286127631707 42.394844709169
13.283578640934 42.355556523614
13.294569390984 42.271064483708
13.326961068144 42.343716976414
13.347462576531 42.241270273126
13.310278779993 42.336597223478
13.356258815739 42.353335730686
13.317095277324 42.291063139956
13.318309062795 42.317057440692
13.39395403603 42.352995527162
13.279895677848 42.283528690845
13.356766079274 42.300481882107
13.275648087878 42.332419413318
13.267338458594 42.340274568827
13.331698662777 42.343657484459
13.398172980847 42.331481766131
13.255179959024 42.319521316963
13.330981761858 42.295697402833
13.376917829468 42.293505157502
13.306488610968 42.238231199925
13.271615088133 42.261792981209
13.282260281652 42.265715367305
13.367810483749 42.300889000923
13.281386299676 42.329696162313
13.25756430314 42.331398895651
13.271728558613 42.278941506671
13.346288906593 42.35343651818
13.360980420562 42.282376210823
13.277507169322 42.308013498016
13.332899820236 42.418404436886
13.254347910313 42.309872545933
13.380684944999 42.318203802855
13.330345227092 42.284234876432
13.423764871186 42.329017465177
13.311464534307 42.418701326691
13.329644080803 42.239106294836
13.290108670637 42.275433886014
13.271496231349 42.319742713293
13.325645139614 42.416146685118
13.351531818228 42.385915700081
13.375306642344 42.398702781388
13.341177787346 42.376939090631
13.339503830944 42.351588147411
13.281539244729 42.33896413184
13.364247897365 42.366630229825
13.370029066417 42.283348989826
13.315107577648 42.39839305889
13.292324242339 42.264169083121
13.262974654933 42.276434837525
13.323629869786 42.317258467135
13.315097501204 42.28376101904
13.292507429764 42.377590563811
13.400302807542 42.364679032196
13.31928562483 42.265238826308
13.394303965587 42.392336981109
13.264892397593 42.275766460374
13.338559009779 42.311427637635
13.266970515396 42.379613930557
13.389235401728 42.331634101633
13.316347054374 42.243881291379
13.378130804479 42.290112265542
13.285834498392 42.349567457286
13.336182122296 42.228179055393
13.397024418689 42.34050261166
13.399906183335 42.340687528432
13.395794459358 42.400262213519
13.319679110015 42.257263299219
13.35372014828 42.381162798696
13.380802669295 42.36932634209
13.376220712169 42.371805171676
13.294109073626 42.389714949967
13.397806015538 42.390125498844
13.327488441194 42.290232570067
13.277850743534 42.347609211408
13.338076930672 42.247625166221
13.293388447416 42.411071550313
13.27000390101 42.366990605095
13.389187449326 42.295012096567
13.296297610431 42.297614972732
13.333780839284 42.390484429633
13.362122196428 42.329164738475
13.399310595097 42.291830692132
13.414424523925 42.346748834658
13.347717158214 42.395504872985
13.275481933411 42.24381473348
13.360219386595 42.327477195939
13.377346632268 42.319872826973
13.311058711892 42.345986375302
13.23567320792 42.309339401943
13.364366724347 42.285235031196
13.399607928677 42.391453385091
13.258647063423 42.263168634525
13.387227643948 42.392468794453
13.394470472559 42.320757569916
13.323793842163 42.314215393439
13.354127572104 42.401205241422
13.346932645138 42.407107910818
13.245602561762 42.287680116637
13.304206570307 42.395912565496
13.335162808364 42.334609576678
13.366038851631 42.371620465264
13.406008833298 42.353718248847
13.391400031017 42.369007595542
13.292552162585 42.256369511272
13.280784295092 42.295603646124
13.324795795777 42.237934274731
13.328018862462 42.259779788696
13.286196387062 42.422135032931
13.399300544264 42.384847100093
13.348307340589 42.379073879413
13.310287777034 42.22706377193
13.279532777297 42.352414258941
13.407274895558 42.36402798044
13.385249169744 42.365672379458
13.26987602297 42.265424347162
13.294935496217 42.348299239945
13.297499337859 42.320756472818
13.391557837108 42.38995095968
13.303563461336 42.337526653606
13.36152564986 42.401389618612
13.319875351789 42.265531797107
13.377927939605 42.383955163615
13.334550696136 42.223840547851
13.2988038521 42.268713077676
13.295483328561 42.390127616206
13.279887192568 42.233164763208
13.245735135531 42.333372696945
13.285774448575 42.35841771234
13.369237878087 42.356033857167
13.296555753491 42.253582824626
13.261265750186 42.319744681644
13.302624735212 42.404830387537
13.310708963944 42.324515733109
13.38442995978 42.393757328595
13.402108044106 42.293042773538
13.410179961219 42.339686088443
13.288276390328 42.321774597451
13.271144919245 42.380251412944
13.278997587191 42.318726057822
13.399423753118 42.375668154294
13.324745950461 42.399658808692
13.26917347606 42.322253425311
13.325050143697 42.333268496384
13.393354844506 42.344435251499
13.369246553823 42.368728969439
13.317360979208 42.335351015153
13.422974867499 42.333659627651
13.344740894805 42.408627190838
13.302014412054 42.326522022193
13.411322436508 42.311710409055
13.294832334081 42.25321779088
13.419116107032 42.33695334633
13.332662081056 42.326655453244
13.281857453905 42.236403468196
13.305224214378 42.350803246906
13.261977821266 42.318073841447
13.378478625055 42.35782062607
13.355393952877 42.412088396706
13.253056472772 42.27434705818
13.327826311985 42.342952123558
13.324160728776 42.381160975632
13.344812268107 42.370455216344
13.265012844144 42.343485834258
13.319102116099 42.274045909438
13.331872857351 42.38240943543
13.395385246463 42.347759107311
13.327900345145 42.397288038136
13.319261185995 42.414223589217
13.347004079443 42.354425875656
13.308207144194 42.332138726663
13.280611910543 42.3682974523
13.307359433431 42.376164615816
13.346455101106 42.348546043687
13.278454142773 42.416376294783
13.363948877626 42.378007000044
13.315299628005 42.296776488583
13.302925128652 42.349143090841
13.273468000497 42.384175491254
13.293579247472 42.263344391393
13.397164255121 42.392646948079
13.369597508765 42.339741006673
13.377516434725 42.40334914599
13.280309342465 42.338198362097
13.329148782126 42.41680232131
13.291770930093 42.411305546042
13.333017614381 42.399477288334
13.318025970069 42.295704401723
13.303854213259 42.38436459444
13.259658760067 42.289223398703
13.250604629654 42.348552104735
13.309745987577 42.251670072925
13.311172018459 42.234184834771
13.422440746086 42.328211203391
13.312662701289 42.265842245571
13.364315305561 42.271612198705
13.370207478951 42.265367127634
13.343360416772 42.262508041834
13.364669899647 42.293035502237
13.373305577514 42.287376390459
13.357230308187 42.259048899777
13.272750779669 42.397042979692
13.275710444581 42.263394802952
13.393058282062 42.351464005372
13.35395490909 42.379830469575
13.356446240284 42.370868594114
13.310404599344 42.256094612787
13.379540702991 42.331302918669
13.360329467992 42.303436572826
13.296254790081 42.360875573664
13.403650758997 42.38328675806
13.348262012188 42.344251936483
13.274885909315 42.35206794897
13.3382407871 42.340864574251
13.267323396314 42.365789243211
13.354721759632 42.348125150145
13.341002244216 42.277279778534
13.300180888896 42.332613511653
13.279994699324 42.371155631922
13.416728812951 42.316840915178
13.262209069593 42.36597347884
13.324971477208 42.25889520501
13.34665499087 42.351686180754
13.273873809408 42.383766715615
13.239616293593 42.332126934723
13.29266644285 42.34807532299
13.329749024182 42.251815292657
13.278145365102 42.313694448843
13.358378452902 42.378706895012
13.30904936155 42.403953949664
13.39317041004 42.3749675301
13.311356956305 42.412161139519
13.316836300009 42.320585795848
13.255785217183 42.350699376034
13.390377543604 42.291362265282
13.328735985036 42.232115527744
13.385265861838 42.37233165671
13.286376869926 42.407880424733
13.301951822986 42.275245260596
13.261078160399 42.367988189875
13.350331282893 42.300592861765
13.35846883869 42.360143569487
13.363364597973 42.28810571103
13.284775325716 42.349151817334
13.290836979792 42.235745293685
13.323132377289 42.377753767382
13.32705868146 42.323545623277
13.323674735319 42.362943007801
13.391336819826 42.328306719835
13.270495469829 42.33384249377
13.342589961545 42.395910915658
13.386876417991 42.333249545832
13.382567286691 42.280118189904
13.290006520848 42.351765628623
13.362840525996 42.251041872565
13.33987317485 42.414185713259
13.233779384884 42.315059028734
13.355991395377 42.294692854555
13.396371508223 42.301707182241
13.41192312979 42.314202397298
13.391934616695 42.302192428311
13.362712377407 42.374134738659
13.41423343935 42.333145055165
13.269359632542 42.271429510469
13.334215678917 42.416024415969
13.327360728463 42.25621538437
13.376988140131 42.29435576654
13.368131942308 42.379616861429
13.380671580986 42.367243734846
13.275838105157 42.256382422196
13.393468225579 42.291247377329
13.297151280726 42.316949721594
13.262285091126 42.359561614415
13.393180270418 42.319619937504
13.339746131741 42.281958853978
13.309030000751 42.36032641046
13.311306509355 42.350580317618
13.382591122961 42.282095400303
13.377226154517 42.290108980301
13.279933640419 42.398657043205
13.406200321136 42.309568497517
13.341224968613 42.306909648865
13.284287892901 42.261091082499
13.349153104422 42.240899621177
13.275845718254 42.308100118001
13.387741989192 42.277518489548
13.338488818325 42.404358894774
13.361343478973 42.275178348329
13.28132083515 42.328798214613
13.270000278165 42.266901078314
13.280307368993 42.410668874372
13.338264330003 42.237050473356
13.383643711185 42.352528275641
13.277277851627 42.40394049019
13.326043185019 42.30819387471
13.363109790444 42.393698435015
13.244480752521 42.323621502783
13.320525762795 42.380923347746
13.350329809541 42.391507609485
13.285955870678 42.395561635699
13.297674694724 42.273881619013
13.282734010987 42.323257516775
13.354016295354 42.297362854864
13.330284395896 42.30337430553
13.345684164851 42.291024434071
13.290478455059 42.309584754219
13.284100879137 42.32499149878
13.342587521946 42.289179677765
13.311465538739 42.271386816314
13.312658582981 42.275971837491
13.259822927557 42.377174863788
13.36104966719 42.38365039715
13.330410203606 42.40121330947
13.329937772069 42.302147960918
13.405144119379 42.396372803692
13.2807909303 42.328016970946
13.386739504259 42.373310900022
13.384550112965 42.355685391184
13.355690972135 42.326934684707
13.410245629705 42.376038947804
13.28793025917 42.333131121648
13.347109526113 42.371748869501
13.250778688721 42.343200450013
13.309276031495 42.350043789202
13.340108155918 42.398630035316
13.30844545474 42.310881264208
13.29791970893 42.276388787349
13.383761064815 42.362047824733
13.272032362091 42.343428452214
13.326343272054 42.386457875106
13.362642013192 42.393655556924
13.306904604822 42.250310615774
13.343201609044 42.266077200561
13.248930628548 42.288032961699
13.355914711673 42.405175759201
13.397204444018 42.321724918376
13.366519916994 42.32541073876
13.340161948644 42.40483081222
13.377167508203 42.278094175422
13.321165113415 42.295116127161
13.343799624773 42.287140553972
13.254965712456 42.334394007632
13.265720645111 42.357519240772
13.334373364402 42.404586907686
13.32898098015 42.407102944074
13.351654473411 42.37866394614
13.362959318984 42.330404188659
13.256984275906 42.336872614167
13.303623792412 42.299942989063
13.366933050292 42.399591701778
13.27780935649 42.413450218951
13.340689937764 42.273508159592
13.358826376686 42.32253936509
13.296141742422 42.426359604798
13.305292256805 42.37973405068
13.272460027746 42.350205038858
13.301913122342 42.266975275852
13.31713624688 42.226082836404
13.360757502916 42.413217143369
13.339619075593 42.389474603084
13.298689144824 42.278577690629
13.339201170664 42.373954645088
13.273346031233 42.243539311126
13.333676751414 42.317128176038
13.316761058458 42.378109479986
13.302805377332 42.390862491185
13.360100668112 42.306728546206
13.363132005748 42.307962066658
13.409006270326 42.372867239834
13.372164647289 42.405852975999
13.308216637165 42.425252491827
13.340023559698 42.284341572472
13.388838223849 42.309569789728
13.390620661637 42.302151624741
13.386918062545 42.282492022648
13.376462618551 42.304389781947
13.277432642096 42.302495708385
13.366504074732 42.299813593433
13.352762867882 42.289331931777
13.334140099296 42.332588588995
13.286196419658 42.322778511964
13.330289035279 42.390674042718
13.33259728941 42.417612179864
13.323191023603 42.389768572261
13.360746612496 42.40823079853
13.355223147385 42.414525594311
13.400357025883 42.330710378185
13.325283151292 42.390183330716
13.375852398305 42.369541543263
13.316641985607 42.266079579625
13.287267240385 42.361708216559
13.38388999199 42.351467772106
13.329819250095 42.31099285621
13.332674799197 42.33200830099
13.339082742289 42.268932958745
13.368960746291 42.336640462457
13.326486619828 42.220552946565
13.27315091636 42.371802516941
13.251031204265 42.309504814611
13.350858215427 42.275555153061
13.344448029245 42.261492802439
13.267202750459 42.391278311813
13.336708785678 42.366399476962
13.355995442439 42.416013944177
13.277336158474 42.336396777714
13.391614679451 42.357782367805
13.272933387811 42.304743204429
13.360753825123 42.394900037646
13.32199820707 42.376821568898
13.386149437833 42.293459411868
13.269874359162 42.394007910247
13.305934343185 42.383647391772
13.419362311933 42.338680170189
13.306119898498 42.422384456483
13.370392412141 42.314680078234
13.267278751038 42.305881353724
13.365273626247 42.306836382184
13.283216864024 42.37090944751
13.335886186632 42.353295277524
13.257705729596 42.278994045837
13.370565341513 42.295598707321
13.290251679409 42.342836775532
13.386043875213 42.372418899749
13.315706688613 42.281077307801
13.363594942917 42.375314643802
13.258630029067 42.299752827429
13.321473294108 42.303155971388
13.36342407037 42.324999541682
13.353794517647 42.324992882726
13.294170627994 42.251994419981
13.329980916984 42.306723144069
13.316882741806 42.418815715454
13.326479730369 42.363120485287
13.393123277667 42.295962190414
13.275537211597 42.293625483447
