41.426759514991 14.985238281633
41.290523762785 14.958031585982
42.150956506539 14.605975359423
41.023013047512 14.307053462207
41.016664490063 15.495099503752
42.133938521207 14.529799724666
42.217501564353 15.559881757835
40.968820834753 14.79163405923
42.288653700582 15.161830623339
40.949834513755 15.506742934562
41.519291175303 15.188882979976
41.921800704471 15.584506816598
40.993455406508 15.509512726709
42.24367349124 14.995707693138
41.757488354483 14.805474952588
41.712995519495 14.928036871587
41.618363182909 14.639777623669
41.449387864906 14.29509808684
41.345686839707 14.347390400661
41.349067163814 15.157665662399
41.526258808901 14.524493439088
40.935328057492 15.195138216924
41.745645492825 14.534645504518
41.091028555013 15.026647211482
41.217203761647 15.16351526129
41.012313600405 14.815419150684
42.769180653535 15.141644335094
41.907529689887 14.959113371002
42.831167165321 15.001348252388
40.989891333522 15.177814025398
41.599254692087 15.086726170635
42.129365595327 14.564560909997
42.918964755428 15.128318904472
41.336514168506 14.824002770553
42.273498212415 15.455397579195
41.15165438054 14.346589777966
41.168687508052 14.584789019208
41.200764233573 14.702060792245
41.046969537852 14.391861552646
42.217930741544 15.625901820525
42.451597650513 15.056863317081
41.327858470277 14.50508387452
41.930751928329 15.545232394752
41.424113253539 14.419198090385
41.2895123298 14.73207634854
41.031878529991 15.605133896277
41.164091789727 14.420211689626
41.584947266886 14.559498436868
41.610910815567 15.185693858464
41.044941113631 14.596482818733
41.050732953593 15.490377939465
41.062497003361 15.411237609203
42.091533143814 15.424035551478
41.811082207603 14.385413758098
41.943481883217 14.427893146119
41.478513366533 15.194467123477
40.942691112472 15.300489225819
41.574364254775 14.599118483367
41.271560850235 15.047086147497
