42.149285805502 13.743613260234
42.083002723813 13.748214997721
42.103042546729 13.780218514998
42.162615040414 13.792937792762
42.087580965428 13.80806561832
42.092213778355 13.822985953124
42.151910729332 13.731068206847
42.154047128837 13.748988572878
42.084417651468 13.706657190226
42.03451493945 13.709768941512
42.189039125682 13.727257474685
42.070255419293 13.766576984344
42.173515082439 13.707854949754
42.192122960108 13.829883966537
42.228303574619 13.737019275214
42.057729227982 13.776230434338
42.036115982142 13.776583861477
42.215271568978 13.775211900389
42.219600713004 13.738687309336
42.173744635293 13.70827410638
42.110377458462 13.761889253187
42.082342786308 13.759260433635
42.121557185038 13.713567437957
42.106202441338 13.763605278362
42.145365603357 13.820741675266
42.087878095979 13.781593862375
42.095683282307 13.830254299974
42.236272499096 13.810923871983
42.171432241433 13.739693509315
42.098414732676 13.707142463304
42.051535403867 13.785461875997
42.118112227955 13.823334912243
42.055644917814 13.809790585588
42.208965876724 13.76497791559
42.164528064527 13.830141494924
42.130482069764 13.678352835459
42.031939244399 13.81042707565
42.141014383727 13.669188769401
42.08436303033 13.82613080734
42.035161370915 13.820730809991
42.135413259352 13.671680343205
42.028314640314 13.751944513897
42.114253652822 13.794967096224
42.195031951293 13.820437937447
42.099795465891 13.748443584793
42.039873805402 13.715407697372
42.119785762469 13.744980644803
42.103336915909 13.772830448029
42.071878251674 13.785671321131
42.196753454507 13.771451466166
42.065615497581 13.807530443115
42.125482180235 13.717985665315
42.110715378614 13.682865096595
42.144634218975 13.80615970532
42.121913719069 13.674537834581
42.104833843722 13.716007357818
42.066869133204 13.772727360398
42.102513052592 13.768360346469
42.234592808541 13.818837392081
42.127511356106 13.758541664949
42.062953933658 13.739397753395
42.12702589397 13.796512254906
42.187115325235 13.737546981677
42.061993767236 14.338606843116
42.030836315861 13.823937715902
42.162090601962 13.675313753877
42.041643152985 13.816378456476
42.151175199168 13.79741407551
42.057169493801 13.828334283025
42.035236475095 13.748570139424
42.116015357506 13.825654649116
42.126803400541 13.683224847879
42.038323230615 13.714651609193
42.038680136243 13.70846706757
42.04634617739 13.826678140961
42.224005619189 13.767107401421
42.235141961035 13.831431308704
42.03878852077 13.762125593055
42.061112717309 13.78603564614
42.030393289437 13.823274819119
42.100616617662 13.69745404401
42.155000890233 13.761304985642
42.205387552385 13.823420745259
42.038147696333 13.804656692711
42.12579078049 13.784254155042
42.222396363163 13.763799750623
42.047375467649 13.804371096589
42.187657167312 13.761876957867
42.028323119075 13.711898003126
42.136498699049 13.822878995849
42.117457441596 13.763367908452
42.057172336663 13.790137668995
42.103473770501 13.737659688472
42.077219066733 13.722129658688
42.082593172848 13.759038065003
42.088068594287 13.72476679821
42.102445892593 13.80585529462
42.128641019656 13.766000361094
42.15148016773 13.72689229379
42.19290290458 13.820842790821
42.117525440251 13.826316514458
42.051274722487 13.823104513748
42.132256610867 13.73837243383
42.11888598798 13.767658065917
42.103417259244 13.769015378698
42.110980976911 13.737717455152
42.179638507415 13.712972780111
42.10240279145 13.811988037944
42.207243212616 13.737670227784
42.027557869476 13.782958744945
42.029271616169 13.758909374384
42.063903032853 13.70804905554
42.072124085909 13.698865840092
42.225621088068 13.793245646096
42.081404474157 13.717746795045
42.230666270142 13.730649071175
42.237816914116 13.793541517965
42.229959361849 13.826846720126
42.210807142433 13.775334479669
42.115073901676 13.795748765041
42.147973170128 13.747711870257
42.215452618553 13.751644049211
42.040049583225 13.831139414979
42.039344392291 13.815974391932
42.141359454573 13.695889886348
42.156123597734 13.680242964404
42.028730379452 13.735454812078
42.038685000075 13.796269912199
42.172495251157 13.803071441989
42.128700122318 13.726853654148
42.159112797214 13.812940427502
42.138398897454 13.805381525238
42.176419910147 13.777772708713
42.048897870394 13.709772058183
42.238951891327 13.82329971244
42.136912597428 13.775265823966
42.173749000402 13.67304805234
42.044567522635 13.771478999321
42.063673277902 13.795029953048
42.135961317542 13.798076396269
42.060874282432 13.737387532267
42.196951521208 13.83095371112
42.193320806715 13.811327163995
42.225095700598 13.749633842984
42.041648881085 13.770046507388
42.141908015677 13.761474744792
42.218777992886 13.808947316303
42.079437851964 13.811496159461
42.201580160412 13.819069173124
42.055941209244 13.814413063628
42.054499992681 13.821800493573
42.133576050484 13.704113475862
42.176364974688 13.685253322465
42.063367201532 13.79394972736
42.212188006964 13.722979344785
42.154931620322 13.796518010479
42.10691111961 13.692274897237
42.111273515577 13.805374578969
42.094486916037 13.690182595391
42.230866662821 13.758899541015
42.123039275952 13.713750165309
42.210695341349 13.814427560596
42.05961369402 13.762905380599
42.220697927412 13.825374973878
42.181719344681 13.688236600595
42.195458311234 13.690076266292
42.0629458088 13.81072527536
42.095987974732 13.761640887152
42.225278063338 13.789503428077
42.17731907555 13.80652217886
42.121681415088 13.799371027781
42.062008091298 13.795456177946
42.138107452627 13.755460053124
42.108874622338 13.770168303892
42.079252190015 13.7168555687
42.133340815631 13.72778524215
42.03195288129 13.726301303027
42.198841372153 13.714646569807
42.116083303542 13.7523733153
42.043566330377 13.803649485041
42.122145632825 13.778371105354
42.236618239098 13.8178234272
42.206768441597 13.799562838788
42.034264690745 13.774806019766
42.231987879741 13.730297366053
42.094482876425 13.780494737358
42.237288478428 13.796290900019
42.216826926573 13.751345970107
42.234679715373 13.789898444822
42.135016162498 13.704359521507
42.111159272099 13.760166470802
42.179702123732 13.678045601455
42.149398820565 13.785506490073
42.197410135177 13.735696303556
42.202769907307 13.768799332815
42.120833298734 13.677520786749
42.098123213343 13.703267094096
42.172974082743 13.731666222576
42.202596486661 13.808784034501
42.044507127763 13.827987803553
42.212486510751 13.791570354643
42.113814120721 13.734741973123
42.163101437133 13.75862639947
42.187485481255 13.823600826258
42.103753947257 13.738978648923
42.072898143026 13.722080158427
42.081410233922 13.726845252221
42.108469008074 13.760530408847
42.199087499755 13.759034558574
42.056777063339 13.720838478657
42.141794274648 13.786993230149
42.111322840283 13.796703302228
42.145122870891 13.734340334674
42.131318273571 13.799899354971
42.124165583481 13.714048009254
42.153566446248 13.683101661377
42.086855135454 13.810746676687
42.051168507941 13.803353241109
42.064306271313 13.823482057018
42.085928250631 13.831912004797
42.178071134362 13.806386168511
42.185805422827 13.746366979457
42.196353267059 13.820430550662
42.140424636279 13.726351809581
42.052189447031 13.779738756281
42.124055477869 13.824054460912
42.199684886841 13.692919241608
42.063534635635 13.803769394219
42.206926282147 13.750893831158
42.145062331199 13.699101251431
42.18719291791 13.727446474029
42.086571142604 13.761601549483
42.088659396457 13.734513613758
42.067903365527 13.739874752604
42.093648463552 13.764615019229
42.06099630711 13.786155768126
42.229787906294 13.77736545765
42.184564928165 13.784788662023
42.039732890243 13.760091065338
42.114834404625 13.78479540573
42.212762506799 13.73915126444
42.048864897384 13.769012687641
42.109530460161 13.817809680413
42.131128147327 13.758033692745
42.071092788184 13.780577569653
42.087063168237 13.698507081598
42.100618837003 13.78835575368
42.078846175747 13.698177688636
42.10972369516 13.713401698861
42.128151086705 13.69827491359
42.173026306656 13.768725966482
42.146366211675 13.736957521076
42.127323877612 13.79281262068
42.098903266969 13.98057615754
42.184495261977 13.758659396695
42.096988278507 13.703570178593
42.121033705383 13.759637612293
42.075443605017 13.712317219357
42.178859476104 13.776411407078
42.030707490666 13.753027522842
42.230617610866 13.771821091332
42.146609000951 13.775748708202
42.18148315755 13.706685119659
42.103413212648 13.832394342812
42.176429783563 13.78205070916
42.07144742837 13.705732344534
42.108171682876 13.769797608636
42.136079105167 13.709178946798
42.118286849076 13.678932377474
42.071513384169 13.82495753461
42.159087350687 13.826911298964
42.199028450178 13.802873417199
42.106913661189 13.759027211836
42.142616445752 13.799785443975
42.189081373268 13.829890397785
42.222240972457 13.792165337055
42.092947340169 13.766870565625
42.059326316744 13.730404477928
42.040594519622 13.78686717983
42.234833059963 13.738573959462
42.134119655555 13.726377542024
42.099609286592 13.792285621091
42.053554763132 13.774129721718
42.154885659087 13.707745529131
42.170287578001 13.82746648084
42.226229690142 13.771040689115
42.12726467623 13.717970413977
42.18158863216 13.739981751789
42.027490946964 13.736181740082
42.146681010812 13.772190248974
42.142017023725 13.686034946577
42.081808849297 13.749438939055
42.160471599645 13.757911939548
42.128572497132 13.68306341615
42.161972545184 13.793052750099
42.140172996645 13.694762071473
42.186892618999 13.737028756077
42.215670743613 13.82092202728
42.118655142916 13.784601006578
42.163517657765 13.732063757618
42.132932924748 13.806393579045
42.098773528423 13.789075848569
42.103878613165 13.705412536743
42.237753673123 13.809011453229
42.095150517365 13.739820049044
42.028266154729 13.729521556652
42.033205985594 13.776114491663
42.03664764626 13.822349282851
42.073831860031 13.778487193782
42.178266018733 13.795132583864
42.0505218958 13.729053172178
42.202530413981 13.705543668359
42.122222531665 13.759574931024
42.073552533108 13.720704872052
42.198670121489 13.788538524338
42.073839913643 13.832441257722
42.071812716833 13.756285649632
42.157729897743 13.685429748022
42.198777090406 13.717073005048
42.077812445873 13.801756889954
42.21671015502 13.82478969119
42.052840318111 13.809428467813
42.138398554262 13.748731386752
42.095688454872 13.708503605683
42.118338163087 13.740830153127
42.133703003255 13.688469792592
42.028090843499 13.812926119593
42.109425895454 13.759675016536
42.052715160464 13.746898859177
42.105488173268 13.814544530054
42.196531445832 13.727326602103
42.043733966578 13.726069097766
42.053682338958 13.760925502892
42.157559939289 13.741959605267
42.137792720545 13.77878583261
42.088601795087 13.695831347136
42.111676287445 13.7216712999
42.056897236547 13.763852371745
42.091876786266 13.747198340386
42.136484078682 13.714813326839
42.04487103973 13.70424285985
42.169745300531 13.790968418511
42.137275535698 13.697035887624
42.059510347016 13.733454722342
42.147024871405 13.66560275001
42.058779943317 13.700290922888
42.173616206375 13.698706203487
42.195039435402 13.745106900479
42.07324740203 13.697914715737
42.09067968658 13.77914296129
42.210637715299 13.747248065561
42.100547252291 13.697913638196
42.078376329096 13.747960685656
42.135661797682 13.744939114801
42.037662910802 13.718221110647
42.126009051302 13.6822044443
42.166312879516 13.771941290617
42.096215576931 13.773854575501
42.105378128658 13.693100734958
42.220575417981 13.707444195055
42.092469747708 13.816221536073
42.110358869264 13.750391928384
42.080721871059 13.785596758891
42.174756670939 13.687168918891
42.168855757552 13.665364757977
42.172303386599 13.791768918204
42.093818609202 13.829894328432
42.098307140704 13.776168518151
42.143085354561 13.667107767291
42.037713042499 13.754562981799
42.186777107991 13.737679973609
42.22169012775 13.787893532698
42.221524962814 13.794432244189
42.22888679722 13.787343697079
42.16595495083 13.766646382777
42.217638944398 13.81407085753
42.209906653154 13.708516700544
42.148093835541 13.755283696018
42.10251802632 13.81324518931
42.239022446463 13.743791412464
42.11952068804 13.710116625184
42.221886711319 13.795251013637
42.096379378876 13.778421759058
42.124340472822 13.803879504022
42.08959281963 13.791264967451
42.096497852887 13.802824586559
42.079548598325 13.705493222806
42.067066467419 13.741170354554
42.109825792329 13.790275733376
42.166257810647 14.089353672224
42.175163439112 13.74616779517
42.223663815888 13.739746883877
42.172902720616 13.76616137466
42.110359248312 13.678632379847
42.143039782154 13.744282186399
42.223487081597 13.802632012334
42.193327957875 13.785514649391
42.088012815981 13.715643951092
42.078654746583 13.699043250989
42.195871108324 13.729332052998
42.145536885686 13.802280127
42.103002341533 13.752846795971
42.1029864392 13.768311885099
42.177421541523 13.705468003988
42.235923477579 13.750817361658
42.204018908669 13.798063850889
42.194983147197 13.769862070128
42.147606907968 13.74267357252
42.139334140431 13.812456815437
42.055805608212 13.749858141781
42.178607270226 13.694772051061
42.051474764988 13.767771667248
42.142492735846 13.786272498235
42.051113721028 13.75027943719
42.112922297399 13.749686849674
42.14517761217 13.678117376623
42.053743112413 13.764194938265
42.092000783019 13.733433789936
42.143681579823 13.787773867526
42.093472398416 13.807698585956
42.200989018775 13.700369913944
42.137199082962 13.702631020801
42.107163127117 13.809012002244
42.209550689093 13.745293616685
42.196579534673 13.819945057326
42.069544917957 13.808347945965
42.185921234652 13.77230462144
42.231738410088 13.73261488079
42.183151880851 13.676757947412
42.10567535467 13.701382409663
42.140002514322 13.73130358978
42.107798751049 13.780498885468
42.071169042548 13.810080185465
42.130373111542 13.679249302356
42.230198005808 13.815027957717
42.136787765278 13.767822303256
42.22358967842 13.739459369231
42.084481001892 13.779807041318
42.179941071768 13.772051181559
42.097461133796 13.788137988575
42.179087361891 13.68211211624
42.10381649069 13.767115352122
42.09520356969 13.771154686257
42.105623084656 13.686563691931
42.127138041971 13.761767007321
42.071463638505 13.743789292774
42.207294682624 13.734408975476
42.17515410726 13.763442184221
42.184331562477 13.815778821642
42.100960158811 13.825789211258
42.031062909437 13.747000522349
42.102227286039 13.746650256585
42.238169791309 13.720762202873
42.18658540269 13.74045390486
42.113694846704 13.692259175581
42.034152248911 13.809895585689
42.155885484629 13.738983243603
42.081330715272 13.777237520005
42.152152767962 13.808773880756
42.173088729949 13.733612010618
42.04474490792 13.818766046718
42.213593269819 13.748214448706
42.040053651242 13.717022196279
42.134955045385 13.77597773579
42.223667221269 13.803902192902
42.029982436018 13.745291322838
42.085444718194 13.777288529474
42.165281419275 13.760341082143
42.179023129504 13.741533008305
42.128985945682 13.700953590565
42.102345965406 13.76288851295
42.047311759597 13.752242539449
42.217412262812 13.751650010141
42.079665900266 13.810508806657
42.069902616607 13.793310196529
42.190272076165 13.732541499556
42.188539085087 13.818761462748
42.130896905985 13.71363434324
42.072359518668 13.771634112958
42.188552502652 13.688933905556
42.135369241322 13.675717940424
42.222930827769 13.741307278996
42.191523891984 13.747414480333
42.177238548278 13.767763564742
42.094663709933 13.790460584609
42.027908544556 13.752379558886
42.178907660872 13.772245504808
42.113161922041 13.719286257757
42.17552617901 13.703035607817
42.052305534993 13.803768029366
42.056118856697 13.805925386423
42.052350699947 13.822158235529
42.141189768532 13.80281367984
42.172899825134 13.668128048868
42.042116249486 13.764372008298
42.131429518655 13.816925316985
42.033078392073 13.787754659929
42.157512602307 13.692783878927
42.121510317161 13.728868471353
42.160538405276 13.820673768346
42.087520829464 13.729564214952
42.029280292836 13.815302902768
42.079001498932 13.742791382963
42.121449572112 13.701793959246
42.05094383708 13.760763191528
42.184508392229 13.787647123836
42.161658135339 13.792229134514
42.124414801677 13.742136091826
42.173511641202 13.772109327753
42.099124355774 13.745639939695
42.190582659205 13.710908075681
42.177234653953 13.818285806041
42.08372561919 13.696674817587
42.039270410819 13.750527849326
42.070734494885 13.769370777912
42.224002224053 13.809120753246
42.160760481472 13.791819351649
42.234849291518 13.725892653116
42.032680552023 13.754743714724
42.182767878858 13.735296751736
42.029680897982 13.776927853852
42.079209343588 13.771818197713
42.181287957926 13.769021277229
42.158630857805 13.767543714406
42.176239590264 13.68162653955
42.118992970867 13.750058902332
42.161076179802 13.827583175093
42.237934326419 13.724101311885
42.074124009404 13.811735205286
42.231103844604 13.775735548148
42.186293249592 13.759508198502
42.171601388704 13.821990597466
42.184749592203 13.764909243588
42.152552431541 13.739806457323
42.203840956673 13.832264973725
42.185933699473 13.768791605166
42.222822071178 13.786341479901
42.171486157559 13.768431140954
42.170955244087 13.683751232796
42.203321683336 13.69749485084
42.217595974571 13.726547344481
42.215336983679 13.741346912825
42.029445503873 13.786523165103
42.046828237405 13.803787724976
42.103458480513 13.780933369336
42.138886370316 13.787241733089
42.147804111332 13.673235034905
42.091268024936 13.755326842331
42.04236591006 13.831561354863
42.15641554175 13.721655547045
42.081281334221 13.701981162069
42.197008407787 13.780140777503
42.184395642592 13.769214652392
42.236330309548 13.789139262323
42.039809112942 13.734163274886
42.069211642777 13.797935374474
42.168813091337 13.815203375584
42.123215680555 13.779619042214
42.155115286447 13.66211858285
42.207424984431 13.698992966555
42.143274843315 13.784205397512
42.102092325756 13.686098849741
42.142509551341 13.825204860359
42.146554833367 13.777416673872
42.088294656544 13.73244587601
42.166781837685 13.696258070758
42.123999023889 13.676262209528
42.159294023739 13.80501308192
42.055343847303 13.777487820863
42.194752281178 13.706005477231
42.135853137768 14.418392110927
42.202591686625 13.700304214258
42.071216310429 13.803819137089
42.042308687739 13.721119539703
