42.449827473375 12.390370219217
43.815502337581 13.709826227163
42.217999819789 12.218357604585
42.606534741657 12.018222672429
43.790328266954 12.825491609457
42.983208434204 13.112213790956
41.835437750388 12.406503037294
43.680021731055 13.64675314291
45.233472217148 10.468039684004
43.365682061487 13.215041902969
43.603925264277 12.420951883991
42.525783164693 12.208128321102
41.920517682548 12.42810886515
42.369484429441 12.049494054213
42.9997622492 13.12519125043
43.739339101959 13.76296829237
43.727313114224 12.783555319453
42.277625639726 13.093752099988
43.378179647226 12.808230281739
43.125637074779 -83.523466654573
43.771886112549 11.983115897527
51.041883807183 9.863139365736
44.898469080051 12.252134495558
51.508761860201 9.1421190910703
42.725189305735 13.11538135035
42.508415562358 12.414280805019
41.995254839789 12.529534116189
42.359567443097 11.862809096886
43.631934492698 13.018275153853
43.040688431862 11.903443406778
42.625285855807 12.656750917296
42.606836420322 12.774271222679
43.405313422182 11.97114373558
43.2733986165 12.553048312477
43.282904910076 11.907842949477
42.287193213279 12.273572545181
45.442233024371 2.32478856683
42.502338371495 13.254829994077
43.66574218716 12.929555381636
42.118450568134 13.097225850514
42.837918004898 12.916716712509
42.490997578267 13.645617072792
43.356397770067 13.684182641902
42.739506856904 12.382684656152
38.888667928958 13.260638183896
43.340044054382 13.774148182394
43.470157977899 11.948589536824
42.59981588118 12.23209529383
43.143209417438 13.691622699488
43.606943458157 13.313329387157
42.362045414004 12.311709718014
43.648948108635 12.250268002178
42.138400815513 12.665367836463
42.123213632576 13.282811295859
42.610940089755 12.847436471792
50.02675923846 9.4528326720245
42.925396461957 12.856725844043
51.994740944819 9.0782249383993
42.511027161291 12.473018141705
43.465457047574 12.412856572521
42.327055754779 12.609675098515
43.764445424923 13.593502544164
43.786461332269 12.16349653956
42.957032433246 13.723931261696
42.765694224653 12.6083757601
46.661300604328 12.712936847591
42.043557007838 13.190168111229
43.748962650911 12.517220742797
42.332540356264 12.779901819688
44.531068933143 11.015791589655
36.538414206058 -121.59801777356
41.963538259737 12.681974387601
51.505854821534 8.3293812537237
44.481871448493 10.890674487891
42.181897251041 12.121861284211
43.162071874462 12.730539507594
43.520756374633 11.582241967845
50.646320157985 8.5606316596086
42.96821769281 11.962348205972
46.474427579657 2.696183985889
43.593753707893 13.323252111845
43.81204426701 12.302193146826
42.237472488211 13.587003822733
43.670069920698 13.538119687039
53.077134574101 6.2756616680537
43.459445661634 13.51376407992
44.426947336654 10.72288220947
42.293093134341 13.72185814882
42.52192397768 12.395842517
44.467449722589 10.124947103916
39.977302220159 -74.376431814151
49.688426211571 11.617760075191
46.698497361829 1.7915653110443
42.36109133689 13.525194230289
43.586720454801 13.404846510128
43.584449147167 12.451049444962
41.879226243207 12.606104596612
42.477482635771 12.274244812466
43.558806523031 13.577487394969
43.529900972068 12.794793558698
42.885657451549 12.996599697993
43.186302072011 13.022025961926
42.216746040276 13.12822201437
43.291121642728 13.360341873674
42.894557166817 12.383772625788
43.260537308783 12.65270350906
43.557101673261 13.714418287743
43.561861150715 12.373349224412
41.888977284978 12.771155315366
51.295605479644 -0.16167583562046
42.757789060847 13.172678140093
43.826906522676 13.734326599529
52.029753729948 5.5256632178909
42.239477585787 11.908280147008
42.3662693549 12.068061428663
42.790750530472 13.833052233736
42.902549612311 12.352460323087
42.178493304282 13.253042209567
50.809770468534 8.7319497660417
45.980952376025 1.674871594028
42.333907586352 12.981049104862
42.833753569461 12.979698452644
42.947995922525 12.558768079897
42.605043529836 13.078850960417
42.429596903489 12.12436780388
42.983815631377 12.381688079995
51.662482235191 5.5935647864098
42.099494042408 13.421784232588
42.236933922526 12.603803528775
43.687217211226 11.966807939118
43.389176139345 11.958778285423
38.080978049003 -97.555668839512
37.278886395452 13.926858236679
38.501934625258 14.05991099701
53.706376053049 -1.4310229687886
50.911233881214 -0.12323927052004
42.090027304895 13.458037986189
43.041718814097 13.241576833318
42.680780921469 13.51848543415
42.956031138544 13.75344738448
43.38090497182 12.064721468422
42.633022619261 11.840114087279
42.493971217209 12.421556872067
33.695144470951 -117.88581239545
41.894740436664 13.188030907993
43.151544129568 12.090926312905
44.479959848726 12.303776743286
43.591712307947 13.365331565221
50.013004188898 9.5031198950033
41.856910851738 13.609387526593
43.022370540568 12.807688326506
42.174502804978 13.537744293261
43.410177395425 13.748561443199
43.821026049492 12.059258695275
41.852549948682 11.880460942129
42.529013917583 13.731250061084
41.875881178268 12.899401945502
43.348305291679 12.829840787628
41.91462054614 13.313687344714
33.445576728786 -96.541372986981
42.222528681284 13.169761081792
51.543030452236 9.2099697805056
42.864100573542 13.513963212985
40.390409584231 -75.000585653576
42.343897163583 12.75522314189
43.477590719481 13.247175146496
41.337574643028 -83.179499685124
50.6016399947 9.6886820898804
52.17511242613 5.4239776607947
41.133028473441 13.423953288709
43.391324877011 12.751464010122
43.313143232538 12.241028498991
62.55789841365 15.312407645077
51.752477102332 8.1519587129131
42.075159151163 12.885582353887
43.153925792872 12.155831673276
42.963421823461 12.350861870402
42.04813849325 12.708813473468
42.253936330461 13.647762445124
41.845673615062 12.837620599141
43.151412163953 12.110859357359
43.35408371007 12.656042737281
42.409828233279 12.084255934288
42.221988047598 11.861729125915
42.519622263415 12.627285371638
51.705824922168 8.360297465399
42.396338508323 13.210125906768
45.836904138812 9.2583139272213
42.661629813121 12.048789315901
42.696571068718 11.923897605841
43.119187162334 13.199565925284
42.8375810943 13.011617250301
