13.573344174595 43.152426621037
13.825186074651 43.177793750643
13.561717587806 43.092760320817
13.708099279903 43.091224473499
13.769558557689 42.994644164126
13.6378756951 42.937110953025
13.659608906463 43.184672837718
13.641036384127 42.925225922358
13.572865559076 43.116426277515
13.719951487503 43.092654623621
13.780571986374 42.86286883471
13.629443001316 42.931512873143
13.58369244711 43.048553750428
13.639192851579 42.981014173024
13.570116190526 43.042774114799
13.700430650611 42.996616499518
13.639986427354 42.987997368925
13.636293317974 43.104607553757
13.741068498598 43.104544143262
13.71041355131 43.20550010691
13.790459247229 43.124051601239
13.770997305315 42.945375560778
13.752260405476 42.876597382557
13.803587343473 43.009762097641
13.755168833211 43.005997580034
13.678990564646 43.022505064992
13.662581438528 43.195740833991
13.569419998962 42.986199296094
13.680848885666 42.957636712586
13.696136111273 43.070261298733
13.742003795592 43.119541871438
13.67038336057 43.179034347285
13.626650841754 43.084020978366
13.705903088558 42.895946043982
13.784620835367 43.073650226052
13.632719734068 43.003109815087
13.633074786364 43.121212463438
13.78367393223 42.939196375191
13.598725439815 42.978527710784
13.798467818109 42.84934643232
13.676200630479 42.986796223108
13.700171273549 43.048373200509
13.69626964477 43.207051428618
13.667102750722 43.032546068578
13.739638146844 43.173785218605
13.634570404738 43.019265991666
13.655136913387 43.048551155764
13.82417799666 42.919556006773
13.693525161007 43.165540765138
13.623780324435 42.880521994981
13.633084372933 43.141965279908
13.741707288561 42.88141920321
13.768364828459 43.225608580406
13.699599182114 43.174811343765
13.727369362382 42.893086423603
13.665199932042 42.978693983994
13.732013821964 43.037426878737
13.657705041442 43.141476430086
13.777309935923 43.115716265589
13.718045756111 43.01773055832
13.635449919235 42.918315723987
13.703588577336 42.907833149169
13.810258259464 43.06723866617
13.76973267636 42.95310488576
13.747967346941 43.035295562856
13.567313463712 43.071031787021
13.732969347284 43.138814190023
13.681269180834 42.99921707066
13.650321270197 42.949237859805
13.644739466575 43.150310159752
13.698284222625 43.027537636958
13.792277700658 43.11048978295
13.809426743469 43.157799722721
13.759794913141 42.984596855487
13.670252671333 43.054667504085
13.667748903256 43.079791885859
13.620050248534 42.891169080015
13.75348417405 42.951201695947
13.719338137081 43.115009520277
13.559469548801 43.060999640779
13.623089362713 43.02213413318
13.828707823471 42.995418182593
13.781169739937 42.985552319805
13.832339404559 43.22057268455
13.747295770232 42.864230720284
13.792282585445 43.142631282186
13.635503865772 42.901168685454
13.670602212528 42.945849786043
13.640038158598 43.041063473134
13.821149653693 42.877386474946
13.794422899298 43.046694140458
13.773593149995 42.92115061356
13.58452991053 43.029156776645
13.812110368096 42.952151081989
13.687208294278 43.140253328339
13.742310340417 43.210938339241
13.553294800501 43.168742627471
13.741708896024 42.866829351481
13.576311399518 42.901119339255
13.722491614878 43.151194722483
13.818892212521 42.929804154194
13.702377207925 43.141315747139
13.761517918579 43.122404005456
13.59994323116 43.005413407949
13.603389784064 43.104613285116
13.6114015247 43.14876294797
13.553506201412 43.109791037699
13.569298439014 43.117326646653
13.637996967269 43.157378888783
13.807470928343 43.108714855813
13.648887128892 43.124716540412
13.774509681305 43.136599220886
13.60884159927 42.915339342766
13.803428537142 43.06759393267
13.604980553803 43.147153504282
13.757958853526 43.161434370189
13.664194119027 42.938600782763
13.719095065149 43.152031673676
13.550954495834 43.159814691266
13.688114582902 43.163615718581
13.602598727982 43.177889159984
13.642484487355 43.078412501199
13.72786046228 42.982634297585
13.722016580294 43.173075039507
13.784188965256 42.950569272505
13.624374423953 43.065339479647
13.752891810982 43.087819449665
13.781951457647 43.133766852403
13.726834807904 42.864226783584
13.811278689586 43.23306319829
13.830005547905 42.951498260254
13.688930152792 42.867844604847
13.798133013231 42.990113615075
13.642100508645 42.904199481918
13.830951662211 43.081524303708
13.706073264476 42.893668722333
13.831511289755 43.135419871742
13.81275183794 43.183265830031
13.629628336371 42.87855245961
13.639011521677 43.070623684263
13.666812986933 43.177020259305
13.675125048366 43.084005543557
13.763804335524 42.962265143174
13.80289219825 42.942531601986
13.608386494058 42.883796579171
13.721617201235 43.114306856952
13.624499953198 43.061569053729
13.729627339064 43.044383017388
13.671740069388 42.982140108956
13.694221163634 43.162834911709
13.76229563719 43.166707079956
13.549896496159 43.049931421455
13.647109168438 42.907483362571
13.680143675639 43.183379871411
13.731063380733 43.061389509172
13.638601771409 43.170877859097
13.83234732313 42.928538956667
13.791703355888 43.197124998198
13.692495809746 42.892970108864
13.771707463924 42.889085949368
13.712802594415 43.059431857944
13.619930405945 43.171251420964
13.575183026316 43.029041959473
13.798181404287 43.233403649311
13.785267027947 43.214391197664
13.77906692439 42.894097517682
13.747021320179 43.086398461429
13.782598446974 42.960207929372
13.613491768324 43.005541277607
13.734698192114 42.932775238984
13.689725810538 43.049442161384
13.711024545951 42.973936073491
13.591474470979 43.123225871552
13.771885376338 42.925512047005
13.554355283081 43.075325465817
13.603368613705 42.946820246052
13.650610136192 43.011058348723
13.753140048961 43.111672204992
13.763562564183 43.163612483166
13.593147540297 43.108243893438
13.720780519194 43.143993004779
13.69035531149 42.883976074834
13.783720686486 42.907655392286
13.56945693149 42.931404881168
13.751460332794 42.980725893297
13.727733849442 43.026367233634
13.563581249029 43.076757432018
13.585000810507 42.947468607217
13.548883699623 43.066270435281
13.820148296591 43.019329689939
13.799306607267 43.099492532734
13.748737794717 43.174559803316
13.657895772114 42.906287565805
13.81787236401 42.993926689047
13.565309142512 43.056641733321
13.552085699792 43.117439084762
13.822818210287 42.850061001207
13.796091024224 43.046461596196
13.829170823039 43.003976659872
13.791877748834 42.877314160542
13.617770417436 43.182726171439
13.679546952119 43.000362448881
13.737557378496 43.112813869565
13.674368973691 43.012432391316
13.728081525663 42.947222851679
13.831093216723 43.095686914465
13.83174343122 43.009888908851
13.763564238701 43.096270331713
13.759448452762 43.16973946952
13.625387951113 43.161720200072
13.566970760288 43.050580274824
13.606241195766 42.90098800042
13.766410113225 43.186239463851
13.757714818606 43.206038161298
13.689592071685 42.886705949405
13.61362062239 43.13613599035
13.736237560763 43.100017544881
13.754802271165 43.005107378145
13.706203907612 42.991802771593
13.752060895226 42.8936741566
13.572380668771 42.954295647796
13.71423767589 43.20682197495
13.810206707034 42.873499762695
13.658418403335 42.877665500586
13.73856913754 43.162670159809
13.727015143154 43.057109718259
13.701489561119 43.139947698072
13.701329512404 42.925162419663
13.775023410944 42.860844944094
13.794386151638 42.893553395727
13.653723252331 43.049731960099
13.78682963682 42.848565624046
13.766716642218 42.915091335755
13.781510901091 43.219306725666
13.739033432111 43.089949848659
13.576596526719 42.966746873228
13.702790522831 43.049263972367
13.726258010031 43.130716963753
13.833040872998 42.875834583268
13.699352958121 43.004057919629
13.597357132306 43.050104459792
13.609761799525 43.056931217249
13.671795151065 42.961922904014
13.593512548431 43.144095374359
13.690734284807 43.0584284673
13.758262028826 43.153633899148
13.546546309065 43.13981547355
13.766993702302 43.077113594917
13.669650666749 43.088760020274
13.704479994136 42.943349680392
13.819066006627 42.956100659911
13.762356282588 43.01951433954
13.828525124059 43.224920148621
13.719294337446 43.009652296572
13.776451547547 43.096761436733
13.808655290796 43.184087307299
13.68806114175 42.955733257346
13.752913666329 43.019233093627
13.590873038227 42.957458498423
13.628616554511 43.159146604689
13.618188253913 43.158557519412
13.612613766295 42.916634118167
13.821215994594 43.062045276681
13.598077963872 43.097407142232
13.777601431973 43.108474331979
13.596367472616 42.989702056178
13.750000743566 42.988568654765
13.638135169951 43.183423814936
13.648955211367 43.189280890969
13.664537499524 43.051400601909
13.628795351216 43.062401749709
13.717800040619 43.196938861274
13.788294394889 43.024399758815
13.590476019604 42.979236098483
13.569872844741 43.03034491943
13.641768128465 42.949958160052
13.810664337527 43.230905572081
13.710014338957 43.140583845873
13.705056913546 43.018745956972
13.649430424764 43.02672777468
13.801267473887 43.174570820397
13.816030806797 42.870720110329
13.65608456391 43.032536665945
13.830600428803 43.146604918964
13.626103729788 43.121628468003
13.622891443627 42.97494279501
13.571582627379 43.175226961018
13.646765090847 43.155587659311
13.760637501164 42.871178642342
13.675620415584 43.066455676738
13.790675536187 42.9071771628
13.655928037921 42.983923974926
13.56695543584 43.168812438945
13.55007183952 43.169930002287
13.748203884714 43.138691949278
13.624027145407 42.956633417402
13.611356623776 42.972288980157
13.693525116769 42.887842629539
13.728807594988 42.873984788972
13.743745956472 43.18777540011
13.830434034986 43.048506001985
13.686988958964 43.128694050095
13.794126597158 43.147383889739
13.59463595489 43.048506287901
13.779985870153 42.897596999511
13.772347198714 42.860166452781
13.67215292422 43.00202772396
13.6415086294 42.972694739708
13.652107147359 43.125902651423
13.747137750868 43.177955704379
13.719635083696 43.007311556978
13.824239822044 42.969069325372
13.559184588308 42.989224028324
13.684717384507 42.987257902526
13.565179335703 43.050569279164
13.717605016549 43.059740249582
13.750987002531 42.911818592323
13.586129363455 43.053140516904
13.681981719438 42.883087154444
13.598018390426 43.026295757886
15.141248073637 43.070296869206
13.575839100229 43.146145430017
13.687879653989 43.107030474186
13.721899032019 42.960722791965
13.789310161879 43.233707134276
13.812055624024 43.144275111234
13.629670290125 43.186063267398
13.768903901714 43.199549355658
13.757543849667 43.019684694272
13.672651625107 43.174382622922
13.814361155899 43.133933808738
13.720173125512 42.980185275909
13.564099422474 43.117564292235
13.57213315117 42.926222005846
13.781221868389 43.16363431523
13.716894524527 43.128326017956
13.579108626407 43.137149250685
13.632410282119 43.13624534159
13.679763714189 42.911291229053
13.643065852899 42.906038237713
13.755040255748 43.032799630928
13.719105031697 42.873854791708
13.63800949216 42.99155523816
13.582006156737 42.964530824222
13.616537239711 42.885295248558
13.666160092089 43.121444912239
13.804791212478 43.114344025105
13.667759824876 43.112761068231
13.74539077505 43.147630364258
13.800742601438 43.028865236823
13.754805798549 43.042616611387
13.655330899032 42.877677742356
13.655560398335 42.955733922776
13.796465315317 43.091916584008
13.585120799779 43.114490610622
13.805442117551 43.047770599412
13.609807590793 43.032971872053
13.774029422933 42.893030220614
13.693224310753 43.031728510315
13.693295529456 42.941523842507
13.771995842837 43.209093282118
13.623071008207 42.961610841102
13.556851509773 42.920503125976
13.792296216282 42.919261021523
13.564593003881 42.942410740996
13.763742212117 43.147206490018
13.696491748906 42.915380330738
13.64516358715 42.994945085626
13.731730945304 42.88880028526
14.895236391504 43.334172290184
13.594460248314 42.964249330577
13.692995746032 43.030937152484
13.688759507953 42.926521689152
13.675070491955 43.190996400656
13.734352435814 43.064018705911
13.788239162803 43.100443302722
13.781336586376 42.977573213644
13.747737545424 43.007491066611
13.675323655233 43.027619474136
13.709877050368 42.95792250056
13.833061709943 43.045923779295
13.660427049597 42.989532222056
13.589399672409 43.115834505372
13.587027445264 43.032798256761
13.645138460533 42.949537730308
13.635625795313 43.119226590341
13.787941609432 42.872976311444
13.713218656722 43.056001136127
13.683410251852 43.182618544543
13.73404131121 43.013031042208
13.796084043496 43.225695798765
13.826624496315 43.134959937623
13.740159920782 43.132086651948
13.792120036128 43.020067181003
13.796700694059 42.919621817751
13.641886778496 42.920560816287
13.675032161977 43.157663395257
13.594573157672 42.951034979893
13.645149660618 42.888438334658
13.747613547739 42.993884313404
14.450090832266 42.852087884816
13.622490343949 42.95728396997
13.626225899752 43.135601724116
13.712681396286 43.093416591239
13.797521626038 42.967998403131
13.643490367424 43.065753402706
13.760348871725 42.87325976273
13.565014663902 42.972761998427
13.807695211308 42.915460352302
13.774731152607 43.030277951656
13.729236017808 43.14654681794
13.687402065719 42.887894205718
13.786404705062 43.017086990672
13.784978785473 43.224547588392
13.726674134737 43.203197296359
13.626656685337 42.924377858625
13.564752563187 42.979714540311
13.698989331137 43.006655598549
13.822761095533 42.844698626962
13.680681558198 43.156540302188
13.656147272187 42.887478038172
13.727124159118 42.919325770328
13.644972720039 42.89997022643
13.716969988198 42.948607709256
13.664256078521 42.882609501913
13.560372945669 42.98430495664
13.569004962041 43.057959434624
13.75831795009 43.035413941406
13.581437816204 42.95263720164
13.706798808068 43.046523342883
13.699528950613 42.988384932295
13.809067356798 43.199547114896
13.832743753622 43.056942985441
13.806938084239 42.921805237404
13.810908122852 42.88265756328
13.601728678517 42.957705787384
13.791521785239 43.038629918864
13.699423978452 43.194912138507
13.813591185891 42.993809432741
13.711952365356 42.996547891778
13.832206603548 42.945036947257
13.82597142452 42.968592048163
13.635212538615 43.102986438269
13.813419188307 42.929190896905
13.732850432758 42.876290049367
13.667995621782 42.986497099526
13.800917985312 42.929492636572
13.832813520859 43.171105805419
13.769872612699 43.177783062785
13.608921819205 43.118871107774
13.761225888415 42.987332659789
13.598865837624 43.152667491789
13.706609865069 43.187850549926
13.821867634946 42.979528231092
13.558147084715 43.067587478139
13.547818650768 43.126972674007
13.762480241623 43.001026932172
13.697206748995 42.987801412136
13.650985134158 43.125416176939
13.79626406815 43.100424455081
13.710368415227 43.026525523547
13.789375546311 43.045818877914
13.812092934669 43.042016339529
13.817983945768 42.962634605825
13.603153221145 42.895999011091
13.606525658933 43.114009835831
13.804301699088 43.089191393058
13.661379908075 42.876422453635
13.656766177016 42.995474314336
13.676637995859 42.97425294715
13.557682127973 43.036236749069
13.748916339965 43.025636072304
13.755116293579 43.088889755837
13.604347646539 42.929863149754
13.823994715171 43.231977241243
13.672288148532 43.121153962876
13.788008734972 42.87785993932
13.764577811961 43.218883846078
13.790206596179 43.134459571531
13.73831421965 43.206398929121
13.714477576203 43.102410331437
13.814533444056 42.969959045767
13.614612389663 43.16350430679
13.571716804345 43.090983666077
13.693529371982 42.915269609522
13.624574157256 43.185288041937
13.593755598012 43.124657320869
13.643587778177 43.182780661261
13.65896598981 43.029262223316
13.718225113937 42.917051528563
13.675979775247 43.170955738619
13.727363829861 43.058017486289
13.708091657959 43.087402542183
13.804377064504 42.924269856871
13.573281355025 43.072539412937
13.664847032963 43.166656377824
13.742682716245 43.075630887933
13.746289742548 43.055518145254
13.680857499002 42.869030545891
13.767550603399 42.963403016333
13.773799553895 43.230844359508
13.77062575138 42.871601005046
13.726316949712 43.012910847579
13.691622699488 43.143209417438
13.743787263422 43.06662609899
13.670435025224 42.971986415804
13.732559372567 43.040642034768
13.740632693183 43.014863779796
13.578695021395 43.144927988849
13.562554817464 43.13226372524
13.582565440623 42.913781928345
13.752477272785 43.079734358995
13.659319314037 43.194335595816
13.709640863703 42.953309211414
13.676750346889 43.087774758755
13.625631386261 43.088956423166
13.727069311204 42.880642597063
13.816757060523 42.90241322338
13.789685843435 43.060284573634
13.811855933562 43.240623690787
13.614988961099 43.102514768554
13.592314544896 43.175152562661
13.716181535163 43.099068615653
13.76419307888 42.888134198698
13.82471103867 43.138273073911
13.734507664004 43.071108197847
13.564159847614 42.956148202997
13.580420630344 43.047053834932
13.777817288797 43.231559158432
13.80727100738 43.073899465668
13.725121360165 43.144885245799
13.707102215733 42.91842149988
13.788665450101 43.178019543748
13.575489602341 43.158393954487
13.72195946135 42.983509683995
13.819197736152 43.137074186551
13.707670407255 43.047542455184
13.809378533556 43.209505212146
13.810788473979 43.010344371691
13.556625015383 42.915984514151
13.74033663831 42.983529423843
13.808535856592 43.080393489509
13.644302263711 42.972502375961
13.574569659596 43.001718595646
13.720758321586 43.169335890661
13.606243079832 43.043794912328
13.639252877647 42.946047534231
13.6997021049 42.893026297883
13.562627006605 43.028616053087
13.792243755347 43.127742512232
13.592436840123 43.028081592206
13.729171233612 43.049728724684
13.83049409691 42.922831536256
13.583219338501 43.055270792032
13.691316504374 43.089195053156
13.614512758171 43.106030641194
13.651264879711 42.987282099217
13.586723493241 42.901646199611
13.683454959993 42.885755374064
13.694534373814 42.968519103254
13.608736421752 43.095920466884
13.65572706922 42.898363267977
13.78658468315 43.178449188463
13.770339568525 43.073955856319
13.751408150325 43.095138805984
13.829415404179 42.967161427258
13.797758248561 43.129721744067
13.716259702929 43.104540553479
13.707148009796 43.017264142196
13.759867798446 43.145777738276
13.696807906843 43.19414849637
13.831975649985 42.948546267112
13.813177902185 43.123816734724
13.829666249861 42.939535859965
13.696726850579 42.898555136259
13.679949181492 43.00429155773
13.78735490508 43.057886105079
13.823655115379 42.957400189714
13.630158269161 43.105791091058
13.596895803996 43.164268178963
13.601774593185 43.024167557279
13.725103486688 42.893437470281
13.619495099254 43.001725828297
13.727855903456 42.944058008021
13.62564047271 43.128153475082
13.681158421899 43.195694476013
13.587070253972 42.917717243062
13.600576808511 43.008047100647
13.706973908819 43.169882674802
13.741471100034 43.128271255723
13.668606681616 42.953646108042
13.802630408596 42.954772086814
13.767530019308 42.906893690094
13.6634626783 42.925017854651
13.639007872289 43.004094329686
13.622357287755 43.132500039962
13.810739864994 43.18849931156
13.654485683748 43.182960365539
13.592264224606 43.137090151749
13.828765740094 43.244950972633
13.733099431162 42.989417072402
13.694829434501 42.969479569706
13.629014273022 42.899266876254
13.577194618351 42.948470847213
13.82214618049 43.09794051719
13.60914857716 43.041043874848
13.549178805013 43.032062701917
13.79234391257 42.959123494571
13.678473638242 43.125651964066
13.556921784581 43.010360343873
13.808301417089 43.201289724208
13.829663968121 42.984579392257
13.731770249911 43.09289326758
13.829226038826 42.878254855482
13.723931261696 42.957032433246
13.764203113415 42.931472346176
13.811454527479 43.089013568654
13.596056849529 42.981671150786
13.75128219826 43.181541788497
13.554697535746 42.950389659496
13.672333756796 43.053664435679
13.583039976483 42.971746840522
13.584337124894 42.943483826233
13.791394544224 43.139049329415
13.745835360508 43.142556482548
13.637044757922 43.134817089038
13.772425794889 43.028609809034
13.7202401514 42.938464682542
13.76949844361 43.161348196308
13.579356799193 42.962288964078
13.590999685058 43.074483077097
13.696260010703 43.098664824452
13.82399117894 43.138928380881
13.815787414955 42.846914693663
13.750629172565 43.041406692977
13.755339004472 43.132383612533
13.774017469873 42.85899398192
13.56614449835 43.070278846713
13.783074696003 42.982924850671
13.743845625682 42.903075897111
13.652421330892 42.95793297561
13.771458151199 42.960735331292
13.813237329879 43.122091103889
13.685428924267 42.969417450956
13.606425179006 43.098999295916
13.746897416092 43.186658289857
13.748751322643 43.094649669314
13.689642153557 43.112332092671
13.66680994337 43.071388530134
13.825360693443 43.117810236832
13.661881121205 43.134897790002
13.704004252213 43.209193492427
13.609746634334 43.174876669524
13.807809446404 43.171789075815
13.687325453261 42.908861982615
13.564709437364 43.156769971457
13.646821500124 43.153448186907
13.779807324905 43.046520730523
13.749390595963 43.116268568747
13.680666836782 43.112868104204
13.706240966335 43.150231459269
13.757133678441 42.951106084043
13.574527496761 43.171192389082
13.797407131569 42.978218505636
13.554399520438 43.086327399654
13.753010949026 43.174502591239
13.823813220425 43.076269489304
13.832405693772 43.133394717322
13.617667618982 42.929199661582
13.773854915434 43.177959570299
13.646817993695 43.036953860001
13.647416920258 43.049338435333
13.815139266132 43.05764879943
13.685717726467 42.893925891695
13.622788369501 42.938286850687
13.678888039535 43.116439666674
13.627768593688 43.124342833259
13.717377767788 42.898685009658
13.831276392041 43.116790154559
13.807946317295 42.995553288162
13.597067703792 42.930817151897
13.66068743109 43.085090031442
13.800810420814 42.862909096716
13.607731655078 43.045171588701
13.716719253809 43.201179112422
13.627013297599 42.940256867551
13.800018796159 42.945980512999
13.646800567718 43.120957750904
13.571611346033 42.929965045292
13.61385178131 43.158572752589
13.618790474564 42.954485370777
13.648718176733 42.914264392089
13.810080903515 43.155541747902
13.636040253416 42.940321372349
13.566208258556 43.160168517011
13.597138253805 43.116670139675
13.71851634782 43.053556433459
13.656694367389 43.113058623466
13.790017766801 42.936400937374
13.554641144164 43.063608386139
13.740993161586 43.184619219149
13.651100969732 43.060150079944
13.702382476883 43.058730529204
13.703458840376 42.971810382799
13.832699514869 42.984540057848
13.603868625895 43.087574617068
13.69894880417 43.076693079957
13.635625639316 42.929448954284
13.684427116406 42.965973347431
13.73887190818 43.035715164189
13.658545810591 43.083964346968
13.707490933478 43.051939003215
13.62437620278 42.915938195289
13.668642763846 43.192780160456
13.692340808798 43.207108934527
13.71880558029 42.889570950966
13.74724687114 42.958112623544
13.707210753463 43.094364022901
13.724642067575 43.016536595329
13.740526846045 43.09723523033
13.668938309752 43.187019124735
13.565007364661 43.152569624687
13.807092002524 43.021896251043
13.808579534224 43.156730591879
13.586437559049 43.033377939406
13.586372273337 42.89360308784
13.765647855965 43.041001613292
13.762171815525 42.889625539973
13.814726156583 43.175646656296
13.685662053866 42.941522737959
13.752196899521 42.961688575804
13.811154016692 42.875642796476
13.676445128266 42.953055029734
13.692973688589 42.883513078526
13.780570738868 43.031781410834
13.728749173122 43.084425923941
13.555479841586 42.948422563259
13.693332963501 42.929686185892
13.710245349331 42.967381605419
13.55567541048 43.03200873969
15.141644335094 42.769180653535
13.687321190132 43.200162704683
13.58262133907 43.126012405926
13.60089423491 43.038917596491
13.823063181186 42.944123026444
13.68353355477 42.992797736562
13.785863442268 43.140655335591
13.822144552072 43.191515462583
13.666034775652 43.145300053614
13.692324865487 43.124700864856
13.812338407085 43.179035123076
13.821915594799 42.93704485939
13.807883540566 43.131963221904
13.56613105564 42.895649599815
13.668290712272 42.964012099434
13.690063106704 43.073780509699
13.565729549439 43.010301591854
13.606784967544 43.05360444081
13.712092105652 42.937953278414
13.791233260108 42.958651906347
13.654379207501 42.947750961405
13.602672078017 43.09846729885
13.718464035896 43.144810591447
13.777761753566 42.983587057343
13.557513619122 42.9770332859
13.678119218314 43.13506582248
13.58660946909 42.916867533215
13.756402240508 43.060325143442
13.700368048039 43.121016988142
13.73903850456 43.03695817575
13.618192650687 43.074618533309
13.798407684473 43.156436551922
13.798464919833 43.129418053746
13.751236171832 43.203000518143
13.665011005341 43.16969945152
13.776637007399 43.195623132047
13.730467481434 43.104958402528
13.699659915522 42.895881209961
13.692563606304 43.057464404079
13.832937822155 43.195861868207
13.596405820288 43.134114315817
13.617235669709 42.993395728543
13.749678090119 42.882313189529
13.760105934835 43.17904464585
13.579209658608 43.092685988703
13.75871812124 42.908545583465
13.591835646721 43.049017815895
13.686267551375 43.097048275705
13.825143047548 43.027186073862
13.789491868501 43.035232272502
13.763136491556 42.854655615939
13.583272053687 43.021770164867
13.776465685489 43.161951909404
13.631449723 43.119943863789
13.665804232802 43.200701537657
13.667749884405 42.870423166973
13.691191219136 43.151005721742
13.694881668659 43.126903425982
13.69524316431 43.113522940389
13.701155096782 42.991969253026
13.788305184261 42.911408198977
13.796046300252 42.980780170777
13.674966800362 43.015101216296
13.830781389436 43.159999391625
13.629562987794 42.975732889036
13.576066552019 42.897478429108
13.816382754064 43.181547304255
15.001348252388 42.831167165321
13.811621750638 42.972169111957
13.820742749081 43.051464930222
13.555652928818 42.905816228572
13.706424869481 43.161252446103
13.797163123191 43.189441178103
13.78978889521 43.114524617866
13.599163958637 42.996071612482
13.759379538616 42.884450169713
13.828279289824 43.185043982337
13.724652090003 43.19439946359
13.62986758895 42.97121337802
13.669470378996 42.983510873294
13.614995142287 43.114778473116
13.67019412467 43.113286530207
13.743031642767 42.950375917366
13.701128463143 42.965477739466
13.661518579212 43.158933952546
13.627827645127 42.918616217544
13.747610617332 42.861733078448
13.663901295377 42.927764983835
13.595714634117 43.077300123927
13.81799294281 43.072168057373
13.766596133267 42.906899655215
13.779783417389 42.91704725938
13.593806618191 42.924617603407
13.812691157152 43.108300061968
13.714475546386 42.886766404347
13.812862922837 42.980353634351
13.611009173866 42.998394350542
13.752482985052 43.148397826214
13.675917772912 43.010649877626
13.781707754744 43.104673492792
13.672162577844 42.970028240706
13.626469452712 42.907655087278
13.763014696449 42.983282350948
13.730647792004 42.879757114185
13.73368524936 43.189143573043
13.587972522542 42.916153268871
13.566671131929 42.955503891688
13.76854763963 42.908186114837
13.668243252539 42.988051235691
13.627649582304 42.938016458872
13.558765342275 43.059789980811
13.80548432183 43.033192954063
13.64353667837 42.882963734645
13.783369112214 42.990893531142
13.710789531821 43.171890209996
13.642897369195 42.952052662148
13.803661992703 43.033264429345
13.673944692462 43.106683183532
13.773061494724 42.986486681286
13.809676764465 43.216454174957
13.705376679893 42.89628099368
13.631647402736 42.980431605142
13.572919772485 43.136311996836
13.750827639269 43.157787583397
13.772422596262 43.107467772976
13.731709354919 42.936441790304
14.098631577591 42.968888032445
15.128318904472 42.918964755428
13.716488700715 43.139639975589
13.706139697577 43.130793111946
13.764102514279 43.010243672438
13.674304168541 42.994599391725
13.7284028096 43.193370771705
13.67829748789 43.203012657002
13.561068619418 42.94824475655
13.702686680829 42.929195126972
13.70655947493 43.079738451226
13.822646142388 43.028259112999
13.718452679815 43.01613235104
13.795688760858 42.881774972625
13.828045258239 43.235030393712
13.768675414759 42.950079983564
13.716489494202 43.015404428849
13.783355835745 43.122982541177
13.78176216354 43.176310962169
13.659306210794 42.940147831563
13.751715870945 43.199038351534
13.790396252105 42.994772844501
13.725413959367 42.957294714638
13.784064775253 43.150759045592
13.743617525226 42.974548130771
13.638913981469 42.930437671009
13.833164429701 43.173860974246
13.728518986038 43.109947151111
13.675681735259 42.888809255759
13.7466601151 42.871185648216
13.719120988047 43.196005469766
13.641566040314 42.995067790169
13.564893501629 42.916038904787
13.723392140944 42.895457870299
13.614636292988 43.108774796666
13.579575361975 43.019098695397
13.757230694779 43.065919438894
13.729755595222 42.895352402674
13.57105955324 42.89997612403
13.816692786693 42.904091515555
13.713102051876 42.976453338294
13.628499684703 43.100543657851
13.680732003751 43.033558486532
13.559775642867 43.007008790063
13.829700982605 42.865309944335
13.810258846197 42.85565604358
13.563517171707 43.048842179167
13.678424039727 43.144769660286
13.713142614233 43.128574365365
13.574334505768 43.059573356577
13.687440252738 42.971192183446
13.558336320614 43.133335295216
13.641891005303 43.03283425657
13.729469439375 42.951459799892
13.819668973733 43.227292841427
13.679307503032 42.937295075498
13.651038819783 43.078472545428
13.650850273062 42.970548314515
13.747370030634 43.131123123307
13.584411082151 42.886360584261
13.741476453741 43.104012992302
13.645922192229 42.950851594096
13.649258989698 43.019576057822
13.775444121016 43.138520447623
13.651271746818 43.147433737848
13.741957383597 43.1943263245
13.582434807731 42.93258849996
13.776820276781 43.01772661836
13.761595144312 43.056472487329
13.653887064056 42.991660751885
13.731907556661 43.073767531719
13.83056050347 42.99333704451
13.667930442706 43.200331437981
13.634068646319 43.127269425975
13.674051096066 43.149040912368
13.636761422587 43.159530879094
13.691545134753 42.975833117506
13.71167647315 43.165756412414
13.594396522101 43.035117175002
13.767886956135 42.854936914938
13.829416424909 43.164154198118
13.824485307964 43.032964381891
13.645254161996 42.989776232762
13.576668482098 42.92199957928
13.832505599539 42.912596823628
13.583508158395 43.09085848701
13.652406392013 43.022839416316
13.720180559794 43.06914037937
13.610236127235 42.96614805982
13.57709470979 43.046466753395
13.649854811698 42.911818843315
13.724943444957 42.98565716065
13.679824043403 43.200340235254
13.679534936661 42.890415155764
13.653669356694 43.199392863663
13.686142995828 42.897311349373
13.764975914178 43.157143735887
13.745413401532 42.972392561388
13.644242864423 42.889381546497
13.761883316937 42.976266408815
13.748960542862 43.188746826832
13.761224331244 43.212358286724
13.680853687099 42.992852251063
13.757830367332 42.866434679791
13.644565538824 42.916651918069
13.705958307139 42.893026227103
13.633953857086 43.181879846019
13.680734943471 42.908383013193
13.82829182822 42.946096604686
13.734086706666 42.925456799553
13.648471708267 42.998337060699
13.660191958167 43.12329803741
13.591254055331 42.961564755536
13.730283591792 43.020813688667
13.708643761814 43.12267940639
13.715106788445 42.914072202034
13.81866223219 43.042672457214
13.588034746532 43.152083472441
13.554002089705 42.994811841771
13.7792537314 42.870650858113
13.794550757781 43.085513969944
13.699764391289 43.204867555876
13.600174434784 42.992681970372
13.758269091511 42.909924663582
13.67400678141 43.073850657381
13.676325960421 42.889817354705
13.818814903434 42.998809711562
13.549663941187 43.000768232646
13.646578590708 43.000119280557
13.775329518048 43.046596701765
13.731311361201 43.100325748858
13.720829215723 43.146967006937
13.620224487346 43.130115264643
13.688945009249 43.180279532552
13.642302172113 43.193187750056
13.703153363777 43.165040473552
13.726900288729 42.913007096368
13.825014974861 42.906880535163
13.684428210244 43.042951458175
13.695115826903 42.977273781794
13.646393138306 42.895396218607
13.780558831909 43.02397796608
13.725117182252 43.181646586967
13.646331870785 43.032013073134
13.734647760065 42.982633327613
13.687804324428 43.181244183437
13.737432443436 42.899140306257
13.811144105557 42.922725764088
13.668585316145 42.88684760776
13.824132324136 43.162599821206
13.729048161662 43.057847166948
13.676332782824 43.085137193152
13.824583909414 43.150771984922
13.687701466369 42.974608606668
13.631282728015 42.932283967257
13.802773743331 42.880934406969
13.773729079784 43.047778699125
13.555482978747 43.167920874065
13.774680177132 43.195149469301
13.679303860629 43.177770689699
13.745579970903 43.119883027005
13.69279398105 42.946810004763
13.742891673366 42.939207554788
13.632520673181 43.104172913893
13.658955699161 43.062408553952
13.703290494973 43.096523189052
13.79068351669 43.003920824755
13.600474677815 43.104195606033
13.699580607351 43.100064702865
13.771296354857 42.933306864453
13.817706311058 42.877670248469
13.75664829081 42.930221677281
13.772171182007 43.144888881682
13.554120321571 42.919383700455
13.620767457255 43.038561289238
13.593933686446 42.897608631729
13.792599936406 42.85784811522
13.687096421016 43.025871381197
13.757420739067 42.99570897596
13.752722062542 42.878800860571
13.675682934802 42.945129227354
13.598257941028 42.884502010853
13.578440361015 43.173573273802
13.81924820685 43.119310258499
13.566838185122 43.034871861376
13.752773223351 43.193127847853
13.736240074868 42.934672640627
13.606105470867 43.113172332364
13.600587441421 43.018144240167
13.838872955269 42.849059694469
13.58612335363 42.906065379712
13.585403323933 43.102933113067
13.794657532051 43.086268708637
13.734214840354 43.06027239892
13.607185162442 42.970552976716
13.72761671933 42.860045783643
13.65865016482 43.051064236134
13.689898175995 42.949655719565
13.734268523184 42.890526779897
13.691018928185 43.192178497201
13.808880073882 42.972388568342
13.610582078181 43.056776389527
13.6100953243 42.985720089651
13.599995827137 43.065694646961
13.749930166544 42.948963121043
13.832221076301 43.05933225672
13.650149213008 42.931510257058
13.829134500993 42.891005346056
13.649321597859 43.14077954422
13.733096397844 43.000725964106
13.718283072469 43.008614131275
13.631352831459 43.156952617784
13.774903943678 42.970660940751
13.717031215207 43.031362035813
13.766823709389 43.122921098568
13.660021124736 42.892840964691
13.551015529594 43.082098214946
13.616465505986 43.005666885083
13.683875122447 43.094241325343
13.572444323272 43.064843457243
13.688988563481 43.166195519833
13.707217215911 43.135361136953
13.796919974425 42.849408674936
13.640218768122 42.95567484852
13.622957125152 43.178332544036
13.792348578497 43.038442638742
13.727976690406 43.171047445953
13.667294223659 43.08841855318
13.656047745934 43.122212568842
13.778255273506 43.106789780851
13.566439079871 43.010698454946
13.774604770737 42.892308521987
13.561744382888 43.138087885074
13.783305251891 43.167265975015
13.748983596356 43.115079448633
13.750763797106 43.132372946095
13.780744559982 42.911830462495
13.555258858297 43.170824317828
13.832855264134 42.894200220676
13.68630787578 43.123866699715
13.797115504203 43.213767026206
13.565473866468 43.093419447606
13.747851852231 43.082404136251
13.623503042231 42.955741728656
13.810319075759 43.098100828539
13.783903450625 43.189732803607
13.829180975386 42.892131947417
13.597849524414 42.935571557833
13.782046402724 42.878040132077
13.791052332072 43.044613954653
13.755168670695 43.196348639783
13.807282019803 43.097933242164
13.762303284745 42.96288056346
13.618266962312 42.926214040709
13.776748408015 42.869335525164
13.805419147809 42.978894508224
13.833096583783 43.173198232995
13.794783126954 42.968344989239
13.64527937802 42.964847188448
13.598452094311 43.081747848134
13.702855473733 43.139933987141
13.755332013499 43.194677194226
13.579933488101 42.90652127096
13.728505839488 42.95232858043
13.729397738247 43.171187957384
13.822037743808 43.030003209168
13.702438827952 43.164882983644
13.767955983436 43.11370670896
13.738206560157 42.964547813875
13.621888840882 43.034333244469
13.73326250621 42.885888490328
13.621572948837 43.108887557012
13.821624508066 42.934777963432
13.686024705754 43.081031417533
13.695791611327 43.088131816654
13.6779838557 42.937241201746
13.664538202206 42.936100461046
13.722688519288 42.934130929401
13.796625650414 42.893905582344
13.705311505473 42.981451977988
13.713813274521 43.020587304172
13.661561209572 42.871659402697
13.665320874057 43.021193728813
13.682682253759 43.148217895158
13.67167665284 42.996894902569
13.744348165015 43.118227972259
13.549821187553 43.045160037042
13.752543521485 43.211927572851
13.738090973246 42.959190799391
13.562016080882 42.955962445122
13.560254520553 42.899262295079
13.593968213368 43.11030296942
13.700257355229 42.8904747646
13.679895744531 42.980612077762
13.591250229923 43.158510187736
13.713225284479 43.029449177941
13.737001047834 42.965263565076
13.660367047277 43.068315754697
13.645920277895 43.144356484147
13.759799172545 43.196226816737
13.67179972153 43.178840808209
13.784033515411 42.867855437991
13.59296943603 42.972747986679
13.739324105337 42.917522592918
13.810154329452 43.078907214163
13.826394029833 42.880282413645
13.740227418386 43.156768283435
13.629381573142 43.00701544576
13.656395079895 42.99982471673
13.705354519538 42.892317046382
13.607916361956 43.048897649671
13.650737083841 43.016430249466
13.77639025488 43.128160403656
13.645323914332 43.115661786013
13.733339910292 42.99215050835
13.712027910518 43.065220885496
13.741729713411 43.177304634928
13.696028725124 43.175871295026
13.660206033711 43.112577455657
13.795556258336 43.058918234475
13.709883409904 43.142379741272
13.703919888357 43.20318058331
13.799134081157 43.138164692644
13.82704985648 43.129409989423
13.585999364793 42.947998253625
13.770997879941 42.868317658973
13.55222571995 43.026176887132
13.55989535088 43.145297383978
13.741589424101 43.105308702286
13.774206358855 43.010161682989
13.56291422509 43.011531239402
13.75503108874 43.119478605764
13.747953866978 42.889973149139
13.74159794384 42.902835953956
13.83227845881 43.166551767481
13.72076140892 42.865532090846
13.769970346622 43.165573543501
13.558350582422 42.976080547562
13.770883260209 43.039581988046
13.697077181536 43.168432554795
13.830892824044 42.994469299465
13.757733197325 42.997512011809
13.740641184517 42.897237491767
13.614263966521 43.080250694009
13.698049263909 42.994397859107
13.812115458239 43.010238663319
13.778596232563 43.124533756715
13.583681808146 43.1057189713
13.685907036872 42.901060042412
13.596834484787 43.029048264527
13.7542731761 42.931331335556
13.753192566241 43.046364129098
13.580521421333 43.067352317792
13.830083938723 43.093995534414
13.674828744829 43.123294299081
13.792459956295 43.042605467182
13.594045698009 43.09068896069
13.790574505383 43.013041418539
13.813297903565 43.156314017345
13.782301077539 43.150538449267
13.711194257604 42.899395160351
13.593022534921 43.137386977758
13.729042086179 43.024925323236
13.63337157512 43.07520220574
13.605816765526 43.112466125357
13.633364710807 43.037852554621
13.597360714638 43.169386114094
13.777354652445 43.187259057645
13.654728556378 43.052729769655
13.831441157906 42.995597681515
13.671631267628 43.2014097661
13.668934191444 43.176889532815
13.707433449455 43.149580612869
13.61022750505 42.999214599395
13.61190316717 42.944477031934
13.589809036718 43.128923651031
13.809849139235 42.859341024842
13.706132028136 43.039337392936
13.772120556709 43.034276167433
13.794303025976 42.97595461878
13.686909712261 43.034521268252
13.663246426596 43.112585459909
13.623663211553 43.138146134644
13.561906688664 42.889745408173
13.778197975747 43.057897224605
13.598918618469 43.005013571144
13.704935523565 42.953660881146
13.640034108742 43.039582575245
13.753390668332 43.13708564927
13.682753316 43.181101926708
13.734087787 43.075558637325
13.592323330994 43.013135957093
13.625999092903 43.064394175592
13.71840135323 43.082220771409
13.759325467425 42.98471952464
13.58082173887 43.120252287092
13.700766316962 43.053128799469
13.549064660256 43.079664907942
13.798588250691 43.167617120879
13.737083844273 43.079361480253
13.655627601175 43.024805871802
13.683658371088 42.987386830632
13.559774977437 43.093002097745
13.669533969702 42.956746634562
13.689193255144 42.885404585828
13.690838712145 42.90551369635
13.709395413173 43.111572663373
13.718339645194 43.190390928292
13.603196310647 43.122517742295
13.55906220088 43.0838294109
13.70375812042 43.09090565617
13.644615342696 42.923480303943
13.741473420424 43.115321884006
13.614866883336 43.141007100319
13.701487723154 43.023373580104
13.596116347071 43.049995207738
13.619208337583 43.096935600108
13.792708136066 43.174750149352
13.731071359839 43.096732177372
14.107163783026 42.900568177062
13.662295571858 42.961853938646
13.801856891181 43.230390900409
13.700593197134 42.99637861319
13.6473494478 43.129874691449
13.550248528642 43.106219234481
13.756001846307 43.05016816505
13.683238711082 43.196124966834
13.752020619715 43.015890514041
13.790379696915 43.018729509816
13.718571155688 42.998744452393
13.722212935224 43.138287035834
13.680191587994 43.053262712014
13.740301017084 43.006723310823
13.764631506898 42.914613506272
13.612845629294 42.885171733298
13.635398674608 42.91992911136
13.70684149617 42.963823201605
13.591000841761 42.91450590685
13.645379399271 43.153198111895
13.749335172025 43.093242303533
13.713821987509 42.97858535872
13.751472961529 43.045709445184
13.725772000277 43.099256671101
13.686862490481 43.18386300757
13.669498467219 43.19902499078
13.815500026504 43.060211933733
13.570830266278 43.154870994482
13.792952954228 42.888970190628
13.626819250952 43.096620220291
13.566190929437 43.167974641646
13.790867040323 43.001005174614
13.646413574783 43.130533871323
13.559529725278 42.97020666302
13.688410262919 43.052350083411
13.759075720238 42.960659848529
13.765173418359 42.968239928602
13.565123350644 43.031477188727
13.603390346583 43.162080104094
13.70149490598 43.060149807532
13.804668697459 42.934325311323
13.624090188029 43.173545961836
13.770697264381 43.049872355114
13.684777533975 43.042712378822
13.643945856806 42.982569449128
13.71388315631 43.169631612121
13.587303639218 43.126204387365
13.709696458538 43.154390379414
13.824602476726 43.231379992457
13.606412571227 42.955030650366
13.621122022935 43.101984446005
13.643230395246 42.960686763751
13.798767635526 42.920690637066
13.81513518787 43.141014361841
13.718860063592 42.902594753982
13.636285431069 43.121730473436
13.738864284839 42.970492239117
13.571955387302 43.085434910902
13.635857805927 42.909135878996
13.583201316012 42.921050349235
13.737780689626 42.871601376644
13.548118337334 43.113757130298
13.551081446743 42.975122244107
13.815092246914 43.11013463333
13.556542401482 43.158283116391
13.674373760223 43.059370663066
13.608729532293 42.953352928161
13.725125289881 42.865880680695
13.734871971318 42.970794477973
13.630089138949 42.990481423696
13.560371049496 42.976022765516
13.571673481081 42.923365313079
13.744095939579 43.168805373467
13.810030468672 43.082597849019
13.767769870261 42.966313600545
13.740572470606 43.079423963616
13.664899729057 42.960675502664
13.722210681889 43.098484107826
13.829178756044 43.013086534132
13.673518467564 43.105017996929
13.615395989111 43.018857428368
13.815316842338 42.983569066519
13.743559392536 42.894994973177
13.557928835788 43.138867677275
13.632657721023 43.038729668634
13.759629735167 42.992496170587
13.812408893303 43.227576062676
13.592374377715 42.97971512099
13.683828085535 43.035647905004
13.826316604331 43.165871824702
13.65187567598 43.036776952484
14.063172705894 43.116389688813
13.581771122118 42.928603718976
13.772940296595 43.020471414582
13.697139120541 42.878560032194
13.623862802363 42.995193333849
13.555854866561 42.916532937419
13.782774189407 42.95375705976
13.811388119523 42.957107066644
14.227522986044 43.306292145844
13.743307833927 42.920980060457
13.779200831346 43.112086644935
13.665090060192 43.164802424242
13.67875866905 42.954610928893
13.830898933521 43.1881486579
13.723937251032 42.870226328687
13.73427400588 43.20229360659
13.769033692225 43.155943549332
13.82163139473 42.954543514643
13.767826833209 42.96610132
13.691258419182 43.097275683257
13.634630110897 42.923471782808
13.733507372801 43.06200964847
13.678235275542 43.145424068063
13.657173206425 42.973217967906
13.718801845686 43.077580977288
13.712018444555 43.012087196604
13.702909022452 43.075692967568
13.570544590063 42.958652914503
13.677395677996 43.031236247661
13.770272291179 43.063497573654
13.752232645544 43.09031679767
13.780981224415 42.915583616104
13.695558294067 43.201159701797
13.804300567996 43.041520115494
13.574698405163 43.030169460026
13.748371076674 42.983891965369
13.691614390228 42.930098558299
13.554053492192 42.931510748796
13.716086539794 43.144359560772
13.59196106281 43.071766895762
13.588332148564 43.061109473513
13.780698320747 42.913204476684
13.707677508124 43.148793715608
13.761305045712 43.151841841264
13.785557024102 42.949615634975
13.657337544813 43.063321405607
13.736652521781 43.025470078956
13.634749330897 42.945679891385
13.75344738448 42.956031138544
13.821629761656 43.176781814183
13.607492061636 42.970668193892
13.789479412527 42.896838281742
13.758614015208 43.183688918235
13.6551399644 43.148321518299
13.72464808811 42.967686017981
13.733850485542 43.072952331099
13.613790825316 42.987611214646
13.704716506763 42.941528179211
13.762178085655 43.144419180318
13.559872945121 43.021892200255
13.762533051804 43.142793880397
13.794319537859 43.048567147038
13.583446758626 43.081514599326
13.651862249569 42.91182596607
13.718379051314 43.189622790196
13.790630297193 42.871662706098
13.664975984353 42.908186988883
13.775318449279 42.879389510455
13.654861034686 43.144635949372
13.797954745052 42.983567774309
13.580110398878 42.918434845732
13.758919094132 43.178309271682
13.615230540121 43.114963954855
13.688989535782 42.901287173827
13.705301659997 42.91438165212
13.681155313145 42.891349704907
13.581797546533 43.015534273377
13.740038167585 43.10274319963
13.789797416346 42.973452863292
13.667866798915 42.893857913995
13.741942879645 43.042075487826
13.711786157338 43.064781144313
13.57849844807 42.914027302041
13.654140344681 42.985967300847
13.752786600868 43.169044052816
13.647773197709 43.016112607467
13.553398819919 43.086737679845
13.668711020944 42.93246873048
13.737609531164 43.021846423422
13.666277021501 43.133156925989
13.64611038039 42.965854094369
13.606131699239 42.916830096376
13.749933500213 43.138867886823
13.572336501264 43.013343401746
13.687153273603 43.174980593948
13.719228523208 42.973168140751
13.77561780057 43.129935465369
13.821016525787 43.23401819881
13.75974607086 42.908785838147
13.66197918109 43.11625348039
13.684586689216 42.930153419718
13.708744623118 42.900161241621
13.587560960852 43.066452207096
13.822043546879 43.08973127051
13.713631603754 43.12835433901
13.757056367957 42.958710647656
13.794485461358 43.141664832917
13.783014674591 42.889228135317
13.742562491814 42.90610826898
13.692624900368 43.087466430912
13.585585845928 43.075504940059
13.667695126828 43.135670923246
13.56333388044 42.931456457347
13.580407757603 42.924030040376
13.78978319179 43.101400777766
13.593096149917 43.037020265629
13.779908513569 42.878968769183
13.626176747806 43.115903757588
13.756998282765 42.966791277757
13.58927617205 42.960981529209
13.592622007075 42.9198682634
13.62683138888 42.922721299328
13.640457496832 43.022963108527
13.7391559611 42.883978499998
13.66984084049 43.041708312038
13.622308637326 43.155758831744
13.798069162221 42.909159350653
13.597082110887 43.15926575484
13.561444322861 43.070104431415
13.696723305034 43.062832984192
13.557314466034 43.025630796827
13.702216459321 43.164632597105
13.793183599523 43.002974915341
13.582252138121 43.138644999444
13.565239613229 43.067781516403
13.731123527408 42.994041997958
13.83160770539 42.847805911625
13.566970334673 43.010410843909
13.647954699906 43.16595899277
13.830961266475 43.213356374418
13.598911966963 42.987748635482
13.746903527431 43.128872306633
13.70757372107 43.110497291272
13.729516579199 42.86659309357
13.777362985919 43.131320475217
13.751110918259 42.989900378527
13.76378014768 43.178325591713
13.804119471856 43.072229248526
13.569693717926 42.964178156112
13.825978107225 43.023812511037
13.725898234998 43.102988091832
13.76633880558 43.033914195876
13.690241065219 43.136439401275
13.700306369805 43.205741678481
13.66444104291 42.871252078524
13.73801834359 43.034391773902
13.691033234697 42.999755549731
13.707966531978 43.148926498924
13.578736879222 42.902903892076
13.67923787689 43.024632624849
13.655083506228 43.001426209252
13.612844630451 42.983461197945
13.779908657924 42.89040479061
13.72826786515 43.041576948523
13.786825147845 42.880039022269
13.552993919048 42.996974845436
13.811079253841 43.191526305972
13.828235951659 43.029148362612
13.599637010435 43.159047491478
13.759863116222 43.016780333622
13.799910113609 43.071468303966
13.797393402477 43.216385538812
13.622587339332 43.151082418485
13.629139516351 42.995426394996
13.810305497542 42.967575187335
13.631059740054 43.044259682339
13.732020421316 43.095721380851
13.792712890002 43.122331900134
13.721892667826 42.9049289054
13.690441101201 42.893269943976
13.763742774636 43.204673308995
13.797001943384 42.92698462213
13.628200322703 43.045923417476
13.771220237862 43.064493760052
13.800625808931 43.034450611137
13.775228504008 42.889272882573
13.688926029827 42.986378367074
13.659905966234 43.050455368634
13.589578748976 42.986422066126
13.640317793789 43.05225088871
13.770692628257 42.9471077444
13.621814709467 43.103465931559
13.828298750275 43.188020664376
13.743153044855 42.880936272408
13.565009091334 43.044197906782
13.665257111988 43.182769400174
13.631938724628 42.98519911665
13.659432528869 42.940805213054
13.825504763457 43.028028937091
13.568624668109 43.172434278399
13.818410536676 43.051360156432
13.634848243408 43.06877543736
13.681397237222 43.069844348875
13.620172882762 42.97740592762
13.68026386794 42.940679633983
13.822110084755 42.931930191804
13.771238034506 42.938886879005
13.828292964899 43.239371857273
13.787813644778 43.167680956522
13.821149205261 43.167667479353
13.708468052444 42.915620461554
13.634734394811 43.133388319602
13.652827682764 43.156194657647
13.616458855877 43.049802943177
13.705361639499 43.166048554802
13.764159663026 43.176363561406
13.573338841842 43.097699790794
13.558944299633 43.024159407741
13.682875519026 42.981565368374
13.606288804045 43.072587866857
13.581670079206 43.168992695498
13.742120385537 43.210812402543
13.789445798767 43.15326019572
13.796814414133 43.206117509981
13.81679567176 42.964479638268
13.581893626892 42.991681811883
13.769026135939 43.037968324536
13.784075257755 43.216682524077
13.670382180584 42.98232828827
13.640336342009 42.96037864825
13.821728558218 43.203594878432
13.806082291459 42.985896806713
13.586846618742 42.913899184651
13.601844943895 43.116812102572
13.634094832781 43.088897377315
13.826373052723 42.882960177459
13.589861679187 43.155420086906
13.665619828138 43.146723792512
13.630619026104 42.87862092579
13.796094468255 43.08704486868
13.807647656115 43.077098248583
13.603390449494 43.018619977433
13.709573258532 43.200751060734
13.679942312522 43.095605260758
13.791278838569 42.914607845694
13.815663807029 42.964185198308
13.628543974214 43.070516025236
13.790200263185 43.116621212178
13.715592583996 42.864046785473
13.698934669022 43.134304594798
13.764491130975 43.035755960774
13.71084861446 43.004119121492
13.756168885995 43.202659861766
13.737858782887 42.935686980831
13.554582587257 43.005286791385
13.807514884441 43.090983380161
13.788839287513 43.107746855893
13.622828702753 43.020644901817
13.78806709211 43.155839427002
13.804016159311 43.223137036556
13.765634401148 43.000897087178
13.769035584207 42.980022759189
13.760925015344 43.183970840289
13.698817153342 43.021308868223
13.754819460586 42.857201877936
13.705527078244 42.95300140744
13.744689616742 43.123389079314
13.631995227503 43.096926225881
13.745931662522 43.194328363631
13.804484223877 43.184565207562
13.712093814163 43.031368641684
13.798784726227 43.100448244785
13.586779550943 43.113589965347
13.573636336075 43.059191379745
13.624618877037 43.06676648609
13.598812835591 42.911830734442
13.705545420642 43.148049420301
13.812160875582 43.217946656171
13.802597447228 42.885458084722
13.695011734841 42.866427054122
13.811039857034 42.934967735773
13.607076479891 43.096040767683
13.763146070209 43.19413613446
13.765034681098 43.112748058586
13.745808653436 42.965491524902
13.558753284907 43.107812875022
13.742360418563 42.939495165825
13.609986080627 43.115142055396
13.827510263246 43.17772405605
13.734054135056 42.987020055313
13.682815668512 43.065923555806
13.759202651588 42.916353488789
13.731766853378 43.139943782792
13.68899473163 42.938716616008
13.73226824113 43.073543338626
13.628417231922 43.091090206586
13.600478711373 43.055998243439
13.674364867024 43.180644414027
13.730405766412 42.906123590633
13.800431169963 43.156792611443
13.717497658805 43.080503785576
13.600355237557 43.067764148634
13.787774914798 42.886530072396
13.806035523699 43.090561516646
13.736538450132 42.953057624864
13.676631629803 43.169924402244
13.818652847718 43.237930070741
13.75529142879 43.060140267064
13.566914880933 43.010830045238
13.758967771569 43.008803025844
13.613908043438 43.022195271248
13.649190834115 43.075026367381
13.769571655344 43.003227953356
13.782884023538 43.109821788107
13.66152256993 42.894439448109
13.579828157381 43.020126746532
13.822809556438 43.158038348985
13.751241705751 43.099470449213
13.61866262912 43.155408149679
13.665840561367 42.933544155666
13.77956330023 43.208065142507
13.671387980094 43.095545216529
13.752660431805 43.051159338605
13.728220752335 42.980196200789
13.813839362869 43.0031521274
13.795027669445 42.899435596049
13.593611657917 42.924731039894
13.57469108683 43.037496838291
13.832627934347 43.171887342919
13.766894765576 43.223067490509
13.687621771234 43.170716829233
13.599702854475 43.172086180755
13.589453329628 43.153737334161
13.60969779345 43.16046664594
14.193423456672 43.272260480268
13.63205353761 42.974405590454
13.763124887742 43.17086781618
13.554525145143 42.944958213712
13.81226961634 42.98416693836
13.577841196499 43.035886095409
13.7859301082 42.944612017828
13.612247513448 43.172497200881
13.607248217171 43.052940800366
13.818721633341 42.87432794502
13.588511021172 42.967151945928
13.600332639481 43.158155491205
13.75486213658 42.909026457441
13.779909647454 43.049442034259
13.790506597066 42.936467622864
13.743454096275 42.856491628057
13.808534009314 43.221146079836
13.568037045939 43.016891174513
13.679070121015 43.060564796024
13.638950298859 43.172072338973
13.597537990493 42.894092723699
13.606356608519 42.918354460021
13.590236647816 42.980357046251
13.734919054331 43.055620692252
13.718021748477 43.154519201349
13.737486159793 43.203018537372
13.712250535263 42.988986793921
13.558825604899 43.088724951322
13.686012940356 42.961862006694
13.645213725832 43.050878308292
13.71286390338 43.077711151504
13.726072030501 43.190685591305
13.670145724302 43.127323204266
13.586199243847 43.140783831098
13.792523125577 43.159874778802
13.580593741325 43.048264394092
13.64825196969 42.929024251632
13.636224279963 43.041763474274
13.784020828469 42.911163812949
13.690235756214 43.125529464879
13.801384324602 43.060693519239
13.556975079981 43.145405789926
13.69168149202 42.891165292326
13.803883602307 43.005641541933
13.567016383452 42.971368014354
13.717568950151 43.183150793066
13.620703819052 42.977691740274
13.779139190365 43.167504502094
13.564880973944 42.959060567899
13.602852253079 42.9173696162
13.774490271611 43.031191978639
13.827801053819 43.162980275791
13.5867278658 43.086756655076
13.76615982913 42.897064520951
13.793117856532 43.097941441062
13.800857621173 43.105418786477
13.556562603266 43.078053818142
13.782587774018 42.856615635521
13.573519449969 42.950910172423
13.791989098227 42.966323449282
13.700719267943 43.129060099914
13.650216451704 42.909874379148
13.669303895773 42.955748355948
13.66913530776 43.083821913287
13.752615502476 42.959531831092
13.734828293687 42.894457375603
13.621475424928 43.018379804242
13.718922452891 43.070975885315
13.595878785309 42.939670398359
13.560838416035 42.924087723237
13.658593270324 43.059925210711
13.715285794698 43.027476410415
13.551129672954 42.973095015165
13.823002369082 43.097463845342
13.773368922443 42.883311202716
13.742027349205 43.027430257794
13.678752816619 43.058714421514
13.593729361258 42.952593594323
13.578036309976 43.102748307468
13.805631161598 43.014448607368
13.682345219761 42.980132708338
13.601944266188 42.917532483564
13.579291943286 43.046886524694
13.607775514318 43.103637879318
13.709419481808 42.989294081011
13.799852910845 43.197843323109
13.737609121847 43.031355252991
13.812522430051 43.042481917607
13.66994735725 43.057546535089
13.729864537611 43.190449450275
13.822048716185 42.960541831332
13.738799473636 43.019921599918
13.713224854208 43.117943101173
13.745657223645 42.907704054822
13.722447438523 43.154702849314
13.559338609504 42.945854915302
13.723861706801 43.17582066414
13.651989147857 43.081029420777
13.778438322164 43.227536253758
13.715415632706 43.071504391784
13.771995398131 42.996443603207
13.633903361242 43.094425886469
13.750001344734 43.078129634319
13.578821381379 42.987615183011
13.824171242243 43.045751197772
13.60778580357 43.009090554926
13.631177785656 43.115365706925
13.575404735571 43.048023293304
13.653288382896 43.098717412978
13.794489890728 43.157082367783
13.780867465225 42.909860098714
13.828931223542 42.996735625454
13.694890688518 42.905986442208
13.671876186839 43.023635022374
13.810026819285 43.016068494442
13.780675730121 42.997734452618
13.783614800698 42.957932682244
13.813994639953 43.159276400788
13.73893266068 42.92926527838
13.775041978257 42.94145295163
13.759792411143 43.015417038957
13.809361590005 43.163985613365
13.562038073133 42.904673477146
13.778555493254 42.86162018725
13.658120190121 42.981795792015
13.723738105394 42.912962472978
13.741287341242 43.128686290315
13.678283665666 43.014446773128
13.631954776438 43.169751034684
13.658666035488 42.940620630507
13.585836085785 43.086981747361
13.606246552268 42.999531724511
13.810326255791 43.012075068456
13.662584464861 42.877426973508
13.656880779984 43.087398060194
13.771515152797 42.992617211322
13.814063983438 42.981804448192
13.817637330789 43.019400577557
13.81507325259 42.927956201124
13.594805453736 42.953880659304
13.786400841005 43.181938262296
13.651153167103 42.934014433985
13.646034075735 43.182174162114
13.652530929864 43.111497088408
13.707456307836 43.166907773452
13.55637502838 43.018087576639
13.593613823242 43.09627136129
13.802273973286 43.049685620281
13.729885467223 43.100137898766
13.595888956748 43.000305933899
13.778604286175 43.101262758554
13.617837817251 42.909338240025
13.782638445416 42.993461143709
13.63849258315 43.069205910486
13.688890435143 43.176191135413
13.689285775057 43.037552705539
13.803413507458 43.141435779252
13.74683101093 43.177553775358
13.722959365588 42.984532963033
13.780137911358 43.16188607002
13.625682130768 43.105787271238
13.793660937733 43.231333301531
13.705353450845 42.920556823241
13.611662366268 43.13238136758
13.783676291271 42.95834116405
13.742418654164 42.875588196759
13.773254816336 42.963007569317
13.724513762523 43.016532428591
13.553100191801 42.954772825818
13.581178863359 42.98316233979
13.612066975635 43.076470171624
13.75850752406 42.960202247373
13.809246180511 42.956554805861
13.638136530613 42.987991733026
13.642230609752 43.178747953951
13.791627172305 43.068197858107
13.741762569541 42.954410440754
13.815791984024 43.002431604102
13.570961664252 43.096675336427
13.738860029627 42.943065259134
13.563874084786 42.953068510163
13.572273647234 43.085565014338
13.814662371231 42.980539098394
13.831268278824 43.186952085808
13.827805575856 42.91799706312
13.724581140918 43.134995926255
13.780821392232 43.217952369835
13.812574598406 43.054985058075
13.651325632211 42.880832213408
13.757554479317 43.219846181695
13.724812913113 43.112468947264
13.568816949434 43.092348482989
13.557259643265 43.092165511165
13.771931555968 42.971028965905
13.827334643282 42.900328711581
13.608274340468 43.114948551711
13.551781399453 43.010305917848
13.554950466659 42.907314104937
13.569353286929 43.156009819918
13.630681372097 43.143571250694
13.661694287652 42.991725568211
13.584218395701 43.160158190506
13.822990258163 43.12511531225
13.560954580366 42.975188823426
13.565302764815 43.073971573785
13.603628938854 42.899204640623
13.749264574048 43.132621863474
13.764027308118 43.174878496779
13.706626042608 42.898491905976
13.755887006782 42.894342809887
13.713440855853 42.939597613637
13.806626277907 42.907132620901
13.752671634684 43.112861930466
13.657274265169 43.095373587283
13.551556116714 42.927582556835
13.688165986786 43.161715619362
13.622124921841 43.059604672764
13.729626341618 43.20407347579
13.661684684785 42.921294491257
