42.717210227047 13.354485003464
43.468508335535 12.086109754691
42.764254467939 13.694645841019
42.382684258012 13.754679887928
45.962323490513 2.3988736799913
51.123712317377 0.71450984087052
42.520446269571 13.236912752167
42.472497483025 13.655606650608
50.0316393627 9.1430835356671
42.284361832463 13.393937026821
43.112405400331 12.377583832211
41.840185282699 12.888605923361
52.263709580416 -1.0216173246184
42.401726977642 11.881063794217
43.453156871953 13.082632085368
42.859102263071 12.147630023394
41.860829705794 13.334155786028
43.083717620526 12.121261752754
52.688425835775 4.8713080231665
51.765953636852 -0.92224445940565
44.348805758172 9.7325866935018
51.625454959518 -1.0581382835135
50.550790059404 -0.45316300427688
41.898728075877 13.808423599626
53.278892864052 -6.4735149742159
50.917446038182 8.079421014562
26.302494457581 -80.848121768068
43.825265855934 12.987672841192
42.132213236381 12.709413182807
42.113772274535 12.420064329386
43.379258749739 12.057187774732
25.048190357169 -80.536703142397
39.282604830932 -82.364402501259
43.490575315215 12.50651866037
43.336005703724 13.666336506936
43.126628490245 12.512593819554
43.582797416778 12.404011696786
40.139844240877 -111.65722535521
43.654491668427 12.848991101558
34.143713576043 -116.98186438893
43.376169036339 12.619136590354
42.007855222119 12.665745688002
43.741238705714 11.859889695842
41.955212608446 12.260205089722
34.230272762925 -118.48035929671
42.046297053849 12.655575060146
50.354124878698 9.7126631423424
42.571716292117 12.851845349137
50.077332829627 8.3047325151529
40.334651826866 -104.55275734109
42.597300568895 12.767963472201
50.853787255871 9.3048095695231
37.990854413162 -122.75718268011
43.766450942013 11.425380441933
42.815544542792 13.029345416964
42.657100244287 11.964407812808
42.619194748189 12.515903671533
43.748606501051 13.629024871939
43.666510493826 13.546195283342
43.568502345874 12.117217303795
41.970952065669 13.308077982791
50.591305103661 -0.021659491179348
49.328383932907 1.4261521361634
42.116248997935 13.187369485028
43.779972711031 13.603256648243
41.901754944095 13.454824797576
41.87827183163 12.170830586094
43.427207940012 12.595231556166
50.668334125387 9.5161928285454
41.255196116256 -74.202281917802
50.23892323032 9.0235544904245
48.097993745354 -121.68838066174
43.349151037351 12.61057046552
46.383438356166 -74.217566941172
43.049911390569 13.32040172972
45.599428792039 13.567517831562
42.382534723462 13.563821785901
46.772078623677 13.312400415473
41.57884620972 -88.279375279075
42.267094508424 12.615340935374
52.494810268746 -0.50182138784407
43.285370904641 12.479315582441
43.649848300822 13.428405383357
42.19005184259 13.266368233744
43.022741456082 13.310990290416
43.563568081059 12.799442693519
43.18479989992 12.079967196623
43.01426733707 13.433151730559
41.880579070619 13.587664755822
42.595773819201 12.898487882662
43.220136485652 13.440052056445
43.058960971005 11.858999114439
50.187157537875 9.886446369759
43.587801435326 12.018811401475
42.698343630761 12.828278399014
43.214671152765 13.171960911349
50.957628102022 8.5680759761334
25.863851659385 -81.093519684246
42.388899645039 11.909969311187
42.231340520678 12.02399052124
43.209451594509 12.512761635034
45.542255552738 15.718674652147
43.859063154277 7.4111084138793
50.598311439901 8.9655281593863
43.594154901635 13.625391373723
42.972638166518 12.550972883867
50.034662692358 9.3451368335379
43.431359671278 12.272149418163
50.706822129761 9.8969801207525
50.535546445071 9.5773671602725
51.568407949092 0.32335800594341
45.873261825123 2.5063197964366
43.829193594576 8.6028220055405
43.835203253843 8.6049610928423
42.854478787118 12.668519629964
51.443626542549 0.30034732361806
42.437805015819 12.968181479263
42.31630698748 13.776151555507
50.588095927186 -0.1621485130266
44.127830102843 11.719684652807
46.317568947034 10.58802801554
51.65863580753 8.267557000866
39.892101836325 -75.014621058533
43.708935256467 12.937056048299
43.394361617248 12.796756572948
43.48919182901 12.11662104128
42.862511550499 12.834165684357
59.773126224882 100.11815063475
46.311039387859 1.4657336103105
46.957792160547 1.9591699405383
51.097790139773 8.9179246108597
40.368882210783 -74.179924774665
42.756172022224 13.560423726032
46.398813964053 2.8006714302118
41.888786379217 13.047836374069
34.26818463517 -118.1607283172
50.273806909227 9.1382611622746
46.010053277952 1.8073301482048
42.31148591468 13.515910680667
42.565729737101 13.470809750499
43.610868877571 13.139836158224
43.297423431809 13.800367672856
51.518657381189 0.26715290693434
50.722649541089 8.0587612879736
42.409645865417 12.677209849806
42.822575546739 13.43845654674
43.057774608071 12.024162518358
43.435230904017 11.840359926636
43.481096460263 13.247504524557
42.019173136942 13.193136495183
42.701005205859 11.91705262473
42.397879246363 13.636695899852
51.151777476143 9.3660821785992
47.554282623601 8.1181441806807
50.174506986595 8.4906608781268
41.984941573828 12.158988171818
42.605581561872 12.321236476007
52.09056395506 5.006130781144
42.246272269306 12.435723813009
42.149165276063 13.327007296668
43.831693402434 11.880759839865
42.216945885803 11.95322644757
42.654066504305 13.158930617945
42.197354987377 12.042191689409
51.176867503755 9.1632581484333
42.80834748496 11.934189436016
42.393466402981 11.996725291965
34.865699166083 -118.98162993165
53.258785255607 5.7349823610787
42.868254952294 -88.246247884482
45.271064326852 11.539271208152
43.172433639047 12.699358452458
43.036534879395 12.995785027296
43.502655817917 13.168862871925
46.613727708545 -122.98642139936
51.502647032264 9.5978816205626
42.19236162735 12.42542420303
51.810152209043 0.3472204530785
51.906524679114 9.4574725536897
42.392646948079 13.397164255121
42.258059226118 13.670673284547
43.659798935384 13.404123777733
43.581015079574 12.549641191305
51.093736529627 0.82328484380305
42.212107234289 13.004635082115
43.823281482732 11.993160540722
42.672229075207 13.42084527503
42.843165767327 12.751008485815
43.404698944394 12.929440516967
42.30450845526 13.102692120777
39.040219999111 -77.369948023596
43.357462409606 12.663536789691
42.936269001561 13.18850316351
50.941976614735 8.7994683267546
32.597524773769 -97.626464864689
42.44630775903 12.204094241024
43.111309165208 12.666927702591
42.45249002776 12.103112910012
51.060978930006 8.5627282609058
43.482426036395 12.070264217032
42.186892618999 13.737028756077
43.57417387451 13.0131392116
43.142210850579 12.397098235061
50.347875091875 9.8017358415768
42.141421654814 11.99922354894
51.882343237699 8.2274609618948
51.109311810978 -0.60524461172299
41.910873380003 12.665555935684
46.969993091174 8.0422321870188
42.515548340306 13.025529330629
50.87451576296 8.8965077911953
42.38328675806 13.403650758997
41.954372461419 13.146838387098
33.291937473992 -96.221948265359
42.374654740291 11.89421815562
43.761305547229 12.860250429672
42.39449064035 12.702493194839
41.962336971894 12.59916320706
43.585300957612 13.582973653743
43.554774641339 11.873971395623
42.178443750936 12.819832535398
43.442665752716 12.102703895489
42.809175598833 12.606649505278
43.015711209299 12.066055059019
43.781767064159 12.949971389023
43.498791487675 12.144892973448
42.224615233145 12.75331119066
41.951199612113 13.544717766619
42.852795329363 12.849460771724
43.226214906793 12.701200870213
42.182892468864 13.142390106892
47.065500746512 7.3194437652451
51.523423545539 5.6086231306468
42.091303319967 -82.583694363026
51.547321285842 8.4988739548711
41.927644781756 13.115027676411
42.755353793875 11.849420695982
42.229715651961 12.82833730796
43.116021778975 11.919556154853
42.459027505249 12.981983873074
42.799911111987 13.288680026929
47.496337165822 7.4966173099804
37.061240764746 -122.16754550371
50.225892293372 9.1825233270333
42.96631580452 13.336121151867
42.909386325141 12.193682943116
51.092131589815 0.59621889399655
43.040512942283 13.300779171449
42.795924521909 12.352949351258
42.188798959942 13.604567888961
42.093367707514 12.270295491123
51.354878999691 0.56743233998187
43.377418143406 12.789323199929
42.881292224827 12.175114742583
42.123091328036 12.378346265957
43.347584078737 13.031247593498
42.599815115633 13.682628413536
42.505492664664 13.506270331587
43.818049035903 12.95241668634
38.694542674035 -104.86167377122
43.477249628642 13.527351523085
51.669641023348 8.1891819304736
43.05005306103 11.947222534098
53.313989987976 5.2129969426724
42.179405652557 13.447009346677
51.983775433844 6.6148752108518
38.50439943321 -78.377431053803
42.817388841353 13.334087804602
43.634436138291 12.686737238305
54.120731897431 -113.94753602983
43.418450065173 13.195409176052
52.77421410022 5.9890515954416
43.779500631068 11.968358283403
43.599503173793 13.13507236083
53.140242570525 -6.6613481577484
42.773724871603 12.605213963729
51.038538928162 9.3286484681669
43.431978138386 13.044697351796
46.469857330653 7.4706302957938
42.824602781734 13.72851352709
42.203201841213 12.535486412039
51.719136967659 8.9955335147658
43.361983960218 13.138270676221
59.296660110493 99.579755277643
42.244532779925 12.926929688068
42.109825792329 13.790275733376
42.419770215389 11.956332840492
42.952870345674 12.666159180324
43.256190105016 13.547334343471
42.866475721899 12.679092923773
43.162080104094 13.603390346583
34.359899925086 -117.53716005154
43.235750218518 12.147189577665
39.143836707584 -77.078808957241
38.461433087399 -77.60895163497
38.214024839265 -78.105167195209
38.277864584537 -76.811602645425
54.048665332819 -114.16415239692
43.669364068059 12.028512241353
43.473613757416 12.769087827212
42.128568792331 13.19770588318
41.97887048592 12.090728777058
42.168439725513 13.419123201847
50.890135826492 8.2320959634297
42.491049867373 13.267386476655
42.252706663822 12.628603565355
43.179145186313 12.952406137715
42.497232417829 13.788005981051
50.240054931603 9.4216522720743
51.245458656803 -0.43023915008652
42.17884123848 12.212715965816
42.784741274933 13.787650826309
43.138205384921 12.306311240118
45.620085722124 2.241609379296
51.830086280745 5.0950674108905
44.452253394251 -78.772770252767
42.031963866706 12.048258782408
43.348430955034 13.624267527214
46.218338082181 2.1301236921596
42.025598738841 11.969827537897
51.737053855666 9.4055274936396
42.091099854156 12.83828801796
50.73027881688 8.637562947179
42.740858283982 12.216967472025
42.272138472794 12.706621515915
45.373929203196 1.7812734850595
51.810294051101 8.152128879983
42.701205421587 11.904442660487
43.097699790794 13.573338841842
51.81648918093 8.3109394848863
40.776718563765 -112.14440716028
41.886187447203 13.015660640346
45.024486643274 2.3441128429696
43.631511572132 13.426016708124
42.23556593353 13.095309447563
42.172606207532 13.373526052767
43.697087568111 12.448076485886
42.852694109035 12.054610120179
52.702231088747 5.899456702708
42.305406386662 11.960019829685
51.615686452769 9.0517361858169
40.140425909102 -111.78068659896
42.611962072857 12.916100969986
39.365450612148 -77.76989957722
43.814184143142 12.258987235978
39.943988197453 -82.506662573613
43.254965980677 11.946745166086
34.116825737759 -118.84614241191
43.096570558446 13.384789358559
42.290181821834 12.219421928406
42.368114918782 12.239881591795
41.993882865663 12.796630210635
42.461534795587 12.147271606229
51.817684533921 9.3227618110006
45.542195827021 2.7553818946496
42.279826935998 13.402152675878
42.940315952052 12.130413733039
42.554761578608 13.772004387722
61.340854262161 15.423491571761
42.19407826161 12.115297849365
42.550076199041 12.134763617618
40.604004381231 -111.79181943158
42.755612006085 -82.958658295406
42.989294081011 13.709419481808
51.229767157803 8.8875241069531
43.710545831712 13.580302207091
43.368784045528 12.929246079165
34.159290178929 -83.704748773919
50.392919576444 9.8069613705422
40.226904118305 -73.764130188761
41.896823482561 12.387034434561
41.636692132854 -87.165872568357
46.551431495487 8.0057471785721
42.434331247341 13.58397694753
41.879702463711 13.342306478129
50.054669342961 9.734554305549
42.451964903389 12.465575014013
43.587554568719 12.941706804087
43.742204284662 12.960381388667
42.29267567505 12.027662748505
32.959306874333 -85.345221702543
42.430774087308 13.249948670294
43.504624004732 12.43701960262
42.766955783969 13.776418113067
42.896467671702 12.040410182479
44.305491849713 7.3150911742193
43.711375255956 12.266501888778
45.615528095332 9.070477804111
52.707708377022 5.2312793645455
53.161449804279 5.5853543895461
46.34966196462 8.4780498326188
43.466896238975 12.463309777206
42.983751217382 12.925753652105
43.300772171629 12.751939934584
