42.141742713371 13.571660958518
42.224134825295 12.42649310663
42.043193527073 13.50992123436
42.178910352394 12.182769962693
41.951223109381 13.147928062451
43.003109815087 13.632719734068
43.269656458085 12.983568659531
42.657058097283 12.479202974832
43.449042871825 12.871909823696
41.988804169015 12.970254604246
42.249364042326 12.789309585856
43.279339262435 13.553520842268
43.933547205938 10.974342915313
43.689415934838 11.967163223779
42.00250187565 12.788787304812
43.66722029667 12.385315969787
41.959311112764 13.378648688748
43.027186073862 13.825143047548
42.028567601961 12.318846286444
42.614983304711 13.69588985282
42.679357903416 12.769025558985
44.861995154345 7.1438119425852
42.151902986316 12.941409451415
44.677711387855 10.459557345768
42.322852858979 13.094479269879
42.54066390618 13.301438225129
