46.865610547557 11.108272351375
43.587442256805 12.060939869893
43.210859351445 12.021603444157
42.267636960052 12.773975638588
38.93915228293 -105.70566031824
44.768968816248 8.7178327611986
42.939683443394 12.171124172032
41.206668046329 13.336036163467
43.394666423295 13.033677146807
51.875932974217 9.9993786527772
40.697612824861 -74.245429053683
42.403514810115 13.362468833759
43.454799533123 13.205632460886
42.144834722946 12.269721191057
42.183066355171 12.10198273796
42.501056432978 12.510203581562
43.605632258882 12.694830589341
42.048207284926 12.654718075273
42.344631309803 13.775337350937
42.88694924858 11.981921098673
42.297388345163 12.975493338434
41.842796051357 13.361744845941
51.185157739178 9.4785502178029
43.689705803867 12.140959772368
42.340155429852 13.078897099534
43.368885385065 12.826209264282
41.362792381676 13.059133638772
42.406311546197 13.641459325183
42.166534343367 11.951321717816
50.813395994629 9.8817122722425
42.858045278538 12.116811306291
43.603259012871 11.952866753097
42.512360359336 11.922765577663
50.605498032461 8.4883425768876
44.917539928699 7.0433069707352
42.243998935581 11.925511647002
43.796330674012 12.39714323843
42.53458925317 12.243596356031
42.165465741982 13.15766037265
42.725891025165 13.744756980701
40.736525919657 13.024953786228
43.159999391625 13.830781389436
42.339686088443 13.410179961219
50.088338736486 9.4148148099961
43.758904725688 13.197476003898
43.176008840409 8.4543796240163
43.041994748678 12.735592111377
43.67532629041 12.881470527
51.731038256889 9.643178814856
42.118806479575 12.742381005449
34.108520439916 -84.252993118974
50.16383176258 8.9289290387784
42.120363403189 13.538771538801
51.574339331861 9.7778765227543
46.682497893778 8.513109950122
47.108447074941 7.5028220943654
42.157614444477 13.375395235801
42.127912320743 12.493605830492
37.002005646938 -96.618084702463
42.856070092833 13.476115376466
45.219286539254 8.2697839651582
42.596412706022 13.184693246721
42.816084321058 13.029152443667
52.270298862158 0.26364874687417
42.440288552309 12.286963028988
42.802052475907 12.684359001335
43.017788905214 13.271362306698
51.895669206463 8.8828315305909
53.11740510442 -6.5859654519354
42.006731300173 12.534132189387
41.94359414698 12.464801698695
42.09870867857 12.398996181527
43.322956460234 13.362302398033
42.246144651571 13.082481338702
43.293922920869 12.565663069305
48.313406353751 13.011144885121
43.172085048266 11.966797909705
42.300873653659 13.590232106222
41.985662467792 13.805485087377
43.492282226932 13.472476344797
44.887772212612 8.8211323376843
42.817105489253 12.377653807599
33.392954729394 -117.51452075929
43.572092705228 12.464639913994
42.633560054439 12.517386106361
42.997266285141 13.056156777358
45.321109758374 1.9529878245448
52.428838890944 -0.13030913483365
41.971020234291 13.359733916542
42.907704054822 13.745657223645
40.007823035575 -74.441978100009
45.404921600762 9.444051517336
43.363127981037 11.962703989822
46.540241849395 1.0720320195295
42.119110123796 12.947166691996
47.949837452243 7.1681311210469
29.511605476099 -94.795108599236
