42.634443969782 13.484216246535
42.343959491881 11.956628316549
43.098713839494 12.434297827761
42.525982292169 12.79170746628
43.019265991666 13.634570404738
45.822249312593 11.864726178658
42.866424517665 12.457920280985
41.976442531693 12.115652613417
42.136844079095 13.508488785733
42.461284834662 12.372587600452
42.368847781054 13.028752977529
42.701620356993 11.886710027201
43.62343423705 12.47913630564
41.997388482114 12.990229845529
42.871850312649 12.997792992295
43.403341450006 12.302541076833
43.781391446864 12.305754109449
41.847431657786 12.385125890109
42.895999011091 13.603153221145
43.29391304559 12.087536221432
51.046214930735 9.0668013533888
43.18158754391 13.522807357632
45.968107162888 9.9037127863167
42.96566911927 11.907611517679
50.041762804166 9.4941852122984
51.975435664167 6.1308432213873
42.078728669846 13.206713311491
51.03589503818 -0.78223876230988
50.407599928979 8.4306248582111
43.204010858317 12.823345269947
41.89967293476 13.560173733442
43.678818595933 11.913063601571
41.968037449295 12.37259521867
42.011734229539 12.252446017832
45.124146934191 1.1481422908363
51.508595236814 8.8407720848176
43.371034355562 11.850000917397
26.092344564877 -80.579320875542
42.393347422331 11.908014619701
49.253968115072 3.1264719658226
41.505936431722 -83.996081186664
43.465704839449 13.325410262388
43.603327529341 12.920805056098
43.007084299835 13.201349786132
42.67609546274 13.639741413149
41.731081985066 -82.312475647199
42.052899606106 12.248357920113
46.281783888248 2.9969557533026
33.173449475212 -112.0541659864
43.510966102852 12.691438766539
43.091978050832 12.013637574883
26.053850544625 -79.675776853816
43.738567966867 13.185803209073
43.305407648138 13.295887909523
43.292492983554 12.464746095478
42.925936835339 12.962212064307
26.5715100595 -80.256247979906
50.255899085782 9.024738175806
43.061471322601 12.66692438196
26.155522883925 -80.983736586559
41.845017020074 13.670422743408
44.870977789381 11.246238719109
43.831205219904 13.3041112378
42.203658428159 13.619847967599
43.598743454853 13.338321395397
42.116500785184 12.145119618247
26.251430605638 -79.743520824395
43.076171422899 12.174818577813
34.135143367948 -118.8748843765
43.123102694363 12.582382947499
40.507353132191 -105.41901663745
46.42313095295 2.2942043874851
43.445058772569 13.442567979678
43.100670836468 12.226629382592
43.546730400804 12.944678925439
45.303356117245 1.7543161659289
42.628784593974 13.074777801577
42.184575264915 12.908967460019
46.78143101967 1.1423744811408
46.455203809547 9.9393183008485
43.15337715214 12.583208587313
42.08044729667 11.999955799452
50.963816425281 8.7214160825691
45.955783491934 1.874038095993
48.544610003195 2.3810674440703
43.018497177895 11.893320784875
42.550599294061 12.530620785698
43.75702185873 12.884915433791
43.605091937189 12.199622325713
33.931582421072 -84.183509787072
42.340277096436 12.386375582512
42.947339508679 12.223370636473
43.687623237135 12.697041115603
43.131670495578 12.800787957313
42.6739020635 12.030283500476
42.962029631719 12.059913587805
42.475401216895 13.707788757865
43.054915760225 12.885094284979
43.267318132479 12.790796860045
51.24508351262 0.11697189510194
45.150803907379 2.7129578663562
42.261738169616 13.190044055802
42.230156201066 12.046641489534
43.390969754865 11.967919963418
43.433343497793 12.383279316327
43.513594724964 12.005780280126
45.73847578596 10.011264822637
43.612717788973 12.818176883209
43.53543257135 11.910222912186
42.769082838117 12.040391275699
