42.144954140387 12.740877141611
42.183446058179 12.803661404573
42.190152044052 12.833577799089
42.195995398444 12.819839027647
42.133048513522 12.838931741605
42.13137975483 12.800869187268
42.146738672253 12.842497845128
42.188985106179 12.766691189172
42.141382953239 12.76211318225
42.170530048765 12.838104757892
42.191700338962 12.84334463621
42.124180670906 12.776887829333
42.109486572982 12.806871190598
42.164453300279 12.78688317902
42.158555395996 12.860725678925
42.215639845124 12.787283521068
42.137320006351 12.838268215248
42.123447558921 12.786275788132
42.203734968439 12.781451336493
42.203782059368 12.803352890466
42.116842923761 12.824966563783
42.146619847599 12.800550510569
42.210318398315 12.774964097338
42.155709776655 12.774016695479
42.212638672561 12.820372247074
42.189970817526 12.84150514467
42.229120215529 12.774016522718
42.163966942676 12.801745989754
42.114829695858 12.771690890573
42.191064068811 12.795521286498
42.186645134926 12.804382371646
42.115484018885 12.831624684332
42.147086139858 12.822396610802
42.205043596332 12.771345186427
42.141792214097 12.82489423634
42.21133608057 12.823288308861
42.101258092628 12.769967091649
42.187910505679 12.722984450296
42.126722840672 12.814488596218
42.156598010194 12.764152776361
42.133327599698 12.764849466649
42.142018117098 12.835308386423
42.160825088716 12.844479004335
42.178451846923 12.735817192486
42.198017855288 12.820537910268
42.181005915267 12.826980593555
42.171900370259 12.733789027566
42.220082538792 12.787295670636
42.232160726226 12.790194555109
42.199211743774 12.767895495898
42.151008476129 12.737208085965
42.166192089772 12.781641100918
42.142212080856 12.792338039185
42.183570348764 12.817770273361
42.22603668518 12.770818672057
42.225494620051 12.788548127671
42.192846396583 12.735166035956
42.163741828971 12.751899515184
42.208192137654 12.765145704528
42.194690738916 12.794975733776
42.217952185899 12.823395075681
42.119537630661 12.839232824223
42.236286492919 12.772561047539
42.153140411805 12.798050579542
42.193801606185 12.805370748439
42.222122151063 12.771647535645
42.118702155614 12.805552139343
42.1730960399 12.813186260806
42.149691624658 12.789975627714
42.244238184434 12.804917207384
42.221980510404 12.791090240626
42.215503022662 12.82822014339
42.132079989732 12.837575043497
42.206590684248 12.85096851778
42.168728496048 12.776038019835
42.168073893624 12.793431340176
42.133877375246 12.749816085582
42.228170022496 12.760403476565
42.168089243683 12.805079691508
42.208367533634 12.788427709524
42.183198939184 12.862501563461
42.130606338464 12.8200799906
42.195804701765 12.727914214494
42.108514363949 12.818172523688
42.137731875844 12.765802016859
42.226573882751 12.788589755927
42.205319319503 12.742620424734
42.145605638246 12.76105027078
42.192425506766 12.779201682575
42.182973160049 12.786752705384
42.159522287643 12.764570181169
42.234369153287 12.774268597746
42.189212074612 12.731547837973
42.126603782257 12.758967304045
42.195336515662 12.741883736005
42.191886999289 12.745632551979
42.120428292624 12.787068423271
42.238052060028 12.773012712979
42.100560293601 12.815981099317
42.146481127567 12.825000449489
42.199964443336 12.764027991243
42.180589606159 12.8082382045
42.184507050193 12.787047447559
42.207400231274 12.813402707157
42.140110275329 12.752539561036
42.179796846223 12.747729540706
42.174107901854 12.770696470894
42.145108238882 12.751880630756
42.170526735119 12.861005184663
42.141671884892 12.802749101467
42.148582660218 12.783655075742
42.202170151867 12.830494854076
42.174995459253 12.767964167899
42.11947353285 12.782367057087
42.174151619067 12.801322927627
42.23622190686 12.801145525578
42.147861096167 12.798651196921
42.201354087445 12.829840777384
42.1204873422 12.830907281896
42.188600180314 12.737180708806
42.163676694133 12.772245201663
42.192422639224 12.769502296957
42.221170758021 12.785154444552
42.128292528528 12.782246844297
42.138627887323 12.831613453048
42.137505990538 12.757840589063
42.226870266382 12.838150669766
42.118334799615 12.838273911217
42.235078890007 12.835608571712
42.172663145334 12.813043576599
42.140822242101 12.743729809201
42.132984015708 12.791708124726
42.19437682826 12.804308238835
42.216116400092 12.770442508541
42.17069309308 12.854653250379
42.130189728539 12.82792646106
42.171001438618 12.872091854418
42.129939331289 12.802334965136
42.170458994441 12.740478052658
42.229852251371 12.780800165062
42.109364926887 12.795861186851
42.191113883739 12.738254495796
42.180354590633 12.738864653643
42.134228765582 12.844162140456
42.103416235721 12.777526282623
42.118646964973 12.815363623137
42.141903232405 12.748965448604
42.172856249017 12.842804698221
42.212941633658 12.831489343604
42.17568801214 12.81722893932
42.120299513063 12.748681854361
42.228763883595 12.822386973476
42.221758544104 12.805153825716
42.193198438379 12.837446577792
42.105778683513 12.805793194496
42.158258106189 12.793479020166
42.175397639731 12.867923494854
42.207409053227 12.796799079441
42.147741000723 12.808475709918
42.200509974382 12.782055685216
42.17503518668 12.782821813984
42.208776015441 12.788489200097
42.154873423837 12.803471009176
42.235247407239 12.778066982433
42.121031952634 12.798727816829
42.225741278972 12.828776410256
42.14855647748 12.858158850066
42.218120943877 12.775507099843
42.128933873109 12.75248729987
42.149874847939 12.834661468808
42.178443750936 12.819832535398
42.188678877537 12.754914692044
42.147487551995 12.850841488175
42.109764282198 12.786812859509
42.150652933491 12.742129439389
42.13227836796 12.768302979327
42.201170839484 12.816375102318
42.184565154477 12.809176375556
42.229715651961 12.82833730796
42.120903619177 12.773542289072
42.166783748759 12.865175531204
42.208429868451 12.835238081813
42.211806422685 12.83732210979
42.135014349213 12.754093449004
42.170297713119 12.759092455173
42.203654476557 12.849518150508
42.161665749832 12.780282582541
42.167015953088 12.777170999359
42.190387045143 12.82472431933
42.172666919053 12.795278688818
42.189556862337 12.729871529981
42.179748930607 12.772405185186
42.102098686689 12.78668718591
42.22230417061 12.788428089038
42.220926811111 12.845595692234
42.239779457583 12.827321500458
42.229478448757 12.794435060508
42.151363459507 12.755403172598
42.221637425603 12.840142211823
42.13334783175 12.847931289064
42.172202935078 12.860351585739
42.145247766371 12.813955332087
42.177775462262 12.81009453994
42.159281049019 12.824195885039
42.157972063498 12.813280741153
42.228361862373 12.777598181191
42.160527628942 12.798433022501
42.14233614839 12.799846387396
42.178545571968 12.741050131985
42.193922753091 12.807871862712
42.175118439933 12.76627498996
42.179091106739 12.811380131103
42.231446738018 12.793465977459
42.217342419206 12.825181972641
42.16292446908 12.813118824204
42.111555993164 12.788117675964
42.112875393665 12.773202429907
42.117929340882 12.771585223645
42.152366004045 12.773310426072
42.22722922511 12.784741795077
42.184995163805 12.865416275296
42.197525033375 12.827825717569
42.125904878681 12.797347836123
42.210930140343 12.756474503689
42.179151635721 12.750771920567
42.217884285964 12.772354768038
42.150342534853 12.857139879792
42.146955515813 12.76283120681
42.210030815683 12.799300428873
42.127211003645 12.771630416539
42.207006185899 12.747849231024
42.152927168272 12.777961662422
42.19772377994 12.853105838363
42.212417017788 12.833216099943
42.191950264963 12.732605258831
42.13999080294 12.759924609589
42.200994657467 12.757306711656
42.192301163095 12.769784965466
42.116859363933 12.766576958267
42.212773512703 12.843528500706
42.12240188856 12.790733019745
42.12055337623 12.810030499871
42.137194789684 12.760791281404
42.198076313475 12.811385827072
42.128394526976 12.819361723431
42.235489754137 12.778377059299
42.121333639215 12.790918765513
42.235740239863 12.796148302425
42.156243147422 12.814244818808
42.216470201156 12.814193499675
42.196362768412 12.743198722502
42.117168913205 12.774320704313
42.186522458788 12.831784995215
42.204681306262 12.793716345373
42.237467074433 12.821271224817
42.147444047123 12.766363448376
42.175458430881 12.793843019213
42.176357759266 12.863280600826
42.181238526584 12.766753961245
42.246734661652 12.828594214224
42.159158500007 12.761414671692
42.150044944228 12.823653678814
42.233587491921 12.785402538176
42.11363815803 12.827087851647
42.117565624026 12.762173511929
42.162506184637 12.811079131838
42.219561038196 12.776825104757
42.15218610512 12.779617076658
42.180751708907 12.82228208653
42.161418266225 12.786631498407
42.185702882349 12.773132742764
42.105068738177 12.820141275816
42.151670339609 12.788545282014
42.143797922502 12.805966973701
42.166553466679 12.852932606776
42.199335152863 12.780971409672
42.164267963827 12.826437681854
42.177129617996 12.790207256952
42.189989477505 12.807341328288
42.121142337642 12.835192845613
42.11859416038 12.841798447486
42.179626647488 12.817701001588
