34.216801443418 -119.19612074309
46.348183666492 9.765195896253
42.490107279054 13.13738135676
42.465820668037 13.63176700644
43.774023577952 11.911039203851
42.024798779315 13.46302360739
42.142742777331 13.255551143689
43.26917047301 13.228661984798
42.091761207737 11.845771161323
42.426017987296 13.785203755754
42.207834929346 13.407201130154
44.480056311206 10.132948938798
43.230798239017 12.876648490281
42.180989821547 12.917115422414
50.721886673347 9.1965131015501
46.163608818857 2.8451753113629
43.797420564966 12.178625030547
42.189627568812 12.559160976486
43.068425480329 13.435538374111
43.491358381015 12.866916438989
43.598738081122 12.274353776742
43.301363283464 12.289057634926
25.718500592132 -81.008250977657
43.462142883105 11.846379334988
41.942514299875 12.384835950765
43.630760936381 13.405361263291
42.872256225868 13.435415085163
42.266020877897 13.101753101287
43.483144611832 13.371815358948
43.734216606142 13.481406307559
44.585839181501 11.260029805151
51.34221934124 8.3706167020698
42.610745990489 13.085979247061
43.064018705911 13.734352435814
44.622847736081 10.569735788377
47.743799448977 -121.40979308506
42.660097198889 13.204565913998
42.618481114816 12.915630341024
42.278941506671 13.271728558613
42.668839224015 12.186298324834
40.547378623879 -73.524222046633
42.023377833454 13.498955377165
47.698815405694 7.2714902573598
50.781909345548 8.0789928147937
43.414527291646 11.899985365544
43.033808290995 12.407880806575
52.469333607689 -0.32606581665392
43.545059284004 11.856079302682
42.533521959828 13.37573884028
43.722860491261 12.563824045755
42.104376193671 13.528043309028
52.420743457005 0.15254436062768
34.556559154597 -83.761883242783
43.306477066293 12.211049596898
38.035623833554 -97.253413246597
46.752888427932 7.1493749679762
34.161043230093 -84.763440267911
42.32366504677 12.520688514954
43.144414906013 13.376820719532
51.846485710166 8.246005009043
51.594998025845 4.7551509896317
42.647299449282 11.955082550179
42.851197231978 12.892785697215
44.89928697769 10.495528478313
42.330219874333 13.597959841901
42.315052633807 13.642223954986
42.084970751838 12.124716770914
42.245380169382 12.287332779417
43.39293458566 11.900041585763
43.503243908541 12.45202430128
42.545304022073 13.409227110657
42.531757707511 12.988290218652
43.612200811346 12.202111214514
39.140316736658 -76.74240620232
42.781175225427 12.156601797883
42.392759833689 12.66003741124
41.963463180237 12.581316488621
42.592247443105 12.802238963008
44.604324731489 8.1125251853687
42.699464501694 12.124303983603
42.286977468213 12.632485722973
43.481645574573 13.448811980194
42.012034620185 13.491627435916
42.151257334834 12.161947556868
43.061875403909 12.967639155692
40.907752371797 -74.59981782987
43.207172411146 12.400668455495
25.859926993411 -79.20731476033
46.041074876925 -72.996131463578
42.121389843601 12.138872069392
43.156052459591 12.445062019625
43.657691968932 13.531019308873
42.388297049996 12.72523140105
43.375808100878 11.953339722938
43.190039397327 12.745294148005
41.546062944965 -82.890275024034
61.952742186819 14.454393491361
45.478607896938 1.8610046565817
42.54464974375 12.825066757328
42.983751238337 12.844954118547
43.614632708328 12.496582842684
46.084535953162 2.4190260150558
42.438700322753 12.747556496315
42.515015433803 12.922582675222
42.28983310905 12.48908197765
43.436849570152 -72.038937182901
43.020122852207 13.529305916081
42.295716452105 12.283455598787
43.262321224114 12.94109000265
42.817231781251 12.741176115715
45.158296586018 11.151339208242
40.824260989148 13.424494811929
42.103878613165 13.705412536743
42.924440208343 12.878800114581
42.461830980381 13.646104356596
25.414819103376 -80.161276418135
43.006733583776 12.071154756526
42.170157243598 12.596072340217
43.266010245453 12.504069774202
43.285646849466 11.896053187987
43.169943196334 12.124838912007
42.645084800054 13.303516661445
42.037015065589 12.955984044821
43.621815516924 11.849834876552
46.607172932759 2.3670294682342
51.627281417897 9.7134254489622
42.545297545656 12.836784605813
49.441500900638 2.3132720322555
42.781752778137 12.502168944826
51.391964866031 8.8686571935511
41.880709209445 13.590474597009
45.980952376025 1.674871594028
43.43802608479 13.211037183765
42.668780324382 13.168972751691
42.136246370702 12.330922078516
43.324046738152 12.777877447113
43.327609443745 13.038213272618
45.991066739425 2.0054099336292
43.524600613196 11.986839131001
42.877362234947 13.621587861174
42.399952484036 12.357937783191
42.744558702125 12.619491771639
42.536974397293 13.242942634173
42.654852028796 12.932574122668
42.683817730625 12.570414648212
34.1452263632 -83.433626426959
41.877074907498 12.728632095165
43.49135532907 13.768252948678
42.565184048196 13.080147625005
43.534188807746 12.343917359779
42.431069547998 12.748614804258
51.864034000255 9.366548970978
42.826036774028 12.268228649773
33.442544564196 -117.05622847637
42.974711343655 12.322851659436
42.104770604125 12.329736071348
43.175701073474 13.32064856699
43.245377258999 12.490443115372
50.891335542729 9.6251278392156
42.798788065949 12.668885971752
43.077048289181 12.153628859762
25.651790023602 -80.464661692761
43.232828059363 12.88439128079
33.547197950392 -111.76875612814
33.972294380123 -118.8999292201
42.593552119396 13.104137369967
42.681025733112 12.377937284495
37.508239351915 -96.48387498338
43.398458632381 12.426856833264
43.368847042515 13.01891502741
42.562747279931 13.802477762498
42.968106694991 12.098756739937
46.211436072488 8.6845368505849
43.523065793127 12.998503204921
42.865287903655 12.783487409739
41.955605615396 11.996491006595
43.492282226932 13.472476344797
46.469362119431 1.4424728594918
42.163673004233 13.199788044787
33.744559436631 -117.74090652138
43.70400723943 13.097334175437
42.759985628913 13.061454739471
46.567523119095 10.87050764713
42.182552375937 12.976733739498
43.506340115122 12.939442382653
34.436661308685 -117.99095902615
43.613260960979 12.170583922516
42.30487062938 12.877972527371
53.30667076018 6.5929162454991
42.80967476119 12.617885055329
42.80787752981 12.236101801638
42.049694242931 13.179102979705
43.418033817999 11.995407389961
43.172246877671 13.501164332287
26.319096780514 -80.14670989883
42.313674611672 11.878679736016
43.0996081094 12.319814047015
42.740049235423 13.77671337911
42.454857243923 13.588269592092
42.364031017017 12.017241586029
43.621636884597 12.060744476554
42.789192423613 12.210580638729
42.890819040563 12.528048122103
43.229916591325 13.225450118198
42.735164263183 13.526374873971
43.460237598748 12.51959890526
43.401989221315 12.438614347709
43.459265153159 12.329493948899
42.842974434555 13.143048097467
42.981840175589 12.919321479725
42.029992484523 13.291360981453
