12.544785456541 43.140314506919
12.502586988522 43.134535133457
12.572983566959 43.136894529304
12.557331260109 43.165355936256
12.542088289553 43.155899334327
12.570657572996 43.154042431712
12.537095184709 43.146251409404
12.544941769722 43.111786531358
12.61153913739 43.090145155385
12.596849678849 43.153209983464
12.570369369171 43.111791880409
12.595164065547 43.144884602721
12.610331636693 43.150177183186
12.523939701062 43.111310822496
12.610391391746 43.096936610593
12.602085471455 43.085153344614
12.595636614431 43.086266475791
12.624029417368 43.18481707118
12.523240188867 43.118047798594
12.561907204151 43.119887895959
12.521259553529 43.078588723728
12.574111517341 43.182184592927
12.512593819554 43.126628490245
12.545668620426 43.17473542002
12.518955644017 43.094560006233
12.544609129238 43.173746356377
12.573272879523 43.113889703135
12.561686465334 43.152312234136
12.573032945217 43.170235574346
12.546985543143 43.071931821814
12.553886893484 43.172000585691
12.536752231224 43.157480803878
12.596705902201 43.169219995017
12.542504048249 43.170479365725
12.606766753668 43.159152146524
12.556611794793 43.162486725583
12.562908260435 43.150178433021
12.543633494335 43.142438781535
12.540976766304 43.096323696962
12.561552026592 43.076946317741
12.517951803078 43.123583688945
12.582818624088 43.112350638405
12.609927732802 43.086764140582
12.576136946502 43.085912554586
12.545855860501 43.163874015309
12.618421186536 43.193477313145
12.538396618135 43.170532910254
12.593907043635 43.121610613152
12.609859659176 43.095788864019
12.604452947923 43.139763194688
12.509184521881 43.096993224761
12.578274858009 43.1044252916
12.568512948981 43.167304691026
12.557742848342 43.149035993123
12.565725003188 43.142265753908
12.612588708595 43.099590878535
12.51489132762 43.137144261125
12.605411223904 43.139819178351
12.55524029471 43.079314373026
12.496093530926 43.110908574963
12.515609594789 43.134932449637
12.549639297461 43.153628947772
12.555082266964 43.133995351465
12.556319548563 43.127578438806
12.594690834936 43.167187682452
12.517640535516 43.124606380318
12.559473155814 43.068234481902
12.575583931813 43.154637347534
12.539417122763 43.063322044494
12.519790892752 43.121665747448
12.610532650098 43.099784676053
12.52496240268 43.107470443543
12.556247765944 43.156241583732
12.525973947519 43.139099862512
12.557976957226 43.134834083347
12.602725676563 43.109071610102
12.588138026946 43.077647171972
12.527987407322 43.126542323349
12.562908626445 43.063118069017
12.587388771881 43.076702473276
12.59351715289 43.144829206723
12.609619595415 43.175293489928
12.596964341422 43.108177170694
12.559164790718 43.165125813433
12.531447320048 43.162505495459
12.573993976051 43.08753187169
12.597607442943 43.160701715949
12.565601849282 43.069672278648
12.537752537328 43.160104987773
12.536620544541 43.122157188676
12.614203517167 43.155883775186
12.603855843027 43.085251912535
12.499438836027 43.110132138783
12.525664605932 43.155285829306
12.598916766068 43.079304148967
12.557210139279 43.06718288181
12.562690246668 43.076397618335
12.551798270828 43.116492494085
12.567018999072 43.065438010316
12.523250480913 43.089793135475
12.534891430559 43.07937636791
12.549766057448 43.063123874882
12.613368805805 43.176529102596
12.530725398835 43.102583307376
12.515214403887 43.113521352484
12.54139451058 43.172957936869
12.552919056079 43.087479530895
12.575070620803 43.145718608606
12.582382947499 43.123102694363
12.592258349358 43.094955920307
12.593565894123 43.177023404381
12.625149693652 43.192899499665
12.588789068923 43.126923209602
12.6034975162 43.12728392434
12.56904448644 43.077457898819
12.575105021531 43.146247373517
12.570644088376 43.170701491281
12.521935940984 43.129635050974
12.519248141704 43.077289416977
12.546978549376 43.132440227632
12.509083064065 43.092699393694
12.590656483842 43.158455876728
12.548352128637 43.163800207064
12.620348773275 43.187139603883
12.535132037746 43.114885171019
12.577446464739 43.095509526385
12.533293416993 43.173202875172
12.61463684014 43.17576931567
12.513003859929 43.14260962847
12.583208587313 43.15337715214
12.568027479394 43.123714064792
12.523766173315 43.097151185452
12.553049346711 43.149529572667
12.54309463994 43.163557201721
12.590407345274 43.098815939922
12.51407903552 43.10750813184
12.543052450562 43.160702289644
12.584707750766 43.106735136431
12.553281961288 43.147257316947
12.614206240819 43.111079616079
12.618743088406 43.120956488497
12.554162761476 43.07215966476
12.614256893126 43.146714355886
12.540432876714 43.093757277419
12.534115630472 43.132981351194
12.546547600344 43.105132631562
12.581317208068 43.081625035557
12.550423136258 43.111572229376
12.589512470939 43.101792016601
12.495516931424 43.125477281479
12.607966306458 43.096507259711
12.591170189267 43.165160711953
12.596961686221 43.14433263577
12.51930234235 43.154400017205
12.559935417308 43.166534372238
12.578153075009 43.110323277374
12.528418850421 43.105031794473
12.574279085556 43.132983591956
12.575965289781 43.168688614021
12.520551780968 43.149401777514
12.605288750329 43.164941744045
12.586358726784 43.178433361567
12.56416076357 43.118533557823
12.562980938986 43.076344626081
12.594393994026 43.080147858302
12.577731618948 43.176129446468
12.557382028365 43.104708194337
12.527334497577 43.170394937143
12.595933327284 43.135064060884
12.552990980259 43.170182352055
12.60837502808 43.075026503354
12.597617779692 43.167615252646
12.558567079997 43.071512156686
12.533650499572 43.152322635147
12.537752787388 43.169327105495
12.546321372311 43.069195100625
12.590655376499 43.162310260445
12.620110031061 43.181304136862
12.553231952059 43.180031784915
12.612128377732 43.145117617766
12.591892567294 43.146957941908
12.540075066306 43.104555264185
12.560362628943 43.128633929497
12.591071795968 43.134220245378
12.545483452077 43.127923084969
12.595877433029 43.163091557197
12.546149093467 43.16254704595
12.494855384594 43.124540622425
12.543232326204 43.168746300607
12.596482101661 43.10548898119
12.550538132245 43.078835573571
12.621583749385 43.17949605278
12.596312576272 43.177482233952
12.571201023467 43.123654555142
12.611942882024 43.153271486144
12.540022683137 43.14475178774
12.604739841842 43.08901222429
12.615107433247 43.078542446775
12.504483109596 43.124180778474
12.527156927424 43.163577564624
12.54154721442 43.117464161554
12.585417956873 43.075390960146
12.517587024049 43.089672193925
12.596827837006 43.157747354453
12.567437274667 43.122560958456
12.522054592412 43.097631400983
12.589513874443 43.080926956668
12.580368813419 43.105206552963
12.590827637648 43.180037569359
12.49752377092 43.092229150765
12.575885045631 43.103170937462
12.521857750866 43.117522888893
12.604326235433 43.142634479882
12.60378458288 43.149943392815
12.58796671854 43.184442121642
12.564716869784 43.169409583423
12.549185483993 43.076386151892
12.603194046136 43.075093135759
12.55721038934 43.076404999533
12.622074779434 43.159997866585
12.590892148035 43.117814252229
12.613559428909 43.139594486069
12.604794483003 43.137676126874
12.592182667291 43.180926302088
12.563162338738 43.095904449532
12.592544406949 43.136266545011
12.600347329232 43.189861502608
12.567211432202 43.139949150935
12.517949225178 43.09555083287
12.616173878154 43.112518258932
12.551154992355 43.174760491224
12.583036259109 43.082897543501
12.549722320212 43.092570044164
12.574358329465 43.161612797625
12.515453988482 43.094557584794
12.567628368089 43.08062511083
12.525725490679 43.115774972905
12.532803669841 43.139455129013
12.522952385511 43.140845703979
12.57118843478 43.095142952697
12.535618122006 43.142038544727
12.609337496876 43.123566561457
12.617182676989 43.1713677371
12.539588145718 43.169463485579
12.586368677966 43.132021174849
12.533780412087 43.166908320138
12.52650233571 43.134226660328
12.51698769562 43.098409306325
12.574335435228 43.088232131271
12.606591829868 43.171718936049
12.497839027337 43.10423562217
12.590112269686 43.088053673102
12.57179709087 43.111970533224
