42.183303836374 12.663944506882
51.571435338385 -1.1277417401959
47.381624292294 8.9902867823794
42.014279496418 13.518724275084
42.919201077411 13.064366334635
42.712673063277 13.820191121597
43.136187498076 13.271442714295
41.898426231555 11.849904253355
51.952178458428 0.50691184466561
50.58703271164 -0.23847293963119
25.521627979113 -80.392012900199
34.054658042937 -118.77179602645
42.054811750585 12.93032758449
29.350962165272 -94.569188464907
42.145175354644 12.293285705307
40.103628055443 -73.714453565085
42.8125773188 12.301250098434
43.258457077343 13.119822685684
43.061527105564 13.305930652353
43.041876389686 13.445244387486
51.240202074749 -0.75482138333135
42.256308586477 12.62753612626
42.502941548148 11.887205306875
42.898317534916 13.19801574072
50.073531957377 9.0303441202409
45.339298779769 1.3005152755885
43.356154163089 13.742617849627
43.00839198616 12.444763989416
42.763301209923 13.489980445493
42.227343028072 13.361813896525
43.155232469645 12.309270143208
43.182779497107 11.867482579738
43.194075978472 13.185522583421
43.75789821325 12.320524017497
42.779904271394 13.566680117329
43.087594129207 12.366332599153
41.884397113197 13.059725917459
43.804007822112 12.076031521019
42.993274946249 12.057777328465
40.050256310672 -73.708093065298
50.139144896129 8.1810472356999
42.848220876834 13.232293513267
43.679538676387 12.007452746878
52.20652125669 5.6573448166751
43.80411888652 12.129719282582
42.489010123785 13.345394598036
42.61172071223 12.347224240374
44.765990007534 9.0513348509075
51.449016009667 9.1355306427626
50.492923226903 9.742778779819
43.489143235858 13.187172854893
51.749610666069 8.4490974906129
42.787779862449 13.022537825195
43.32873115054 13.444568574191
51.822957213653 -0.47291125943088
42.153377995919 13.236736471896
41.911279537695 12.160516803714
51.152685022751 -0.80978739676987
41.997514936162 12.851557263591
43.662703423625 13.443158462405
42.521225194245 12.370972390015
51.056202617034 9.2412467232166
33.930666985042 -118.35035396853
46.037395718525 8.0981499203938
43.562264552157 13.216043624217
43.466401096206 13.626241924554
50.034858236571 9.9448374500241
43.814656291557 12.017917447287
42.811199188166 13.159350847921
46.05896064735 7.5413057718153
42.201354087445 12.829840777384
50.778360745766 8.4721805278548
42.383064720048 13.646406547954
52.388182495203 5.2398957812646
43.344320189389 13.075021707974
42.150642072873 11.886296576323
42.397644992658 12.15635195151
44.413508435531 10.826398282606
51.49969818024 0.48199835762941
41.925336787929 12.420713085432
41.875296208039 13.51039642494
42.781156007585 12.592085129412
41.848571064832 12.992253698426
50.954257573678 0.6350925292471
43.064079511496 11.859409617681
50.44353961779 9.0234911143889
42.329153715807 12.993105333316
50.485071937314 9.7243712445369
42.461834312653 13.361692404098
51.523423545539 5.6086231306468
43.403234501112 12.948718294033
42.229247781576 12.024927190538
43.15482358085 13.393241529091
53.266676857493 5.9729296575407
42.580663103902 12.965262661227
41.846245443863 13.354545307997
42.815489227353 13.271661155539
42.689286683097 12.28173303014
45.297173276216 2.8046441310107
42.483424946446 11.961806579031
40.462290259278 -75.26409281295
46.362221015049 12.373703178308
43.118229371106 12.883863747087
42.642005500238 12.380690768559
42.482408251393 12.77359323102
42.507703856357 12.084251917028
50.965877757392 8.0228203092808
45.766575869481 10.084016735102
43.672284792511 13.005181631097
56.552309480634 12.49221846531
42.743086264836 13.13703950503
42.103776197019 11.934676619703
43.747497520779 13.150419523099
43.041935395024 12.99299337251
41.895765346447 12.124903073614
42.251992257916 12.642479023285
42.440604582189 11.906104363478
43.006080377871 13.094665205171
43.830444017833 12.107094963618
43.275969731305 13.408525645478
43.621518724443 13.286727559442
43.285060665258 12.42606135666
42.700541520373 13.422855450058
50.129518204429 8.0461040926381
41.834121765513 12.251094313476
42.817944659322 13.514782239944
43.519770514949 12.192008047009
43.517107418534 13.651863863551
42.459704134383 12.998922445366
41.795304394951 -82.536256744983
47.196740506309 8.5078790707085
43.010830045238 13.566914880933
43.09144437366 13.060869703584
43.254311469523 13.518654630316
42.215680145314 12.593620583247
42.499669973061 13.766813881608
42.644369377144 13.56817050819
46.690520569072 2.688333030645
50.195264747457 8.1589049688349
43.752061647269 12.749465293155
42.595295074228 12.162735492553
42.482179610304 13.341598428035
43.286787795057 13.660619248499
43.555556872674 11.882852648817
43.014529663166 12.604337910027
42.387745711223 12.167909985507
42.398222673891 12.860251374033
43.249007311787 13.241333386063
