42.494028731035 12.65377043453
42.296427856824 12.50853555815
42.470863614006 12.452970904996
51.584100711431 8.09733780478
43.769149667031 13.554518854059
42.859177513935 13.025533912271
43.351588975152 12.793480553265
42.422992972409 12.048194251998
41.868266919587 12.150526224261
42.60440158362 12.67068630304
43.73142745056 12.602550018415
45.494944716569 2.9460658705542
44.064499951973 7.2857660669511
42.189627568812 12.559160976486
41.969253781258 13.619872059517
43.577131940807 12.139597927306
43.549305050911 12.792059533688
48.308541127878 12.900900169018
41.923530774642 13.298816760231
43.140014468313 12.024744166559
42.337969657212 13.749577977133
42.300539945413 12.756637492125
43.730109213281 12.006239990728
34.137304255516 -119.24897069012
44.561664861076 11.161949202817
42.082835955605 12.027241713867
42.434886885565 12.128342393866
41.960131481292 13.574218804771
41.757488354483 14.805474952588
42.812938636103 13.170160491585
43.783140957741 12.784961979291
42.278878720628 11.891820521996
41.919074429648 12.205973885139
43.955851272263 12.322897519063
45.945550855343 11.980038123054
43.130779353984 12.244410992269
45.346472712662 12.757087557219
42.441371658112 13.798229797205
44.503071954976 12.791479708285
41.985130945235 13.77223207048
43.236269398258 12.721055117327
43.221347647378 12.016476975317
42.167261441337 13.535200109976
42.3846579848 13.788896823225
40.575460502776 13.252889764334
47.415584398627 8.4827018447605
43.699364704427 12.866313657216
44.485707587125 11.729549218064
42.636882226766 12.43102258466
46.544579793021 2.6340751129361
42.870458061768 13.58344218071
25.740692905944 -79.660832214287
42.475353616532 12.034569459539
41.879866804893 13.026114991899
42.000290918185 12.02837249221
42.643303240504 13.781039956876
42.527462546049 13.791649485862
42.185344156451 13.080865650496
43.690495691605 13.261071624377
42.624257646347 11.933650153214
42.658450309866 12.216384753197
42.579933958885 12.281142489205
42.484326439225 13.307677751571
42.653770909504 13.373777077728
42.669115489216 12.267558961787
51.012771880726 8.8117931814919
43.754867872596 13.115190996863
41.91753574785 12.984760850216
42.417796889536 13.422014632945
41.897482237286 13.374502013167
41.942583785852 13.213017325969
43.035876438991 12.878728471661
43.661025179413 12.991614914982
33.630286003479 -118.38533324803
43.11559700042 12.347589291815
49.631201577599 2.8265290099064
42.643648174446 13.479850787914
44.259583521874 11.652631183782
43.243828565948 13.721114859342
50.104516432669 9.6571606791844
41.805336270645 -82.120645748715
42.409664442043 12.114192245137
42.398514253294 12.895752072772
42.832977801039 12.601541344843
42.172418106449 13.273819755911
43.311487074642 13.81131958396
42.454455467174 13.575719609214
43.617117944016 11.92664940002
42.944964223071 13.049681132703
41.610910815567 15.185693858464
42.150238849779 12.342476586526
43.769380418497 12.534233622057
42.203780911979 12.694242905704
50.492157787314 8.5187429159501
51.850773082045 9.1932341992824
42.00929445869 13.292142066796
43.393174879923 12.948298356027
42.174519280074 11.935800211961
51.807907980312 8.0923882946802
42.237467074433 12.821271224817
51.938398705767 8.9272674792108
41.912959180753 12.915024066791
42.949379268565 13.12506006992
42.237577905079 12.930986184616
43.156474732422 12.82186688104
43.242232513282 13.346867521476
42.32605817 12.600749357904
42.817743604008 12.00179570217
43.788718862382 12.883861623671
42.596890092195 12.260017576304
32.643892313933 -112.04639590581
41.412604603107 14.181999809121
40.357789953802 13.573128938404
41.932415400156 13.494613863313
