43.437900075914 11.844109933306
43.646770494847 13.419237176638
41.957566091792 12.054512457503
42.639273295032 13.631775648183
42.383936313646 12.639008025026
42.762778262518 12.478241227811
42.853825650131 12.964892976922
41.943652858952 12.143744153524
51.183421205349 8.347161938598
43.028225887955 10.719966750764
26.465521106696 -80.150560492995
42.910820626633 12.52244943919
42.214313062029 12.402105545368
43.432555259893 12.080327321834
43.336477116859 12.457361182432
42.329502744775 12.94860723335
43.797154829298 11.927420174225
42.483301560641 12.525620072415
42.118936854957 12.56076754099
51.232638999928 8.5682027752363
