41.88212296177 13.550294062866
41.919625677618 13.553173387236
41.855838496192 13.509417627265
41.899382088308 13.484194497359
41.863577588419 13.505575953308
41.882072929259 13.496403317219
41.884220897653 13.589515054428
41.881823208149 13.529126429266
41.865487005054 13.566024400578
41.851002847727 13.513483421671
41.933315864754 13.532934414026
41.850541720584 13.518183437904
41.882562943701 13.545015839669
41.87964619972 13.527096664334
41.859690239143 13.460213079818
41.875120567586 13.591017205099
41.913669467419 13.51217343917
41.868759047666 13.514665916357
41.869328333025 13.490989463188
41.921700071994 13.485273956568
41.834783784058 13.562085038799
41.927705688389 13.498489702839
41.646909327573 13.545021038689
41.837458018624 13.487002352966
41.841911495145 13.59796796024
41.910222790183 13.522530314311
41.838295390775 13.580238421273
41.89492254003 13.494448488829
41.87617424965 13.487829433537
41.937871970228 13.504619996319
41.877794628461 13.579529496666
41.930103551585 13.4952833506
41.846315704236 13.538456902645
41.911288823446 13.511049833408
41.848769607904 13.488598672922
41.853025269182 13.509656437931
41.887062562598 13.5765543406
41.902529333694 13.56005838169
41.864056922453 13.504897327418
41.853350281668 13.526581821764
41.863520531873 13.567681559181
41.87772072103 13.599574639296
41.855670700735 13.572921559502
41.907707695362 13.558515073081
41.876127806455 13.540667680365
41.863990831612 13.53163069886
41.929261916771 13.498959944837
41.932121802576 13.543886977057
41.923360794302 13.537622660204
41.903311890992 13.492487934668
41.845007989504 13.582748203831
41.91074255619 13.490320581726
41.903732515382 13.513062822892
41.89402785615 13.546025928851
41.840497683215 13.474985376708
41.858022386629 13.514476424344
41.900637238727 13.556966584922
41.843982565165 13.578338083636
41.860963557337 13.58618076175
41.910283765269 13.569937483694
41.843826526724 13.575766977212
41.880579070619 13.587664755822
41.937956451896 13.52448169867
41.89384341889 13.507002521563
41.85547721847 13.523895045076
41.929196130472 13.499979870648
41.916046826151 13.51239239497
41.844835475502 13.518659390772
41.853876791382 13.564124199845
41.845135898278 13.520025462641
41.877136301679 13.601365745369
41.853739519091 13.588690923822
41.84012828762 13.587723494336
41.858515233222 13.550261460056
41.874929439705 13.486933838824
41.870246353054 13.554697016533
41.855229147198 13.518234765885
41.872088663241 13.525794775491
41.865893150638 13.49104602427
41.89967293476 13.560173733442
41.857015094674 13.560133797398
41.891465419408 13.50278005076
41.87351252973 13.484855771777
41.872448089494 13.505563014909
41.881536376163 13.465875610947
41.916166192368 13.510393140165
41.892952204653 13.470520506853
41.903377808141 13.529349540628
41.911001789363 13.535199069223
41.851372242857 13.532283092187
41.924614323755 13.493435274129
41.852499124081 13.47802594375
41.836079051663 13.522870804448
41.846968908278 13.563828016915
41.926888848642 13.509561037903
41.939185129471 13.520509725234
41.914261285662 13.506466526329
41.899860190202 13.532503298287
41.83691146778 13.572786080473
41.89511026253 13.534376546079
41.85356336222 13.544718754752
41.851308301043 13.512124182916
41.903848104155 13.545600985452
41.858867264308 13.481643201097
41.871314750945 13.594328344632
41.862369227646 13.515851240401
41.865777331363 13.569712992578
41.838215649539 13.50569342149
41.88766453412 13.520914754163
41.849225523832 13.523285766863
41.835315728039 13.553639786131
41.858637555458 13.546383072432
41.869633173996 13.461821632696
41.854897709051 13.591247969603
41.867494494148 13.58444980375
41.92580746532 13.532689870139
41.886132587647 13.482481786761
41.899695959848 13.542701206444
41.861250768372 13.577672031532
41.877549109944 13.483714616638
41.879339985049 13.592739517166
41.874512298461 13.563703639716
41.833936336394 13.55197102418
41.852377084967 13.506929140329
41.872563101313 13.513420686852
41.896590912687 13.512475788387
41.861432557882 13.540558820863
41.848281735039 13.49769848005
41.884083427456 13.517641739251
41.84441987094 13.520728319216
41.843878800463 13.538283389799
41.86827824773 13.596301616934
41.862137600271 13.51627826158
41.839233285694 13.47961023614
41.86285178685 13.484451934942
41.912527551389 13.526996366015
41.875296208039 13.51039642494
41.928416762954 13.533701536981
41.898612735767 13.534706568615
41.84531403421 13.528398023254
41.857078958723 13.547103326578
41.843092420086 13.531094492216
41.938604013055 13.524769531828
41.892436060094 13.533351850034
41.882486218553 13.500217036598
41.838749044986 13.493962526572
41.873155521191 13.56089149304
41.877958954742 13.472547231017
41.834945610669 13.549949525667
41.872913801073 13.511338729205
41.883215641569 13.55196266556
41.866795732133 13.55858167615
41.8506512064 13.4849730048
41.854292179877 13.595588969831
41.87053502999 13.465231211628
41.892902624764 13.561899686049
41.909012503435 13.57309736154
41.866772144061 13.605240068236
41.927425883232 13.530015804141
41.892904639215 13.529428178712
41.853696156246 13.519060603606
41.838641976884 13.582976920357
41.854358313558 13.467379089218
41.846848664289 13.514557921588
41.880709209445 13.590474597009
41.854581409087 13.50230642713
41.874864527918 13.459987631769
41.880465545657 13.579649542749
41.905469241063 13.493781951507
41.862606260883 13.493241665204
41.840133870433 13.581181445916
41.906541781012 13.504787746142
41.857802140481 13.599823438397
41.882420244593 13.510965584105
41.859519172415 13.576678717798
41.840707764908 13.596477951688
41.935975538558 13.512949176858
41.854524575593 13.557811512427
41.932593220834 13.55406899685
41.835493959897 13.465227989252
41.910637307892 13.529658912017
41.839589242304 13.54743793029
41.940554378548 13.546742033489
41.845178376367 13.511453254873
41.885222996087 13.584808842107
41.872071139476 13.555838179123
41.858998075549 13.543886963552
41.871197462974 13.543179116486
41.907833578974 13.553632966522
41.874582326002 13.516509305947
41.857986836649 13.503836638084
41.84542406159 13.516739979648
41.888605508457 13.560893578271
41.836552363765 13.568868445984
41.856670332095 13.455416929676
41.866117542103 13.456308959751
41.897248294178 13.512349470312
41.867612494115 13.514320960995
41.850707859218 13.466129719052
41.872204624078 13.459640211661
41.867210614454 13.571622157757
41.921283762886 13.504016345623
41.888928464117 13.580229190469
41.875648879409 13.577319469127
41.876417431944 13.50872742783
41.867439434823 13.480982063583
41.905944797653 13.527640742982
41.83821181901 13.535538687175
41.854889393738 13.461530842123
41.900450981662 13.567619241128
41.868791425561 13.560718533865
41.851442670401 13.494128743438
41.891190602414 13.501519562465
41.851542866741 13.508253978357
41.875634644609 13.555965217576
41.886462998545 13.581829226868
41.843693092414 13.465883825212
41.927588803681 13.535615942711
41.892726786406 13.546080427054
41.836210893412 13.491989406076
41.931116188865 13.52735588214
41.849697469685 13.501153820449
41.862741511738 13.474213270712
41.910935989095 13.482352639328
41.836730538812 13.528066802571
41.893320183707 13.495733920737
41.897016546196 13.581063620572
41.871593954468 13.5096245243
41.844117798325 13.557745638584
41.87339090459 13.576665309082
41.861235209697 13.518249471003
41.903788746776 13.53591780671
41.871189564893 13.555603812728
41.837799566743 13.597070772966
41.884980447558 13.540981184964
41.887178402828 13.57868690585
41.874280377254 13.564474979234
41.867029023316 13.573637619437
41.869932711551 13.516522964724
41.849831198293 13.479154865967
41.833449978791 13.537108213446
41.871718294414 13.552510112337
41.870300410742 13.595947052651
41.879758970777 13.494790881192
41.883851449438 13.566023232234
41.870341150982 13.486400195179
41.918718114944 13.545357502806
41.854700067034 13.569282938081
41.841807550232 13.463037277808
41.920024165867 13.485583237154
41.932415400156 13.494613863313
41.862681715241 13.504664310976
