43.015218680753 13.476639278476
41.732663352058 12.777641597843
42.613508945638 12.024327203664
43.688711754854 12.383460141918
41.246875402307 12.121836010701
25.841133678186 -79.548708331667
43.418148298964 11.956343545113
43.789540823006 12.250610830866
39.806302809517 -74.106659758001
42.654321712886 11.80968304463
42.378234038792 12.129713780794
41.994646198253 12.901846149236
-37.980965714893 144.62481295503
41.127859742114 13.092500008497
43.184396672635 12.807627279709
42.034043156697 12.41844605562
26.308246680662 -80.495185612741
42.939683443394 12.171124172032
41.959653739473 13.394629213023
42.765278816719 12.27611758973
42.980725893297 13.751460332794
45.371985809585 2.8129899337948
42.850061001207 13.822818210287
42.482005929473 13.330622280448
50.081735061985 9.0136670949933
42.711979075222 12.397681049743
42.52509375595 12.30200909234
41.502424550151 12.675762720532
42.106751174271 12.374853688022
42.001185418594 12.254061403824
42.374673320295 12.827194050151
43.511632667182 12.900469734774
43.731602384139 12.196291639582
53.165762535374 -8.4545204133981
42.867555919528 12.434815838691
42.144929814707 12.338362330749
42.472251629232 12.399600766341
41.548771418561 11.485304388721
42.678640941696 -88.388858838669
42.297925468813 11.59700158713
39.912050829213 -73.301571370755
41.616997298746 12.987723701905
42.697091624605 12.619425011433
42.609034888751 12.691208035562
42.187121478483 12.069385542122
42.934615007592 11.836247252245
36.604000115034 -121.56695857127
42.823350066842 12.43788046857
42.547272564307 13.256651750231
43.031772310881 13.269114845113
35.80459922176 -77.904392955871
41.969721476554 12.391929716075
41.298033138084 12.273897299482
45.270168535095 9.9271348926831
43.622291934522 12.670323391312
42.079862011655 13.197183464767
43.150231459269 13.706240966335
42.789720394572 13.727982546097
35.984752567478 33.701701964113
42.221822138069 12.5262671735
41.901957707921 11.973941957587
42.400315730109 12.382645682165
43.476587455963 12.531677000028
41.935160073908 13.092932125152
43.527034083648 12.815124623412
42.801047904811 13.452602251199
43.675141058732 12.149572637954
51.423614925902 8.3256715044033
43.534769979576 12.979939235852
51.206016885678 9.0801799912379
35.043044470916 -117.38663186133
42.609272225133 12.34491769196
44.832726458426 8.2845092500698
43.369010888699 13.510437717454
43.617828265141 12.876597550196
50.672025246859 8.9406719202831
26.112929077855 -79.291100334321
43.145999473609 13.503061294345
32.135377789807 -96.362997279715
41.515275901563 11.981044187013
42.699648712177 13.640222249406
41.290528088617 11.556989745308
42.380860373576 12.964843092025
43.755753924977 12.982327415155
43.069857201127 13.12434998861
43.643184025161 13.501804146705
41.905458930857 12.871949229351
42.251684613783 11.63554444687
41.976564132619 13.299102832724
43.282456274763 12.279838237131
42.001440934859 13.392042042425
41.040829925957 11.884539605342
41.327553886747 12.103014469937
42.786402063366 12.504966386384
50.662131927052 0.40523734283412
41.878372461034 13.179751675681
42.114535474293 12.461781664988
42.592857023998 13.349725403075
43.723700592652 12.952516193035
42.063371556862 12.145582775674
41.655364322933 -73.661677124418
42.316590613854 12.321064048617
46.513696742018 2.1119137704894
41.971217796214 13.006198508689
42.363703999859 12.902610986469
51.841832962279 9.6362049168144
52.452626214806 0.10133201209425
42.970966759145 12.901889086676
42.333490337421 11.9438212607
43.292378882569 12.168974815502
42.824653730201 12.619025004871
42.224614891815 12.336112481719
42.76842927179 12.937236785415
42.159948701134 12.021777488788
42.094020069176 13.373534374134
41.805070703432 11.79799000099
50.262975336641 9.3015887985479
45.860174633032 2.3508608445296
42.581768651319 12.483368496191
43.55435866937 12.659355169025
42.970840325586 12.115720816963
42.819729879436 12.647893648917
