50.903243964959 8.9094232674266
50.913117279724 8.9561850060505
50.732646547599 8.9620363432737
50.901864552359 8.9918915629349
50.967970304176 8.6967771368552
50.980759605756 8.8451761793556
50.825665850577 8.7324752801715
50.776926922042 8.7587176588172
50.880460662246 8.8026338456211
50.774312161735 8.6899366181763
50.775616213109 8.9264485970728
50.711482452094 8.8144718901322
51.003370568623 8.7888128202356
50.842487600559 8.7472212834969
51.026296434936 8.9935700036555
50.926510357264 8.8691526897574
50.813030712219 8.8788322787168
50.77120841051 8.7898264386644
50.934774418797 8.7084488080388
50.984276416239 8.7618052967646
51.023552446171 8.9031653832193
50.782686811305 8.9123877044359
50.652162674187 8.7794298286454
50.7826863042 8.6677364165279
50.931854998195 8.6471617364544
50.87979596382 8.9492424339751
50.712355611246 8.6633302004371
50.855941423614 8.7646522432401
50.663089731086 8.8977540092998
50.771514946954 8.7480808984246
51.016229344539 8.8601117580478
50.664224410739 8.8153491913412
51.024792746187 8.8475391444971
50.751233209274 8.846841735694
50.82970676051 8.7719705904703
50.751387753874 8.8710462659928
50.882899898981 8.8067789300376
50.891826726912 8.7491834539683
50.713199983683 8.9776632883482
51.018614169219 8.9149734144634
50.680412221551 8.7052995798668
50.723804497497 8.6578033760459
50.747122314175 8.7300908126543
51.008921479345 8.9006300884768
50.677206100746 8.9324573711178
50.725864759984 8.8169082379047
50.735160115983 8.8171515687449
50.786565009405 8.8864122414433
50.700037315348 8.962268843298
50.948170067253 8.8415448301665
50.774473843525 8.7938200187841
50.981251963871 8.8262513814616
50.707297742696 8.9852334530955
50.980240052557 8.9257356281978
50.961672503483 8.8779067838927
50.787091309571 8.6568651989367
50.724566409702 8.9975364957925
50.94947481479 8.7270500830966
50.657627018475 8.7927967457999
50.74490951502 8.7377238938295
50.87301148282 9.0104522914674
50.733781393028 8.7070841042824
50.734974850777 9.0180123425173
50.917939103636 8.8663964061376
50.698742699203 8.9444202212358
51.050194515404 8.7627128505906
50.69879404162 8.9063275223162
50.773186092159 8.9060442032786
50.733121229677 8.9002114189324
50.75406138634 8.8677688827122
50.827211677948 8.7039690724127
50.727656981315 8.9836288592702
50.687687103491 8.7927459416877
50.788954695123 8.95452101154
50.853268850061 8.8848598640807
50.720510789994 8.8108515310152
50.68106092684 8.8933572144682
50.742539340045 9.0285994657448
50.948924278351 8.8093376382298
50.896043369498 8.9137815967732
50.646850559696 8.9159225821104
50.865691824288 8.6230068642753
50.739745636815 8.9560052021202
50.902454922396 8.9150773505285
50.720095485784 8.6506559549135
50.951668681554 8.7875644652115
50.691890972989 8.8758153174426
50.943055162645 8.8890051552509
50.97179637848 9.0115141314508
50.839521351661 8.8513451706857
50.947752993995 8.9692920981763
50.795076366884 8.709630822162
50.752298690263 8.8545054788024
50.703620676279 8.7334282294537
50.873315416683 8.7831042361367
51.001228671056 8.8375570605684
51.012771880726 8.8117931814919
51.007478974297 8.8730773105626
51.008388749793 8.8133239386665
50.826594343328 8.9536230666347
50.857113158729 8.9332767058785
50.960787562635 8.9914706633387
50.678525561317 8.8859167955285
50.909606911666 8.8648548493464
50.868604374523 8.975767671585
51.009087118324 8.9886230472422
50.716543033587 8.8317223595603
50.796449095847 8.6652893077886
50.763487869298 8.988388812164
50.989327577403 8.7696016299397
50.808686165516 8.9668892761538
50.9512437484 8.6889856647183
51.009261615113 8.9648099466994
50.863558327716 8.6474985148048
51.025922335231 8.9010439435491
50.672025246859 8.9406719202831
50.62365263683 8.8779483665144
50.844462559952 8.8935295631613
50.941976614735 8.7994683267546
50.934120022661 8.9970822758028
50.828082706234 8.6359088395889
51.012942115317 8.7533549553497
50.896331043866 8.8023895294417
50.706949003836 8.8887773663219
50.748473693034 8.8097007222519
50.640962889716 8.8724215346726
50.87451576296 8.8965077911953
50.672310560323 8.9326939670987
50.742893583022 8.8445124732538
50.813938161737 8.9073338754975
50.897717504714 8.6758825688976
50.674400077981 8.9533389233767
50.801032213402 8.9376183342829
50.747945194015 8.9178121527274
50.821488926104 8.9519790205881
50.727889683902 8.7048087030206
50.829701033342 9.0112857823313
50.765145016259 9.0110972547024
50.923288871498 8.875452909095
50.963816425281 8.7214160825691
50.904595258136 8.7860801586816
50.616746049196 8.8163711637335
50.809770468534 8.7319497660417
50.687748925149 8.8810376165812
50.788227214845 8.7819187737917
50.732762097257 8.8803239766882
50.922933707443 8.8205960229135
50.92668531366 8.7207626876052
50.862716795813 8.7136731002078
50.813624717674 8.7175301000092
50.715993623117 8.9723816448694
50.769314297368 8.7081444229503
50.758890021946 8.9127452410351
50.726889688394 8.7247537452377
51.021220935984 8.8238636394142
50.880861688815 8.8827071641026
50.922582211403 8.8888963404526
50.875045837311 8.7807336490512
50.878135478067 8.8227875143396
50.715209780594 8.8605159227087
50.932738389323 8.7758389165512
50.852130332893 8.9643525942063
50.826375410811 8.9363764044532
50.626284435217 8.7828597774649
50.85896443895 8.7745919487321
50.862706208072 8.9389840890369
50.70664554355 8.8691513803178
50.940795321921 8.8177422256292
50.862530938751 8.6939804589813
50.866469068856 8.9759523859136
50.842440845837 8.6956027688904
50.79912596466 8.8496395195134
50.877710700909 8.7893677418071
50.615616750259 8.817917975978
50.981421593102 8.8855650214877
50.85550862544 8.9928317046691
51.021044226839 8.7837082081398
50.947103181364 9.0156257408744
50.948995049088 8.7908418484921
50.92626927743 8.7831641504463
50.968794454806 8.851122319629
50.856839944542 8.6876039829513
50.705471638453 8.7344341705248
50.84082613552 9.0032021012172
50.932207765492 8.6770230497592
50.962440450658 8.9473742390738
50.72383576153 9.0266384799157
50.652916743724 8.7597350411861
50.795009674875 8.8676129578928
50.982308775178 8.8633754751009
50.907289678188 8.7612032744853
51.008251948286 8.853186849902
50.788943628682 8.9589857891942
50.762511828804 8.7067693032821
50.930742146881 8.6949235534737
50.865740710341 8.7230817101538
50.776377656393 8.807629056651
50.903666596349 8.8167152762491
50.87099990103 8.9223531214159
50.848922694963 8.6413966150216
50.705895991393 8.9369289446328
50.676366522758 8.9311910052463
50.813106410118 8.6616728318211
50.843153089212 8.820239174096
50.811013695696 8.6341122727069
50.859497303078 8.7017065722969
50.710757532488 8.9681666516551
50.849225260247 8.8453937898601
50.771519656187 9.0102676097351
50.855826599922 8.9137763250218
50.831473888285 8.6303637528933
50.663520522725 8.8732454389675
50.850157107622 8.664767359693
51.028779396801 8.722656064072
50.843736276423 8.7730428533503
50.868720493218 8.6332324159486
50.929119215314 8.6964690157662
50.906813668044 8.6772564145165
51.013303750201 8.8493940317302
51.033072965701 8.7785322464903
50.85927955334 8.7904417937577
50.723083163948 8.7840046280921
50.998855201527 8.7662684669561
50.859689352503 8.910905941348
50.949887463334 8.7272398787212
50.901737934864 8.6834553427452
51.029916543993 8.7863215113926
50.993264259302 8.9690524316249
50.818801022982 8.848200968396
50.839214932099 8.9090755348602
50.745560726032 8.7306195268084
50.821680836762 8.9629175229757
50.974761179171 8.8018408561134
50.779311829144 9.0139554962581
50.852061844828 8.7810858617449
50.723776116839 8.824229414493
50.964174779115 8.8101217494393
51.024497191433 8.7501358239679
50.753068765045 8.92012696011
50.924955037853 8.6313853872155
50.892697823184 8.8856402900469
50.791784012128 9.0200464669708
50.823083115194 8.9119982095025
50.743973239206 8.9939850824857
50.811015667771 8.6966450590159
50.921519232412 8.6337682905764
51.005868961106 8.7502131805523
50.890282662069 8.6482177836114
50.901167885354 8.8062685466401
50.766635560322 8.7941881808425
