43.755055706389 12.15380569417
42.079252732976 13.343794593769
40.641128686115 13.323577607134
42.457844405669 13.330327969685
25.281891833174 -79.388610937623
41.833343360516 12.105980739068
42.235035334844 13.091084754624
37.290883956657 12.711730211166
42.42719076037 12.247750478002
42.833992849513 11.994464181382
42.280425463955 12.598143591845
42.589515196921 13.785552810333
42.167324237159 12.396744360422
42.306132733054 11.838107938824
59.873074662347 99.642029608899
43.645384906181 12.750578670667
42.924328619134 11.977199361204
42.202126336865 13.489667112722
41.876315874942 12.818580852758
42.135413259352 13.671680343205
41.838515977321 12.325831725435
42.308613090009 13.379964994465
43.6706125693 13.337238774813
40.133117204361 -7.0518906270395
43.52210229941 12.79555257449
42.066869133204 13.772727360398
42.797696683017 13.663305446835
43.801558542925 12.824115700959
42.705728314235 12.131555555005
42.338134012364 13.487252846608
43.266741765808 13.556982393657
43.42631558118 11.878632797358
43.601528225302 13.064326777174
51.777217878391 8.2743435754787
51.664673162235 0.37602262071615
43.827108431082 12.805023464304
43.610449100684 13.559185467011
51.230782503835 9.235716990305
42.378180981811 11.845670536575
45.586245420429 -72.972497650081
51.57723671737 9.4710286597121
45.93441466982 8.6484024900027
43.031122342719 13.350575766245
39.663146816953 -75.121534709922
42.305578952819 13.038436711339
41.912477860673 12.924369123284
43.584886658764 13.412862678737
43.62437228098 12.286415914694
42.25804254939 12.23311994424
42.412202801768 11.909610424635
42.993230204116 12.603075488307
41.884110766896 11.864037934183
43.470829732956 12.895043396363
41.880579070619 13.587664755822
42.103041041246 13.041887581855
43.132683367086 12.669353052841
44.349670986971 7.3293336670772
47.629776365417 7.3645315944983
42.112269015125 11.843935856544
44.968905847319 10.054339916259
43.489545439153 13.663236811156
43.139831396837 12.185388135365
43.036064832975 12.150309083143
42.516691514552 12.070997159051
41.895581925726 13.355682002567
42.078016083745 13.143161790067
41.901821724114 11.914435025751
42.535426431606 12.430640420167
51.373186818731 0.82554495693909
46.9612601972 8.4420087265046
42.411245952573 12.971746339936
42.632011469303 12.003881948092
42.817044531397 12.291959138278
41.901601179478 12.513365811928
42.836867557784 13.606543171523
38.531212097455 -78.368292272222
43.726974859728 12.306711362839
28.719492183876 -98.840837215027
-38.770167131336 145.24562586034
42.859471236777 12.208127963475
43.355759606418 12.418027007702
42.444980175928 13.829603764636
45.654123382016 1.211731986707
43.501104457558 13.265370362583
43.655312796915 13.323091235183
43.791402661631 13.745112770139
41.986664122451 13.156290975493
43.671507133505 12.082995337959
45.96184493441 8.9884320309309
42.132023593959 12.419040725783
43.679949700239 13.72399421724
41.89249426403 12.304463740601
43.220988968977 12.879579022026
42.008269094887 12.478780512011
51.68209423855 9.8760026632231
42.763905894854 12.963649348826
42.221170758021 12.785154444552
43.214129647826 13.429649503191
45.078836260493 10.603625417691
43.267220872134 13.235682617538
42.527091461035 12.543117013103
36.991220731285 -122.97277577637
42.946508448567 12.135416287547
42.571783983902 13.59819634149
42.002513213105 12.339315226481
50.224955014989 9.127120010614
43.362816234309 12.69726998347
43.372650642143 13.770816817328
42.234896668829 11.858348608903
30.219218627018 -95.796536215695
43.279170675354 12.875777066648
53.156862235468 5.2274002765666
50.548399394633 8.5505286546194
43.039445216341 12.517161209864
41.986780055348 12.982403700253
26.766408515968 -79.293542218341
45.256931104118 12.421599294695
41.912050982452 13.456288997783
41.578056920779 -83.251605940198
25.576171092475 -80.864025902681
46.524097152298 1.4043293848654
42.975417196295 13.243780268956
40.748614914284 -74.650320934566
41.900207351868 12.954535652418
43.608965800914 12.579329825297
43.40525092904 12.929674087081
40.727716462246 -75.093572296377
50.230785914804 8.7500151389977
51.43191222238 -1.0671289261324
42.126136781262 13.129992350086
45.822704892337 9.2836670652422
42.137275535698 13.697035887624
43.279755624628 13.567571079644
43.520385450947 11.992808766681
43.02896267086 12.162141898743
42.276123277061 12.284174608686
42.154756035749 12.573995786542
42.677331697998 13.777467876124
46.490371040346 10.517541980377
42.222292307423 12.934862646265
43.19544637261 13.610711319212
41.84481323319 12.245489950893
42.938775117502 12.753743054252
42.797886296568 12.138324145313
42.841433473344 11.925159598687
43.733270617099 12.99094461791
42.142786027485 13.157326194552
43.462077284002 13.697391572754
42.197353498192 13.282254792437
46.698088746843 8.4114342105628
43.10811822496 13.35872355588
45.336523133401 12.424803719796
42.735184997684 13.543282223208
42.127978477242 12.06716733012
42.882074533462 12.348723164012
41.935431919052 12.098243456866
42.46373542515 12.531083191548
43.162080104094 13.603390346583
50.714175378887 15.730792877837
43.702748949988 12.192723610083
43.602133744698 13.306374226395
43.047317561737 12.791402275598
51.741033481779 8.717123565598
42.844100014721 13.680725173897
42.765984421042 11.905644276156
45.062808796793 1.5133992184482
43.176781814183 13.821629761656
43.332718617459 12.511405730414
42.702682623522 11.889022218033
42.643383751245 -82.189390050077
42.198498833572 12.281146469678
42.654774634493 12.759023118673
41.912780436668 13.695002821153
51.259097951119 8.7421730257301
50.735402012586 9.3795794888304
51.810294051101 8.152128879983
46.158842224758 12.440321626546
43.009397526297 13.422334389047
42.077102283073 13.215555871493
42.874155475255 13.378900320001
43.777190395082 12.453667430905
32.830255155186 -112.05901182679
42.718166143058 11.925144322203
42.225552463564 12.149515695495
43.212041698982 13.55981280124
42.780820947059 12.286617960004
42.695790651599 12.404001464811
51.551761225356 6.7291097780592
42.789077978366 -88.176883372066
42.73749414309 13.119472907001
43.752902395929 13.604400464636
44.942984164226 9.0844439675493
42.182312012756 12.040533673524
42.904276015679 12.131329221267
43.385793013233 12.349498321952
43.748378906769 12.877380958722
25.171400012977 -80.333157535142
42.261679466957 13.238230747768
43.374950159071 12.278819302713
42.70418407151 12.883445186042
42.237577905079 12.930986184616
47.736172602389 7.833164321181
51.831747464059 5.2651289689891
41.45315483201 12.390811212354
41.927458692795 12.026061187066
42.405075486493 12.752613267767
41.933245195531 12.827399190922
42.655979588954 13.096221861495
42.003327655163 13.604284587619
42.02278902478 12.290662479278
43.05975184967 12.211154549036
43.569774795144 12.692697660875
45.042525157352 1.4118332790266
43.26376873502 12.721840236227
43.304526972747 13.295591180371
34.148254262448 -116.9581196027
43.471654222122 11.989239440781
42.225199979856 12.226167361378
47.041330696569 8.8045340654461
