43.474912003391 12.414180629169
43.469444121939 13.078013718186
41.986791227493 13.127790569408
33.825006446679 -117.14484388387
42.419405475941 13.576661633617
42.019050628908 11.986007648069
43.48021798745 13.420945712582
41.952405049464 13.328676442324
41.851796806276 12.874708077367
43.798240967953 12.640398823975
40.282789598336 -73.423471825907
43.705409919727 13.563526029516
45.789337612616 10.160472654999
51.586243533337 8.9460841002623
38.796687871123 -97.77076432657
42.085324261864 11.957350172569
42.766297593159 12.277379776036
40.672850500792 -73.588205379374
42.413045617499 12.493117749942
43.473615209348 12.63426439682
41.755407994173 13.332637186129
43.184635479576 12.909017332808
43.271903471238 13.583381609353
42.372298389402 12.090211402222
43.732609232318 12.506146366965
41.986084015589 12.986626087703
42.103837768151 13.410961726427
43.274240479022 12.227393316232
43.775567298206 12.148036759437
42.324623596095 13.686690209774
41.931622202497 13.200643381684
43.595699963458 12.317838541401
41.468026206255 13.432901621809
42.508942675103 12.948425927662
42.447144528614 13.765639684541
43.069612964576 12.322904373225
42.07147185603 12.170158069681
43.722491493806 12.211753300976
34.005975002241 -85.132757855658
43.241808009002 13.394591600839
42.598692638168 13.784023092049
43.230193980166 13.707393544611
43.496533865361 12.570133189026
42.841981993936 12.434532025587
40.001543068014 -74.446470579006
43.669828663447 13.336233865182
42.040273959323 13.137149359184
43.070148012655 12.48356335821
43.228888093156 12.717679294647
33.664250896196 -83.544432429757
41.96388334502 12.933655296908
42.030930296553 13.604459085804
51.360608472657 8.8947771237673
43.078588723728 12.521259553529
42.018208321679 12.0417649751
42.744921220369 12.050636802845
43.70267131261 12.836148220525
42.031357806677 13.575760701029
43.489571342494 13.715777851064
42.683809494473 13.605044239969
42.141781617974 12.682525038592
41.975893882113 13.477542275341
43.438337384483 11.997273440027
46.199028402892 -73.418191267975
44.076986027615 7.5366755416577
41.942716487212 12.303220984688
50.70502487533 -0.41988388753025
41.992214122805 12.242115936376
43.410380755763 12.655965190242
43.283279446572 13.048676268707
42.530972329237 12.754818763025
43.062475786594 13.216345597646
42.905870038528 12.130300399463
43.052892955066 13.494129871269
51.444484246403 0.19067748500066
43.247329677126 12.972754518044
43.284523163144 13.19705411384
43.110663377287 12.770742620256
43.087699867381 11.949241142252
46.149739423371 1.0982171949457
43.803066753246 12.928376310027
40.847914384759 -75.002435261982
51.216690508284 8.7165415937624
33.902983337775 -117.6640192565
43.791923921479 11.916053133999
42.474253579285 12.927414599793
42.822160301203 12.641709183197
45.117628546021 1.8267262148795
43.051517460075 13.204009815235
42.682981600858 12.606469482487
43.727744474901 12.068886778836
43.127139763521 13.200035757965
42.284931247276 13.802755469851
33.775537328536 -118.35003738752
42.557791344171 12.676312241108
42.399657216715 11.777214629749
43.539536628213 12.425890871543
43.349492728894 12.207000137424
43.506092083897 12.409247557844
44.809157648896 10.952266928182
45.847293973759 11.286108574893
41.796383822382 11.910135464047
43.457304096549 13.383000573808
42.913009449354 13.387343776148
41.954474365338 11.854705498973
43.757239617781 12.239664024806
43.546145328596 12.139691157353
47.006874504968 8.5025875030563
41.983216244275 12.26399652814
34.524551275936 -84.526343977697
43.655133858184 13.560317036978
56.327346077807 9.1623103647317
42.598252084406 12.348894844946
51.313346522773 -0.58632460222408
46.380303391433 2.1904486311555
43.65693338248 12.032430892381
42.942464596586 13.43594291363
41.240402932376 -74.402134629666
44.436464348967 9.1542545413618
26.798594469094 -79.170130034332
25.582068344832 -81.035920445168
42.467737974372 13.047470944045
41.955307670403 13.756172211748
49.89574889147 15.090564448661
43.159575887585 13.42167440032
42.061694260271 13.293161900406
42.699107271966 13.098781105664
42.071173160857 12.176718152697
43.003684464865 12.694884403488
42.923606722601 11.880183974246
43.534006071081 11.928891653649
41.944832094009 13.806615550002
42.083107356973 13.470294804552
43.258409486294 13.82633666595
42.155661257077 13.472418881728
40.272507450267 -87.377098513018
43.151136187928 13.159446442595
25.531730462562 -79.434854463686
43.175162076121 12.909326309783
41.959556021264 13.788966036324
42.935552614266 12.157509927732
43.713266099691 12.954969573766
42.982924850671 13.783074696003
43.442305383965 13.311181142161
42.626353489548 12.763609246262
42.848510376594 13.749030967147
44.678602164836 11.475792264624
51.327054958012 8.2990127686872
43.029881936533 13.304333830881
46.542200523215 2.8032115291819
43.730113179784 13.099239412762
42.531093147386 11.891641448222
42.860363287342 12.002742473058
43.064972672197 12.067937193957
25.809782695851 -81.031023453745
42.689446597935 -83.965479321503
42.337112752433 12.526196637923
43.504859081726 13.661941983135
43.646528834333 12.360973177201
42.839413677754 13.479200756887
44.723208681549 8.9421592810387
26.785321012954 -80.300809439221
53.396104887545 5.5105645976777
48.872967982722 15.961585026449
41.990544254908 11.892305508227
44.452805208879 10.068327795953
42.531867246412 12.959771937227
43.091380468168 13.340976088022
42.064306271313 13.823482057018
42.840234298671 12.089488185539
42.750152328422 12.60051866418
43.63157221753 12.41674446662
42.847023265386 13.640319723024
42.624251570864 12.906471750676
41.865887595299 11.929741427756
51.497742433333 9.7935254675306
43.793666229043 13.513294209521
53.187665889826 5.2927307083936
41.282875060465 -73.30742795764
42.993628078624 11.902290110917
43.647643653067 12.661580089343
41.868448825047 11.940548682579
45.316333399302 2.2652782175063
42.10322787899 12.66298688888
43.532226780233 13.112288884426
43.429818137304 12.465236530411
43.61104784983 12.293268897263
42.750041530372 13.772778756366
43.468011687283 13.741772880213
43.530128236662 12.171903650843
42.777542662724 12.102747204782
41.973216077321 13.05284665483
43.291968326707 13.628255304263
43.730161130324 12.93989787902
46.506933326601 9.7330345304394
51.074512775324 -0.86678715654499
50.564928674536 -0.064090599119558
42.355640241597 13.025412898078
42.112642518318 12.251503185042
42.660499171217 12.695355123254
42.426129042856 12.328490507963
41.872563101313 13.513420686852
50.069307387955 5.2465253771289
43.552284618186 12.783904738179
41.950977170838 11.967401912442
42.750990264954 13.735518174609
43.358431907093 12.619378480438
40.355069015492 -74.400645478947
41.680948887955 -74.28657744246
25.191506733724 -80.38344082887
43.19978648389 13.625222258116
42.463433637521 11.995192215797
41.876850915571 13.113282742518
43.295062046191 13.809795515544
51.46633322093 9.6991720342539
41.920676337539 13.130230664823
51.032724185862 9.5496863101375
42.227455546275 11.912072924877
43.264173903647 12.613141384282
42.641397621337 13.029929202085
40.082824299851 14.482147777261
50.723316920792 9.6932631720292
43.576006183224 12.793172286282
42.913007096368 13.726900288729
52.373501061869 5.7031032722225
42.333854761617 12.907466838114
50.213166958286 9.3795785072165
42.323187228464 12.991089704929
46.825488048059 1.0780958487085
45.309788051206 1.9015233697842
45.35912367532 1.6077809155024
45.443976194805 1.1774802059762
43.457612294007 12.130054659757
42.533408100986 13.680317725858
43.226400996219 12.044151945547
42.653781572682 12.376633612635
51.980739797689 -0.073486960578466
42.984283324345 12.694175245119
51.77709667933 8.0090769617861
43.677106796634 11.846082957411
42.837565231548 12.489735846657
43.596404812597 13.784859938468
43.699656321548 12.181226201927
51.675868451677 5.4287619687052
43.429002805834 12.42541206976
42.556374397409 12.286905044844
51.210903894254 8.9554109638349
42.782288930764 12.349143435431
42.90652127096 13.579933488101
42.692036168993 13.671682560219
45.810726197348 2.5332117418448
42.831270751486 12.353961049299
43.072337546906 13.415970139886
43.738983989593 13.30880589008
41.025043927284 11.978911132819
41.983526001232 11.937593786038
42.01349442874 11.960089398085
43.038746667134 12.378523900837
43.683749589943 12.152262129447
42.770447118122 12.374421691717
42.802510408148 12.208294567304
42.62445424668 13.004946954572
42.056936804253 12.800143941234
43.672044933642 13.811273603168
42.509261912459 12.369600136957
52.093791245759 -1.1298975545167
52.896962283364 4.9131416157648
42.562563574225 12.549010817704
43.53787581091 12.207250949113
42.704176097992 12.461608438523
42.813054747813 13.485762569369
42.644197253366 13.275415231157
42.825439474019 12.79967971558
43.710428537221 13.789922401232
43.063912372156 13.080429943803
42.247823365635 12.757290445176
45.720589306075 2.3396140734384
42.959962126336 13.508824771528
43.234781601597 12.453390508191
42.49421486889 13.675850673914
42.347470070884 13.032023497893
42.117990640999 13.129045821807
42.161054780921 12.239870523957
41.104491176272 12.547552651792
41.895408437094 12.066416226845
42.082224048268 13.316783483309
42.10947325926 13.656629610668
42.137927321337 13.386509685978
42.640077313727 13.250625258915
43.683653059755 12.54113084338
40.868128473961 -74.121830809584
43.800806741624 13.582745131863
41.897297350663 12.397155835965
43.478014404198 11.973656064839
51.363675732102 -0.64920367754958
52.35233065968 -8.1764948978911
42.711973474367 12.130205754063
45.013080181655 8.3117926455158
46.063186456944 2.1588013009908
40.764720337508 -75.215075563871
51.483606123591 9.179196027191
43.714988871831 12.222171264825
42.081764054544 13.158507159075
42.532154670254 12.828105974418
42.291796906542 12.674608465619
43.830658666732 12.105961430423
43.067781516403 13.565239613229
41.450934885885 11.556471872214
43.133274270305 13.531200158678
42.733554311459 13.040522709063
43.174347686218 12.918558395916
42.140587214001 13.543764021522
40.895951852345 -110.83697518638
40.932006993905 12.056275307504
41.558091797334 11.800131380742
41.922999145914 12.410420560024
43.374261148004 11.851667457212
43.31778253399 12.408408846917
46.904719841764 10.964036358874
51.709847574686 -1.0413692217094
50.666708117429 -0.1490447340808
43.022846766314 12.821745556252
43.112158506716 12.712857338953
41.962882595606 12.873389258477
43.531856041205 12.153568026237
43.086758819004 12.823770632906
42.490692143112 13.517002573964
43.655787853385 12.648952022052
43.806696447009 13.577918153081
49.797213842649 5.2082766979761
41.971491331708 12.999451966977
39.828969565648 -76.772312665575
42.689945068087 12.920807203262
43.102334061241 12.394904604852
42.337052085615 13.014980441919
42.466156039361 -87.595318205947
34.357156570528 -85.423537823798
43.115142055396 13.609986080627
42.601175868719 13.615805393858
43.660216586993 12.020290616465
43.376763706292 13.590584911236
51.637444408442 9.998208559583
50.986116981127 9.2129224227802
43.678641085384 13.417158435314
50.469323040205 9.3567294102892
50.773827724519 8.166637731328
42.482964061912 13.178305814612
43.747532640487 13.598863492554
52.315488847352 4.9625713653921
-38.630596108563 145.83464881321
41.945096887644 12.50783418005
43.364656031323 12.577810351096
42.642103148013 13.206348973909
42.015175465988 13.291313771781
42.610745041471 13.159991482834
41.8736124341 12.973174172462
42.13840165836 12.917835624406
33.810066541395 -83.643040562112
43.793117170147 12.70161645708
26.757364210077 -80.446984923462
42.239253719588 13.398207813964
42.674188128076 13.473842177782
42.997192251981 13.520908836073
43.281740600861 13.223240106957
42.025480655986 13.180627594341
43.071883965338 12.849589195519
50.375246631156 9.4277123354504
45.122425024038 12.092672703596
53.82671104736 -8.9540875069583
42.956017808058 12.44541378994
45.404921600762 9.444051517336
42.200386836773 13.211089741092
43.540843936888 13.584049168801
50.400220828783 9.734572461217
42.689778469379 12.734404392438
37.722054269035 -96.437279717269
43.495628151829 13.440839411917
43.416029278869 12.981505900168
42.458678131692 13.364445198984
42.85322955246 13.126913028384
42.582028209989 12.383403920768
43.362767988075 13.602176079362
42.252208630693 13.070095737518
40.982261815705 12.608708486056
51.125540162495 9.6603104149272
