43.115064526983 11.914499663263
43.091514916688 11.946204488162
43.121548801272 11.919905167522
43.0996569894 11.929730446997
43.150356635077 11.892914904718
43.119294964785 11.942927779159
43.086859790204 11.959016397597
43.087699867381 11.949241142252
43.125538113606 11.925025060759
43.129306974902 11.892118751042
43.123757869084 11.939834639889
43.154412739072 11.906930271048
43.080553945678 11.961639135613
43.130835505284 11.891765536711
43.132864444134 11.885055701216
43.141732948454 11.919078320714
43.098238457992 11.942230694456
43.132683252999 11.896111147917
43.095195554262 11.931101994578
43.135671613822 11.928365056856
43.098298403036 11.951225236522
43.096079344927 11.943002587644
43.138106177646 11.905923989113
43.11666935783 11.921408038571
43.144470044966 11.900285248154
43.121923255346 11.912174450679
43.147964237813 11.905564032472
43.138926497281 11.912961860168
43.110732536836 11.909985385349
43.097808636326 11.924509421908
43.116021778975 11.919556154853
43.102741624298 11.918899120746
43.108632851929 11.926696659518
43.121378446541 11.915092734601
43.111572008653 11.899334716119
43.126980070105 11.904092271323
43.102641587214 11.918850340864
43.155421754904 11.908381191992
43.119531346562 11.941683816252
43.108583690205 11.897142086151
43.092453338736 11.944800124965
43.117517410853 11.932397467074
43.132076753852 11.893664850359
43.104368347279 11.939773521379
43.116574411356 11.950259277595
43.126839781726 11.898912798587
43.139220395677 11.890277605939
43.155640117452 11.893387217046
43.088771313491 11.942511285184
43.146441237159 11.894683046704
43.107924053517 11.93477638158
43.09656955774 11.956517361105
43.114243279751 11.930735773396
43.116748649702 11.929918596509
43.126663451163 11.918535606919
