42.667926898093 12.972520707183
42.587256770875 13.245015361016
42.574699807735 13.534784887722
42.643533492782 13.211701322467
42.353233062382 12.092991157499
43.398291144727 12.543882802869
45.57373914869 11.295579945902
42.270605956351 12.742801796081
33.133633445585 -84.059338775398
46.199028402892 -73.418191267975
43.636696650964 12.806446018094
42.986331161592 13.308728592635
43.55249716835 13.043017633766
42.104964034702 12.68001507303
43.164038726692 12.657122800454
42.411021435846 13.390148414967
46.749900882111 7.8585897797526
42.667939287477 12.388470629898
43.099841361933 12.252506406185
41.90569173263 13.133220511106
40.694743948175 -73.213867308046
42.696677108641 13.089124220486
43.0017812839 13.454685068922
42.639625137059 12.699100624651
42.471379301127 11.084345136061
50.715385353759 -0.69607368381976
43.339675827131 13.68972051597
43.67524934873 11.905402156501
50.458139392295 9.0847651791222
43.360689385517 13.827285198901
41.973826541574 12.655573086674
43.748786539675 12.582545335697
43.270307686327 12.823237546193
40.952848270665 -75.352691915648
42.082362068411 13.042529001407
45.944105818655 12.926269542739
42.670068575402 12.525449741432
43.371279105272 12.114704021793
43.030414258165 12.676674732343
42.245728609753 12.068066666421
37.894871786232 -122.87709054269
46.663507769312 10.891767243872
42.301672622257 11.930205870408
43.066648773901 12.821756893241
47.017774192943 14.055675122459
43.413387540476 13.270968785191
44.617601002458 10.902057108889
47.65054436689 12.802087199105
43.80949507321 13.210809734769
43.816511815815 13.325398932384
42.692210638773 12.38953882802
42.035348213781 12.331059330318
43.037552009841 13.171830289167
42.281537162292 13.803781667654
42.917784079892 12.329259769234
42.684429102451 13.687216519253
42.196455811729 13.489490179594
42.078775889298 12.786217769995
42.616283331374 12.32611920469
41.872449275533 12.187783385735
43.333562340764 13.105850685924
51.322594030445 8.9241952402164
32.871214451501 -84.351668145435
41.944903620514 12.327318816619
42.340982325089 12.025771399062
42.734569703592 12.895040585632
51.46351054961 -0.71471700203824
41.854754210869 12.390557832287
41.864236847455 12.521512158013
42.217590690247 12.249232806868
42.646818421638 13.115131552406
33.98072489261 -84.299471721565
42.709756631756 13.540416102198
43.617472781177 13.455280209659
43.269105513261 13.707216013108
43.395193648264 12.628422643372
41.888605508457 13.560893578271
42.154029506817 12.133094725282
42.777579627849 13.831154414395
50.377327302647 9.2304287349016
52.319836492101 4.9954188844401
42.82988366991 12.140596415003
43.421003556562 13.311253067738
42.367584870389 12.633379704169
43.62272248262 12.489095160521
34.878269042143 -118.05413913848
45.870207593765 11.855372846755
39.13104122259 -77.14759267056
43.70064904203 12.21603540483
43.008803025844 13.758967771569
43.775328403255 12.058723331012
42.170415119834 12.250079203534
33.274081478668 -117.41623025948
42.689239843159 12.158699285334
43.087350901278 13.43046215711
43.79490774909 12.468674616662
43.707987273928 13.333323317756
43.030866723077 13.128690244711
43.707622593619 12.494372062171
43.597241116055 13.812400081594
43.274638448059 12.84216305422
42.254825473903 12.033811667505
43.552344179525 12.180036710214
