42.421020167631 12.527231710764
43.721374795198 11.929197122797
51.737897982233 9.2679084419589
43.550591172462 12.286542219264
43.465645983122 12.869753483178
42.50313435567 13.426676227
43.258285461601 12.74629517309
42.734887456885 12.212054666717
41.023013047512 14.307053462207
42.263813665746 12.903737878403
45.300679495142 10.298969352385
43.138814190023 13.732969347284
42.369726431284 12.580303116993
42.381628436235 13.274004177339
43.604282350116 13.156956669037
41.66315826178 -83.402339288894
43.08562571608 13.312184837813
51.463900299028 8.5210280406852
52.449535929256 -5.3579680482374
45.515652549228 1.2405335098694
42.51253375763 13.017663551524
42.963517029308 12.055462635635
43.37221731265 12.914380007405
42.163994086072 12.139416854915
42.771875054025 11.924091278561
50.527265114955 9.3639987797309
42.101511921336 12.097519414566
43.336819443564 13.030352172943
47.388189958843 14.125096494178
41.833711659014 12.315689991396
43.30643469391 13.306056103833
42.631116028724 13.463201224575
43.605806056248 13.425824720166
43.086750591235 11.964949334511
60.191097432836 99.076257380227
50.068719464852 8.9451810805803
59.642704771665 99.409630515338
42.323739714161 12.210403907232
41.847037558394 13.605411010632
50.364191074094 8.3382498008843
43.683097652033 12.475645053909
34.700899178528 -85.221769396226
46.112558991235 1.9237017733621
42.275171934776 13.031299574802
42.973282785163 12.928056006307
39.940882958618 -78.121777172216
42.716555682831 12.894868165227
42.776220490607 12.204747422715
42.275255486053 12.802938012801
42.314500698522 11.967148018075
46.184113766267 12.495485143131
44.529724861139 8.1566295189814
42.088549614015 12.109304905941
42.951339660211 12.423395921229
42.721911186244 13.734875102891
42.992735660653 11.890990446292
46.990654663178 2.6543418986976
43.385146978977 13.629796832649
52.739208347508 -7.0252898540466
46.682317589262 1.0762167722342
50.844488538031 0.31211439995194
42.786633361984 13.026885021511
51.973146052553 8.4917466139848
41.87612107439 13.182470866119
41.910804112887 13.247030360295
42.181660530263 12.361107553079
42.286919388609 13.084740433437
50.064123702731 8.8957528145498
43.275025971942 12.364001142939
43.716775530373 13.260732198276
42.435343791023 13.055144895846
43.005532469158 13.444691252191
51.503504793627 0.32246829486102
42.692145600327 13.028393339866
41.844781008963 12.967587344354
43.220392739524 11.850194971028
43.124547451348 12.493192265061
43.503481127112 13.589224954897
51.834709424914 8.3547170345461
46.34657229639 1.280833198354
41.894872046513 12.003631995082
45.639081865868 11.382641210536
42.404666292225 12.49973591815
43.134244155222 12.651801796955
42.37657121542 12.983037617536
41.029764481974 13.126416114029
42.213362373998 12.563823703029
42.764437855133 12.315218488854
42.576377687334 12.589270543602
49.0480551081 9.9736736588989
43.369320857066 12.90219079235
42.035274209492 11.951154253909
42.734814457493 12.975903596739
42.395442864597 13.182661878517
42.660499171217 12.695355123254
42.883455963306 13.057106776676
43.698039415173 12.212239955206
42.602778822951 13.719999986126
41.966274412354 12.073670893963
50.301296941145 8.4728710420769
43.712548522631 12.470092223266
38.472308586845 -122.15049117576
51.198228935338 8.1314692400077
42.029632825905 12.948949025475
42.764089588453 12.598079579251
43.215270353137 12.220376742196
43.653012869739 13.821336001096
42.280828177149 13.558514435125
42.265367127634 13.370207478951
42.858335056297 13.594585669059
42.861972007857 13.392093511502
43.195679275431 12.893140064524
43.314223470334 12.800858498945
42.228117035363 13.459571546179
53.301780632605 4.9115977823555
42.302841046056 12.733618846991
42.070459038539 13.369493410184
42.266083239257 12.105435031536
53.245690018286 6.3421108413451
42.739824437902 13.51240170447
42.503844889602 13.177260095357
43.385900586113 12.673521580975
41.930611189909 13.233228018637
42.448737440861 13.482235584188
42.655337367999 13.620579602507
41.952333979773 11.909159359501
43.285959890732 13.180163843662
42.892308521987 13.774604770737
42.549129283332 11.884103523069
43.575958322557 12.247037640909
51.101424549288 8.1852022419615
52.382483448779 5.6820867336039
43.742837670626 13.818284689385
43.789260021334 12.773003558544
44.644288080535 10.468420495521
43.148217895158 13.682682253759
52.47151135163 -7.4579724238524
42.435356770866 13.57083819323
42.73160595157 12.181303325215
46.208896808889 1.8937232405384
47.496337165822 7.4966173099804
40.473189786763 -4.8400091099739
43.406928740187 12.615525338641
42.454684564611 13.220095569857
42.464200358144 13.072474298122
43.3700231921 13.165771087264
43.156314017345 13.813297903565
43.407345270483 12.116333581582
38.732657653155 -97.006745769645
42.559529680109 13.113335488438
51.150283680367 9.0324221393244
43.374677349077 12.349691917372
42.997388478388 12.042532150674
42.565543892146 13.070519900003
42.963218860798 13.386935837302
43.469280224533 13.117334332393
42.600457301664 12.642995216738
42.097697558879 13.553879728354
43.627778863848 11.942693742452
42.569455181535 13.626656545173
43.503599695186 12.531144667685
41.894019346656 13.267566457071
43.455766116968 12.448749641652
42.159408825545 12.530186793569
51.166890873651 8.9094833381984
-38.548008685721 146.00322722427
43.699651645378 13.582905264398
42.46456437116 12.261570672647
43.136835051785 13.166550270846
43.818283749215 13.653765732282
42.44771856421 -70.8419955803
42.42613456653 12.629733462201
43.338067398119 12.362460090969
42.658604050383 11.965899565728
41.558091797334 11.800131380742
51.283119883753 -0.97003454066814
43.805800987804 13.515923454687
43.443628132105 12.745175142675
42.334627420818 11.859478837766
46.11596296137 10.637798685202
47.343717334486 8.6446656597055
45.186095161727 9.978398424654
43.590823836455 13.159385743181
43.63729556868 12.375621074541
43.613678957177 13.076164909229
42.779015010607 11.937423157963
39.908153520642 15.801302335363
45.135310040824 8.415646063751
42.120969911649 12.910462073495
43.761469238813 11.985372543815
43.678641085384 13.417158435314
42.942931353109 12.065636207401
39.280869215118 -111.28316926117
42.909856585299 13.328255925036
42.846132360814 12.51716914706
43.098459506474 13.449325290273
43.245728232568 13.522458270456
45.29636089797 1.4478327336013
42.771050774407 12.33377878013
43.120202823619 13.373889595465
42.54535455843 13.139231085397
42.275765431263 12.96340419399
42.309945382343 13.771215496965
45.507344667105 2.8307780329281
43.663109569674 13.649674626856
42.643795457058 11.879147649707
42.617436160642 13.606054945221
26.57636635636 -79.649474981353
42.703651599469 13.05574219306
43.797393833679 13.561246610995
42.381279214484 13.775146568576
43.200942499678 13.472732371892
47.840579924099 7.6356159782203
43.646332438891 12.212349286423
50.937556793884 9.1959280186314
41.963699778131 11.752663000905
43.239128620496 13.459269746442
42.737434624593 12.044735574205
41.947588954117 12.60558189482
42.970714820091 13.354681048728
45.55210807412 11.53795887499
43.126316686706 12.294769966667
43.126570658838 13.213021104344
46.418927579848 8.5695828276545
42.595295074228 12.162735492553
41.856730558398 13.01558743327
43.602908386685 13.494621815877
47.158008981358 13.194893625444
43.559162688723 13.570126577101
42.045703642578 13.007505090466
42.523407435775 13.075994222016
43.567570414679 13.053207260602
