42.672632671761 13.383719194414
42.797946048362 12.541147523833
43.144935761667 12.459145292875
42.401378521904 12.907017101511
42.334922864279 13.34205584898
42.814192854734 13.450046653624
33.546557082306 -118.24218179939
42.041527160018 12.958640402185
42.483654638999 13.243876134646
43.016185364715 11.897118373281
42.001185418594 12.254061403824
25.152959283495 -80.985150105123
43.448860988251 13.264163408107
43.065753402706 13.643490367424
43.446361150821 12.602792839821
43.190160016173 11.906644788083
43.100424455081 13.79626406815
42.646697318038 12.884618369364
41.943229282735 12.346280002217
41.887972043796 12.017916924815
43.645208091797 12.437963359749
52.923313803702 5.6440632235697
42.080670730735 13.073599558379
32.995963362323 -111.98669628846
42.034933527503 12.945091379802
42.286414788073 16.303118965359
42.967928166507 11.976739584013
42.09140452097 12.662347046988
34.629080599318 -118.02469443135
43.111730142104 12.113396966438
42.225203825752 13.069840364212
46.005396333526 2.6563330314384
43.113776822183 13.018103335548
43.224085775329 13.025116834357
43.401741959363 12.846321724305
46.651676972819 11.189565115298
43.193370771705 13.7284028096
43.38661574965 12.991184270026
42.73819651398 13.727482925063
51.56142413782 8.874622601026
40.999242208572 12.060915495574
39.267927977555 -78.280214275789
46.694049282884 8.74255475646
43.412273930599 13.043673716993
41.524841028184 11.505016922066
50.053778586469 9.3964265461063
42.035336114038 13.213427781713
51.557782581801 8.3177796030966
41.891954078775 13.326356069823
43.75409398172 13.097395682308
42.75731641045 12.455116452882
43.596489876342 13.187233415075
43.153555123228 12.155958150607
42.291857058339 13.598208140881
43.638930881575 12.491778934629
42.446193194711 13.046833681451
42.616298589232 12.293285503675
38.616993722229 -85.109534395058
42.058779943317 13.700290922888
45.640829231656 11.254902516119
43.39351463478 12.380392203306
51.162337447825 0.3735958860552
47.702622289631 8.2164313063102
43.8257175241 13.065282305288
39.540746558418 -77.841180082762
42.154235649015 13.464685540884
42.614503271719 12.531811518398
42.668468664733 12.360627637434
44.893163014947 9.7365762066965
43.595652066004 13.503410840662
42.165957849571 12.722684808433
43.615707311621 12.663649374949
42.060405770366 11.866730289027
50.234296186936 8.7445609382096
26.419522202752 -80.30520778843
51.233056869466 8.7663323184319
51.577475624428 8.1983022769905
42.421077763413 11.910095986424
42.226516268808 13.390848257316
42.849832338698 13.323488296647
42.028792589472 12.721952174216
42.878970273735 11.888097995861
43.513243710882 12.79586923441
42.710004670897 13.622183763267
43.001851749628 13.27893804541
45.723844659386 2.6025826402952
45.213712953131 1.6500861773501
43.28423332578 13.315420256164
46.341449769373 1.3754269887579
42.70418407151 12.883445186042
42.152665234729 13.631393292303
47.93633084555 8.74307631503
42.790456664672 12.018508682057
43.111970533224 12.57179709087
42.004395055142 12.137204093478
43.479446498921 13.006599428622
43.746121227644 13.404530589678
43.684419699819 12.698234706066
43.244614920714 12.187252386116
44.767154577129 7.504295105049
