40.828921293595 16.298782936066
42.010502063509 16.729687948681
43.485084601459 12.241752548743
42.443394077238 12.21450824582
43.650336293827 13.374254531422
41.426759514991 14.985238281633
43.604205613793 12.621751443328
43.310774109492 13.803111556847
42.919556006773 13.82417799666
42.905224455497 13.309111465865
42.63867410537 12.785931132655
43.764027687632 12.518236079981
43.09092560184 12.86183765666
43.504071809607 13.774266586555
42.2557288107 12.320568383842
42.76294338927 12.967918688437
42.905031503621 13.179678675358
42.093413028465 12.317064312921
51.682399456841 0.35968284999207
41.921800704471 15.584506816598
45.57373914869 11.295579945902
40.592643443457 -74.096062875063
42.139056186278 12.685324952346
42.192063922639 13.453740333439
43.297080704636 12.809843485642
36.949268052248 -123.01166456861
38.048992063325 -121.15155550022
42.335828268612 12.639080223015
50.733588611816 0.58374933175452
43.427193369005 13.122439656019
43.639083689397 12.530662841897
43.42499915998 12.284949011323
43.653948579309 12.051475569651
44.936563632163 13.478087110044
43.600059533792 12.602236675866
42.579884334293 12.562135648265
42.057067621081 12.316353636496
42.255958367745 13.162610679496
41.918188965862 12.602601679809
43.471935792136 13.237103723121
43.069023205486 12.998087883016
42.307540941216 12.78938284043
51.856416964837 9.3900464430405
42.713869223259 13.231502973603
50.878848913069 8.5526237779076
50.267779101277 9.689877166734
42.923721275743 13.213837032793
37.226635424443 -121.62837729136
34.932846503613 -118.03582312473
42.202477304846 11.944780815388
43.747845875469 13.728200391761
50.007198296491 9.4064183921583
52.092483035565 0.86939966900247
42.235273360405 11.90515135366
42.438698524834 11.88015647555
43.235009289477 13.403948821802
51.024275260989 8.6076625518536
43.190465187764 13.180952624057
43.304998127441 12.835021071546
-34.438690917106 148.45388105307
43.815801900281 11.908434545134
43.48807798118 13.106874149363
41.871888947634 12.424999654512
42.074781996719 11.985653487048
45.882838371621 2.1496306383748
42.000356472584 13.143026077276
42.523582019642 12.211985261299
45.781431637137 2.7232674033024
42.893974941195 12.955556210596
42.026646261137 12.091153751657
42.919206581528 12.84102218686
47.845765009239 13.42181378974
50.60296728653 -0.031529432228543
46.150412488799 2.2261515731114
45.189124491645 10.03887042284
51.794949363822 8.5120939805694
43.456722699805 12.473607694972
50.396599992829 9.2723082449624
42.471817693914 12.412501582158
43.363553918623 13.52948383548
43.074483077097 13.590999685058
42.209023654114 12.584223735905
42.460633633894 12.273523306622
42.803769641485 12.458848919023
43.170652446903 13.273033097069
42.745237926389 12.662646521212
43.74653926808 12.185830704975
43.165235322532 11.949064950456
43.627772050292 12.603609853261
42.440227223786 12.497188997707
-35.340223602444 149.04234346757
45.078831856176 2.7976332333859
42.621936824483 12.199803147113
43.093166826823 13.446943986924
43.706786245458 13.517060132959
43.647166865735 12.282095360256
43.619460213308 12.841243904031
46.553323382304 2.1937697246642
42.286414788073 16.303118965359
42.683714336589 13.352051295991
42.329265485226 12.768018153875
42.093883045548 12.50967777034
42.5527361718 12.602008842699
45.82779047581 8.2506397103871
43.658589598119 13.55910675442
51.709975801273 9.2486323706101
43.229961885267 12.023572772308
50.735519420232 8.3744828358174
29.620153536128 -95.701652578232
43.118643187528 11.885773794228
42.4680875775 11.849719936445
51.364189277107 8.2660746435942
42.035171342585 12.596064487771
41.830650278589 16.001245631467
42.666444671672 13.249834329493
42.800072738829 13.706255627215
43.259473256443 13.564166771066
42.999767786844 12.294032151037
41.9199016732 13.632292085177
42.623902793354 12.920564253333
44.768498936794 12.918414030876
45.090221740138 11.060663469537
42.820430974413 12.62634411858
51.929443999394 0.53025854771038
43.50216661 13.040924458339
42.265531797107 13.319875351789
42.17945932002 11.949674153232
42.921820388626 12.014649101561
42.452618506969 12.29962612658
42.883790136282 12.01505025479
43.355629799608 12.628774220438
43.485508032856 12.35254050996
42.950375917366 13.743031642767
42.073957531303 11.911763519494
42.039858886546 12.923064228132
50.181223298507 8.3704737491768
43.36188799674 11.835709867478
41.885590054994 12.137908373113
51.881476595011 8.3365119967314
42.452777235069 12.059319335085
39.13710299484 -77.712310837873
42.889682167645 11.988625458457
50.5537873877 9.7664617461928
42.923532632165 12.594579857141
42.582860147873 12.244180221711
51.593312195313 8.8942680921845
52.493789433033 -0.67959587079919
45.700719891908 1.9459604355255
42.802812259108 13.033275269474
42.51485419672 13.407878399106
42.891608788137 12.385490956451
42.752369155547 13.271846978607
46.098986530723 1.0864935438551
43.41245076035 13.071805414798
42.871659402697 13.661561209572
42.618074911024 12.233767764773
42.337545475635 12.120433285444
50.025148781028 9.8170184305948
43.780102632858 12.36276246766
44.520031822855 -74.434503816874
47.121115475484 7.904972026546
43.508905293678 12.275906908475
41.842223074235 13.217005698132
43.427982117735 13.116441254579
51.766211242772 8.4114346943849
42.177536995254 12.883964728065
43.030406313052 11.974416031046
41.926756060203 12.709834268668
42.567923678371 13.364249265478
41.861122534101 12.081291315205
46.837305250968 2.2560603168123
43.583866302217 12.723578838989
43.238291038332 13.228963362181
50.435765384434 8.4734849876135
43.748915461727 13.373004405023
42.638130819277 11.911580076887
41.911837106085 12.430367998535
43.302018096832 12.719832926413
42.834535753764 13.68550059699
42.123398813032 13.387524826654
41.922344572827 12.714694533385
42.219721374691 11.868038559758
38.837111855739 -75.019275351741
42.869354594459 12.285889341184
42.645258138743 13.414182672957
51.447820891835 9.9284123591745
43.038622632196 12.178387079026
42.0885291333 12.814306793203
42.014094004435 13.412791012068
43.283221997008 12.697922529999
42.463852319638 13.336097017574
42.657279385581 13.720480146709
51.166890873651 8.9094833381984
42.167732519197 11.967094737576
43.572753270444 12.140656061091
42.115483312942 13.246262140708
43.357293911 13.31749918189
42.687798763501 12.82342156948
42.712397720552 13.325093446937
33.386251888597 -117.8913810819
41.977268456492 13.237629378346
43.787710261453 12.581118219824
42.767483757722 12.407445430966
43.551548289413 12.437557272372
41.930627633806 13.239315319007
41.84601076175 13.242862548348
42.779093043797 12.382271249046
43.292743167532 12.683461569123
43.01034934216 12.845139114135
51.786760545935 5.3663381205948
51.916798012758 8.0634659310167
50.666960032502 9.746032785506
51.847971780155 9.7442119469606
50.973519179492 8.6332878948344
42.615342191262 12.538645449832
8.5723008301911 -80.488850620803
43.668400368985 13.5024674081
43.059015629862 12.084964657729
46.171994887838 1.2311949675117
41.848704893093 11.845431918693
42.586959359996 12.209364420853
42.753746811673 13.514852150138
43.745299374121 13.126094317143
42.875106647574 13.016481831233
42.995821837821 12.227004789874
43.172833012984 12.446895254074
42.633890794906 11.971563689418
42.949075330977 12.38739876283
43.749457426274 12.943112710485
42.676517518108 13.444693337423
43.799977624251 13.446351614078
43.443093745731 12.66931920625
-35.885094869163 149.96595303813
42.020399114148 12.976797963968
38.569258286883 -96.667473898114
42.908917621688 12.318196048664
42.727505762955 12.381377389853
43.804488770128 13.501220809085
