42.745344357933 11.939504523289
43.33675197716 12.225607373412
50.375241284899 9.6130580071421
43.482705257147 13.547937764597
42.37568500611 12.488191359925
43.354569941014 13.217416077043
42.696558735213 12.014040845939
51.465586652032 -0.09378933776346
42.573705652551 13.767900953914
43.597493726594 12.629501378012
42.92080599068 12.326953539332
51.400861627376 0.3623886035068
40.249695277655 -74.788718837933
43.523888714876 13.024625477879
42.100422287428 13.178739738289
43.231149312237 13.372036538747
38.925543193871 -76.267389658381
42.267462551739 12.924257714753
50.670430401652 9.3560907623526
41.855838496192 13.509417627265
42.304330175905 13.60795830826
42.317773888057 11.996078698915
43.047416399276 13.033806687723
41.853031628252 13.229621554853
42.550260077042 13.547743349612
43.772291377567 12.646094899946
43.766217128751 12.592860210518
51.055869409375 8.6753614245334
43.186231907099 13.171184125923
43.272733075692 12.358298475111
43.168513746566 12.303857752284
41.93801534082 12.861179749438
38.615241931826 16.787199608647
44.03838115127 9.9464603651298
43.320334291721 12.00775021224
43.2052266557 12.154593336489
43.241334711801 13.649798462957
42.070255419293 13.766576984344
43.146484434694 13.006371842256
42.488898284051 13.302124094845
42.428521674347 13.161952928271
42.798064869755 13.022665348867
42.036115982142 13.776583861477
43.481582544058 12.778177714359
43.0392845157 12.47092499282
42.337119626991 12.418562995486
43.611896418807 13.106210936863
42.591372446919 13.629793572088
52.937353727146 4.7734259609242
42.125312895128 12.095726132458
44.225988947985 -80.603242378753
43.115064526983 11.914499663263
43.296485633748 12.607000578499
43.674184287302 12.397518782617
42.908075931926 11.843331643794
43.811096071664 12.018695058796
42.358845906055 12.506996930368
42.574645945304 12.688451212851
46.43853548017 10.335248373069
45.675471497108 8.57020150729
42.959239425047 11.367765310534
41.755407994173 13.332637186129
42.183486279207 12.248574482414
41.987261466231 13.323189955842
45.839767299518 1.0333709586567
42.703053318778 13.542872956762
40.059544857407 17.114393461779
43.618956189446 12.091099860676
42.299512351092 12.794954865165
42.112340573295 12.2558398169
43.144360460429 12.847093232392
42.790449482778 13.355397849996
41.859519824341 12.242824682634
42.81395932001 13.229253909213
45.844552803945 -73.671327238421
43.157799722721 13.809426743469
41.862252671694 11.979300948803
46.586884473258 8.2821815411012
46.27909978073 7.0576888560586
51.296830475003 9.3372363957284
43.498650956221 12.864161088555
44.876817863331 11.388666510626
43.786208132669 12.783497081058
43.825788502056 12.08549776074
42.941990961315 12.471884416191
42.278112910373 13.217337144195
41.839529282825 13.616114820662
43.683991199699 12.376270683213
45.646159010428 10.38912024141
43.243888285611 13.047830855983
42.537454691987 12.879807068931
42.051933022727 13.298922189206
45.784363314409 2.4558586154393
42.753256836812 13.28552763552
43.643302720361 12.708749312793
43.765816790895 13.538055134743
42.077882670855 12.684059616518
43.591373066249 12.684535341677
42.314884109125 11.972695880578
42.312253082337 13.640700577146
43.54179173549 12.436244417206
41.859690239143 13.460213079818
44.323238136353 9.7556803393204
43.722974700745 12.211290688373
42.480755096546 12.446537049251
43.717568636296 12.612782547557
42.451133919645 12.125726618418
47.088092495263 8.5343528718382
42.306942172978 12.582187890833
44.189622001762 8.3114269432875
42.126797873141 13.036770107263
38.157760493265 -77.798845944251
51.058709483621 9.0045149922392
42.521159812606 12.990309639385
42.883799034603 12.459456627026
43.443029893324 13.272695026508
46.434744939664 12.924764971002
44.209091068578 6.8147679147868
45.723975139542 2.1881937725414
43.344565633866 12.601901486817
42.360674161653 12.462377434367
43.292988555663 12.609857129238
42.400963259137 12.306250467129
43.6597349335 12.210691983465
42.47171532573 11.93438291735
45.736703984782 8.2240084308289
43.468080517609 12.061286102099
50.17330116321 9.7702068168531
42.119429471979 12.676852950697
42.522943699997 12.955383416265
42.424939479898 13.430953015795
38.997073121568 -77.94251981503
51.434433537272 9.6148609549808
42.392166206351 12.630023562198
42.357630933124 -83.425898904386
44.550631982091 8.7401241418627
43.758851844726 12.031883322204
42.303977500344 13.724875357361
43.701667053041 12.302032764231
42.507659771271 13.527827172807
44.154345822455 8.3217888241502
43.272818555738 13.305457601487
50.402566533723 9.1474782368855
42.669840707777 12.561124188176
42.910158205757 12.02451904261
43.841894851647 13.925735522886
42.661223024924 12.451663302023
26.866828415464 -81.120208090968
43.309565606227 13.542273097945
42.724149400727 13.541569118196
43.81833613611 12.011668161516
41.844776989841 13.270236808022
42.196753454507 13.771451466166
43.569832613512 12.434770652782
43.506153443619 12.806441720972
51.574479320121 -0.62659259174791
42.574098937036 13.635093303714
43.625511228885 12.69345461239
43.272138450908 12.142254526814
42.583929713177 11.96978376853
42.789619109051 13.380743778043
51.214962702345 9.8705094172016
51.469254438984 9.49632133846
51.308521166355 -0.34219685637028
41.828987554267 12.367870841512
43.554304006789 12.48569193088
42.732329016913 12.244136177604
41.931095445983 12.78847128052
42.971990388826 12.950843462719
43.337194477852 12.732433083829
42.136742652479 13.017199825059
43.228247183037 11.963163412646
43.5605018969 8.5834564213797
43.712428429982 12.67104098141
43.295190664632 13.336107386919
39.956083240664 -73.918121149978
41.982791795408 11.96471739654
42.935273155095 13.210140561338
43.671315966042 12.159623963854
42.62585678076 12.841620577447
43.138202962085 12.969177050988
43.644611073979 12.194612679183
43.475586555209 13.445407891874
43.244291029074 12.558870941682
42.307017007075 13.304168561636
42.943769311527 12.552797003462
41.817319076677 -82.238399268446
42.731824966044 12.349200700593
42.797281414663 11.971508664087
42.193077346421 13.318488691171
42.663593939836 13.435067978911
42.818839605369 12.25916992468
42.021566914193 -83.068252205156
43.577131940807 12.139597927306
42.328668543312 12.452028301776
43.532216987376 12.87260423364
41.885418067188 11.83969778795
41.947708742224 12.780817207334
41.86486841734 12.382041700383
42.698862366725 11.898900758915
43.258823523439 12.594389295503
32.966215992985 -117.95319223346
42.577928985759 13.668362770096
43.400537199083 12.780375639827
43.318795765454 12.598263707777
42.653968250358 12.225462055682
41.13214943159 12.989689211633
40.663682414505 17.472605597264
42.651385685288 12.488262351851
41.939298124977 13.086990057087
43.470159502009 12.425408944241
37.469122708591 -121.77323413793
45.079880478363 2.9840514254682
43.378354714915 13.147511082325
46.400372320947 9.4938093660581
42.353009249269 13.238413033208
41.876057573092 13.727564373413
46.685123207832 8.2718984327614
50.283321268057 9.2585651596349
43.039935899472 12.677509958727
43.054788194643 11.900878594697
34.76198593208 -118.38189607998
42.376739088177 13.084260853533
38.665390849934 -123.25532357563
44.896384645029 11.854148402003
42.39126776412 13.729641981318
26.450707520551 -79.583555894054
41.944299499965 12.22478694947
41.996737779138 13.475398614314
41.856487964818 11.510903756184
41.967926841235 12.333315360536
43.042352746282 12.273294374029
43.285311460649 13.730939001672
43.733619208345 12.2766781367
43.08473322826 12.073783719036
42.686021414926 13.824483547299
42.709691195169 11.910042867509
43.777817744679 12.720111830051
42.759196743744 12.070571736021
42.478667023836 13.078951298783
43.805026377481 12.394354541059
42.042547274887 11.909689069239
43.110663377287 12.770742620256
42.266388432733 12.708708486405
40.120591012503 -74.121317405907
42.477362692134 13.501211739865
42.114819787517 11.910634780282
42.584631515494 12.912465572337
43.320239256306 13.506281013392
51.774314564082 9.2933856487709
43.069547693764 12.955007175449
43.74445960009 13.747419142999
52.489108143835 0.087694925711353
51.557924020131 -0.13960874371678
41.887371861344 12.330459384423
42.314023897219 12.400499102867
41.976436370528 12.927422308816
43.779250939761 12.582662954288
42.337129013791 13.709303614569
42.266435242869 13.253276209952
41.976333917129 13.476956203823
41.833875691462 12.422327938707
51.873790452664 9.6899983006017
41.964668267877 13.654121082602
43.139890091114 13.161718370024
41.886410327131 12.952583888545
43.787164444491 12.363347833701
42.380310991511 13.800378729983
43.259070373282 12.623667874219
50.585639384848 8.0591167439982
42.203191609703 13.279394669609
43.487053397359 13.536991867974
43.723028108835 12.918844815792
42.871178642342 13.760637501164
43.689415934838 11.967163223779
43.308850114399 13.810026606012
47.069076664778 7.9167522713154
42.007562219655 12.944834178775
42.757362416388 13.672628366723
44.606349041453 8.3429660327723
42.759015531654 13.526284177122
42.187657167312 13.761876957867
44.853304561436 8.9061729130807
43.380325817235 11.900279827856
43.678658386098 13.440601318369
43.407020985359 13.029216881876
43.122930957548 11.981725723495
34.789561172106 -117.46785838914
51.415205858608 0.073350934294686
42.356633975358 12.833995101451
42.236267910004 12.550773977114
37.582928916628 -121.56436026092
42.250492333572 12.139989231799
47.052484623369 10.47003654103
42.144929814707 12.338362330749
43.063022307636 12.78288911601
43.007311556978 13.719635083696
46.702027826897 2.2076255284285
42.104964034702 12.68001507303
43.014768364401 13.253228793991
42.054137091199 13.508545166605
44.832665885816 11.745284218085
42.135369097898 12.477243311481
43.629075937753 12.668399300759
42.977859337359 12.017489997699
43.503019122662 11.899267923061
42.880480751826 12.213177727656
42.446305973218 12.909923288019
43.66768715331 11.939670640037
42.189499274937 12.951912559102
42.550889544932 13.448789485495
42.491568690881 13.467659945839
42.731293981791 13.226463189009
42.651401345942 12.235615394675
43.823414842071 13.385972416229
42.787228577227 13.453013604273
42.876351739243 13.595948063136
42.664958776771 11.884757056334
51.555660782641 9.9359502037689
43.620481139628 12.242449760276
43.683633717582 13.440363053924
43.050625075165 12.112107561974
51.677635187366 5.5323375145822
43.013497577542 12.247987177825
42.588745563121 13.284888920062
34.48483277896 -112.57371355444
43.138230916198 12.352462926599
37.750976191526 -121.61065897633
42.671085469758 12.011836414718
43.147901494146 12.438676230835
43.771118421022 11.83833766211
43.568506502366 13.655679662107
41.145247678945 13.306519856631
50.206202194191 9.8516418001855
43.581298444712 13.754875264503
43.48300457165 13.486635911992
42.219209838782 13.031903530507
43.444222531975 12.493970764121
43.040688431862 11.903443406778
43.419712095738 13.59345690377
42.020646037099 12.311956195793
43.389120430422 13.316074995027
43.764395519071 13.425671664752
45.900591289858 10.04977870679
45.533518575846 2.4417776309148
43.144761828328 12.322234740186
43.559722835945 13.296248508776
40.5328600312 -104.54368882691
42.831734161301 12.156898543333
42.964249330577 13.594460248314
42.460055513543 12.58339241316
51.500681827078 8.2263784241985
45.107009592516 2.7086864042602
42.10240279145 13.811988037944
42.414462343538 13.132986633656
50.659030524622 0.82874412821548
43.565123427012 12.064021466816
42.079550641647 12.148921149408
52.977501212143 -7.29792595948
42.298876395609 13.555063409545
43.294531289646 13.22271002795
42.539772082393 13.447920889823
41.852316395332 13.826857839186
42.926508747028 12.807586355066
44.645120628504 8.6634299322327
53.415171926757 -114.08640659418
41.929078835051 12.113164747208
43.817806877132 12.573226980687
42.093606973132 11.885061424659
43.737088243841 13.055638644426
42.221740770744 13.395744022653
43.224853963251 12.566979240445
50.555325406164 -0.012093779222148
43.352366386632 12.021842835502
42.556312976685 13.213951038783
50.817967687183 9.8890153383319
42.495803758754 12.050739445768
51.844900714394 -0.30875821850204
41.94170429231 12.296192252236
28.899194396817 -96.049470514291
43.397523552385 12.381555692957
41.978810631216 13.048545781101
42.555188321788 13.386043074742
42.152321944571 12.062409684112
42.781830995729 13.630618859397
43.170658904228 13.307541278355
43.719578858355 12.635929338485
43.477833303401 13.200219388234
40.290939256897 -79.643231467421
42.122821237039 13.309981380755
42.069027920772 11.949730620717
46.673336353001 1.0253257318518
42.577983645547 12.035347262901
43.203432840411 13.091437228088
42.042013521347 12.745399092227
42.215452618553 13.751644049211
40.88926549359 -74.566242059157
42.271313060688 12.216408253304
42.457420096967 12.629867129808
42.260559113373 12.2708262947
41.928667432151 11.976558234553
43.490989349101 12.181409138826
43.095072824108 12.162082795616
41.256125171009 -73.512097469435
42.999229343629 13.491213482123
41.973766781864 12.01660730972
42.993809432741 13.813591185891
42.65265210471 12.629963328911
43.493533829012 13.081758606307
43.248335349277 -83.164215835095
41.876495643017 13.816444266057
42.703998356941 13.652574655459
42.166365222173 13.266865058016
43.682335375681 12.677928501611
42.211331761096 12.678765492851
42.683878260538 12.772882013963
46.183841154924 9.1780670496533
43.001026932172 13.762480241623
43.772772503466 12.488007499153
42.342946651572 13.028374782332
42.260017277349 13.661452483249
43.032305905631 12.087580934694
25.610448627069 -80.744491711881
43.274884493705 13.647124352256
43.431721754129 12.828836300817
51.643772212623 9.0598445530328
50.781909345548 8.0789928147937
43.818888113771 13.682098586451
45.421881240058 1.3337286228005
43.658068448633 11.938471551511
43.557095066459 12.2103198875
53.430603721612 6.7327933870176
41.905862275488 12.669833465812
50.007198296491 9.4064183921583
42.409722620367 13.615770512103
43.025636072304 13.748916339965
43.322495478842 12.137669929388
43.490796538785 13.343245666189
42.305406918447 12.176173889181
42.025465818621 12.297428799953
43.406146101864 12.570670922574
42.097765897467 12.072357010151
38.248560387757 -97.423177170299
42.221979847302 12.481279924757
51.414696216311 9.9617224596263
52.524252635438 5.984287147985
45.295693056889 -74.261083298645
42.936217633067 12.860479726412
43.794141429867 12.682034723334
43.505077583506 13.006734612888
42.838817826418 12.441889263916
33.89223440796 -118.03810454051
42.287908523033 13.092056126863
46.514999633895 7.819333272902
42.137131978377 12.579470820084
42.979050750855 13.473123607001
42.020118920163 12.842377164814
41.489539943084 -73.649840831725
42.677401852199 12.951995167414
43.212701222979 11.901297633977
42.195225947183 11.883315870039
43.024110103058 13.206397913048
42.611364753291 12.757362993808
41.924781322 12.043975357008
43.400725311807 13.074962766897
42.071221033631 12.050565999046
51.382860368762 8.0018254374162
43.684243906163 12.054787785327
26.103576627125 -80.139547898774
43.143036887137 13.151888927537
45.61253189762 10.509061449144
50.636750497241 5.0658518712087
43.629690726602 13.63145892633
42.297070450774 12.394661601838
42.663360547139 13.095249850834
52.163992494654 0.13149352139863
51.915447018536 8.492862834359
42.60594432971 13.40996404805
42.34508528532 12.738612362549
51.806221435455 0.099225611886585
43.328971786133 13.043507224921
41.917599743215 12.878074123023
41.980476203852 12.663306814483
45.621807908463 2.2266877019902
42.231982426381 13.169334310672
43.017025309178 12.375612738738
42.626236608099 13.019352476608
42.154931620322 13.796518010479
42.669591219032 12.165757359569
42.427554953598 12.820319460177
42.17647606005 11.846859382415
43.769509383857 12.012269584023
42.951393112073 13.071291668395
45.282972572503 2.1220069490941
43.5353604637 13.129883118521
34.232697971779 -84.76313248303
33.151168700418 -85.248410736233
34.048968067455 -85.290551825003
43.758504141496 13.078301421424
42.729702063266 13.808227391845
43.212876988396 -71.100322512697
43.118477033527 12.278574521804
43.701785627635 11.914273352809
42.422198220374 13.397572088261
43.745823576483 13.318811689673
42.972453103875 12.167198952852
50.996183766982 9.3720941140186
46.055451389428 1.9639374515805
42.655020665238 13.311824803872
45.472287736122 2.1393767549374
42.03672527386 12.946914664466
43.812095648543 13.37548835828
42.432339272997 -71.310702122645
42.904511987208 12.01487661249
42.011023093507 11.924669817076
43.239903137686 12.271209886445
43.264172522495 12.754221016913
41.837502810584 12.799439138195
42.299684300248 12.175529034445
42.286618265478 12.750392271111
40.144265276599 -75.038594148737
42.322913947221 13.178203920472
42.909077884142 12.141490908427
33.577542048396 -117.41180481903
43.354724595975 13.416076397272
42.138400815513 12.665367836463
42.123213632576 13.282811295859
39.551959686238 -3.8081256401763
43.256737559243 11.85017293128
43.123816734724 13.813177902185
41.911452305949 11.916060316824
42.092523996317 12.739621566508
42.82924839569 11.896962193745
51.969933479079 9.0162808774115
43.024167557279 13.601774593185
42.335525011821 13.565132344426
51.665189436481 9.7021279617688
42.946940184101 12.532828291682
43.365321137202 12.628854314179
42.948949696493 12.019564212796
40.83047498571 13.198281008309
43.122091110874 11.880295847974
42.554483235162 12.906413507625
42.548589673635 13.166010142402
41.854168394534 12.775402296717
46.246251692295 8.7810556474264
41.992915125581 13.490515646308
42.63951131128 12.932895302762
41.863211233592 13.67655749606
42.947510656432 13.447270138418
44.635342797935 11.511219709046
42.317235848104 13.640151135943
50.992636076404 0.52137505142548
42.459219087616 13.705186011619
42.195862658434 13.614035698892
42.521622034519 11.926330301432
42.565356741944 12.295949785198
43.673709729555 12.21510442405
43.233291769064 12.268935660978
43.415659106085 12.334400628404
43.375264316527 13.093475908106
41.876347782054 12.787824422509
43.204079665825 13.261444128727
45.00330851816 11.117241234436
42.058301282629 12.169272106241
41.975841990682 12.144098202786
42.51866170604 13.264707359164
43.589981613511 12.643117275875
43.478180246206 12.955426606816
41.932646460355 13.70721280051
50.204181002548 8.5358297021761
42.839103037903 13.409957179546
43.369606995217 12.847635640713
42.551796963251 12.433280305694
42.95126867201 12.83304719435
42.850604697082 13.450422832042
41.909026142188 12.962820436344
51.569443882243 8.5720181933474
43.234966420699 13.035172361918
51.706697576776 6.2826326082147
43.613497803294 12.078467486018
42.650508891649 11.986967584133
38.753385101039 -77.114977083647
40.06783360858 -105.65146337427
48.110597502947 3.1643753822764
39.892101836325 -75.014621058533
41.220555607098 -74.480131044994
42.031472901849 12.628245704655
42.261905617224 13.38526786651
43.226327596359 12.978591987874
42.213663566978 12.125959219956
43.224774722601 12.089311986759
41.927605039893 12.459043245066
26.823682834761 -80.467880052542
43.428934327082 11.977923039358
43.7796098007 12.249305999509
43.771594476335 13.671374647746
62.220417208141 15.75348844554
42.771537796043 13.774798138449
43.500802247108 13.293167752837
43.117810236832 13.825360693443
43.627772050292 12.603609853261
41.124153357916 13.983445477569
45.847572108427 -74.456633231021
46.254315314139 8.3224820126674
50.966289872986 -0.10801157505158
50.687579717109 -0.83234664795098
33.320347721095 -117.84587042203
41.921333037767 13.5698884002
43.063782983976 13.122154271774
43.156769971457 13.564709437364
41.55316614865 11.961600004023
42.123653151639 12.64050551303
42.000539271648 12.931988172222
46.336019077283 12.365843084599
52.411515572998 -0.5801140338602
42.078049221599 13.519544157928
42.567800959858 13.306785362937
42.456012311625 12.114903862197
42.756163680833 13.796822734569
43.647042996572 13.412094040521
42.444980175928 13.829603764636
41.918068887649 12.479324354103
26.333841449254 -81.126299087758
46.257603698321 10.423595238115
42.049141920681 13.544232953614
43.036953860001 13.646817993695
42.392468794453 13.387227643948
42.096047098814 13.67175592562
45.499017748748 2.1668688683616
43.463797635636 12.213172034015
42.574227953618 13.643972569932
50.703638696672 0.32147731222747
42.002147586573 11.89343433964
43.25430152812 12.34818443814
51.282598102597 9.3979775371952
42.216565416782 11.871886285449
43.090014913182 12.856481736014
42.441362433362 12.104787086672
46.468532742734 11.073216059044
43.421915537895 13.465508873812
41.948596935763 15.911442713282
38.366490289207 -89.447711830136
42.512763947161 13.035902665756
43.34825872136 12.874104802459
42.198004840986 12.602434885058
42.235015230849 12.69458774046
42.683458024975 13.03908999827
42.622191105349 12.250547757044
45.923569094934 10.001752674834
42.18301461927 13.675955544096
42.190403494162 12.265552688535
42.748497957733 12.828297640604
42.670068575402 12.525449741432
42.1567078867 12.157567461581
46.749371380058 8.9171259903429
41.575204434861 -83.561836583543
42.971810382799 13.703458840376
42.96935072635 12.030834110023
42.1840892058 13.578382449515
42.371334555753 13.7264297217
50.604760008235 -0.26346423232861
40.291361233041 -73.689581953907
43.229728239251 12.240311394113
42.341042091318 12.506266210019
43.314349382352 12.772171315652
52.991910037348 5.4645229860742
42.546810505722 13.065453534532
42.842691900156 12.498054310932
43.510210303383 12.334626930943
42.697792450312 11.993804952148
39.140316736658 -76.74240620232
50.636911617889 9.1459355373615
41.881351875573 13.31599139113
47.057782225061 11.620165435586
42.120067025612 12.868639867247
42.218716442708 12.45589149627
43.247093076488 13.148750127849
42.806683337713 12.526106346665
43.4813368132 12.663594227614
43.300841150035 12.059382287368
40.575410633302 -73.756522432453
45.589098010487 1.1975795846421
33.333194205732 -83.472679737151
43.821748061044 12.666440410871
42.54572414029 13.411377710503
50.59146289555 8.6946296378479
45.603199319774 6.9253519361701
42.895649599815 13.56613105564
50.457765606911 9.2042321223785
43.311778888273 12.939326321233
36.98258339757 -122.65666598315
43.717499890254 12.667983911332
43.596767283809 12.930688367214
43.228011636656 11.985615446712
41.971325847794 12.557224443463
34.327251130907 -83.851392372349
26.365148087651 -80.602831496947
42.401846322558 13.407553776634
42.871889994907 12.413114811507
42.265424347162 13.26987602297
43.629131620132 12.892293494631
42.974774946468 12.102520336931
43.437663810552 11.960906860421
50.341455994333 9.9782750909116
46.863437327958 1.7890615462275
43.415614271751 13.742419159407
42.474616092872 11.854952549981
43.484553844568 12.714853157718
43.671493620945 12.046531676357
43.661989703172 12.585941932924
40.913733110952 -74.849055996869
41.945843270976 12.325408301489
43.250202084563 12.978950655565
42.814841089239 13.246692831764
45.693986159141 1.1059553404832
43.039681104517 11.945972678713
46.151158296853 12.591357777518
43.187831082024 12.160299036282
42.163676694133 12.772245201663
42.301672622257 11.930205870408
42.78219024829 11.992617923784
42.344735351107 11.984654112267
51.954127263489 5.9181887247452
43.220988968977 12.879579022026
42.935027867081 13.417160572234
45.546925761389 11.508859374981
42.427848317415 11.83762292605
43.793179186917 13.1676084498
43.457254413284 12.576367573171
43.717921786366 12.458859380569
44.081888835405 10.66315102657
43.355377064273 12.1055999832
45.574387967854 1.2421591357524
43.8985715613 8.1775963344274
42.719651484287 12.058722834151
41.884698006292 12.45867403527
42.71006387647 13.513185876682
42.978924887732 13.255904178741
42.395014622919 12.809374563794
42.276682277826 13.502337868115
42.087225283092 13.264480707845
42.931171946682 12.324141407557
43.108518409614 12.048124088484
50.562950589491 9.058955657789
42.980261304893 12.640218951593
45.26782601847 9.0690798338149
43.678227828221 12.169520463429
51.308262887554 9.919378430545
43.575831184919 12.483183217015
43.160701715949 12.597607442943
33.867078973235 -117.95857976445
40.130159016878 17.322818317231
41.959723701237 13.346833563592
42.587720722255 13.46363025648
43.660194102072 12.45392889739
52.233441717333 -0.86059864795329
52.311722248239 -0.32023985517688
42.126093878956 12.969489556278
47.387471038402 11.25534124675
42.942830513226 11.836734186337
42.616361937794 12.693984500011
42.692463636276 13.744460684615
43.196518614535 12.251078887049
43.732191933215 12.17422634839
43.040870821609 13.352478720433
50.815512539034 0.84361238066741
47.571909234966 -122.75550665649
42.02238104449 11.956798818895
43.333600318701 12.933238278133
43.031479743811 13.312966892197
42.73932324433 12.375130864987
43.671916932201 12.094068978512
43.317615015135 13.328133377886
42.764437855133 12.315218488854
44.102808063129 7.8850321347545
43.694992620167 10.92653901571
42.67406304121 13.417568771384
43.832070826286 11.332391649428
42.976251255265 13.259181562022
41.94514430081 12.553885129094
43.471777337844 13.821629942798
50.932941074452 8.3081194755193
42.923471395377 12.471409624217
51.098183766286 0.54061156950454
42.308518003837 12.796447323561
51.854755910977 8.2125100112578
42.539583857444 12.32933376095
43.50770398162 12.198683072461
43.459574686598 12.87256500028
42.260792821788 13.552971472311
43.642481218412 12.676155537237
43.556196715031 12.253516743099
42.32458201068 13.537322547092
43.615805080934 13.413873587949
42.129365595327 14.564560909997
43.725842242022 12.77498064694
40.930357860055 -73.789773429312
43.595810022504 13.30498909594
42.757307793853 13.186715348266
43.421024956958 12.273217236771
42.66709577791 12.813658971274
41.882134381182 12.849115428
50.611947038147 5.9414146556036
42.237215204296 12.741655832057
42.023670571888 13.136901387564
43.455763445003 12.21257800714
43.607605889278 13.709230329727
42.248104517019 12.064562068372
42.80114079865 12.424278852748
43.553471982758 12.680959038309
42.389351279677 12.516858028975
43.77312609964 12.320883291013
45.274519530459 13.005954717698
43.355731586181 12.441352946445
43.26267567105 13.427753148355
50.980920885448 -0.26382048166069
42.192904995865 12.581963760139
42.712310902661 13.230314858852
42.09625850997 13.25286335186
43.573393469033 13.781687774149
46.412439129042 2.6734008205465
43.105785804871 12.253412732062
42.797938884163 12.83227694122
45.401685125519 11.042163297901
41.90598323613 13.609380677182
45.254680013894 9.5682949074396
43.659017113831 12.500341403086
50.410182434325 9.7285654138441
42.380327320856 13.164761913572
42.81353248882 12.190742818749
47.201373306895 8.2323073501103
42.226084841542 12.751179497594
43.595233739186 13.531432427269
40.978973763671 -74.49478349638
41.841609514266 11.944558984595
43.058081535671 12.574166018339
45.461088922555 1.2099032295914
42.643783415523 13.223115944428
43.478730467858 12.953594266902
47.996428279204 8.2789308285708
42.17368012025 12.055467598653
40.979876161055 -87.583076473387
43.008211817152 12.936225538133
-0.63303931599159 -0.41151339440211
41.917174143233 12.32783445547
42.566262705536 12.587369417135
43.344320189389 13.075021707974
42.597263845449 12.303377137682
42.799661138023 13.746422100715
42.720366985428 12.421725088948
43.375808100878 11.953339722938
42.376258969038 12.808949711199
46.149391830132 7.8430623567398
42.913952641636 12.86184987794
42.838413274327 13.272043385691
43.309633811635 12.784497572495
43.293688433403 12.471184865812
43.825064613423 12.707140050247
43.384374445504 12.621946044577
42.494683509478 12.357661032305
42.066407403961 12.855787445745
42.454387716716 12.2634700771
37.660778276918 -122.42730263457
50.752973007156 -0.94332011838132
44.631864240662 9.8598868437367
43.286605456533 12.126146182963
43.097866744335 11.850078188765
42.80163347062 12.061823263349
43.564297852856 12.329385003249
46.031031579285 8.6062355123932
41.871896460614 12.655673556356
51.366142713635 8.7963343410736
43.525859824648 11.918560822012
50.405604671876 9.3163307939266
42.889682167645 11.988625458457
43.119063181413 12.008513828299
42.326238810258 13.663998568761
42.411305546042 13.291770930093
42.611696702268 12.127329790579
43.525978778755 13.339095926091
42.577202508516 12.158030652536
42.048728727314 13.443634876743
43.444280041144 12.57713508309
42.14399646278 13.146204729654
43.585360049564 12.069848766604
42.268173935038 13.749916009975
42.908258159158 12.160697578548
42.63302565351 13.72625837185
43.137501963965 12.316013484896
52.331244885843 -0.021551505258093
41.905147252581 12.396139634047
43.25383763588 13.242329551507
41.980373337877 13.09530737537
43.279342218453 12.111200024912
50.821936686208 0.27129850683795
42.289223398703 13.259658760067
43.500818498221 13.830436161196
42.975653043026 13.108105655365
42.229952290317 12.306902537752
43.476515063328 12.659297312938
50.097849339292 8.4810820298647
43.046061982909 12.733395279748
42.247635563972 13.230805481913
41.915871991292 12.633960312549
42.128331423818 12.927522921456
46.106008011359 8.7869851929075
42.561842679794 12.715346288756
43.582977158776 12.738552951619
39.365041036969 -77.919111526493
42.479441031127 13.176708948436
42.28095874578 12.51465417983
43.211709126484 13.060747680769
43.456409944921 13.679114981426
42.072005771621 12.109598320515
42.958363918124 13.246156118946
33.443623290178 -83.598278409987
42.361208913106 13.154452597815
43.586720454801 13.404846510128
34.212068883837 -106.05836125059
42.117275263724 13.502996430522
43.366926881677 13.107977647406
43.694963322831 13.504252204927
41.05406565127 -74.059058270957
42.697217481091 12.419886423491
43.523942760923 11.971669261817
43.140236239035 13.38192122822
51.853680687888 9.8777605024529
39.931709931391 -110.67198185361
42.419241408568 13.548633691666
42.229726345406 13.20449577237
36.009880341649 -78.437093721997
42.098518404245 13.054754785774
42.431858856919 11.982575539047
41.839233285694 13.47961023614
41.990532309765 12.684964059726
43.458267224256 12.54484512731
43.791525151039 12.69554289884
40.687176388955 -73.714708982774
51.444436424153 8.4226753178158
50.654152076763 -0.86245594917445
43.378586683154 12.233000975697
53.805240007027 -8.4896283924997
43.697315375201 13.082936608758
43.23156957574 12.256924160431
43.032013073134 13.646331870785
42.689832924276 13.771712357559
43.684761558534 12.072598434574
42.343370652938 13.136910056314
42.116500785184 12.145119618247
42.282849346906 12.538338019784
51.006837083961 9.9943945300739
42.022915103039 12.278340029681
43.668464385305 13.528354601736
51.77709667933 8.0090769617861
43.342070223013 13.262556354193
43.043489503715 13.23251150282
42.933540935153 12.950497763229
43.732497651026 12.459403444316
42.166353232326 12.56476583174
42.512476703877 13.290542428538
42.164875860424 13.097706398062
43.47795183981 13.801880171917
43.494266047394 12.015244799229
43.462493517672 12.259587717384
45.138274320466 2.8961624563188
44.681897503057 12.543512227292
42.701841655535 12.24745824481
51.301917340049 0.56236807603965
42.348378255215 13.436892211196
42.844342659642 12.80138033761
50.748473693034 8.8097007222519
45.128513147183 1.2502920186381
42.515548340306 13.025529330629
43.804836184182 12.29393037145
42.136306737168 13.302974193985
42.837452250478 13.821015917634
43.034977052123 10.566194971242
42.669063835272 13.359728607072
46.372155649761 1.1670582649145
43.06027239892 13.734214840354
42.655337367999 13.620579602507
46.278509454931 1.3694070579342
43.051064236134 13.65865016482
42.848053413394 12.711367472893
42.723747335732 12.950909995938
42.452018373412 12.42363634122
43.216922692145 12.347525387254
42.836783342474 12.866019691765
53.174730385735 -8.2183714095589
43.676032381002 12.99731219655
43.426010693177 13.47348276969
47.945660310306 8.6232255565111
42.542270034825 11.954068954568
43.119651219419 12.826571061682
51.543206337627 8.5205328760299
26.215379732744 -80.258271356974
26.961977663415 -80.627445209408
26.348958722461 -79.659455713467
43.194252439886 13.167263859982
41.969530112583 12.860245506235
42.18907506542 12.025831414885
42.888551189533 13.35425730953
43.630914429052 13.285702378177
43.781576584478 12.511944149415
42.530442374095 13.12233333018
42.315896092616 12.261568796032
42.392091871443 11.858288904141
44.88240426517 11.264088499667
43.338777240545 12.446659351928
43.310523565559 12.323483204175
42.643999691675 -83.803418255061
43.453862198861 12.190098799875
43.296175380396 13.166720002988
41.857925408475 12.223902667998
51.459691096544 -0.67061612605145
43.138087885074 13.561744382888
42.460461545505 12.563150482535
42.941087621258 12.98719435047
42.122796984933 12.737074335004
42.421543007468 13.826219023611
18.402714124021 -66.708513716333
50.885583871224 -1.0956816283081
42.831742969284 12.194161271322
42.45862238412 13.673828334417
42.095688454872 13.708503605683
43.034626088608 12.823579261018
42.997625477632 12.622181109929
42.353890888579 12.954894847702
43.404172911052 13.530140165507
51.352333887179 9.5119147223942
39.23864510294 -4.1244299118986
39.011012410152 -84.791065309983
43.997323212699 11.734304932425
43.015711209299 12.066055059019
46.152858914646 -73.1068610942
42.641092717967 11.981439356239
43.635679924246 13.72737104016
43.811575239458 13.689593199983
42.15441486435 13.568465185637
43.653848737804 12.805555769638
42.59237804666 12.0741416887
45.512385437038 1.9112758854922
42.998263447566 11.906291327882
44.537077022061 9.0304863678433
43.742483071884 13.450302609008
43.791577754932 13.268832482078
43.690074522856 12.15262782676
51.962184201676 5.2021680420508
40.381633647893 13.85694383157
45.472522477839 2.414222632262
51.530210699434 0.71522179786359
45.872037823997 8.5622005633113
43.715714068972 11.979344293021
46.707718448901 9.6168034064639
30.61554960313 -94.773822429694
42.000349592904 13.482308104414
43.832698846645 12.777045818894
38.155119197689 -77.098213656345
42.106034873589 12.161469191409
42.347665956892 12.583612382705
41.906172607071 13.005538707623
43.253769061667 13.724572012559
43.376630389328 12.847990675314
42.58160171687 12.633234840668
43.468498829526 12.298516909286
51.315864679551 8.9936139080644
43.593380756042 12.010174055144
42.711967192477 12.850196787573
42.320585795848 13.316836300009
42.305302689015 11.941516016138
42.363838574108 13.007988763998
43.364262445555 12.815566929924
41.8702395693 11.869405313821
46.365526530526 8.0401609370229
42.005307600857 12.95134087093
43.241453251004 13.040685975498
43.651266376347 12.001188961345
43.097808636326 11.924509421908
33.55720871334 -83.332291284389
51.094160548921 9.5023847257264
42.333321590153 12.017078363831
42.972450356473 12.240148997533
42.021014077154 12.518193028664
43.081917242206 12.435417277962
42.120675669129 13.139571765524
42.578981210303 13.278451886644
41.855064376677 13.112266920115
42.902594865741 13.287929217952
41.906417978905 12.130843147252
41.926170883687 12.839000358192
43.334139403598 13.073664706256
43.452006582402 11.911297231892
43.519419328572 13.015521385735
43.320335143882 13.373002089755
46.386002448474 9.0473192484804
44.969121301949 11.912416094105
28.970223061558 -96.290558904754
43.209270101625 12.906296201493
41.465504952246 -82.837929761635
41.891307385609 13.139631137804
52.25609642675 -0.54411675811471
42.989527461135 11.848518926135
43.357887263597 13.740218026464
39.833394991181 -73.294399665285
45.5585530035 1.7434940448699
43.82466629188 12.982397954924
40.914745550703 11.589679729745
41.937229988623 12.248045368257
45.829117534137 2.0944075175069
51.129687441108 9.219062327975
42.970561066184 11.984959214474
42.496517427052 12.985592430937
43.710662418863 12.10181817652
51.274652368284 -0.51049944228515
43.562436485946 12.410729215227
42.997512011809 13.757733197325
42.812106213 12.573287962293
42.927722975599 12.289642675936
43.257095056727 13.007140340308
42.148403330331 12.529138837277
43.735639662845 13.778131730307
43.578344026871 12.839582505117
44.157269904838 10.378973224214
43.526560711475 12.737501652344
43.063912372156 13.080429943803
40.688755128878 -73.175037217819
42.902375505747 12.147606959656
52.152640323924 -0.13792874070253
42.367931973034 11.885322761946
43.226871339265 12.775086787911
25.896576466439 -79.226776008875
41.981081190066 12.294586839778
42.442602040473 13.234415431637
50.06198620706 9.7262801084324
43.345516606882 13.404106699139
42.192316580209 12.943725190586
46.567654744986 24.563967942523
50.892348166505 8.5282037730926
43.659969564856 13.00660634928
42.666638908308 13.20764405199
43.149580612869 13.707433449455
42.711679910196 12.983987103696
42.124704413661 13.524791695443
43.22799573898 12.980897345592
42.868387705606 12.45535847242
42.674364890307 12.147910239265
41.812274701492 -73.407543537528
45.85892231635 9.3410117446193
46.516961050714 14.301149766821
43.737791158158 12.952227389439
43.741126676922 13.445638821223
42.663009498132 11.915927084145
45.674407881065 9.2064103032515
43.319389290812 12.375025462089
43.332781882201 12.879091400152
43.345508823353 13.749977886116
42.990832420083 13.421742143793
41.956509969664 12.97328518425
50.958209085724 8.084066161925
51.567434100698 19.885876181017
42.317066283134 12.119349987788
43.120252287092 13.58082173887
25.560009879304 -80.578593129837
41.369868761551 -73.847482680319
42.039032291194 13.650797162529
42.282135777793 11.925618770984
53.00139139616 6.2267406748034
50.401904938464 8.5669505375284
42.540121343259 12.89760429456
43.75587565722 13.327828225388
42.443453219481 13.232233055065
42.53948745019 12.666441116813
51.959746714895 -0.89703079965293
41.997143708189 13.565491724578
43.023788013062 11.912118316608
42.742501471558 13.763674490065
52.914942621447 6.0638562041865
42.334576970143 12.874164169151
42.43356778495 13.813006795877
42.528535574476 11.847084481685
43.19724779308 12.360163291174
45.817098755349 7.6003236413213
41.896358518368 13.155639881362
28.668962427578 -81.814838549624
43.041944780893 13.268651186169
42.290228038251 12.213357349512
43.498556572731 12.802104285381
43.234895978719 12.747253419269
42.893561068428 12.524078613412
42.316239296627 11.899875013132
42.349725375136 12.264707341003
43.266014570515 12.781093500474
42.123398813032 13.387524826654
43.644744619583 11.866964464966
43.125893291166 12.055572318426
41.993685630634 12.883977920715
42.139479909178 11.917192368751
42.166192052053 12.127080261322
26.986614918313 -79.959821760445
41.931941040781 13.277101755758
42.380205795367 12.559115211761
46.110503565561 9.1368555621559
42.676979988684 12.953474528156
42.640559959079 12.78186485303
43.5900988931 12.061946690598
43.116307681036 12.663769895075
42.913546758219 12.823953773765
43.812641681106 12.606886117557
43.295470936848 12.366565004183
41.935975538558 13.512949176858
43.524600613196 11.986839131001
43.256190105016 13.547334343471
42.565942865615 12.940554504742
41.839281380123 12.672824766356
43.084376644869 12.055818865588
43.532748834033 13.389651764387
43.355802885909 13.633678594455
42.229309566447 12.721733602121
42.671862472648 13.569930109947
45.689840762128 12.677588512689
46.222780236475 12.395560370661
43.100919943371 12.974351168619
50.515204242321 16.385563310182
49.966615805038 15.965333326936
49.937824424909 15.694549314768
48.886938802496 14.832829578469
43.319381463045 12.525244148714
52.047603638166 -0.17435328955033
43.231379992457 13.824602476726
53.324251572752 -8.7519008264653
43.707381665591 12.69904166681
44.168169055541 8.5296293339597
42.199803844208 12.485502023497
50.258742543989 8.5402446773556
34.011146526046 -117.43901648849
44.933863152044 7.29449420294
42.806817812776 12.403179694642
26.808035890931 -79.185728683964
42.327955218671 11.896647828138
43.740242077403 12.69019859039
43.621520600126 12.545661799885
50.757027624295 0.69749302584096
51.16361261679 9.6673754070268
50.655959295414 8.3060385050746
42.132024904796 12.697914348796
46.502996171712 11.875364492657
42.740173980494 12.284876717408
42.979651068349 13.306539708912
43.097951403886 13.044095179573
42.036195310806 13.591079914219
43.709343104043 13.78265008788
42.208370255424 13.039800593669
43.565473624324 13.675387084354
42.061952741401 11.895031760885
43.34026944143 12.629923702998
38.187243997381 -78.084939849096
39.179640315265 -77.891170416402
39.697094331994 -76.862254081655
38.775639653741 -77.543989873238
43.331413563516 11.948775581547
43.799144901728 12.7221977081
43.255603322899 13.122806198973
43.187666289151 13.598454978617
42.147606907968 13.74267357252
44.873795942272 9.8230924829948
42.25037337574 12.496630178551
42.188726250191 12.357178072632
42.402156836096 12.25482778498
-37.040459393542 144.3152992938
42.223128811116 12.320526398423
42.579393687018 11.850894084152
43.387947648034 13.318964998407
43.281445670094 12.085320460671
45.460375285456 1.3926669118892
45.524787325726 11.456568643198
43.062308571817 13.180463479937
44.986652325858 8.9149110640003
42.695305143828 12.475327636823
43.063482163525 11.876350730621
42.735772509957 12.867502270226
41.979488406807 12.447150055083
43.764457163778 13.529603845242
43.472611184007 11.942337945563
51.805784996509 8.4707915240297
42.918057273125 12.002787512749
43.144155518706 12.78390866836
44.590381887038 11.270433517953
43.674672162961 13.067407753371
43.343493741187 12.753370173182
46.685259788805 11.680712549032
42.188071349744 12.190386981347
39.74261137069 -104.91850347569
43.641460282116 13.756056706794
42.491049867373 13.267386476655
43.148680708461 12.985713136397
39.760441510346 -74.379145488366
51.659857686683 0.72047697641444
42.718166407553 12.638607987521
42.401315927713 12.450100694082
43.364981184439 13.796276284308
42.508539129306 13.647933100673
26.096250773901 -79.353284411572
43.190213598886 12.116438730229
42.402105016842 13.068374574703
43.633356308415 11.899804824938
43.11708432071 13.48818882859
43.393338994793 13.337124804678
43.072952331099 13.733850485542
41.868027154781 13.139348598749
42.043897146401 12.201478759407
42.573398135425 13.744737243182
52.206659050987 0.25577204914101
43.155946047605 13.469267080312
42.899160868928 13.18308126937
43.245778540285 13.207400317421
46.057713110958 2.3884517882897
42.878506555652 12.897548759329
33.249181883805 -111.70152861984
42.256427696581 12.283751902324
33.178824811971 -117.77202427545
41.880182679708 12.457542890917
42.056830787147 13.074682613425
42.550012450011 13.055033181841
45.538773151498 -120.32642038986
43.692332339351 11.876129955482
50.886575659219 9.9049115879018
50.205136974903 9.9350686068344
42.360491234998 12.209985578086
42.64907998624 13.090976916783
43.132087843109 12.452778008998
42.213117637326 12.511584875433
39.845195634858 -77.516500531896
32.984309380763 -96.902298581784
45.845573365616 25.999735566787
42.16411041059 11.936583958558
26.644523721429 -80.590029083199
42.217342419206 12.825181972641
42.999274720458 12.344083118899
46.018003564336 2.3187948247971
42.183151880851 13.676757947412
45.632006446681 11.1793009641
43.525368565028 13.064606205611
43.129935465369 13.77561780057
42.686207850339 12.23174196774
42.10209739541 13.63419933509
42.049685722261 13.057550423361
42.611221207611 13.010885594904
45.737169125461 15.730395546989
43.595696135257 12.976605133629
43.33248921967 12.957696877887
51.563521805249 5.5046215428759
46.282668064995 8.3313201551029
51.1131056557 8.7426977389225
34.390039385192 -117.57476890702
50.623884552915 9.568195963543
42.698331314485 12.78531980041
42.691924298991 13.178368286334
42.647958153716 12.654064982989
41.895289562149 11.83678346308
42.25388733684 12.533533647926
42.784556107051 12.53518298435
43.193961295876 12.476003527418
50.232853517976 8.4708122897292
50.968794454806 8.851122319629
41.886585786907 12.908624907934
42.060380942703 13.000120140168
43.024982824954 13.54127315692
43.341873768897 12.829181061068
51.246272090239 -0.61808808228377
43.556785934885 12.228667669126
41.497401762206 -74.335782873732
43.213309303978 13.596722390802
43.362183437407 12.159871283083
50.657486043478 -0.78449239856307
51.920493321456 8.8188101988373
50.678148477654 8.0842964342257
51.573385746485 8.4885231463651
50.915485092399 9.5686908846575
50.155929102169 9.038375803753
45.738074381248 1.6235861073358
50.153907374085 8.8175637576811
51.132239023285 9.0299748326791
45.102620691386 10.823209693827
50.45395651248 9.1020340016587
50.755333310811 8.0492012882834
43.332122960304 13.751961904483
43.191661832964 11.834583982769
41.967266732367 13.750236112063
44.233601772033 6.9384196081168
42.05734487069 12.468498408102
42.491951469582 12.958890593613
45.878034771338 9.60587551978
43.672504318281 12.065029612328
51.847718672756 8.8313065421913
42.055345585151 12.788137529433
42.513127822689 13.342128847906
43.346697755806 13.740656264027
42.843810705882 13.094480858715
52.714700138529 -8.4086417892988
43.227493711176 -82.814717543432
42.299529695578 12.182949833678
43.332723015164 12.268534506352
43.354542074911 13.733098013689
41.849934214677 12.766164894128
43.416325200564 12.130720363546
43.585883855182 13.719273107948
42.637248903831 13.040446477516
42.567560734513 13.020932659538
42.386457875106 13.326343272054
43.508477626161 12.764377685641
43.712925766948 13.378665047429
50.194204859547 3.0658469675415
43.034674704112 12.146959326319
41.97882671795 12.72248341272
42.274662526939 12.529650149203
50.148549562389 9.37524513033
45.817021671646 11.104932638165
42.313448294699 13.731411300496
42.915265079104 12.962388527117
40.066158329263 14.323659123468
51.454838240964 -0.00097061326306352
41.914746413454 12.753972176835
42.802642434299 12.32814007037
43.740344131731 13.798050865924
42.928052713616 13.205506017083
42.042306976434 12.544109034161
43.379138351616 12.546925554793
42.628561506827 13.672170277088
42.865657277364 11.85302533484
41.924620360122 13.369087574265
43.312263520135 13.445420651925
43.544055711752 13.488715011875
42.931930191804 13.822110084755
42.021969384079 12.079795463069
43.301196672649 12.720428530949
42.214443509122 12.477311454957
42.98460272375 13.399001093322
41.06938964332 -88.125877995868
42.190154599601 12.954196469392
42.639982809632 12.348022238069
43.132445100312 13.531036580715
42.56631075759 13.563334301397
43.133388319602 13.634734394811
43.588854478967 12.253931174194
41.98638532061 13.200854208367
43.829724058451 12.812880901088
43.472136714271 11.899281627938
43.13238091682 13.283083443683
41.833650408256 12.492726580025
46.713084438216 7.2432157482222
51.050321301469 9.1624026774254
26.541857886363 -80.994916987413
42.459282963306 13.403710837219
43.517033119948 13.140076680661
42.794543648064 12.66983845351
42.951818581669 11.965197590185
42.45767072891 11.950503849888
43.332727575851 11.987437432181
42.451487042707 12.650458073102
43.070516025236 13.628543974214
43.303915300569 13.044748995495
42.1351110652 12.626539632059
51.748828938114 8.2478672546557
25.630276977361 -80.558375837817
43.260193680555 13.544665275416
45.446632369629 2.1774746646068
43.398183653803 12.069208830648
47.75970165306 13.211180345042
42.085444718194 13.777288529474
42.568350409443 12.26832955578
42.634858181551 12.754928345699
42.44070926471 12.127030099822
42.317180984822 13.159274587503
42.506399389148 12.384495126284
41.919766757324 -84.066320971646
42.541864662239 12.231818895916
42.518238494435 12.598516605628
43.700731316463 12.941587094211
43.133640705691 12.208380949802
50.709514414291 9.1541534295092
42.351642171571 12.815125386631
43.375847973126 12.030229964329
42.136845684695 12.966195268096
43.073827112615 12.860362686638
43.76479480919 12.665267002634
43.571320989456 12.069426811819
51.445678884837 8.0317120948023
50.553430591036 8.007196137685
44.504315840478 6.8304244607153
33.148884370377 -117.6859698506
42.965126177301 12.575537135648
52.114386388852 0.043304076852889
51.594280643898 0.2310224245866
33.412824684641 -96.292979131281
42.398471183816 12.709284777639
50.18634167462 8.9372240313968
52.272294446254 4.7569966092738
51.036089242918 9.8796130273862
44.545160671761 11.992403316096
43.012567330644 11.971982899596
42.056636004756 13.279160594719
42.601175868719 13.615805393858
42.516509520617 12.288794953532
42.549405332466 13.734769538408
40.512025530954 -75.455008473432
42.74975669421 12.728032043564
43.541552060557 12.993873871415
40.940430655722 12.94105817356
41.594565408255 12.839615307019
46.060920977968 8.8542218906569
43.161966361202 13.051720708654
43.212954802559 11.946461967654
42.521625551193 12.299706358623
45.710434486303 10.549856248822
43.745692609712 13.44743421231
50.700444450577 7.5544130642919
43.092229150765 12.49752377092
27.004285057526 -80.313417853743
43.726058461131 12.228425494988
44.65350276658 -72.795199618251
42.022259434716 12.205736290315
43.403765563131 13.824592803544
46.302546950664 2.2229178539584
42.32069959136 12.765203398098
43.181246743643 12.882563535556
49.400998151049 2.5910975472705
43.74107476733 12.395894438234
41.856715024403 12.984662101152
45.521077351913 9.1784583253686
42.149986194072 12.358612596245
41.11203259576 -73.584433135049
42.792336430791 13.245661993181
43.704574759002 12.33688201028
51.916867463345 8.9915911066307
46.308311942643 1.2323296276072
41.907050840534 11.877196998765
43.478440280782 13.287081513709
45.776813908518 11.027030124691
42.018858342461 12.824074114146
43.140419801318 12.483206100077
42.12471911971 12.23669565389
42.597417077349 13.144043107605
41.989753982534 13.159938894773
42.272756575289 12.362780169774
46.47019269479 2.5387353345466
42.307423497714 13.759689171242
52.476133266918 5.3799650686001
42.993800358865 11.998348571846
42.512178703936 12.768535352225
42.0812046738 13.373429807098
42.444690810279 12.203141766716
43.777244297239 13.23806129316
-37.410318090771 144.90987645335
51.953240796203 5.9854943785982
43.169409583423 12.564716869784
42.125959353135 12.48241818814
43.443275534775 12.763743783724
43.831812145597 13.790278879383
34.29840999827 -117.46132678216
34.24510710157 -119.03084838141
34.964394294354 -118.91499658094
33.182526376363 -118.09532592293
33.210957828721 -117.67968034432
42.047375773588 12.282555713471
42.175715089413 12.476533888151
43.485688850065 11.966328942222
42.868679818657 12.748553959091
42.941100981546 12.937873966053
42.16137328707 13.378000826306
43.400600239842 13.340445393876
42.073097015553 -82.211159978368
43.24512541261 13.80496868717
43.083128108237 12.751841780635
42.8317417269 13.415257494645
43.193442727085 12.324559943923
41.950365754308 11.930805418164
42.705197160947 12.474274569433
25.48604649466 -79.226378745314
43.140783831098 13.586199243847
46.306675537858 11.750358395986
43.048264394092 13.580593741325
42.283687499039 12.895702908719
42.760272423646 12.018871390756
50.337712339748 8.2608285771035
42.857867296274 12.700968658433
43.454382980009 13.261089084813
43.824178080479 13.345326167713
42.711127734164 12.620348399349
43.394109560381 12.623025011117
41.046919971412 -74.445098925255
43.139834614091 13.27579014577
42.643795457058 11.879147649707
43.339455268525 12.324082342148
43.189861502608 12.600347329232
42.181287957926 13.769021277229
42.975197785078 12.6609126044
53.290601403821 6.1539759274591
42.068604468421 12.141318115493
43.705252055428 11.860170173415
42.496687418102 13.721417403671
42.784551139376 12.290059073053
42.415956972382 12.188376393744
43.098829240605 13.190035387983
43.046840828421 13.513065878096
43.234895554036 12.709716205837
38.0291374123 -77.621700589719
42.351467772106 13.38388999199
42.19104288902 12.48707418867
42.503055378584 12.167979115719
42.747140860088 13.333488455219
42.755612006085 -82.958658295406
42.633890794906 11.971563689418
43.37229818032 13.029744525941
43.634864535034 12.210090228941
40.286029853717 -111.95649584088
44.179881271946 9.0916916632776
43.244071530779 12.39453019781
42.960541831332 13.822048716185
54.29454018367 -6.529688793825
42.094367784979 13.265598837897
41.375402714064 -73.317550668949
43.187556966316 12.063129604379
42.164862683606 12.444102514763
41.862317819571 13.024586669667
40.48857789478 -74.484002214748
42.449044733073 13.038150968069
43.340331667282 13.299768080164
43.663593797809 13.112506637423
34.037614904678 -116.92597973507
42.658109729506 12.553047340176
41.95793536585 13.830712130235
34.487588963083 -117.84804992906
42.734154084595 12.974780946514
46.515479138827 1.9056198526666
42.392757482565 12.525745076393
43.23949188892 11.868808523712
43.023635022374 13.671876186839
42.087235637536 12.276376443599
42.720895976185 12.217517937656
34.796918537552 -118.81105182247
43.542869960697 13.164205228076
46.989343428979 8.5525521885383
45.279870010603 9.9756847863904
43.387210785613 12.923007252146
43.610577722385 13.006261855388
43.65608258159 12.225929296702
41.905706633325 12.611062282071
51.15985577235 9.098629919858
43.115774972905 12.525725490679
43.231333579065 12.47641732894
39.651583577518 -78.40993917795
42.336931704721 13.637820060683
41.976493841513 13.796685255525
42.905504683941 12.908486989305
42.845843880387 12.09768835555
50.568976413724 9.8583171432178
42.307005411644 11.939968885381
43.612659969208 13.195882744268
41.898502713974 12.698688845497
58.341200334898 17.117590855559
42.216521859757 12.090258949965
43.0208266266 12.290410638477
41.949055363421 11.938845658202
43.68959484563 13.569943685837
42.604506359738 12.33070745616
42.879410746938 13.556146718376
41.913617054447 12.879455681389
41.951582042965 12.371923842662
38.742929387426 -78.16611300785
39.000123912177 -77.745730912619
43.246697149841 11.996067446676
43.78621393248 12.480345757923
39.08611793139 -78.219008704709
41.602122058581 11.809271967692
42.772002216343 12.131739626255
39.973607842972 -77.978145697103
42.578495749097 12.613253099685
43.160158190506 13.584218395701
43.073475566282 11.944018115284
43.402816665102 12.049031416464
38.424587261958 8.6113054482614
41.90413820974 12.898201157313
43.371693904706 13.125129207117
42.367231627653 12.303436696692
33.368444946945 -117.61440298019
42.246734661652 12.828594214224
43.443093745731 12.66931920625
43.599860087803 12.157662910969
43.128095067653 12.694188536489
50.874376017542 8.2747482388628
41.546311173133 -88.224242605389
42.855111113703 12.059084354948
51.368557512233 -0.59107990409297
42.04236591006 13.831561354863
42.801023246649 11.893502203719
43.602482499856 13.006652898179
43.533281186399 11.909862781388
42.350385953856 12.403287050057
41.287822546801 -73.872783818997
43.52006810697 12.855011758814
42.315175660122 13.753209894895
51.393755324368 9.2959975177869
43.27696891144 13.065913564577
42.514143593404 12.41017503592
42.121142337642 12.835192845613
47.845396063219 8.4612777700933
26.011488953128 -79.517364095016
42.373171477308 12.852811873377
46.555884312166 7.4942414152875
43.083175178677 13.148997095038
43.553215335402 13.459857008189
42.358129711078 12.152690342254
47.626621808217 8.3049828658369
42.059070542503 13.622835662993
41.963772201915 12.55674626846
50.701515334287 -0.9001023019711
50.511843506485 9.0565738855193
43.346290805559 12.298220023673
45.138842035962 10.905101184039
42.239838335796 13.201345677602
42.182541208448 13.515968988911
42.56363244709 12.677923395635
41.521923426921 12.604731874168
42.262573945945 12.60331990926
45.304982522179 1.8931324635135
43.146547712475 13.41332704083
51.486171538469 -0.24412578128004
43.625751715 12.318145955616
25.190385878623 -80.092018383408
43.715827441663 13.666383771091
42.484072046601 12.739108484138
52.068552640531 5.4537343209161
42.983116287751 12.64651734321
42.082875040419 12.519951722382
46.669654800868 7.619355861386
43.070513043141 13.260548705377
43.37527410659 13.543933830033
42.449639901749 12.048541634853
46.173421744804 2.5454194916158
42.038442044558 11.950130907816
43.530493141886 13.188543402233
46.926553576685 7.2858836214458
43.453795338282 13.01780402803
43.548353228529 12.05639329278
43.274291991405 12.254193342896
46.603488856742 8.9231006744891
46.037043659499 7.9409645320573
42.183804319931 11.543485998706
51.548623192845 9.0061236247449
42.706609891146 12.789010129326
43.599208727313 12.374188537905
42.581768651319 12.483368496191
43.36061355118 12.162727280151
42.003861971688 12.255791254482
42.15415783748 13.29754647582
43.386633573767 12.863101026001
42.286359287487 11.877978661062
42.263885439983 12.208299780383
46.044676697834 8.6549056119541
41.962987264622 13.467059378285
42.711314584599 12.785372132147
45.370138412514 2.7606898507852
42.992617211322 13.771515152797
43.207110532211 12.668108071998
43.707270223066 12.454037877498
43.262331278672 13.105011589895
41.868272135925 12.636829004009
43.095379641345 11.886542085526
43.318672774995 13.307731919155
41.916881082562 11.941631070798
43.731893995207 13.379377255414
32.78531083005 -97.619507394246
33.189797713084 -83.506042968159
42.224360834467 12.423506180508
43.158678689135 13.066040987201
