9.4406800411831 -79.637472755107
8.0238344725332 -80.436389839014
8.7849425123003 -80.38728595869
9.3074722189025 -80.59507631771
9.1918229564055 -80.374559079937
9.7875746208185 -79.878207644391
8.8935893601242 -79.004845458551
9.8273914851376 -79.215281842377
8.1932352242028 -80.927728986334
8.7008695088797 -80.962709165161
8.0908524771644 -80.890717971553
8.0006379219706 -79.167497603301
9.1584372744702 -79.443149581292
8.5778994819046 -79.047985912789
8.1339166644653 -79.140082734702
8.9190700994428 -80.811450412409
9.6434528295153 -79.762909200398
9.5369148191702 -79.763103389537
8.2526741415508 -79.050409504236
8.8182013401846 -79.300790105621
9.3640541752633 -80.806989167727
8.4930415169769 -80.724607923871
8.4079739732705 -80.314897990932
8.2701732214867 -80.987411909265
9.5905210718468 -80.809682888822
8.7488992748544 -79.140418406176
9.565298220406 -79.431569673322
8.3150953162997 -80.069495106614
9.4282491255683 -79.621058748859
8.7546026463409 -79.421203727564
9.0168905551624 -79.224753538717
9.6914304730908 -79.947484069945
9.0642305352093 -79.573353592108
9.5188294227788 -79.612021977367
9.4096919132442 -79.793066391159
8.7147336735924 -80.583290871039
8.3649021719419 -80.120072626099
9.5645029603338 -79.718462877776
9.3049106822838 -79.099133323459
8.5046575062464 -79.736678215087
8.4546302275055 -80.282450773885
8.8379691475248 -79.601380545926
8.8694369098495 -79.59952616021
8.27979551455 -79.641584433448
9.7613244209258 -80.370809306098
9.1190515943426 -80.75577145105
9.6423513733979 -79.853933731957
8.5723008301911 -80.488850620803
9.9670268357578 -79.779637333834
9.588560817106 -79.636351405939
8.431769182641 -80.622970697294
