16.92417895043 40.600105234769
16.298782936066 40.828921293595
16.729687948681 42.010502063509
18.338862426036 40.11191336904
16.959257362673 40.177043233592
17.84912589167 41.708766274743
16.161668020658 41.090135763234
19.089762735269 40.711625819612
17.114393461779 40.059544857407
17.244319468829 41.099464717812
17.677087664896 41.898448931074
16.700461082463 41.219681936952
15.559881757835 42.217501564353
16.407133669759 40.895830194485
16.471146190735 41.602013307971
18.730522983745 39.667652627603
17.775220676037 41.399394965428
15.584506816598 41.921800704471
16.139024924181 41.435805095863
17.54419543927 40.030670811879
16.649882804535 42.287535680427
15.933943455638 42.031104598509
17.752657147962 39.967956683446
15.744264576095 41.525236892593
16.547440186959 41.567246702599
15.942394857363 42.631677390671
16.218883357208 42.068935429079
17.127732998262 41.774508693218
16.594483413521 41.972884958665
16.139908047712 42.003408044811
18.625724597425 39.759927063554
16.168306120726 41.902140018552
17.472605597264 40.663682414505
16.865406302302 42.16251437357
17.605513219049 41.965789510454
16.945709813361 40.569204460119
16.309112110205 40.671689947984
17.651233432002 41.016535424612
17.576974011577 41.289031012095
17.537663928926 40.498417002914
17.820233800807 40.959859243177
16.83662219273 41.144074162512
16.861694665072 40.19327233049
16.373988292797 41.988001080292
17.318253818864 40.225731750566
16.214607755265 41.303698790003
16.873362961262 41.039718758634
18.270035218338 41.159163895554
19.288685918501 40.542636858738
15.802824277225 41.256557326953
17.178791040454 40.996162494619
16.275025086421 40.738360714954
16.189669066758 42.368647588889
17.180915611857 41.23645654711
16.616688682149 40.748304377959
17.676578052473 40.153964357033
16.366364608922 40.916086564661
15.911912214689 41.605999724523
16.185570033864 41.60487976626
17.293406595894 41.779995755935
17.03308173587 40.303066050428
17.085114143128 40.204398681293
16.322296534792 41.555016783858
17.211512270459 40.400430210189
17.045158024524 40.713315267124
18.83142807253 39.863959092403
18.627321089209 40.547683579122
18.196146207681 39.557638260149
16.973363986042 40.768636894118
17.114792247638 40.614971634729
18.393739173137 40.592970020365
20.334179763838 46.115462610552
16.7092766319 40.874719446301
19.003883446799 40.88735425369
16.856079080634 42.088319713477
18.021081110288 39.910201855404
16.303118965359 42.286414788073
16.52715553722 41.063942590735
15.758105158481 41.363623752661
15.911442713282 41.948596935763
16.897557868391 40.814276933095
17.032469540361 40.42025387686
17.406350304073 41.9815766947
16.001245631467 41.830650278589
17.578152271539 40.222270926075
17.062413606638 40.793336171537
16.11820399373 41.36974583467
17.030883294826 40.730461186581
17.322818317231 40.130159016878
16.990643306608 41.82818401138
16.212099735235 40.770534263884
15.731454610048 41.52214940878
16.534965016548 42.214663526213
19.044020480078 39.475163064839
18.023148287846 40.53236509137
15.990510871606 41.626891361909
15.625901820525 42.217930741544
16.792525767068 41.203822268245
16.506250535935 42.44449611152
17.380334771231 41.556721169272
16.481712820584 40.469382307315
17.191710694361 40.958271386755
17.653468729345 40.249435019071
16.465101901009 40.501502724575
16.430527481081 40.671909791565
16.820131158815 41.336474452392
16.485146893857 41.758033536795
16.047983219755 42.021900724234
16.316043782291 40.737279094468
16.466693160318 40.985554250484
15.545232394752 41.930751928329
18.038269214166 41.670294488603
18.021298100998 40.616643763877
16.295039254473 41.776913939706
15.799469862759 41.926958977444
15.970935634112 41.672518586355
16.599387745282 40.925665379302
16.36887196711 41.321457009281
17.607908611285 40.076791946323
18.99957217141 40.378707348266
17.577954124044 40.518291698265
19.217281349151 40.780753788157
16.998462905923 41.184377317845
20.859517807541 43.681725838073
20.369770068847 44.358945380132
16.602354030035 41.499841458697
16.134927534657 41.459782853306
17.318860849561 40.892382520853
17.71220386485 41.738944085401
17.172532498428 41.413527852184
16.5649780694 40.37765049074
16.755036953818 40.676011983455
18.062187782799 41.211294562468
17.325681620406 41.099542159235
16.291133747388 41.009146696869
18.695515470668 40.379426402168
16.523945866492 42.227612245769
16.685481687677 40.624841701507
20.319433009866 44.791751671951
17.696729728627 40.401240301482
16.562134300716 41.22893701581
17.258877485461 40.042565485296
17.068976400268 41.101900972916
16.662392218764 41.577425505208
17.638781699 41.348828042531
21.790194939724 43.003322054634
15.849501643355 41.284273600639
16.515007258609 40.817644470354
17.342071497085 41.805698541575
16.607255667547 41.28140207484
17.12880122153 40.362602067882
17.783919853288 40.921455696605
