43.770878329787 12.669601973479
36.46636867071 -123.05365331396
50.384062707603 8.9617735822507
43.378827565081 12.050572397232
42.05219010827 12.996079592985
43.788841887766 13.509800107477
42.267443696648 13.020837419697
43.119659115171 12.471835306155
43.517176856549 12.494381591929
43.800611174594 11.929505870666
41.991922109871 12.850664126173
46.305206955087 7.6347326727746
43.752295779901 12.075738061741
43.664599262508 13.003883336694
43.055819783407 13.058550724342
43.330505095597 13.016180152568
42.92860987921 11.971429531936
43.741371346073 13.42489836806
43.729701507732 12.933791353357
43.526511096662 12.972385057722
45.732122703796 1.0534158409822
43.44541377178 12.733552136821
50.934531373407 9.598543483577
40.016672683443 14.83468645652
38.035623833554 -97.253413246597
43.649729584202 12.744979411732
43.405138606415 12.098341714192
42.196035878845 13.135299898768
37.867421121607 -85.776775916421
43.404289955948 13.816265526629
43.828232904837 12.865468983962
43.559936797528 13.147606742658
42.874813885856 13.077538434473
51.467799529884 -0.94395754721665
42.338071585346 12.091930892382
42.642229412537 13.603556166239
43.685837154151 11.932638433752
45.918706215415 1.9570719324784
48.262249335091 12.595012433427
42.766997059254 13.529952679097
51.452469043644 9.7682334602663
51.331396915173 9.1312903697282
42.342786712287 12.748745048788
42.36109133689 13.525194230289
41.944797422732 13.584169537588
52.465448601854 -8.2946524793723
53.283871424284 6.5085432663367
43.232512222732 12.813167974287
42.106100912742 12.587508078959
43.125788536002 12.796393005104
45.681839706694 1.9263902441256
43.452491913688 13.831154889835
34.721067209172 -84.083251391949
43.587971933015 12.641522874444
51.267248602708 9.5949719769857
42.881012697204 12.856480889442
42.582919064736 12.866850540467
43.401918751861 12.315169629343
42.839245215936 12.481478008221
50.985554362408 -0.70585492430993
43.648063851843 13.758906659579
51.116773186306 8.121718111039
42.828053167962 12.64692590837
42.301550211546 11.934147735582
42.506503038831 13.811993238915
41.845364008514 13.024512286796
46.698088746843 8.4114342105628
42.835797260926 13.235074451789
45.673050205537 2.6015263430781
45.327944140869 8.5415905750993
40.877011504119 -74.839109908846
42.282095400303 13.382591122961
42.143814787357 12.956559845247
43.059370663066 13.674373760223
50.343173273533 9.1085648662916
43.024799638926 12.644266695105
42.484200464342 12.572633665808
43.138692212842 12.468008026254
42.290305500541 12.392877177074
50.390241455003 9.8279616873842
41.933778199357 12.215850257436
42.06355227116 12.461943163773
42.290899135794 13.007566575451
43.432017723786 12.726070385785
47.540239425628 7.7262193047098
43.05046137939 12.116924681776
51.240109002795 9.3516935479602
25.220841785047 -79.842645033465
43.661152518218 12.614515031064
43.74837630605 13.238834179139
43.785632448192 13.267141802382
42.550769950075 12.630757281406
43.802283400133 13.062725926334
42.906058643922 12.89201786273
42.023041514712 12.447073890591
42.949724249539 11.955034158658
33.210957828721 -117.67968034432
43.583082965868 11.853868849528
42.788484058265 12.532643889812
42.863023550207 13.079144765215
42.152543745561 13.314168691802
43.906004948244 -78.574566528331
42.369064387127 12.492304121394
42.139657528226 11.901874969223
43.007081894228 11.989463761465
41.835073599536 12.862727223853
42.971028965905 13.771931555968
42.92926527838 13.73893266068
42.837384858114 12.520435313958
