42.770030680492 13.615350224851
40.641128686115 13.323577607134
38.235511572127 -122.65560925379
42.835733499322 13.160357372465
42.839673943065 -82.378770311281
43.758971599305 12.327368755998
42.596173985694 11.897890735391
43.061297192753 12.038960425688
42.274583972674 13.772582874083
50.880460662246 8.8026338456211
41.363881909712 -82.594020309411
41.911275487424 11.323921616408
42.181235618529 12.313267007171
42.652753297565 13.559895279633
51.584907385793 8.5561816350353
42.545288965187 -83.654753502992
42.760221830479 12.70126521203
45.315437887011 2.3225807642204
42.113273856304 13.060385767885
43.055692740297 12.142023858701
43.61509192952 13.790550303569
43.718325010856 12.520426026343
42.6967877479 13.236812556759
45.797561787536 8.2687182504538
42.060874282432 13.737387532267
43.58926771471 12.384590530037
45.174545904165 10.450770260138
51.329196847663 9.5135890732117
42.553828644845 13.469037695562
51.207238770419 0.09333257376372
43.45671865088 12.194675599802
41.933416075995 13.337850428365
42.304583930108 12.34014791175
42.55951802321 12.898786076318
43.518651669642 13.367944791174
41.936093160408 13.251504306354
42.390670343505 12.400121955408
50.25052112958 9.5422621371887
43.559237570318 11.899375484765
42.835193911046 13.82758196158
42.642604832392 13.78645284047
42.894081818843 13.245615253826
41.898622716751 13.15375550799
52.230386733418 -0.51842733781245
42.21561416111 12.97755930341
43.544544363203 13.428996594378
45.383467205976 9.5665179218033
45.970408797346 9.4037266494258
45.238820647466 2.1405934892318
43.670129291581 12.323567635551
51.724201712629 9.1010807427117
43.629193329101 13.148440438879
41.898503898617 12.330821881711
42.059785129551 12.198088466769
43.273574921451 12.76800385202
42.67375797579 12.818649513118
26.155522883925 -80.983736586559
42.401037845968 13.426671489362
42.007749062522 13.459644038465
41.962286581754 13.034567341246
46.743181081157 13.873000052021
52.487182448612 5.7698545358236
34.441262672583 -117.87549260895
42.659378863733 12.560053191895
43.937932215649 12.989519761475
42.205798055162 12.949358713345
42.074682365227 12.555115739629
41.180517908422 -73.837566387895
43.391689878626 12.82929481141
41.973534127706 11.975357432859
43.655333196139 13.598976422867
42.75783145046 12.510314320473
43.504323954019 13.329639195639
44.497712954042 9.7484924749674
42.252878763386 13.170716695122
33.092737095634 -96.971083803247
42.716974367742 13.770330669738
51.659112258656 9.3826752306813
45.25374006259 2.6387169573636
41.883434244398 13.66347000874
42.497044682755 12.367001796333
42.091149037767 11.981033451402
42.491983910807 12.55079597635
41.845767492378 13.819530936826
46.33739855389 1.4777116954689
33.386251888597 -117.8913810819
42.525545041343 12.255556702754
42.413692439189 12.610822345436
-38.411675534868 145.26917692768
42.727444974134 12.043899816502
43.812271630325 12.79329215262
42.729207247856 12.91421062544
43.47385220766 13.189611067639
43.236402443741 13.00160863113
43.571191795457 13.490155171852
42.763251887079 12.972500569661
43.660965940313 12.254703717912
46.917998147159 2.2002440189013
43.538698318686 12.11822233543
43.528646822355 12.047314751471
45.270484972031 12.666719411994
50.993264259302 8.9690524316249
42.634378734827 11.922104989163
42.768060826609 12.085250697159
41.926514239503 12.34722479358
39.08611793139 -78.219008704709
43.042172641068 12.538227870866
42.97481917358 12.038015863431
43.569702344302 13.404058508318
45.615528095332 9.070477804111
47.227701089451 7.0597715378086
