46.109905829797 10.755287729278
43.005997580034 13.755168833211
43.417211156088 12.623443879033
41.984418472289 13.744998030267
42.72088455817 13.75564733278
43.739212687493 11.861592297399
43.123053188514 12.759253811931
42.471586028355 12.625975933238
51.463900299028 8.5210280406852
50.586379436816 -0.053154376877073
43.105902069784 12.293082510744
41.968653175986 11.922958766095
43.732626559575 13.681550440251
50.829231145247 9.7679319240935
50.906386731149 9.428424766021
43.041602689348 12.792479156907
43.715295876265 12.068439721183
42.124175368421 11.956094243099
35.880064090694 -107.44612648651
43.171830044695 13.50241028217
45.017592309002 9.3408688395497
43.482368987765 11.896227424471
42.729766478192 13.185993547659
41.956752893516 12.668944401999
41.931151064102 13.136250687848
43.474265377745 13.51212358361
44.5397461883 10.428552235234
42.840489654749 13.348609246963
51.487631410587 9.1258991342624
46.251799079707 1.2618511590463
43.263448628275 11.954316764138
52.595392060278 -7.4795664444005
43.740283437905 13.294282073779
33.358485141316 -117.91914329932
42.110003343856 12.878572413662
42.511211940812 13.552330980356
43.047958371738 12.84005739162
51.856499701904 -0.19386146231734
47.422008759073 8.2993226881601
47.110165041457 8.5166634295679
43.799435366804 12.527625433436
42.736671513776 12.126735773949
43.521583515483 13.252032886863
42.35210548546 12.521278523172
41.893911803113 12.009937454972
31.654686278736 34.647275990293
43.624440322942 13.550249776615
42.163617076449 13.414295191625
42.535981782517 12.317544477229
41.861492583485 11.873083985838
43.247093076488 13.148750127849
43.244556155191 11.993040477409
42.822575546739 13.43845654674
43.057774608071 12.024162518358
43.435230904017 11.840359926636
42.882970592905 12.734519549077
41.822597845163 -82.680897582847
42.374303368116 11.951570119242
50.639929926554 -0.28418948892233
42.556780950912 12.588985834566
43.088947324145 12.289348931208
45.684984542727 10.606921847193
51.169750618362 8.8103601777974
46.336314178482 13.150634112626
43.755354032293 13.196768225283
43.655993503614 8.4241609263113
43.554518634733 12.403758864128
42.521972575955 12.205564290402
51.625066688343 5.6811577826418
42.34332428751 13.222937683234
42.241990235302 12.852449910202
42.180703642418 12.228714372625
51.865300439468 5.3486059441225
42.728150387655 11.903797525889
51.334154046063 -0.26388838019868
34.054530713113 -119.12774014038
43.596489876342 13.187233415075
42.509147086439 13.805564721977
40.940853683868 -74.460436161953
61.973509262304 14.273013809823
43.451528381788 12.917600482685
43.167360926612 13.25907216049
45.378006349261 -74.452240161946
43.679427757265 11.913975084647
51.939215902909 5.2890562557332
41.896530589062 12.222896993285
42.521144026688 13.12132769272
43.054802459246 13.162785594914
41.983232101439 13.14630383262
51.292253015233 9.2490333087039
43.718737488503 12.794604479261
42.216052145819 13.137854426253
43.369362570538 12.740885130961
42.710955259742 13.801450795423
43.688829866114 13.790800067054
51.858612648146 8.4205276283531
50.530424566721 8.5601779327542
42.318676080724 12.094489947492
42.012378776007 12.676517745816
42.666400315571 11.91629388135
51.954042060279 9.5338702497696
42.606183388574 12.46862394992
42.782530430624 12.082216879878
43.426206672784 12.861614067064
36.927626449389 -122.2425422418
42.797814968435 12.706087527681
25.840891325755 -81.052765281705
50.194870983458 6.9917599782099
43.548531850145 13.79574717993
41.874166889544 13.033436714708
43.24512541261 13.80496868717
46.124212965893 8.5304234319043
43.153404073416 11.989062666443
45.343758813661 8.8349516321602
42.330710378185 13.400357025883
43.270238947736 12.773834299677
43.338861332919 13.234488058034
43.422319802673 13.259360939872
41.820557784345 11.835115824095
42.346696229368 13.106813269272
41.837855191381 12.652936292672
42.587784552776 12.745279468033
42.534843033915 13.643843499799
42.92347540053 12.114893804844
