41.992259561567 13.098654841605
50.293487225796 9.8149960007588
42.060458509301 12.310464231463
41.942173607176 12.129821189761
43.753388377278 13.307004834224
42.48885479408 13.142309937713
42.836367682033 12.587183813859
43.428446433727 12.774685524786
42.76064720182 12.576902655243
40.848453886732 -82.978794739283
42.278779296192 13.033739727565
43.317618702242 12.844339895476
42.099795465891 13.748443584793
43.029631404241 12.533816226562
42.333369682254 13.821375574389
42.883976074834 13.69035531149
42.744931205544 13.051172043242
41.964128078431 13.802180986315
51.222260414261 8.1389049259661
50.009972244506 9.750147245708
42.799420325944 13.198182457706
43.517107828782 12.12994478232
42.26049778159 13.106312253583
43.529735342867 13.722092951074
43.070296869206 15.141248073637
42.51038907727 12.530370264582
41.876062152405 12.481644226483
51.809110534289 9.6416688471295
50.167885874011 8.0647182078402
42.330400795851 11.919316269906
42.268227860943 13.016360090608
42.413412313656 13.585301998365
42.142862184992 13.546688744143
41.878193909267 13.634623926915
41.835313832797 12.754162471182
43.053183272061 12.806914483594
42.228422042575 13.471413348576
42.359133924546 13.064569699163
42.859641370319 12.6933897644
42.328542153059 12.334032695451
43.239890928047 12.192015000264
34.03013141752 -118.35991889098
43.606403579307 12.765625825064
42.621935366032 13.443149317283
42.431976001001 12.286249774662
42.527807671378 12.238170609941
42.809482354137 13.278935607674
52.112474099087 0.5155996807877
42.665153979655 11.867857730907
42.077466419024 11.844465169073
47.990336962294 13.8593801667
33.571786359724 -83.580973430249
42.002144153718 13.469739851782
42.934543730216 11.930864962272
42.806796189329 12.314449478574
49.805966233395 6.8805516077371
44.092875842677 8.3304561957649
41.844417220396 13.233818430118
43.278385802788 11.864276028196
43.263521035811 12.617487230647
41.922580815837 13.148922370371
43.825607974953 13.142932684714
43.701012499978 12.341633900714
43.3390296732 12.469395882224
42.945451415605 12.882072462666
42.552454953826 13.18176648497
43.113104960955 12.816145294281
43.495147401253 13.302209254516
43.162599821206 13.824132324136
53.174730385735 -8.2183714095589
38.679019180231 16.663514250498
42.03934462093 13.230920413638
42.38085368994 12.73988368911
42.580248444632 12.945621659044
42.728077828313 12.980950942275
43.204507628106 13.013334800516
43.549485909098 12.836077390649
26.990177005042 -79.624051482983
42.504853886343 12.094839669829
43.347584078737 13.031247593498
43.527462280622 12.768188727467
50.958209085724 8.084066161925
46.595100667139 2.1301824004064
42.039340053259 13.485084309955
34.839612744054 -117.4822890917
43.432381723298 11.873221271168
42.209797720078 12.06022739229
42.549056726785 12.455181783764
42.797288222631 12.053971317177
43.795071885381 12.029109913425
42.034461392127 12.163496899516
52.766122474459 5.9873182560491
38.009617788658 -76.393798341776
41.847324982701 13.352595310843
43.679968696891 13.808061517707
44.527828372492 7.1657483860015
43.341635611088 12.515549002011
43.688575953587 13.786445878368
45.44909814021 1.9813766055654
43.595646784008 13.470279932728
43.254965980677 11.946745166086
43.774247358469 13.212719816835
43.235215271022 13.092231646244
42.67615583526 12.769553560212
42.674232296373 -70.804099651695
-37.362477916462 144.75950243143
43.088724951322 13.558825604899
43.607678802522 12.770502213303
43.76300316295 12.382819267189
45.392964325387 12.405348096423
43.405116101471 13.478495114727
46.766880734715 8.5080521369856
43.770807475697 13.470229738632
45.042525157352 1.4118332790266
42.365738329669 12.583672182462
42.927761175657 12.947869860564
43.056951036724 12.545499251033
43.36061355118 12.162727280151
