42.388005521816 13.436711204463
41.84389029345 13.054134228313
43.792421180214 12.631295513211
45.267199490882 9.805554914945
42.059850644369 12.512577905114
43.446120850505 13.172075972528
45.106368249425 8.9919940622253
45.082336417975 8.8777917695617
46.396711560642 9.3652744008066
45.699031740778 8.8731044331906
40.122757034159 -111.62963140446
44.76859636876 9.137574002397
45.615646420797 9.0855205589395
42.560007686543 12.539709141285
44.995034968969 9.1150334158517
45.480680535331 9.3988264239388
44.791178590081 8.728225230299
42.867844604847 13.688930152792
43.638829598522 13.752610110584
42.437985661665 12.98787594821
46.46027669702 8.9754468194072
42.808707841604 12.899678093356
46.446339920371 8.854562217302
42.714939313829 12.535325598708
41.847990611518 11.979896810849
44.602091734138 9.3868696153103
43.668230670371 12.822576665258
46.239467864528 10.151614664379
42.563624118273 11.993044666964
43.703747326391 13.09704197391
52.73318379779 -7.8435774873214
45.762477053216 8.8942937635347
43.03034491943 13.569872844741
44.591526716317 9.4264327640768
51.643346308564 9.704977474038
42.255662887497 13.01916125606
45.273387783309 9.0386945460893
42.872267281598 12.261018819784
43.398050287479 12.754808609746
43.607904019138 12.650804559093
45.587125616887 2.1755160261763
43.030937152484 13.692995746032
41.908562852979 11.969129198703
45.521128903411 9.1560841480065
50.290874769115 9.1663390971563
29.71800980239 -97.920234289011
45.920851139778 9.3576054317702
45.282643062685 9.3981180273919
51.402420599899 0.21067331782574
45.744146060617 8.4736116472997
46.119394622403 11.642524418255
50.527246524127 0.18288371342835
41.974584285645 13.066035463061
41.969603560406 13.66799726091
43.722682252418 13.041297335218
43.411844344557 13.619515789982
42.159276323954 12.110259596331
44.615857336517 8.9727725081019
42.584817015859 12.015881351224
46.210170206272 8.5593455135633
42.675854801536 13.473258411753
36.604000115034 -121.56695857127
41.872985329441 12.148746789989
42.739209938694 13.329155706509
42.669061021281 13.242582356226
45.846753293367 11.935541482053
53.696650322851 -8.4132938540603
42.2157404722 13.220987681423
42.317235848104 13.640151135943
43.146431356292 11.995009656549
45.45524865692 10.187843418954
43.400383949022 12.129529132123
42.216826926573 13.751345970107
43.016965394869 12.685124179223
46.689029669316 9.1164473428956
45.08822264529 9.1873713706561
43.663539630691 12.424223540104
42.393290499895 12.72879199906
42.398888618892 12.786398896869
42.532344504063 12.180509358284
45.90919395206 1.9974225740868
44.404836273615 9.1064536233928
41.4099784129 -73.699329778543
45.889380651966 9.6115409117246
51.14490492346 0.03432853423261
43.503186061768 12.733756386106
43.41179226267 11.890999082446
46.041571942203 9.2168966082935
46.14486016063 8.9641368418765
45.787563159057 8.4504035757158
46.065889938791 9.3582031073785
41.929487278207 13.471010178102
42.515731786173 12.558096305282
50.152657792975 8.0822820375125
46.9624923216 2.2046710826478
41.599254692087 15.086726170635
43.307975290508 13.713575683887
41.576136749646 12.769063629845
42.059022764724 12.003625271865
42.586054143324 11.904556970554
43.333004194488 13.597604405434
42.596477722117 11.919425090293
43.50771836124 12.311785211487
43.575648482712 13.33223881171
42.75986374533 12.509863303767
43.13744430299 12.114168100599
42.486119664987 13.413948105396
42.986486681286 13.773061494724
42.610534697611 12.572326367543
43.644078707178 12.639369565847
42.157145070006 13.045861055651
42.710525598263 13.534730401626
43.201227838754 11.967267233418
43.215576070017 12.897970585592
42.065320511866 12.695649988363
42.521261482298 13.818873189326
42.895988597973 12.511465236338
46.002246081364 1.6073011246544
46.195272599531 8.8746038034673
43.5225311376 13.045517594596
42.737662730172 13.441729131381
42.447481509062 12.536727999142
46.068720783304 9.1662579251041
42.917232218181 13.063082730448
43.060341182214 13.312439255583
50.16383176258 8.9289290387784
42.282908415575 13.691373807721
42.27198130885 12.782358680306
42.728689322143 12.557518383769
43.006829821995 12.156479208358
44.736985656825 11.046025512061
43.23156957574 12.256924160431
42.033505162726 12.025536153498
50.326263308211 8.2265655008268
51.122123392821 8.204065177219
46.222520946603 8.7255759185975
42.78680816704 12.741543829807
42.68793451727 11.903261158591
47.359599252865 8.4931225904697
43.238365811428 11.888843337043
42.15117960153 12.427435029984
42.367587798002 13.055146239745
42.785097673456 13.026117572594
42.509074155499 12.675731871613
43.354561828729 11.968991165056
45.166980768443 8.5857824733392
45.508679601412 9.0548782615224
45.936778639691 9.9461665657075
45.455684533366 10.096886540899
32.333558995199 34.024920582899
45.647434829153 11.701344220059
43.466762413043 13.689893546391
43.714102703035 11.973754718909
42.951141338794 13.351536209414
44.993084638402 9.0023400282498
43.376029960542 12.089556792814
42.191279760206 12.932066509955
42.498291662216 13.465938839368
42.528641112882 11.834464825168
42.329557526565 12.218003293156
45.620784359808 1.6119330588784
42.364551182561 13.75772645455
46.926823020136 11.600207611432
46.19727784081 9.6966812932383
42.716974367742 13.770330669738
43.04348061657 12.833824790492
43.142665297812 12.301969132548
42.918256180344 12.636582159289
42.727492418966 12.034520359281
45.152166664697 8.9914267460776
44.688916060512 10.858189115
45.423609088421 11.511185353159
43.428406588954 11.937065782948
43.815796009666 13.805145443813
42.388654810578 12.234794973526
42.727730752329 12.310634430198
42.592597971036 13.399722904174
43.829728693177 13.049324487846
44.524845600189 9.0748267832771
43.480444345868 12.595300106164
33.10416360022 -84.631005312983
46.388315713239 9.1203685386667
43.701661134952 12.015782275731
42.07216036558 12.07680839399
36.941450696001 -79.166585317515
42.627008842617 12.881469587296
42.610638340309 12.069371180197
45.770850257401 8.5071711139321
46.006161574326 10.999625887486
42.754851519037 12.639609197008
43.637525304073 12.813227279046
43.292235181126 -82.970013538103
43.107924053517 11.93477638158
43.82738306414 12.90288973085
42.354391263984 12.378878815297
42.870290968993 13.010460556511
41.938408972222 13.732719932579
