42.419405475941 13.576661633617
43.670843843238 12.166115404671
42.604701157031 12.744394658035
42.989526183826 13.00992819716
46.167727577578 1.759445391949
42.540069029008 12.287724549571
40.513112974389 -73.382793973229
42.582808520006 12.64960878887
51.950035953173 -1.0613540775009
43.685492692855 12.7229726374
43.753842268511 12.320585106204
41.902185054471 12.747482578639
43.490929917682 13.580365725153
44.091702544683 7.8317266490668
39.08566058933 8.8545422485647
45.033787621667 1.8433845284597
42.532883602929 13.399530569298
44.642106085456 10.284838517678
43.493556248741 12.566493452811
42.047237437727 12.825680870503
42.975594646307 12.186354226541
43.534770483421 12.362773993242
45.382129929344 10.066654523705
43.734636012828 12.177084575045
42.441004208515 13.214551264541
42.23162901135 13.168258931121
41.837223303449 11.952097448519
43.211221872017 11.932769472235
42.331458558969 12.846920671823
42.743967212152 25.499606854515
42.262276965802 12.063553723557
45.00234436612 10.895144069076
51.577572127375 -1.1256058305668
42.733027255525 12.369794177085
41.124935225627 -73.396239045307
45.744146060617 8.4736116472997
43.594215079508 12.28130909676
42.575486351094 12.162852064803
43.364798082695 13.085676086196
42.215521482872 13.285844497071
43.326343999417 13.336640667348
46.02889376461 1.6472747380134
42.880642597063 13.727069311204
51.249474500422 8.3741106923549
42.454565072199 12.79776458854
41.866776327562 12.86975139003
51.154512988941 9.0248577762511
42.166837750101 11.844102067356
42.145719940863 12.421141256795
46.419290348811 11.715890748875
47.441835740787 7.1041207905412
42.735058056088 12.264581008958
41.915322303288 13.288502135469
25.531730462562 -79.434854463686
42.804439413757 12.547979938608
43.748134640415 11.988291844276
43.44355546473 12.480090460053
42.600458445328 12.966797103645
43.497526164885 13.151497126648
42.952687094453 13.066210627608
43.140951509208 13.502180564006
45.267934733451 10.352591538663
43.516275038273 13.8301888266
43.269697506593 13.171131267779
43.441656709875 12.936155313152
29.550129958639 -97.45201926617
43.48587884313 12.628002013393
43.491512701165 13.489907084282
43.354854419082 12.435953804981
42.54380921395 11.960561426825
33.374477271205 -85.111521997448
50.250232353923 9.5177390284453
42.763835146934 13.499801940073
43.486055154135 13.533633692925
43.739815885567 13.331181258138
41.985469035819 13.550377453489
42.444512451761 13.330148405105
43.345340537089 13.045645250981
42.142510440754 13.588029506911
39.999191573546 -111.88403038289
43.028259112999 13.822646142388
28.802945348245 -81.469082581367
28.943510705876 -95.613215978752
40.746927411573 14.852432822202
42.891606640973 11.906232084591
43.233773504514 11.92788358078
41.913080521374 12.473796915039
43.294290233561 12.82145131606
43.375987234256 12.207770080889
40.346853052114 -74.705713331694
42.359329704384 13.106149515208
43.221147666809 13.089316001225
45.186573566516 9.2499638575362
50.414407637629 9.3732700470711
42.099257413365 13.269593699516
50.083271805236 8.9186556003609
43.348663070888 13.607834310575
44.025515379024 13.692996080519
43.350032355355 12.088126098799
42.288268703191 13.112145362495
50.897717504714 8.6758825688976
42.041531082749 12.782286915848
43.638930881575 12.491778934629
43.266667490505 12.044515382075
42.779387034394 13.217162444378
42.158818593809 12.992875915504
43.338064028594 13.496704905081
42.033188087437 12.1040604376
43.07918510033 11.892144507234
43.424096987801 12.595697581601
42.671271903308 13.791289222816
43.133946098471 13.359665830342
52.338745189756 -0.45375708190899
43.509480458943 12.324579571546
42.975720813508 12.074959140793
42.147253231235 12.000764870572
41.976389060738 11.894515709923
43.12411961107 12.782182443341
41.958222157789 13.206212728867
41.969130786608 12.102283474127
44.285374951938 8.0929854009501
42.825921772453 12.169917660865
42.531206314255 12.731067153055
43.7593268374 12.358003555053
44.7836073534 7.7051500218689
43.266430999297 13.709460441374
43.112032585385 12.372300285109
43.797179142405 13.590174356771
42.227759923913 13.605458447081
43.156379494444 12.193373497687
41.870896589903 13.738854179058
47.271374190818 8.1235521813499
46.238338583726 1.2157862103618
43.539016512495 13.423620500354
42.791400808299 12.224715960338
40.378707348266 18.99957217141
43.738750748701 12.13665704717
43.166764702747 11.892248374846
42.298984603185 13.593081429432
39.699370666441 -76.722535121085
45.422362392034 2.142067840389
42.009462648097 12.71893063456
43.057227078873 13.195760865342
45.858143081357 24.583900048669
43.351396076566 12.59944145458
40.552121114395 -74.701117332086
43.816148675914 13.291306730051
43.427629956264 13.217242315534
46.785393198992 12.903727436055
42.246498746933 12.759751758913
37.026247511082 -121.9050331997
51.280472376049 8.7379978554035
26.468124576114 -79.476607573716
34.309591507995 -118.11341797358
42.415410202211 13.518305549195
43.089835601456 11.934660764867
42.623963931887 11.868392215536
43.740344131731 13.798050865924
44.971581166418 11.52386242439
43.643494228222 13.188602445756
41.992511826585 13.474995103441
42.352543306722 12.191219762078
43.478064682578 12.575594670894
56.321337971055 9.6131856081137
41.988511286226 12.557577081771
41.335095427307 -73.700641096096
38.435144349404 -77.967441604341
42.439334264716 12.661578839974
43.150292189883 12.06510497821
43.073543338626 13.73226824113
42.811272096288 13.419399060525
46.721288666584 11.719104545128
46.838561729918 1.5394021982976
42.771110432137 13.50063104627
51.084048462139 8.7290875146767
42.397519689725 12.179091659479
33.64411292925 -118.95265828845
43.779483436059 13.53387674204
40.985210035219 -73.432432137474
45.182269486546 12.544379868516
43.421798927461 12.904139850265
25.410763578664 -79.784947398294
45.929495813769 12.043989422815
42.369424090448 12.77751982716
50.390165882832 9.0955994418336
50.895983187899 9.8984202378888
51.719053749097 0.19057852592347
51.852308311897 9.6277454293462
42.502340201543 12.355277408567
43.501591585831 12.945546928789
43.517932040413 12.744149352791
41.839721864036 13.190761392115
43.770807475697 13.470229738632
41.997332825811 12.148393495098
39.722455075521 -76.51963877698
42.799616035467 13.101968283368
43.209313295434 12.578151214692
44.354013382669 12.23135121068
42.099899519768 13.103531841724
43.327138735155 13.511984422597
43.807412489714 12.91936801838
43.15094269265 -71.625796852245
42.59589045059 13.417918392673
