25.501322760463 -79.212980817912
42.154881012719 12.474804378357
43.822389642181 11.87500357857
43.107047907613 12.467007842153
50.044142202495 9.3588921010303
43.435961742644 13.649370399627
43.375203324678 12.261077295666
41.853501676069 13.355514079985
43.736848928398 13.366329379571
43.416914122394 12.2900557012
46.28076830566 2.0525182793161
43.574521355154 11.972108264462
45.402191527187 12.279314658057
38.264475709461 -123.12240544869
43.6900592799 11.910584905164
46.342011918336 11.617829369108
51.324326209875 8.1083400105631
43.041525854304 12.876001644377
43.42929321829 12.094609855274
42.424247590978 12.509073492959
43.835295785885 10.59799097811
50.555789721108 15.611606976535
42.727686068869 12.339097576395
43.497591057579 11.935098394277
42.294401966193 13.118413092179
41.866725369781 12.485154315145
43.289000845204 13.55185397649
42.921278980079 12.528638364083
43.299698583942 12.700957462073
43.187427905962 12.418802423619
42.931507500343 12.946443405464
42.202126336865 13.489667112722
43.065339479647 13.624374423953
43.717085120157 13.712263512778
43.218137362629 13.666379239741
43.721352599918 12.546331178672
43.093065338274 12.222892875442
42.332483476669 12.702155708218
43.087819449665 13.752891810982
42.670442495828 12.790875246206
43.724942790237 13.02462911516
44.378928641846 11.899601589867
44.833381653904 11.530563919848
41.392309386152 -75.375606481292
42.914926599227 11.891656977561
42.600652827251 12.884816925474
43.297266136083 13.650910792731
46.261707035481 1.9874916621426
43.287851868818 12.505512777041
44.17070001021 11.264837004163
43.939029714351 13.051801544012
43.201476656947 11.986315330971
43.422037887605 12.436483238117
44.553674704069 12.471807659383
51.484453913283 0.5864125962725
43.352110000978 13.043210147455
40.04798682847 -112.09941896415
43.274048384893 13.602379652973
42.358911977803 13.52591901206
43.505384019832 13.684364621867
43.344565633866 12.601901486817
46.0519299838 1.895459965754
50.795906430947 9.7376523649961
44.983846837277 8.9206337153076
42.380840215099 13.235691809692
42.195031951293 13.820437937447
41.910288615597 12.194263815526
41.940513289061 13.309629998335
43.000053032788 13.291610615019
42.351454813684 13.81745844002
42.971990388826 12.950843462719
42.438445403466 13.308095657897
43.087376011532 10.194191608692
42.164407899235 12.115614796598
42.465447961125 13.109716610124
42.587687739466 12.381435563055
43.078799156693 12.24937835729
43.037374889051 12.932581001882
53.019461800268 -5.6835586849702
52.040341094854 6.4363206427946
42.035355259702 12.629331724567
43.613861259846 12.598679346332
42.348059843943 13.740282109839
42.353009249269 13.238413033208
42.369077884785 12.246631239211
44.136888805186 11.844667427423
43.819361349039 12.734234098708
43.510074520276 12.965252826926
42.240212105813 13.42262574307
43.60654336291 12.357767644992
42.107648206015 12.639958945888
39.876996624378 -75.124572417888
43.693875823048 11.934323887797
42.476992001534 13.420538683639
42.808831406689 13.82144315162
43.444150865038 12.534131974026
42.87411426004 12.5657904435
43.330340347893 12.867499617353
43.260895347365 13.051519584887
43.418336820073 13.257635063167
43.750580464395 13.416004313371
45.650710797636 8.6607344428826
33.149687595148 -118.44582150717
43.018090219732 13.164860528992
42.192846396583 12.735166035956
42.856894728682 11.973764195581
42.397398242002 12.203179404721
42.114789262954 13.189515792408
38.096582793417 13.188749852634
52.25144798623 -0.10913299174007
43.822447055889 11.923414466888
43.382576795028 13.278861372882
43.616482441156 12.755337599572
41.926108521396 13.642664067302
42.574408664191 13.379914486979
43.26911484325 12.468260750414
33.081489280943 -116.27257426842
45.198989449904 10.764897988322
42.132281143767 11.865058100741
41.968165253761 11.970853415791
42.272453995104 13.717026225646
34.690508105827 -118.61328858101
42.284234876432 13.330345227092
44.851312191177 11.395442034905
42.962634605825 13.817983945768
46.124203252224 8.309762673783
45.148063588491 1.0267551103731
42.00642443311 13.482551852021
42.315111948811 12.044754145243
42.437748297343 12.132747106803
41.889687983754 12.584948449689
42.635204840768 13.262977414908
42.611881939069 13.727911374892
43.389238220842 13.194199173357
43.807644807665 12.676265144125
43.407603104647 10.980165877
40.873201789488 -80.520247827769
43.103536313003 12.028871967957
43.304065037006 12.417901057062
42.540676666231 12.902967526088
42.774571066638 12.758449843993
42.377590563811 13.292507429764
42.220073870041 13.586768402547
42.70179242303 12.283269020416
50.171641307963 8.2055034093584
41.024173407035 11.554698229837
34.484035342077 -117.86926809436
37.529794867908 -123.31750437649
42.465353948302 13.4053026221
42.756364256051 13.262260252287
44.283406623983 11.747161977436
42.548589673635 13.166010142402
41.958523777781 13.023925484656
61.904423802581 15.164438578842
43.490714022143 10.084231734804
42.745757821384 13.535776430546
43.278529892826 11.994953100123
42.542035319184 13.07156903209
42.931472346176 13.764203113415
43.730228911515 13.448802210155
42.207224351471 13.54424117859
43.389955934805 12.04182931552
46.023379838689 11.486243004739
43.02065846653 12.348002686814
42.052769340155 12.341351598216
42.899620657761 12.518421837857
46.008387434766 2.723962345032
43.124606380318 12.517640535516
42.115729872678 12.443017267384
42.587206571192 12.253409441234
41.905343023571 13.811258156717
43.236332662535 12.128695774904
42.905512610153 -78.933883159719
52.111624647217 -0.64707352721927
43.708820100293 13.16819939586
42.794005590416 12.964827330788
39.864669269971 -74.17497347596
43.384832284613 13.261031892759
42.446783814343 13.61939344912
45.689870601376 1.9013317399199
41.868735140615 12.001890813488
43.458622451175 12.732386841801
42.222881337287 13.577431134704
45.613450088172 10.538747378664
43.420533709911 12.405129929283
42.504361750814 11.988827200157
42.906409829367 13.088012853699
43.583210131912 12.593918196689
42.480467408209 13.054804527713
42.06099630711 13.786155768126
43.265198938693 12.583142392164
43.814244402041 13.055087430449
43.119945069852 13.314321013801
43.628916984738 11.960844182412
42.09805246263 12.637953585797
42.997205293757 13.49974136173
42.234664805364 12.168262999139
43.24586593187 12.499423278284
43.157787583397 13.750827639269
43.200101858585 13.170695675172
30.522956779703 35.687153511186
43.706135575544 12.295525677661
43.553471982758 12.680959038309
42.02690008286 12.445639252426
42.634671394564 12.054272782569
46.427479611443 2.684816694206
42.342598465917 12.808661444976
43.28018299971 12.216289097099
50.686523115349 -0.67746607716542
42.348546043687 13.346455101106
41.872731775473 13.238110528459
41.838637096288 12.436065551118
46.210485716474 8.7363757468464
43.74272444555 13.536635466657
42.878796129452 13.328794527973
42.2071699003 13.652422123448
42.514848061632 12.248362814679
43.525265617096 11.844658697438
42.297307569227 13.177913592767
46.616570761249 2.3098560079512
46.000173830893 2.9247760558151
33.505894718641 -118.09908647869
42.355874567945 12.034634200893
42.425302366945 11.844720224799
44.579923158663 13.219160748308
29.786030060728 -96.291332557294
42.647403694546 13.00457477991
43.152076419535 12.349904469864
43.742640567169 12.046321402114
41.738075300615 -73.645851932898
50.862102133856 -0.70553785786756
43.427972620108 12.394885713439
42.944299636404 11.901241124583
50.363177549729 8.7908359196926
43.816602800699 10.819794432828
43.545079435031 12.689835195306
51.380953221759 8.8261975803534
25.14855430001 -79.507197155197
42.986661462128 13.034925362598
45.195838529985 12.012879658285
42.382808618912 12.788234990478
41.971807089176 13.329916696239
43.427500334788 13.358534783779
43.635703624078 12.323501413394
43.20318058331 13.703919888357
37.475068729044 -122.2053300983
44.089022991152 8.2839484489215
50.44367516725 6.7608439269083
44.081510511612 10.94471889853
43.014706531102 12.876492415518
43.474917138238 11.946990774475
43.261679108397 13.144272381994
42.178909919795 11.984164777691
41.928478974837 13.216743398114
41.949426435397 12.587621091228
43.598498935645 13.71422963066
40.081748950951 -74.112570228239
45.537384276529 1.3210887197969
42.144165106672 13.420850800567
42.912368437721 12.199978157061
42.707681028523 12.586186447475
42.866887305822 12.257929958079
42.835854216889 12.781582181261
42.189556862337 12.729871529981
42.911281504648 11.890466079552
43.277629302965 13.326302440079
42.777482599869 12.832681346628
43.438750554101 12.860301287801
43.621587808089 11.959774672987
42.277498580666 13.154336262122
43.281381174608 13.203008346375
42.233903833795 13.131738071412
45.354099719976 9.3373595167591
41.936934497665 13.3004743356
42.828047834278 12.013100516544
43.277808473596 12.071704866419
41.882420244593 13.510965584105
45.493111165936 2.6176353504963
45.363410892649 11.851327225727
42.378880099125 12.183134762211
42.855465280777 12.626631883286
42.791278536355 12.426918692175
42.16402784931 12.418283963326
46.724556071555 1.2728980706413
42.741127701842 11.960310524332
47.294493826709 7.9714162321628
43.245434043133 12.377943573251
43.012734718648 12.004043592629
43.395483372473 12.710471304485
42.608726239602 13.720591229743
51.040631073546 8.382968083668
42.948546763507 12.6153421894
46.200738350489 8.4618864634362
42.041126396547 11.946736580223
26.092877705142 -80.508343868004
43.563338442523 12.001976555235
43.075026503354 12.60837502808
42.696199258669 12.878872034105
42.914511676393 13.344195935591
43.23699677283 13.259069211923
42.721498996842 13.038805789353
42.814790091878 13.739099118758
42.218129169784 13.276065351125
44.375021940759 10.687822966363
42.738031934546 -78.595066050648
43.752179813011 13.814716128567
43.122921161432 13.524425108717
42.658425773356 13.548277681038
42.352528275641 13.383643711185
41.980611826771 12.885572064636
45.054152948456 11.959337969736
41.965182240126 12.451528572709
42.911227363141 12.526017909204
46.719023620339 11.476833115446
44.604261421344 12.044656659893
42.660497868762 12.882438313182
33.500010052968 -83.457846348294
42.087950020625 12.817149366654
43.787481359594 12.975728760949
43.849851724997 10.926811103768
42.930098558299 13.691614390228
42.510377691386 13.366687623976
42.064191928184 12.927360611489
43.606761408808 12.788469607399
43.098474497974 12.489723228633
42.790749872027 11.839115331827
43.277275810634 13.492104987864
43.564641075027 13.105494951434
42.55012433538 13.207600447001
43.428281100687 12.26636575596
43.617472781177 13.455280209659
42.149288783406 13.559458084686
42.048262500248 12.616409363067
43.506582059223 13.15956571568
43.013281351448 12.767609151924
43.436844565664 13.301946045061
43.651865363446 13.69536641554
46.647837679925 11.301518835175
42.325097137303 12.650503915127
47.97048130956 8.5679064223393
42.279124381172 11.915031025633
43.458189552419 13.750230380704
42.721604009516 12.109011740496
41.975596788349 13.112528767976
42.667461588845 13.318096037192
52.781790980968 -7.0147758559393
46.320264245067 2.3710737858764
43.446545987153 13.752668191585
46.263943567157 10.971255530778
42.513127822689 13.342128847906
42.427609682769 13.210040073495
42.537153616819 12.503717814362
42.354436175618 12.862668140748
42.131433110766 12.5321724194
43.005240682536 12.720723772778
42.169049411646 13.176947447575
42.35074412003 13.184335904768
51.422617776051 8.4783031192973
43.820482900304 12.261500036952
43.787481352609 12.663938061199
41.969182635664 12.177304274972
42.063019478744 12.791647914255
43.125379139637 12.136670408855
43.643181643769 11.849044417447
42.408391145735 12.422435969798
42.939314499025 12.842854421068
43.653830737201 13.136305768127
42.600869671742 11.98358770275
41.936571776393 12.584505002773
41.991130299883 12.092515022092
42.075320310947 13.235559461769
42.721915453564 12.344015441085
43.579992844083 12.892142133292
46.831906064801 2.7992371203374
43.823472873247 11.909931394251
42.951680728699 12.017386128689
42.464821140519 12.250255119659
43.585882142946 12.611773894474
42.704817200894 12.163736847792
43.569696307469 12.518426979689
42.278649963124 13.10781817285
43.540229810535 13.110397867004
42.416129635396 13.450220213502
43.270247177833 11.974966657357
42.645803758265 12.262624768218
43.605118124583 11.909030518473
53.118008202695 4.8096050387526
42.053915216168 11.953524894546
43.043545509264 13.413829269567
40.310505632142 -75.212744362883
50.48150223842 9.3083642983382
43.460592977007 13.709240526778
43.755327824876 12.416548472113
43.61033337361 12.14159944895
43.224485508757 11.841847520735
43.785454220991 12.172492113066
42.896301892093 12.989770757051
41.925439774976 12.712552192508
42.681313667319 13.00196899895
41.991127621399 13.1794423774
43.644271217608 12.207759935061
43.544357968303 12.183441352206
42.460636826933 13.438463395687
42.88694341757 12.098104227401
41.90463473273 13.443148802728
42.170826642875 12.323435057126
42.384834250472 13.415764792643
43.448516197732 12.18998701276
33.694372949693 -119.1631752517
33.168878349734 -119.13491235615
42.584992614868 13.276961013359
50.794509070597 -1.0803835774727
42.853335129981 12.503132424107
42.643182389759 12.541092187905
43.708153216053 12.876430440192
42.730961061444 12.682343947574
41.896163963685 13.038139460647
43.484622207251 12.16077410253
42.381375572377 12.611340532385
42.821074795381 12.114541919511
40.385484757233 -75.182768583514
42.236328594983 13.111275205461
41.888794694531 13.177553501549
42.758730625177 13.554279386811
43.237571726219 12.305897056289
50.185797836718 9.8094059740237
43.027476410415 13.715285794698
42.55603086371 12.519844822383
26.596231423579 -80.458898193226
42.980132708338 13.682345219761
43.697512844923 13.391989964264
42.064019498932 12.743205643626
43.58351997036 13.765391986263
43.743905861764 12.290724574279
42.351467772106 13.38388999199
42.917532483564 13.601944266188
51.984003195765 0.11037243390474
42.713324828892 12.500810189893
43.733379889176 13.648310293301
42.127268769393 13.500812635546
42.397341284176 12.027084885199
43.469641051495 13.803232827619
43.828215265122 13.082516332682
50.845601074093 0.41095878989481
43.707573385794 12.487058514977
51.696016438629 9.809957240154
44.508429093733 12.400988319563
46.114708834847 1.3141406580406
42.434341342412 12.976267791829
32.978208811983 -83.982046020582
34.717141764761 -118.13217498545
43.321068290792 13.228948241693
42.24466041815 12.378938141942
43.059015884578 13.532805456583
50.974761179171 8.8018408561134
42.322304985191 12.787480887879
42.938650628079 11.934487460172
41.840953605662 11.998456563355
42.19104288902 12.48707418867
42.567694672203 12.938466828774
40.715094296746 -74.369224582636
42.503055378584 12.167979115719
40.407659408978 -74.909651873723
46.285708976577 2.3000951545779
42.320211239795 12.535257379795
42.478184077667 12.248347448787
46.623665946945 10.585524155167
42.998624302002 13.206936667791
45.230304874121 24.663342968404
51.827684609605 8.8084014820905
42.778794587042 12.736178861363
43.652821534638 12.275496356339
42.696921887687 13.066946671862
42.021010277358 13.496758219573
45.22511917596 2.7160525357891
42.489189210597 13.753603770304
42.161076179802 13.827583175093
51.460977434395 9.5642037808728
42.344502463653 12.04297237568
45.528571601272 2.316392600218
41.833398780263 12.812761021712
42.839465210626 12.426536591478
42.939775440369 12.302623031823
42.108890403134 12.580534079869
51.2276880053 8.0085427844937
42.010302574865 13.424599680337
42.396490118206 12.958639423365
42.008853493749 12.973691060217
42.141260438685 13.233471708502
51.498154743108 -0.53002561099828
42.906417643629 13.423635684172
42.453219304093 13.049635984048
42.594878678042 12.546426720727
43.383061657393 12.896160834442
43.694524217276 12.61350873283
43.755041977763 13.515724269003
43.14358231015 12.013450227705
42.038298939398 13.601318972863
43.113001547827 12.465060552354
43.498713469852 12.248994055807
46.078181685451 2.0648898454685
42.577008785038 13.596117091198
43.61093540334 13.022863655383
42.077707391755 12.989837564544
43.173437421778 11.922472526304
51.428255063681 8.2511843472026
43.812337020811 12.599392148501
42.237934326419 13.724101311885
51.884349337027 0.54958492165413
43.79419318486 13.488952872592
43.276304352247 13.542320807738
33.714938643444 -116.88965904605
43.714233579002 12.752245929463
27.695614943508 -80.665543420819
43.596415157729 12.638238672951
43.761756931807 11.83525308542
62.709751957427 15.902334162454
51.220478183227 8.293918723843
42.536620042092 11.849938484326
41.836144378819 13.218109987799
42.954427667428 12.815902862167
43.674436072688 13.408819168086
42.523898687944 13.497165859929
42.747140860088 13.333488455219
37.565218413978 -97.772315013582
42.06527668336 13.439107834587
41.912194715327 12.190150424482
51.988704961021 0.42189361029859
52.007169498367 0.20638057594019
41.885831377903 13.779977676843
42.344370593033 13.809851887568
43.435587800332 12.464931147876
43.060811726891 12.129233320791
42.31099285621 13.329819250095
42.029384204687 13.289416543364
42.673581678289 12.138209662951
50.964648431151 9.2132905475857
43.371921417963 12.677402016578
42.147444047123 12.766363448376
42.745992347035 12.8224439937
42.750690703651 13.389244037883
43.36424865779 12.517936060933
43.046886524694 13.579291943286
41.90165068067 12.374858794929
26.57636635636 -79.649474981353
42.659859369372 13.156793214009
52.82297097278 -7.4557064196354
43.475884161666 12.903499130136
43.597959915475 12.857555754437
43.107692130912 12.330161085527
42.685962659647 11.930159700557
9.9670268357578 -79.779637333834
41.837861187236 12.33349642408
34.771603876465 -118.28891485316
42.112939454223 12.295179497143
42.796872137506 13.361694975014
51.13748912054 8.4406806158091
41.17954218644 -74.657861193148
42.927944873913 13.158376670072
42.244130695704 13.532507854201
43.365196771179 13.71451513784
43.317190319003 12.484311257736
41.963953204923 12.426535305321
43.247146291794 13.155641340744
50.510317764948 8.7228860895722
42.134099803017 13.576899449631
46.309321954059 8.0059894984616
42.763976745684 13.357645577939
50.309732887107 8.4089887777385
42.247457106268 12.551555471773
42.067887047824 13.087046865435
51.657545424606 4.7942516179961
51.687887677545 0.36846395361166
42.589823697524 13.000907962698
43.830676484795 13.722564079691
43.170649091348 13.411731737413
42.888511433235 12.482543201431
42.847389514974 13.083761145421
43.250858200852 12.075693411343
42.05842112289 13.589860309211
42.052174181723 12.815090334443
42.021010797967 13.437511075513
42.837333333624 11.913617779016
42.459942669377 13.766946108459
41.643838714316 13.44093159681
42.074124009404 13.811735205286
42.589872706977 13.04331925888
43.280241937528 12.925080607166
43.695792851383 11.878087346872
42.792999602779 12.093459885166
42.175458430881 12.793843019213
43.305886084843 11.843351216469
42.958418258002 12.749794302413
42.114415850099 12.587847778868
43.115059817284 12.287688943247
42.719771691954 12.749505263658
42.820088657953 12.699062102355
42.270831219068 11.884740476464
42.231103844604 13.775735548148
42.287905410553 12.375967924214
41.849831198293 13.479154865967
42.751345509103 13.056161727803
42.410733162638 12.230248100253
43.269426737593 13.630384084617
42.613555144825 12.151364463473
37.389239641553 -97.331541556088
43.313753166869 11.889211664411
43.082897543501 12.583036259109
42.060444592082 12.040589996653
43.201232764985 13.237593533137
51.477819238081 9.2537961696525
43.594333890658 12.072353308609
42.150349674837 12.988234280624
43.42965044243 13.550021776275
42.171486157559 13.768431140954
42.177955178745 11.935371565186
39.396354439643 -90.352881692193
42.819495603379 12.460527669408
51.668272056928 9.680487780683
43.539552859769 12.413209565197
42.606589699933 13.295545094805
45.534175466064 2.2140178038804
42.11363815803 12.827087851647
42.56363244709 12.677923395635
44.094523430599 12.134477961201
43.715107088797 11.855433147354
41.877792959971 -70.143988392906
43.415900110947 13.240604019857
42.941528592252 12.287865410248
43.672405328936 12.104957510321
51.060967878001 9.5194079491866
42.693483467363 -84.714421757593
42.636525613573 12.030568996945
42.002391650364 11.87356930036
42.934743058393 12.65449912739
42.463980755074 13.504135886463
44.261789840184 12.066857450233
42.905743093207 12.041339472442
-37.535390722815 145.31063790464
44.117845372163 12.329702544899
41.858693115368 12.419871441305
42.332123384521 13.083713097092
