46.05711543423 2.5058322462746
45.962323490513 2.3988736799913
45.59891603589 2.6318582792915
45.801014751569 2.597899246308
45.829993970147 2.6141340437411
45.865573084851 2.329129549828
45.828702090228 2.7159395365584
45.885215153864 2.9936313154146
45.784363314409 2.4558586154393
45.753662113917 2.709456500462
45.793525379055 2.9636311726475
45.908951057079 2.8228641472863
45.933458210869 2.4535604363557
45.796392547338 2.8890894338903
45.60395680722 2.4951909964416
45.726513077378 2.5660116507514
45.685222500323 2.6008704535667
45.888259882055 2.6397060703671
45.814526876814 2.6547793977218
45.781695777449 2.6229344381126
46.04971950457 2.4334336446754
45.926990032162 2.8445077635555
45.946132258953 2.5654157682161
45.682378839088 2.5163289371488
45.820826877291 2.451397856442
46.087085993535 2.7083219777366
45.713141846337 2.383648597814
45.99838199513 2.3286559830087
45.929603613415 2.8294063014115
45.647382533014 2.7887515122019
45.788991911239 2.4139127984708
45.749718460138 2.2926713816322
46.043367128839 2.5173307007725
45.870742798257 2.2473876361025
45.811482511839 2.4092298910996
46.054548916898 2.8834406257996
46.078990699294 2.4518936464805
45.987601930735 2.7026237392345
45.873910807946 2.9217404285081
45.919842471331 2.8699200208624
45.963503223827 2.9372000703296
46.035507839655 2.8480757246018
45.85344237874 2.5583885850191
46.024546383426 2.7702658319707
45.967435000449 2.3568095687576
46.049897730839 2.9433919838366
45.593858888649 2.5579211928686
45.813338156703 2.6642263823488
45.560949463658 2.5766552782509
45.931795704612 2.3224781091895
45.779111158466 2.513764547889
45.903540263839 2.9905946003229
46.074670101551 2.5283948469574
45.832628828395 2.3744167440452
45.629496152806 2.4916223210709
46.019906814219 2.303417997576
45.798594740591 2.8013852638199
45.912273664452 2.4777045610723
46.094814815137 2.514708366019
45.996892814523 2.9912977353629
45.733248204334 2.9018688550693
45.719673933796 2.3520431380496
45.818525889338 2.5962344806624
45.696950248767 2.9388921665675
45.632051175755 2.7479932265114
45.679880457781 2.3980216613961
45.980514142653 2.4060121515794
45.872169277106 2.279457149226
45.593323573746 2.7684148139173
45.949480512156 2.9081119852644
45.81035163105 2.2415494011909
45.752812789638 2.7966287028029
45.781431637137 2.7232674033024
46.076725619415 2.4489763180953
45.845880450143 2.2215044625204
45.784010000892 2.7795454206781
45.873261825123 2.5063197964366
45.632981465493 2.9225209955697
45.749489865615 2.58748422637
45.915253188422 2.7025640628778
45.658231709459 2.970880911672
45.869016588139 2.8803366585077
45.954594911055 2.8056102338273
46.008387434766 2.723962345032
45.879970220327 2.9004431473559
45.770791861588 2.9708768441206
46.0589966588 2.8846140354334
45.841061557103 2.2328772895191
45.790904523707 2.7305212191914
45.815297269642 2.7488486146316
45.872907263633 2.3512788253609
46.021877964503 2.4706192661406
46.005396333526 2.6563330314384
45.663042042713 2.8871297323551
45.734441558241 2.959892057795
45.891517051911 2.7737630907324
45.890266733659 2.7333634415331
45.755212074032 2.3400929376204
45.939182240022 2.8934175078261
45.945648424768 2.7472790096641
45.945966287957 2.2638657555281
45.995943241285 2.9281147629619
45.865747357656 2.5749925461481
45.726404505654 2.3905439588197
46.014615717816 2.5295163809925
45.932463880131 2.2764226325212
45.597829335182 2.6849899183423
45.990528126243 2.8980569727244
45.757335292994 2.535106695972
45.606690150502 2.6709703578013
45.758048759661 2.8607008386686
45.947507774899 2.3560952457395
45.899246355937 2.6942281861297
45.933460424158 2.2544533918865
45.739310386935 2.3622699102211
45.824233942583 2.8345271678802
45.738955000294 2.292189528836
45.969276790027 2.3871544717751
45.897585840382 2.2391015469279
45.977005809069 2.8087459107902
45.959512463752 2.8830635141968
46.098401532554 2.4102446881171
45.819222839931 2.3040984851793
45.799762588367 2.7102162203333
45.901334301057 2.8766937893241
46.101138320799 2.3510220099012
45.999508197885 2.9249561591656
46.084535953162 2.4190260150558
45.798809686582 2.8791428952846
46.000173830893 2.9247760558151
46.052096928494 2.8485050289186
45.891980081281 2.4371985096658
46.057513861478 2.3419721496021
45.616936924223 2.7127311642807
46.100493163849 2.4809100262266
45.820539138662 2.4922205528674
45.915958070623 2.9272826248441
45.74229762179 2.4528955493369
45.895456728011 2.7863345284883
46.002491778695 2.8073946422932
45.843847590426 2.7763904634753
45.791259101029 2.4132773933994
45.890849814234 2.9027132470639
45.917700300886 2.9998081130906
46.051512365719 2.3330751747513
45.810726197348 2.5332117418448
45.898941607633 2.5473761761316
46.015881309293 2.7970300395028
46.099574305164 2.6450611337298
45.833102772866 2.7920980871618
45.718441581222 2.4522391373535
46.039444651007 2.6150316300872
46.057162235052 2.5796917870546
45.945355717533 2.2963011936733
46.080367581491 2.5930845810068
46.053174906435 2.9357891701794
45.892340143627 2.7363481455186
45.766566423591 2.6212174350495
45.931965573659 2.5212035754329
45.617276338682 2.5289448562679
45.927861205734 2.8727780957114
45.80690072235 2.5357871332838
45.897632054937 2.7713172783942
45.720589306075 2.3396140734384
46.042333877665 2.6345977106293
45.639190147929 2.8055454817626
45.693075580379 2.8564825783747
45.673050205537 2.6015263430781
46.059251318248 2.8755804057585
45.725764615334 2.5682720432842
45.896758003112 2.7781154591488
45.954180100911 2.4042125900296
45.752697924037 2.4859055539062
45.961542404239 2.938571382751
45.716902266125 2.8677657474148
45.826430705761 2.6089705352713
45.703150762107 2.3893340483258
45.693088712028 2.4908569410866
45.867649004267 2.4749739502906
45.941315259291 2.7441420051009
45.953561409355 2.455673244994
45.595206096114 2.7938174697542
46.0663333922 2.4787705133105
45.67463082805 2.863426917169
46.029252656283 2.3675762342138
45.594968447739 2.5778451820732
45.857542397854 2.6382175337701
46.057713110958 2.3884517882897
45.68024210617 2.6794648816248
46.018003564336 2.3187948247971
46.036804921477 2.3585125647292
45.726936045441 2.5568988144197
45.853781587376 2.5143046362858
46.100373691926 2.6198328629228
46.023731422156 2.3826318664395
46.081986310464 2.4630011266391
45.985339994535 2.6939333131043
45.816785280042 2.6406684660542
45.857596240406 2.4499256920302
45.622171293768 2.8721811482088
45.763472633326 2.7965014440923
46.026641470393 2.982856980517
45.672318052814 2.6242948093565
45.828582505616 2.4091614305084
45.656681694396 2.8617034754072
46.08404529052 2.3670374422181
46.049800148723 2.4106598544915
46.004088148011 2.627337917512
45.705511994988 2.5431564019728
45.854919699884 2.9001352628228
45.989033165383 2.3392629462011
45.96000876043 2.3553761971907
45.561105636675 2.5648056112997
45.915326381063 2.5930237200079
45.635128033178 2.6812994674227
45.926923152025 2.8277920376639
45.887879289169 2.7100978785707
45.663268828608 2.4850860356749
46.009804874197 2.2803493967654
45.723844659386 2.6025826402952
45.721396125723 2.7586680030258
45.727421426087 2.5380411495166
46.005935948811 2.6183001546274
45.651388435462 2.4970932288547
45.651985123591 2.8691979147816
45.872786952589 2.2434502226503
45.854817624136 2.7725229737221
45.700466440851 2.7044457032832
45.975715607859 2.7168251474932
45.78036490445 2.3045056752416
45.880439158008 2.612422605796
45.873072719142 2.2651603125339
45.662874273333 2.5845175285752
45.889561018389 2.8297478676912
45.821975317701 2.4606252556949
45.844754016886 2.7364094172308
45.637209086976 2.4914918013343
45.760743619763 2.5823679275729
45.620546592223 2.8457684180912
46.025870048919 2.5099521891726
45.744490156297 2.7219930448206
45.822427909273 2.5435819036996
45.676182617283 2.8136315279704
45.796675753219 2.2370965230451
46.050974582811 2.9723043949214
45.746631437329 2.82928030604
45.756634430846 2.7446630940515
45.895266288377 2.2694002866137
45.888185365073 2.8427158924019
45.860174633032 2.3508608445296
45.979821699662 2.4123589212132
45.837264532148 2.8027482860734
45.596830252836 2.7194423273762
45.635382203681 2.8050106474222
45.929192073145 2.7696603163004
45.866702562602 2.8201657150966
45.687675767433 2.3631686155513
46.043781460283 2.8950868457999
45.731230970347 2.5747359239379
45.980579305897 2.4025527613249
46.050611839188 2.8768699024231
45.702660958144 2.885641285165
