46.489463329823 12.165318366564
46.786155397161 11.774260789682
46.928349104399 11.100840290289
46.793341912887 11.140059836439
42.382283243084 13.54630850283
42.839673943065 -82.378770311281
51.496333984424 8.1627859040921
51.207880139448 8.8473582406749
42.88141920321 13.741707288561
46.29459739099 11.107965057182
42.399646088222 13.542504657334
43.433455164767 13.439530779368
43.804611787596 12.775583105544
42.04175956365 13.684720546347
51.833086432346 8.5846218190084
43.149237552283 12.08383401955
43.278048546204 13.164647919224
45.528402477937 10.735991333654
42.260652373222 11.869808879176
43.097448300637 11.838041426094
47.000224881994 10.927712370307
42.82798277022 12.027190000784
43.484325822689 13.202890746877
38.395115585716 -97.458916258281
45.715583465584 10.82948027746
42.379953624413 12.506088678516
42.093519111694 12.203656783909
43.079777901119 12.341704612312
45.789796705914 10.370852287731
46.027438969087 11.89984256041
42.345617481689 13.626061211187
43.760815803803 13.463855651444
46.345233076227 11.903427983005
43.272138450908 12.142254526814
46.403038866635 12.49879225071
51.906821675555 8.3989386755968
43.108359219578 13.373296864991
45.61907413929 10.853675158792
42.069746851509 12.088542549933
28.863358951873 -94.45097476379
42.144634218975 13.80615970532
42.49861697552 12.157146917285
46.648680356447 12.924533275268
50.117489173597 9.4332650347768
37.418438217798 -97.236529116629
37.884490713889 -96.64398523357
51.795129262281 8.6499384192982
51.647512163803 9.7007117824167
43.640162112976 13.104884552374
42.778891675558 13.827744441048
41.935858092728 12.613489870754
42.050265722021 12.185693415921
53.158821268314 4.936522069474
42.14834105279 13.001247429776
42.347886837271 12.843173152249
43.260015554403 13.315331387036
45.987961269097 10.515495044487
42.191295886522 13.646925323965
43.397922071835 12.500933737283
45.696419103118 10.77009110857
50.580331604732 8.5493415340545
47.36233484222 10.74764490598
42.291059322812 12.526616885593
42.019123288349 -111.20872309917
42.489692458201 13.761352840255
50.500377627788 9.9964741934074
40.458592893289 -73.940303438362
42.55042172903 12.804321609833
43.201755795277 12.316901850683
42.944429439488 12.742796216993
42.611940552786 11.86315778173
51.393276929107 9.4754997885206
42.995110821463 12.749569437837
42.101088715785 13.662465374781
43.22097464477 13.645677950089
43.413330288817 12.572070052669
42.414718073541 13.736645322191
46.88570387342 11.209696318188
42.30927747132 12.562792691685
43.704952179338 12.433440821468
46.779280393561 12.921334792239
50.158723476417 8.5229722426846
42.419406297367 13.544003349072
42.716443098039 12.354541308898
43.770987822123 12.794862506371
46.387758490999 12.228304917264
45.519418187404 11.030529943009
47.071678130644 10.723563067652
42.727080914086 13.575461756727
46.546433495335 10.868313861183
46.796795690992 11.309971566156
42.357824411896 12.976261021114
43.417571484792 12.682978696995
46.626511111404 11.403645122777
46.748371773471 10.469268310268
42.850962691892 12.543106159469
43.195501549281 12.011833808877
50.273551608098 8.6117004061172
42.364664327078 13.232114580589
42.641346364602 11.877716515177
45.184422851626 1.9343519867092
43.733969875508 12.482241349075
43.667033042625 12.018373040512
42.035102645438 13.314269120972
42.668188339897 12.532929968358
51.480202942379 9.7190162407789
51.165282441846 8.0842906739955
51.874735999328 8.7804387457578
45.703873551059 12.058410813151
41.916630041302 11.999278572874
43.768973765808 11.853863286273
40.269944072047 -73.804899944499
43.205029395991 13.526495760573
42.509315833242 13.010359613251
42.492467812047 12.992499289586
43.799734718094 13.469157977269
43.727723972766 13.251976853841
42.294152752654 11.891652871825
42.831974768954 11.863569905473
43.077412151323 12.104427247378
42.484376128078 12.230143853126
52.798363476665 5.3865686392582
43.773126192772 12.013325662379
43.026302812654 12.271091240605
50.700037315348 8.962268843298
41.948836566878 12.330633133825
42.646407997558 11.907292611875
46.662399871306 11.793177720228
50.39887161199 9.0842320220937
43.795675342363 13.298673849713
51.460563886194 9.4330072926511
50.189562095883 8.2355401167812
41.970545752913 12.061477697504
46.724646484074 12.234169668792
42.09400499898 12.335627948577
43.139831396837 12.185388135365
50.707297742696 8.9852334530955
42.819590683032 12.109186317378
47.319696794136 11.736404479058
46.233345192223 12.248863640057
43.012910847579 13.726316949712
43.064372776593 12.938482761841
50.15843519017 8.7937106898957
29.108615348175 -99.113940385716
45.652450677286 12.16520523418
43.828712275193 12.540504914981
42.274755414259 13.768197780854
45.726651445558 11.504769775485
46.307068859093 10.640806264242
50.244224553576 8.5832503263761
42.428739975427 12.156653011777
43.316600693558 13.588026195594
50.972846127568 8.1235149829292
43.068436553755 12.262459581395
42.612912150872 12.274278404806
42.534362003943 11.9614534569
42.852993832854 12.494196194941
51.230061744447 8.4519889771249
42.78599133614 13.436909530536
42.443332650461 12.670260916331
25.150286550687 -80.850866029245
43.059488291901 12.757714547125
43.454923445126 13.27951956928
43.774316605096 13.671043434514
50.737599268899 8.1444947873915
41.405482403404 -80.47407822497
43.482953661833 13.723333795913
50.013981807052 9.5714741570742
47.616605824892 11.212149715031
42.034933527503 12.945091379802
51.895254462443 9.1969320295364
46.487322162018 12.215673383172
42.230692397466 12.258168065596
43.277210799196 13.369964532282
42.447539095531 13.377763488061
46.878195111306 11.945134566771
51.278812191113 8.8910416345536
51.410105644451 9.0324808373267
42.390661646815 12.800390593636
46.53858736667 11.01660033519
42.46368791047 12.809794427294
46.075738888388 11.381345600601
43.205694161938 12.213733547022
42.643065030541 12.466959830146
51.251599265845 8.7321300272514
43.085090031442 13.66068743109
42.457241253696 12.832339500951
42.084970751838 12.124716770914
50.533744623202 8.3413340707036
42.735174417393 13.213366624088
46.240783914293 11.379885834053
47.273978991284 10.741157721773
45.714449156597 12.117435542621
52.165018298507 5.2103807378841
46.085328280223 12.322348643875
47.15189644534 11.305392202297
46.095005607465 11.89986060106
47.101328593449 11.873681475049
50.597102507296 9.5731509675147
38.483107588013 -96.782176682158
46.870232900733 11.202531388289
46.987740466088 12.314084079428
47.251789132439 10.643821822944
46.577137277453 12.364181489553
51.134339211106 9.1074973014684
41.973280128566 12.504974649544
51.123096645867 8.3076454933303
41.916164439619 12.047972288957
43.556668373571 12.390200081018
51.57665551015 9.8169001652007
42.884381430656 11.989355003012
39.320658144399 -78.289143764042
41.835595732499 12.442659640446
51.029961093343 8.6976676428214
50.1252188902 9.8112498353288
41.85356336222 13.544718754752
42.901229456508 12.974762554755
42.819313461364 13.817291165638
38.140700191791 -97.71038734294
38.583499749928 -96.84751490869
42.087285143851 13.081814903825
50.961481475719 8.2626146009483
43.20927228092 12.163455288489
43.704953960027 13.233661038
42.185930004451 13.52114052119
42.318690250797 12.789383144041
41.854392835358 12.753144904412
43.208652291565 12.810731498457
42.731722056762 12.024172213426
42.906899655215 13.766596133267
42.604218746372 12.993050229753
47.62184948112 12.753109240205
50.740556618078 9.9098360919905
37.365794821813 -96.374446204572
51.126364988334 9.5444484052921
43.685837154151 11.932638433752
42.395845316556 12.201180946197
43.177651839435 12.245426131548
50.106785114904 9.0779142752653
45.253796768612 11.832636841097
42.882074919961 12.172359005184
43.66955392841 13.488145066674
43.502223228825 12.209090790364
43.167792443751 12.496162482789
43.683344215494 12.400663340672
42.903558901953 12.009691815849
50.103460683536 8.3434099817385
41.983278541839 12.783907685349
45.972562940501 10.99469324823
46.844338798823 7.4378858131533
45.53072517595 10.435586768571
50.8852812163 9.9907030207062
43.748902241603 12.651400979467
37.179609659212 -97.791418391648
51.24406389205 8.3213392525545
42.21210736188 12.963281130888
51.312817494065 9.5275528153999
46.207086476594 8.9596381140685
43.72172472196 13.386756517194
42.328211203391 13.422440746086
47.463248635581 11.893005901597
47.120594052843 12.313027677903
50.844462559952 8.8935295631613
50.842856630144 9.5287420794036
42.247635563972 13.230805481913
45.817894730912 12.363274419731
51.277060995939 8.1840134785436
43.662336009884 13.155246682093
50.811138225631 9.7413557529176
42.627294935599 13.69519018882
43.530795462232 13.203664013766
51.50922080968 0.38035285578592
50.893771185025 8.0388305681007
42.652418661256 13.034437450617
41.98488000642 13.776271176907
43.654669929156 13.092745763314
50.533681142392 8.5839032417088
50.593608839714 9.1932471577047
43.390966684761 13.470042808687
47.776863056597 7.648926176433
51.08162708724 8.2067550035225
45.80340276156 11.327369646953
47.230552925093 10.601720338667
52.777121957668 -5.3025099756386
51.579925618404 8.5397132972906
42.069371127111 12.245725778533
47.628059574695 8.7488979430631
43.77564431672 12.324029032313
42.173502517035 13.123530204952
39.790830193656 -77.526143791749
50.47959586814 9.7277058184742
42.561064049884 12.037481041198
42.188678877537 12.754914692044
44.04943793663 11.518078173172
46.73714047267 12.567952899408
43.622170958047 13.136605954814
26.479977821672 -79.986111338985
38.240708648339 -96.623918640718
43.656458382821 12.987222518321
43.782223872294 12.941686377389
50.95892974779 9.7196255925669
42.219084710937 13.550955480708
42.836558357757 12.414459467148
42.024696006006 13.379017956752
51.597779936436 8.6081695098468
50.728181667034 9.2874296755937
42.649978497389 12.930318728078
38.837555870804 -96.84328545483
42.66443223353 13.215021311892
45.957619580609 10.68821260661
46.125588359093 11.518819328804
43.11502720423 12.998380661962
44.637194337576 9.6402026916343
42.251260330107 13.514137769844
43.398596517483 12.298560912881
43.078838797344 11.914430817105
44.478978935598 9.9761041168733
42.294692854555 13.355991395377
43.053322935057 13.199256567398
41.905404837779 13.827571092114
50.681549304482 8.4894193687893
42.773135473867 13.333670180933
51.451217821078 8.6377514645633
42.585934587117 12.235140153337
43.461124880475 12.392701789009
43.451786319025 13.803057592757
43.317007957661 13.616771691787
37.094655945941 -97.100934649865
42.231625640428 12.296292700498
43.493319830642 12.827684890885
42.806508998783 12.093603426655
50.106779955843 9.3850691134041
43.066694447357 12.200882447067
42.096497852887 13.802824586559
46.227535344298 9.3214388108469
42.038365695199 13.520675257577
43.044748667204 11.914202366937
42.968217867898 12.504139864142
46.462552557729 12.213352091125
51.276368800214 9.6562052558438
42.793715427089 12.74368711132
42.103594554192 13.334633325869
40.916570281257 -75.261410818688
43.550124602669 12.961689947176
42.535617018855 12.611185019676
51.428508821609 9.0826241779526
41.938115176271 13.817090795311
46.40089006061 11.832553825428
43.654079796606 13.253831928735
38.27325470572 -97.038744840323
42.181425153849 13.316651808732
43.359492882809 13.426784977537
42.02589093478 13.57624165929
49.205073738166 8.9673352255392
37.363528688142 -96.701514308202
38.113618475438 -97.140326262051
37.185793924698 -96.141635835237
38.174190144136 -97.338079233811
42.080731210357 12.589386687909
42.078121778147 13.090622418623
42.559404384161 12.549071041678
43.608272907163 11.914255517516
42.86504825573 12.390777408814
42.966690379666 12.122923214067
43.323604756207 12.737955745209
42.946228984739 12.749743679909
43.156670981646 13.393243751227
51.512938931358 8.6429813842489
43.273289980981 13.268342403841
42.482770422719 12.209086095567
42.917288570647 12.426547336146
42.836851824951 12.195767033492
43.293444262509 12.705011099461
42.49587446197 13.707335624729
42.103230957942 12.390842091495
50.797621456812 9.3792989651576
47.534443815767 11.197995139725
43.133086074227 11.869402325672
41.907013499156 11.861965798264
50.50238862238 8.2015695451766
41.897772804807 13.241616347007
47.49376969966 10.664761515809
42.937816804267 12.523305740938
46.282828768195 11.453556927479
50.919353874363 9.4202803906148
51.067629866799 8.5360683852509
43.704463354661 12.305779593229
43.088583889014 12.718398816308
50.301825830853 9.2750361362822
42.913600820097 12.985236283406
46.029500628558 12.127373269052
38.573720413527 -96.332486957932
37.231127512283 -97.417047737826
37.412671619753 -97.455112940844
38.287956406962 -96.242233719324
43.651093541969 13.231501609216
37.284568172546 -97.602489686386
38.181804957419 -97.61625674256
50.779372378615 9.2869010284948
51.145586227135 8.23918083135
51.256078342095 8.5531924639611
51.372200972108 9.2743239213127
50.019513852903 8.4578353187339
47.885918084574 12.7254321074
42.207770191716 12.481477842446
42.90343406049 12.633004058003
42.922721299328 13.62683138888
37.12604990654 -96.736243730288
37.03782339489 -96.889538831492
37.92079826301 -97.377480129421
38.550875335257 -96.505327028458
37.190017001792 -97.104609459687
37.827072166292 -96.11417916795
38.102801890626 -97.652247801727
37.797519719134 -96.244747515882
37.490837873654 -97.420984371761
46.755087003186 11.283275083936
37.101006820845 -96.868877108613
37.605980818908 -96.710182496212
38.547193369617 -97.333798693648
51.604219429709 -0.48772151609776
37.667626006374 -97.610639649728
37.456049873706 -97.368485711687
26.747123729768 -80.221952484834
43.00244363027 12.755891430565
38.925974001142 -96.459835219411
42.262392238391 12.716857411788
42.402083638798 12.836690439322
29.047029059699 -94.893104381553
43.501349169084 13.214568630447
40.417565628847 -73.42903161746
42.136903358708 13.484982584384
43.776893021922 13.65527319056
52.174758506322 -0.041909306846512
51.983112757785 0.42034728327317
37.120938980543 -97.357434049415
37.89038042719 -96.875300653221
37.96839683548 -97.766955155305
38.466635539414 -97.188141493214
38.840303679388 -96.929213936873
50.217343540498 8.7206434671398
50.997246435842 8.2788670325088
43.598932945004 12.050762870394
46.676260826146 10.987108324716
42.012078236815 12.873163218106
50.081199321468 8.5503009211041
46.560228020214 7.506627972008
43.440289695973 12.322829291396
42.58411138534 13.807225632878
43.646324762931 13.185350961625
45.533880624426 12.204001185744
45.699948111132 11.187542848076
46.616577910269 10.793760767741
46.222593441898 11.599161139202
46.337697422012 10.577907273049
46.02034186759 7.1127465135012
45.276250521434 10.85347029753
47.298999875737 12.083046620632
41.873333332091 13.382640177583
46.779191610489 11.400014809219
37.219956941539 -96.830620917878
38.397689610439 -97.733528322882
46.721288666584 11.719104545128
38.447706405748 -96.557567155248
43.820319335379 13.362401311476
37.314212795028 -97.485584035276
42.266564671561 12.815387030533
43.244731537201 13.750707883293
52.976738356741 5.7215970442498
43.512342739644 11.870662183462
42.80706041765 12.275424402822
42.609435793783 13.226681351323
42.666498047165 12.993943995349
45.069768704784 11.74774810406
42.275555153061 13.350858215427
42.058560642462 11.902671993686
42.02331715872 13.60967485544
43.441133375506 12.736724960516
43.158692306003 12.172558130332
42.833103027604 12.006604381395
46.712552959431 2.6410208505769
50.514912604827 0.10827506193811
41.873503245375 13.085275770226
50.568976413724 9.8583171432178
46.248580976505 7.2349421322508
44.708551751735 9.3074666170205
50.852061844828 8.7810858617449
42.120060253034 12.712369378543
43.172246877671 13.501164332287
43.394169810898 13.323369468734
42.625397571675 12.624428768023
43.095025207913 13.10799062492
42.020719761991 12.897411613698
41.907767007571 13.327363701711
43.615995210903 12.242289769131
43.41399818913 13.401752631388
43.384363880115 12.082821224876
50.085366894996 9.0795265222339
36.667510762644 -122.88288891779
51.206048381378 -0.79421226349855
43.122400097627 12.896399821128
43.120236076957 12.04772131289
42.874152769763 13.144351208205
43.467834730871 12.731237192534
42.539834860519 12.485587631134
