41.696508600905 -73.813370738355
37.590848455108 -93.666326115467
42.51021744197 12.806265303796
42.196634369549 13.324626682498
42.613555186269 11.858227608215
43.057291477035 13.082634336375
42.37747157571 13.485822712318
42.589515196921 13.785552810333
46.396711560642 9.3652744008066
42.608687853745 13.775081235366
42.790449482778 13.355397849996
43.800137624538 12.099317970287
42.940743459382 11.890942077123
43.247055814272 12.171657088314
26.716661601178 -79.435799334211
42.037071471141 11.882893736906
46.107925148731 1.7388310230984
51.082118815082 -0.89207605319194
43.237106755507 12.023500406215
42.637467442398 13.304168584454
50.023241069644 9.0651898030495
42.648125221344 12.124006047458
42.049217380162 12.557860070189
42.531875530061 12.632541341557
43.031115036493 12.143920200034
40.390284707315 -104.95229621823
42.052189222117 13.31249042943
45.681693386648 8.4267091420813
42.479925881384 12.687208021401
42.991791373136 12.742374260811
42.8256122609 12.816734754416
43.756356532593 13.718585605157
25.20127179295 -80.847053249105
42.669789575373 11.922759339664
43.340388614398 12.216106527607
42.110715378614 13.682865096595
43.955388272954 9.9138583022001
43.200998822807 13.362821652278
43.502223524986 13.11554246869
42.087162583662 12.365096967393
51.275044782681 9.4739510624083
43.391669935285 12.329685406934
42.443630302087 13.77908239552
44.332621250736 10.908989418975
42.478189177124 12.947934595399
42.004292150517 12.127553487743
42.867390989751 12.014771537883
43.779071661096 13.298577502996
43.644913843223 13.289535702362
42.205387552385 13.823420745259
43.525868077097 12.86072065118
42.43249652231 12.672751875463
42.271898368987 13.34276307532
43.427734257408 11.957880437376
42.775752734775 12.759633188511
43.477176188734 13.571245676194
42.018757885817 12.308575777036
42.491568690881 13.467659945839
45.319080088436 24.431950604279
43.677625927945 13.566721536038
50.250549801742 9.3660327980137
42.443100316212 11.995471493826
45.85344237874 2.5583885850191
43.112761068231 13.667759824876
42.944429439488 12.742796216993
51.429067831453 -1.102301430056
43.413808357184 12.091099599905
42.371022735916 12.554171546176
42.486523355139 12.728873391996
42.977539648666 10.089371850241
43.728201733797 12.918007132114
42.031769679429 11.949074048081
42.502685108131 -86.812936634038
33.985407247846 -118.32482553411
42.217952185899 12.823395075681
39.920739360734 -74.02479023035
42.472192905618 12.432213607932
51.648076015594 5.1257072870506
43.109365212337 13.428525318612
43.135359603996 11.981781351393
42.736067482168 12.147921442144
42.04074352518 13.404652612493
50.709208526513 9.8802690058389
45.847293973759 11.286108574893
42.095261553368 11.84928711266
43.057959434624 13.569004962041
45.925204016674 8.5393472255135
42.775986682075 13.585279261056
42.097109911098 12.159443969002
43.597077613064 13.264227253063
43.759491226382 13.343841884073
43.723279760111 13.175699781264
42.91701381838 13.525065704049
41.539360058885 12.649170015121
43.584411518941 12.493558141654
40.269944072047 -73.804899944499
51.31556638764 9.9246707069337
41.462304996764 -87.476510613928
42.122284120492 13.440177327714
41.895883269115 13.306840915397
46.516605610664 12.107190849705
43.170955738619 13.675979775247
43.521281796771 13.183734556301
42.637068391164 12.265655400376
42.642553790598 -84.431873433722
46.225732538023 1.1145771793623
43.182975662978 11.864236025097
43.135077242823 12.024226570534
43.175152562661 13.592314544896
47.6002653067 8.9761847061925
34.034972573686 -84.703356878135
-37.470833793036 144.97548586238
43.248040630153 13.606179978536
51.373186818731 0.82554495693909
41.889751053876 -71.982967900356
41.943652858952 12.143744153524
45.285631046298 2.0749017568654
50.867655772654 8.4267767106308
43.799313425014 13.601469091906
42.749398032108 12.561310625917
51.824555840494 -0.98805145271963
42.961388196799 13.118115056848
42.125735587986 13.300593823821
43.353484203293 12.48216968194
43.71999192972 12.199427908866
42.895461016307 13.392688836175
42.84620211734 13.641632487386
38.971571031295 8.2063421843879
43.45671865088 12.194675599802
43.605171243963 11.99892366307
40.358820029388 -73.984745625531
50.892658114849 9.7361680421681
43.720165079816 13.08370188164
52.83425738678 5.1890991783883
41.911279537695 12.160516803714
43.28178782171 12.944184552873
42.387500290965 12.397112765932
26.019158421542 -79.517273755329
42.247864122173 13.195940112342
44.727030123594 8.7177943388804
43.190988545882 12.770939906973
43.25591581422 13.186295433543
43.23491723476 12.44183804816
43.334867072934 13.650608930129
43.141907565848 12.826978091091
43.827168338873 13.329558942176
41.985255038846 12.267992413749
46.859199831662 7.3895738955539
42.102887986297 12.389892157835
51.48963884776 -0.18898964687203
51.323142509825 -0.70466191778642
43.609759281694 11.898325115882
45.045635543182 8.7847678789099
42.48498889782 12.515552691445
42.267580046464 13.572629007333
43.759267089797 13.089613159716
42.644198120893 13.220515920439
42.191949668916 13.302363564422
43.036412972064 13.192075875233
50.571049967115 8.6523369008919
43.198010564895 13.464926740858
32.969699221689 -84.438266556821
42.901898413872 12.7938356762
29.550129958639 -97.45201926617
42.210625729177 12.13668512934
42.305595140136 12.144754721406
42.893803487969 12.003873586212
42.396098016501 12.681134810078
42.849763484157 13.619982295514
41.840410368464 11.935573262619
43.789551520177 12.564541606051
43.034039644561 12.914926786423
43.815667978889 13.279522209114
43.184738131347 12.172951023196
41.843690705434 11.938014152918
42.380603580003 13.793492522481
43.815681503555 12.003558960766
43.034751506559 13.310114702375
42.2622694016 12.363723125965
43.549428184328 13.017245799332
43.261389722259 11.943844764954
43.436910578274 13.230331008451
42.088245914871 -70.711175565725
-36.145583022254 149.87186299405
43.319096179849 13.699290033777
43.393098607398 12.818772765744
45.233624772743 1.85318892582
51.242942484907 0.45312788400014
42.076268061586 12.528954773477
42.380365151179 13.034853162747
42.013255970114 13.366289683344
28.943510705876 -95.613215978752
42.367772907211 12.381458643557
43.204501317465 13.413229884328
42.04652727353 12.017268524534
42.725945138732 12.665127560361
25.450101534563 -79.672732937273
42.643783415523 13.223115944428
42.830788351538 13.358114711197
43.648130332443 12.783831293149
43.771871582985 13.4414184594
43.014689556817 13.061039020822
43.746536555603 13.273153361081
45.245994919816 10.672231980144
40.552915233585 15.200611907102
43.104647588055 13.334553350406
50.599325510487 9.193232467488
45.675650306826 1.6576839506895
41.98435326667 13.718396141549
42.2994713417 12.656566460944
42.677812176628 13.456905994332
42.045940789436 12.776924791663
43.289687753345 12.56654912355
42.723281002496 12.118518547231
46.825488048059 1.0780958487085
41.935314571476 12.312555802687
42.276424866785 13.750094376409
45.988970591612 9.0524868594704
46.057513861478 2.3419721496021
42.132932924748 13.806393579045
42.620885871661 13.627008317351
48.021383135843 13.463341424711
-0.4668329369588 -0.10883768652977
42.021607919162 12.187127211705
42.575903083021 12.617906087853
42.133743980429 -83.841894103775
43.000356110765 12.347887464516
42.061221087401 12.917365604063
50.599917126168 8.5935366030752
50.954257573678 0.6350925292471
42.436314852667 12.491043786302
46.743181081157 13.873000052021
41.928835061367 13.58552820032
53.442302737314 -113.01452063258
44.442624389263 8.6378604440428
42.37222819236 12.163262184341
-0.13704353717018 0.2859875868475
52.902554533632 5.6262786862796
42.874463656414 12.737977498576
42.921714406911 13.440596242661
42.802278500445 13.644480916061
43.387882663139 13.694478466986
37.104977894075 -122.66988988733
41.906003165502 12.611476274047
50.506369151876 9.7377725163185
41.935566965947 12.503720644651
43.212578471404 12.1830166896
43.572019856711 12.367754819064
42.350699376034 13.255785217183
51.273445365612 8.2608156098336
42.18129308998 12.575541848606
43.04123996435 12.626402123678
53.427386641934 5.1503549830058
42.697616041518 11.875833735764
50.274211924185 8.5629676024257
42.773017983799 13.369921006921
42.77117121863 13.820842413635
42.004852516185 10.442740907701
42.791158564313 13.372342936889
52.958416850985 5.8778464687652
50.234759355073 8.2793863859397
41.966750706552 12.395668521263
43.375750433384 12.593023372646
42.697324716366 12.935633239327
42.301550211546 11.934147735582
43.024925323236 13.729042086179
42.599524874075 11.927537620521
43.525367842787 13.049496795561
50.556612050236 7.7547922957455
42.414185713259 13.33987317485
33.789619952659 -118.74837503175
42.437033987829 13.291655289632
42.74635362662 12.363072564084
52.631181619657 6.4267842209324
42.024694928466 11.909140279961
53.1006987256 5.8378768396042
50.48646009645 4.1183324927084
43.280608725886 13.557742911206
43.296498015216 12.148751639851
42.125608982598 12.477552447711
45.462581107608 2.4456459183458
33.602976563186 -97.141864180182
25.171103891514 -79.981957615154
43.583225468466 12.396865701509
42.603740468923 13.534487558799
43.737379957355 12.903020930918
43.231379992457 13.824602476726
43.078487130405 12.120498748108
42.280660291354 13.140349267137
42.235619749539 12.261928470017
43.630215542705 13.190981071552
39.677221174376 -77.008958455604
43.746784914654 12.108753845633
42.836851824951 12.195767033492
42.167321783589 12.324138634079
42.044461165131 13.133828686634
42.331892582298 12.999179528581
42.026780953199 12.264836374349
42.225668236739 12.205941637629
43.242705595814 13.452740325359
42.573398135425 13.744737243182
42.415774574252 13.435225920044
43.076099669152 12.834006441701
38.300984839118 -121.4812431519
50.173529527231 9.5865991029826
43.480995125848 11.883324462421
42.810900859002 13.764089284376
42.358430493811 12.836565494948
42.243485957519 12.319639677352
42.529911479715 13.644604108152
43.341873768897 12.829181061068
43.495220193891 13.420789582406
50.434264946466 9.1151851257846
42.8114582076 12.08652590687
50.812692280306 8.2397789527847
51.547076826239 8.2861288372828
50.747156004537 -0.20670592333968
51.623313400952 6.1110961885942
51.684645831438 8.2877157047799
42.494444565167 12.503968917555
62.206261660068 15.78697965843
43.332370828547 12.270774005128
26.489916332277 -79.728245040085
43.485103943632 13.109953553954
43.613847291404 12.33771027689
42.840173225331 12.870045685635
43.544940112433 11.875283113644
42.534826279888 13.241923102777
42.449052678651 12.057728118777
42.381569185959 12.655970274332
42.710014042796 12.373940406097
43.188916280509 13.218528052915
43.104368347279 11.939773521379
50.414031560726 9.7901924428484
42.797814968435 12.706087527681
41.988523500987 13.741302134835
26.98355980215 -80.640475096755
42.990541453024 12.237165749204
43.831928993052 12.362217932198
43.153380702808 13.059026004329
42.858384397767 13.338617318954
38.138991089411 -122.56238280494
42.508011644032 13.182056882524
51.060082588373 8.888831490599
43.207304570941 12.529477755341
45.164015180973 2.9147748257568
42.611534458891 12.388873889313
41.862784770274 12.658291865002
42.040235167409 12.774009374352
54.097862359836 -113.01256404864
46.191165956292 7.1038812511153
42.666564622294 13.167910955014
43.463955597425 13.483950812988
41.96852615942 13.779961892788
42.509792277382 13.333194203851
42.898734289661 13.098421382785
43.585600641384 13.831137798669
42.893009207183 12.666798325587
33.056963535697 -117.41319514766
42.51507728247 13.205099288025
42.674232296373 -70.804099651695
43.827163605426 13.247942466891
45.33433445249 7.4004366229546
47.826710038272 8.9117006007171
43.337849677719 11.986844216488
50.784733815717 -0.63664255186293
45.343758813661 8.8349516321602
45.507344667105 2.8307780329281
45.594056967736 11.014781726785
41.940261358388 12.177442150294
42.182071396255 11.834644336663
53.290601403821 6.1539759274591
52.428838890944 -0.13030913483365
42.361708216559 13.287267240385
42.226039910815 11.93307713977
42.070858936345 13.137018550738
42.714693183433 12.876113141385
43.755041977763 13.515724269003
45.656452423242 9.1534560832654
43.1679074877 12.427912772853
43.642167488899 13.167976555514
42.982385349938 13.179403456033
40.37185197682 -75.22448526719
44.86534280973 9.3760412278218
42.134953727564 13.02791818095
25.106150425072 -79.375361340105
46.618668432636 1.4428286489299
43.787359122575 13.043265603524
43.351994882057 11.86922345353
42.69512068375 13.597600574904
42.060633194682 12.607081529988
42.896707337788 12.30314644582
43.699958037466 13.764445399777
42.02278902478 12.290662479278
42.792162137496 13.78746167516
50.054669342961 9.734554305549
43.598093967719 13.298317468419
43.396330997861 12.067899403941
51.958128709094 6.5747007596422
42.66330162981 13.7823568768
43.569877692785 13.010486122712
43.443803120166 13.717604448908
42.215336983679 13.741346912825
42.721533416662 13.291657399077
43.395660982207 13.310055533124
42.377336291793 12.822565935025
43.493951400993 11.835617560372
42.853408396662 12.479083766474
39.878084259203 -75.206637763646
42.568745815015 13.110837801898
47.91744765682 7.6952273997922
32.451325976018 -96.842651290762
43.19889474299 12.774134117094
41.218819305853 -75.125871624903
