43.104607553757 13.636293317974
42.375746709025 12.034347058311
42.26579157976 13.150163830349
43.258285461601 12.74629517309
45.61694720805 8.4305204152527
43.481401470735 13.156427239162
43.823595106075 12.161308330114
41.937771249089 11.933018001252
46.09600826823 1.5257659622122
42.822456363527 13.746105061281
42.573856704225 13.408645285505
42.753570386581 12.429954048467
42.618777393673 13.471773098929
42.211111683983 12.341635574767
42.266438434046 11.841785935167
42.945668268479 12.215042722533
43.052785310009 12.236804031898
43.638015691509 13.166528501181
43.506639367226 12.414523081137
45.85344237874 2.5583885850191
53.385224112256 5.2196630171825
42.113523122928 12.258056116432
37.082691426427 -96.270252212542
43.536431307244 12.739884881668
43.026788054533 13.216105557634
51.298928232304 0.51672634873853
41.873751343656 12.204855662887
42.974819685807 13.320151094052
43.21579739417 13.493297151075
42.257817790053 13.383069753381
42.018277054216 12.282370482724
34.564508660673 -117.54034301506
43.111620687021 12.465113382093
42.748845688556 12.72067137962
43.311781275252 12.464571656897
42.938016458872 13.627649582304
25.252729442071 -79.700501739183
45.263626780973 10.551684416436
50.508589919893 8.2607628965102
32.974930270603 -84.593683789668
42.793073560502 13.347013852742
50.299552227044 9.0771654253254
43.539832473539 13.222885609264
43.457612294007 12.130054659757
45.138274320466 2.8961624563188
43.780499630526 13.318967836147
43.71691528557 13.644785301615
42.38328675806 13.403650758997
46.710091804485 1.7152743445315
43.445650091158 12.358371785098
45.474384512973 1.4238475651591
42.487662354732 11.922529178191
50.580204110399 -1.3357052245554
41.88345404711 12.887491432453
43.086974075591 12.165823572879
51.15164751846 9.537091607478
43.735773078995 13.538274840723
42.080269137921 12.562976741049
43.014636419741 13.152496215979
42.398657043205 13.279933640419
41.940262016368 12.040336796588
41.980611826771 12.885572064636
43.180410349381 13.205154704512
42.448264019794 12.450519631848
28.425720315062 -81.449581105275
42.143086062832 13.598132001536
42.753799269348 12.146657753825
51.19371518688 8.3510363671701
43.610228129036 12.128635474096
42.207294682624 13.734408975476
46.676260826146 10.987108324716
42.04474490792 13.818766046718
43.762251604259 12.111370811777
51.56338450106 9.2197163310925
42.9039048217 12.243005147804
47.007066792812 8.0591344014086
43.644271217608 12.207759935061
42.925693930113 12.418505996216
42.801631017517 13.545844674851
42.950620977672 13.214033229863
43.345567257325 12.765739180525
43.091042700753 12.260253557612
42.932300835372 13.456120426069
42.014162890641 11.9018845828
42.537693143628 12.473505190349
47.31199833905 8.5105988325135
43.279057760408 12.468305252732
43.816797222878 11.910083604024
50.887235350389 9.4773560797225
47.275643936487 8.5944345945466
