8.0186547227291 51.157545838578
8.133147219258 51.075851526612
8.0995726562569 51.177721085575
8.0476973988338 51.010870580567
8.0612157965364 50.949950673594
8.2963958169783 51.010444666264
8.00129759498 50.932921322963
8.0191888529897 51.107454635719
8.079421014562 50.917446038182
8.0246691731851 50.903415343214
8.2491177340267 51.000090350397
8.326099177043 51.123386543767
8.0057041253921 51.181524389042
8.1195921274459 51.169442098201
8.2837911230902 50.968571325284
8.1389049259661 51.222260414261
8.197280156518 50.961497399007
8.0202729781253 51.050453475234
8.2309148457045 51.237861794996
8.1125521786104 51.159033157937
8.1796077085564 51.073341016226
8.2130378597477 51.237799963093
8.205377061947 51.118436942398
8.2582188720155 51.171589092897
8.2608803954259 51.115226278601
8.1736619212542 51.214058109659
8.1141618331937 50.960793994489
8.0846005618035 51.141307916558
8.2217306016114 51.124347916862
8.0002378360369 51.167946749911
8.174961955368 51.075001689175
8.1233937210047 51.130481187315
8.188668496529 51.064009734925
8.1468278626664 51.003615480849
8.1661180500715 51.205785062726
8.2485818668495 50.941249543774
8.1342180399849 50.885218768793
8.0479355249777 50.905455706131
8.1774788346037 51.164666008747
8.100127657922 51.10964950738
8.2381130839875 50.975529740087
8.0842906739955 51.165282441846
8.0218144697239 51.240834325198
8.1142114177878 50.956146682127
8.0664006988827 50.92833944919
8.151103691734 51.10790331527
8.2430366316079 51.250998276868
8.0857787593667 50.971479090849
8.2817258235448 51.199196166452
8.0843669353446 51.285033316019
8.1777065522865 51.060010531479
8.1439250265918 50.968028661314
8.0776328822028 50.952443660215
8.040220711399 51.106005832602
8.1142101274404 50.908762116408
8.1235149829292 50.972846127568
8.1393186869748 51.040261516366
8.0857926966091 50.882060127278
8.0121191917044 51.034781886281
8.0139042371949 50.921157956087
8.070607762351 51.265598682345
8.1543303351637 51.256071149956
8.087499507278 50.885280331543
8.0239117425046 50.898610918735
8.2330456544799 50.893839549224
8.3123461642826 51.012703111867
8.3076454933303 51.123096645867
8.1622532928187 51.116411310209
8.1880524881128 51.200612290856
8.0068907635319 51.083933109457
8.0932312268267 50.870451935041
8.1278604632839 51.1135613686
8.3127012184415 51.146065805175
8.0427535874968 50.907109344801
8.217386919175 51.014861457057
8.173951799131 50.989215523
8.2815382453993 50.930901939949
8.2904562285591 51.027818800894
8.2943822859295 51.15445288697
8.2626146009483 50.961481475719
8.300104930671 51.030136720757
8.2187069529755 51.172044764819
8.3003280243372 51.162770574988
8.2274440737569 51.158956750836
8.0428788829795 51.037760702911
8.0291395574012 50.992725883141
8.2034056723134 50.959932472538
8.1841994473637 51.141103908951
8.1552286982328 51.247680000611
8.003202119378 50.957386783304
8.0039060981962 50.950234461087
8.2589222240536 50.939346053144
8.3058011556537 51.121414463092
8.0149708190071 50.904479531992
8.3079050608482 51.137184531492
8.0588190425461 51.150332944538
8.0920999395159 50.915901580786
8.1025100225129 50.873264762048
8.0265311510426 51.100785021251
8.1891853111746 51.079236134458
8.308193548726 51.027899685794
8.0033137770385 50.928882027477
8.0058300416012 51.17721954462
8.1231346638515 51.01789691626
8.1297034002513 51.013306623797
7.7398242370178 50.930057748535
8.1769364942689 51.068397514088
8.0109945889614 51.185577119321
8.0132401348153 51.067456628693
8.1351147914003 51.2760032114
8.0280807004441 51.130233888109
8.0244485847766 51.184835333929
8.1314692400077 51.198228935338
8.0515792141909 51.019843246331
8.1959200916793 50.986070971464
8.0388305681007 50.893771185025
8.0894113737575 51.053764692533
8.0307376189301 51.138680157316
8.1976499334898 51.066792102562
8.1245851219281 50.970231470172
8.2069281918029 51.016228206929
8.1423728964954 50.902708396736
8.2342391406345 50.979102219445
8.204065177219 51.122123392821
8.0751913548797 50.950310170627
8.2067550035225 51.08162708724
8.129985815906 51.127007969714
8.165565093125 50.930064552897
8.0040920181219 50.937156766624
8.1113761030656 50.996289349625
8.2636148548981 51.000113141723
8.1754990463031 51.229071053317
8.2552957522009 50.944759380512
8.022899127576 51.102920879192
8.0788818388613 51.225900945825
8.1852022419615 51.101424549288
8.0773306135448 51.190510921269
8.1781982985224 51.228936213175
8.3213262512914 51.015979112133
8.312170219753 51.222262672252
8.2481614468843 51.252152923146
8.1202311968059 51.112368287105
8.043702125104 51.119274110123
8.3418125665476 51.023606831685
8.121718111039 51.116773186306
8.2436403488944 51.00747244852
8.1505754376531 51.218281116904
8.2443441032639 51.213051100826
8.2022712133835 50.937992628169
8.084066161925 50.958209085724
8.1393934973233 51.268511238167
8.0064695826762 50.946256491331
8.1894867956589 51.069372714529
8.2146671960199 51.098025129222
8.2201363072824 50.91840461824
8.1856883187712 50.87728344364
8.164382457344 51.253679616495
8.1614588015533 51.028179080704
8.0648384848911 50.983512591097
8.0008094017398 51.06829220991
8.1217151550212 51.041275973451
8.0228203092808 50.965877757392
8.2439764501732 51.168117425948
8.2320959634297 50.890135826492
8.2416095171317 51.228521004891
8.130873711375 51.196263032125
8.1667162278512 51.10433314047
8.2293669526602 50.926032001584
8.0306997578734 51.228412925372
8.1485583042486 51.028318569077
8.23918083135 51.145586227135
8.2478462943099 51.009339249232
8.2507038187472 51.209349523396
8.1672843048197 51.010093673137
8.0131844445193 51.130939036669
8.0451920400584 51.234344421995
8.2476108610852 51.231683239449
8.2353570578784 51.048124997899
8.1195767853035 51.162289188319
8.1930488032256 51.110776565089
8.283687112985 51.206750435385
8.0448464593128 51.053709406431
8.0888081044372 51.274705189874
8.227692685196 51.053904998141
8.0051634879807 51.237444506137
8.2972385284012 50.966558235682
8.1029823334436 51.193419714083
8.2685189611598 50.942862407278
8.2353771031999 50.994734403209
8.1046334566104 51.130879930281
8.231900641337 51.012608119758
8.1752591967467 51.227089970013
8.0640750890896 51.203535170389
8.0588994412957 50.912526021205
8.2949820786226 51.07345218308
8.0126712420083 50.980123550622
8.1659153127884 50.974996135558
8.2489372469713 51.198547939862
8.3253264591681 51.039265637304
8.1546359826599 51.271246337924
8.1966169891863 51.262718698598
8.1637154375965 51.134702827844
8.1408792297081 51.218156854724
7.1907808647238 50.966422626409
8.1428359156208 51.229119213405
8.267660964405 51.196680505386
8.2788670325088 50.997246435842
8.1075030188577 51.238527011237
8.0176027151838 51.231433225438
8.0982202268663 51.222449308831
8.098168307961 51.190382240894
8.1004844117446 51.205136464539
8.2657169323721 51.015516707215
8.0154435900112 51.274144333915
8.0046255309156 51.151991270553
8.1243345309628 50.859971565595
8.2705953373902 50.959109388273
8.1695064912408 51.265123436817
8.0085427844937 51.2276880053
8.293918723843 51.220478183227
8.1726469677746 50.999146545305
8.2302006819426 51.218221281291
8.1494367277014 50.916555040011
8.2783263205915 50.999939985108
8.2943865574405 51.077347646503
8.0877327663301 51.119455626756
8.2668918512142 51.010862044529
8.1409303015754 51.146359803223
8.1092726295391 51.015033511452
8.0063508660562 51.284460200595
8.2444593819065 51.090180041776
8.0982656502622 50.917996323629
8.2080984521695 50.90324594495
8.0540213845922 50.913881035482
8.129331935723 51.157417579162
8.0008687120866 51.227701316228
