43.4080588531 12.977581523369
45.465358014598 8.2644693156329
43.503357810689 11.914431118388
43.781339672779 12.203191019245
43.79052373138 9.3462031539512
51.033296084047 8.3681079653875
26.530608719445 -79.530648313054
44.214702685349 11.263450547875
42.658531949717 13.354127581417
42.19985540502 12.138631963722
43.027737571892 12.298211991947
50.185796400153 9.6034823956916
43.348196063374 13.543945622439
41.921934657715 11.841321138147
40.612430740563 -73.972165093921
44.728656495676 9.5432196829646
46.273319840558 1.9816008461554
43.223429422485 13.591964524536
43.037142286115 12.306112179231
41.657293934355 12.156463792432
41.955247526057 13.045350994957
47.821476592599 8.042122260687
42.936173494431 11.878444999886
26.418213967877 -79.965992868672
42.144821735187 13.117327909992
50.203293216044 8.8219702387331
43.07127345126 11.933373877303
42.992147396336 12.000298250488
42.34312172485 13.160779960549
45.020873517273 2.0106903403116
17.834319765931 -65.248123003334
51.935880991833 -0.83245835078063
43.24299969491 13.168211269292
43.394292191807 12.901009162397
42.716662116238 13.091859010578
43.804187543154 13.336826757706
43.38139186866 12.907774390631
42.131622827229 12.929546808812
41.907838909865 11.957565696446
42.87611299377 12.757708514483
43.421731170019 13.103662714431
42.02690008286 12.445639252426
42.372238773116 11.964884373364
45.716580662279 1.0057688443948
50.837161041488 -0.98270526998336
42.439869832939 12.428629210905
42.85239108554 12.691790827893
45.999508197885 2.9249561591656
42.372869142526 12.720996082651
42.053851856896 12.527456770918
43.814714539265 13.184450228805
45.03147255973 7.3631772910329
43.031588058954 12.006422066619
42.702091828802 13.663226356128
43.505340412515 11.969943833079
43.156952617784 13.631352831459
43.713283525667 12.304522532667
50.515265849426 -0.51218090188791
42.696072266782 12.7229100786
42.47925377941 13.152077078445
42.197242919468 12.631946002448
38.390234268918 -96.719108312726
43.771833704234 13.631579741685
47.917817309461 7.9736302271363
42.387338253871 13.1156175901
42.006792597497 12.510874415075
43.469626966638 13.17975486127
41.874864527918 13.459987631769
43.415711088786 13.15856536953
43.277808473596 12.071704866419
42.586961312048 13.050827682994
46.167297533326 2.3832131481651
42.630264599191 13.23271362217
42.960251311308 13.106017440628
42.316052036528 13.109773303454
42.893857913995 13.667866798915
41.840972054697 13.272514992541
43.466767823562 12.639146018161
52.048616796987 5.0846034783565
42.180747057882 12.022854112586
41.942755445832 13.517409593595
50.878538366351 9.2090621708003
50.153907374085 8.8175637576811
50.017412503258 8.1935314327448
42.654555720137 13.794849805925
41.958360445222 12.237332147212
42.455532429042 13.503889196342
41.848703089121 12.268040652067
43.737492388013 11.885396418595
50.867116864709 8.2707097769113
41.991242867911 12.892254825187
45.71469542976 8.8778000281577
51.258736204011 8.3467408918528
42.039145232218 13.607198707132
42.600892022553 13.132257001557
42.685075796084 11.92419633687
42.063353365338 13.176248825258
42.292683048331 12.797000207399
43.775109586688 13.343539254455
51.573027218959 9.3591762093637
52.786991286458 -7.6030476231142
42.860225268596 11.88238359053
43.654559234017 12.210700477593
