43.097338847417 12.663606689176
42.996620530282 12.375075182142
33.420071969782 -119.16057788893
43.750394757742 12.883017242387
43.616419700748 13.298914719068
42.327418666506 13.476348889303
42.773017162372 13.402579291466
46.902458190195 12.829037999443
50.699325413303 8.2548311470332
46.906811655921 7.3024738478951
51.297316450764 9.461387307598
61.293009436826 15.373293567623
43.303094715973 12.459814586912
42.450354885075 13.525076525551
42.631471318508 12.893141539739
43.745942371334 12.742655107187
44.390789765402 12.356494538492
43.243888285611 13.047830855983
43.881702185646 11.68236290593
61.527012996621 15.553255252798
61.705400137559 14.501678151778
41.926221252406 12.743991935527
42.083711384856 12.122817222107
53.391916023284 -7.7357177421151
42.572623092038 13.318558212073
50.71528263889 9.4740756212147
43.70886860823 12.207009730512
42.143048700498 13.532563668479
42.966385522863 12.624375841426
42.488972924898 13.110062626728
28.207662731409 -81.688412150958
43.682751684323 12.8758760993
51.808695507147 9.7464572162118
42.717435277422 13.193777716364
52.116193063611 -7.5756619798838
46.150184402776 8.7884411544508
42.092340367445 13.538354809668
42.567321980192 12.459392788124
43.610990635891 12.815146895526
42.126909819512 12.957887125669
43.510429779326 12.853818494314
42.359801886792 13.262821192065
51.679399040378 8.8987644398114
42.761357934124 11.861416535874
42.305364537216 12.527461615192
50.097612015948 8.5104304414757
43.061569053729 13.624499953198
42.936685102518 12.256745747431
42.685837569943 -86.956902865557
40.133117204361 -7.0518906270395
41.905885472871 12.356287605782
45.167114884205 2.4726569747891
42.74093015156 11.895219820058
42.422253261072 13.762551354155
42.591433848085 12.346475409526
45.361862531566 2.2921246189122
45.379642028538 2.4577663109907
42.761047238394 13.658961618647
42.958473683337 12.464560562051
41.999163978288 13.266245962266
43.75671288781 13.247104561558
42.543585411081 13.477011424732
44.98489907709 10.317672451084
43.595340943728 13.161018747001
44.661366205065 8.9475372686738
41.872430750596 13.315104525704
43.148322433789 12.408168546135
42.119593156578 13.141836844937
42.133757496802 13.610350126706
43.319399004972 13.301372992502
42.971812725541 12.196529011355
42.259716985424 11.96863205685
43.252885115937 12.732210846048
43.817402011185 12.182363539574
45.258105079298 1.5428550306442
51.047890572365 9.3536469686561
43.571186425451 12.070217695141
42.830146420223 12.600631772841
50.430229439505 7.4403767037161
43.047307118351 12.789376962387
41.846795046652 13.170098090179
50.473487104414 7.7739803933185
47.754554989633 7.4191104203552
43.019027232243 -83.624240078046
41.83977433475 12.153806579858
45.506098628979 12.850130178654
43.503602654929 13.189636770279
41.920745314549 13.832286382037
43.24149878057 12.650216114565
51.260983140562 -1.0148940915823
42.393647086545 12.631591662614
50.171512815716 8.3259321247814
43.683171146888 13.668519793876
50.870869439966 9.098986432468
51.159033157937 8.1125521786104
42.511757692116 12.349670505335
41.970144649975 13.257392876457
43.709538548139 12.764274979387
41.906838493865 13.467711954616
42.985478207483 12.782102185687
44.522951406491 11.667950895766
43.734996911502 12.234366705771
42.912254204954 12.129400921601
40.246488700967 -74.337055638842
52.307440301779 0.16777030288138
42.400664868041 12.206986207632
42.636339951158 13.672928200438
42.151438975333 12.106968561724
46.110062407821 8.3702159014136
50.55063937211 9.2540994506581
42.463197082983 12.193428851775
43.172024435465 13.083608435061
43.170170832991 13.263343722237
42.002509076636 11.889143150735
42.798491632493 12.554483066127
44.82504993662 10.884190230972
43.152312234136 12.561686465334
42.562695868596 13.231977708767
34.51946266317 -118.60840883675
43.519190737309 13.641473058
45.841302784363 8.6276695592435
42.997335336191 12.397990625092
43.229181036481 13.187601477947
43.797532766984 13.781103641645
42.989880510347 9.6990083993664
44.18113138137 11.604126386114
43.120196178167 12.46848499566
43.661696422709 13.60861867883
25.112161117641 -79.255574142489
43.546155006434 12.389840177929
45.772978764879 8.8275249303447
43.144275111234 13.812055624024
51.946616033533 9.7796105909066
44.693911874801 9.5064200603876
42.787054523747 12.413747607478
45.403845720603 10.493188805854
44.787381700562 8.9328199151846
44.89115242278 9.5301889814367
44.056788234488 8.6856574780031
45.697364865151 9.3975189215748
45.170954591164 9.7152281925874
42.555729993899 13.421665723187
51.101088081999 9.1336726081249
43.486775758458 12.247343791319
43.783486862587 13.439115468172
42.285659389259 13.714956280664
42.884028745782 12.737027814976
42.396871305742 12.914492156338
42.079550641647 12.148921149408
42.773002116391 12.146548014689
51.688549968967 0.30302845323134
43.082419601328 12.417266125075
43.623087386912 12.058323683731
42.832328317164 12.482301934868
43.554356434196 13.625861743778
42.682571895759 12.056638539816
41.87534353273 13.456525223098
42.122821237039 13.309981380755
51.694692186403 9.3326578225627
46.859441609988 1.2177553503857
43.012023183078 12.191242020222
43.543644361006 12.582259228745
50.241088979524 9.4777637689737
42.122202114746 12.632703931852
43.539347561348 13.531042816386
43.629809994099 11.919152905217
41.934597806996 12.08753431548
40.917512775978 -74.692310282017
50.710724690562 -0.69318661550208
43.050763838969 12.772005415436
48.113044169807 14.668967273186
45.288820209114 9.5606651070367
42.590814286673 12.582426503127
41.911996116376 11.901960821798
42.56713127094 12.850652304895
42.366210542811 13.558105476947
50.239353213105 8.4707989345634
42.103041041246 13.041887581855
42.660446041127 12.906720859442
43.100910354474 12.31838227546
41.940691222896 12.261197386918
45.28641502526 1.577535891243
43.036236749069 13.557682127973
43.803481142897 11.91824402705
42.025285092215 12.561085920132
43.825361026856 13.417737965222
43.584411518941 12.493558141654
43.342133271688 12.713680213671
41.946989137676 12.306825834956
41.970424931038 13.794247292839
52.200468653674 -0.49312355304282
43.306770868763 13.381450299838
42.397169404869 12.377178937393
43.567252251139 13.727920654124
43.104177022422 12.476174539663
42.025465818621 12.297428799953
42.300901159805 13.784624277535
42.656921796828 11.974000105643
42.788845704325 12.593511728867
43.70463960513 13.755943654478
42.499974315309 13.614617152447
42.523599562034 12.503540190658
43.980073617042 -78.912590386168
42.261572686632 13.036892069076
44.64326770608 11.998606488527
42.591659864242 13.350044694448
51.966557579099 8.1710427534632
42.858037543904 11.959472364283
44.84164467705 11.530707107545
50.982342353315 -0.77402820339614
42.71595277533 13.341461919428
43.355381011684 13.60683010642
42.20354037045 13.000662540107
43.591710132378 13.820785360348
45.435042982469 9.2403405888171
44.93808104729 12.01608284501
42.766123805573 13.080981982465
43.755058215838 12.296665390647
42.247530273298 13.240082533232
43.624636088344 13.430998528132
42.272206062599 12.153494920208
42.647701760145 12.816375567513
43.11417166477 12.390249887218
43.316473159642 13.413222909653
43.263405316653 12.415529748174
42.842931878701 13.167665269791
51.338464510785 8.0384284700446
42.616877162206 13.828453527705
42.705526292674 13.625976899951
43.579176062077 13.191756527981
44.879935357485 12.277343043561
42.378405004471 12.964120608293
42.700952394747 12.084961520103
43.783231879039 12.897848550204
45.784010000892 2.7795454206781
41.170271193374 -74.222044275377
42.058188749991 12.4843138524
51.610915405495 8.7149805071368
43.049692034766 11.931294354599
42.833335190024 12.522650020927
43.743154840911 12.09313081351
51.244184570734 -0.049915883764581
42.448826975256 11.651703629108
43.610532776758 12.978950276982
34.497280986785 -83.974790195364
42.860176925969 13.188740326666
43.350520180257 12.627418470416
42.49968852361 13.695947622294
43.221875232769 13.464871257315
62.500540708425 14.753075210728
42.581499390596 11.993517108745
42.845135161136 12.744344093273
43.735991981244 12.661034726401
42.887252573824 13.558346325813
41.928060479915 11.992736668809
51.597586374542 8.0521047679019
41.836229709939 -87.32001468135
43.268332358922 11.476140204599
42.299861916502 12.370984906059
42.653729293821 11.892234355648
42.978055444557 13.078595250903
42.910516849233 12.11930915069
44.750539290884 10.351811548414
43.096404046352 12.827170451112
44.96322649429 10.373710689402
45.026144674812 11.903830332477
26.557749269307 -79.950282071969
45.579930713205 2.3847732229087
46.375457097299 10.248392980568
42.284411224224 12.222775742536
42.144462969242 12.049623916435
45.076442698613 8.0667618436584
45.911107629496 1.5077356367874
41.311415242408 -73.376907589808
43.440360024332 13.364376182859
42.049093833237 13.057001133963
52.455065230352 0.62502772850685
43.445174733871 13.640260331652
42.271029636411 13.793407296687
42.122685473956 13.020576732729
42.123653151639 12.64050551303
42.120599577746 12.594756700396
43.786088440954 12.730410247937
42.932110554994 12.707621787094
42.348778873865 13.583921306128
42.780737384607 13.704526543035
43.458868744086 12.080860039744
45.869016588139 2.8803366585077
43.216752043582 13.323542727329
44.941952942657 8.6566929536414
41.873259763195 11.891886659869
43.167907327047 12.858150317754
43.142807499127 11.949914913157
42.655087474594 12.344315672475
42.958945743276 12.215670520561
43.276262261123 12.824949453059
43.648538556273 13.01089556611
43.272564570567 11.885391537533
51.964468304517 9.4710377009916
43.709298085307 12.562694229003
40.88520862295 -74.403614998564
42.828753518348 13.37014686289
43.022426893035 13.0358816069
42.181897251041 12.121861284211
41.9341502902 12.669306147711
41.948125495572 12.286609484969
43.757014236321 13.742861318303
44.065179235612 10.72426666006
43.438577654531 12.655498481682
42.992797736562 13.68353355477
46.285646744671 1.672987874445
42.189614935422 11.938968652386
43.245012261109 13.306289991062
42.063669818504 12.67734193137
43.662337939119 12.55029704077
43.719237655757 13.741777883743
45.045305639086 9.1737312868115
45.167873742628 8.7411829266423
41.887137747804 13.616818533122
43.57293030695 12.95685357228
47.056043323621 7.2053212910915
46.826083068655 7.5129801246864
42.286133336523 12.323189105079
42.893803487969 12.003873586212
51.557744615272 -0.7075086142018
51.074786199292 9.2666591248785
51.582053135886 8.5094047060746
43.648668212208 12.063200579541
36.968394294895 -121.43313556721
42.35841771234 13.285774448575
43.019508639381 12.05830837791
51.125267255411 -0.46619102758178
43.144281379035 12.355915968959
46.662864603877 2.0333116785778
50.555645617354 7.3738483475167
46.616990030097 8.9762647001916
41.983234973172 12.952764353714
42.114834404625 13.78479540573
43.489131876051 13.322831102353
33.616801860278 -118.96105131115
46.448478901968 1.4954473294762
51.31371130157 8.9749870300176
43.624396653226 12.730122289516
47.65054436689 12.802087199105
43.335751243579 12.693056538113
26.839220762627 -80.510706592399
42.567552214774 12.030295473093
42.570365151211 13.715645517577
39.036749787047 -86.247929221552
34.091192090966 -84.845548681284
43.747013647478 12.919382077625
44.864601683765 10.000844363775
45.398969771552 9.0542788293465
44.501792611348 10.071460384164
41.840186058956 13.615113088703
44.0304942591 9.6574047153175
42.431321737578 13.603447136771
44.187142270991 11.834859538121
41.374955527333 12.635968606095
50.59320357097 8.4174295395694
50.394753228591 9.4601540753898
50.932941074452 8.3081194755193
42.142510440754 13.588029506911
42.146366211675 13.736957521076
43.596188428645 11.992672216165
40.460575291708 13.833427486605
41.843864010595 12.356627395098
41.861131966536 12.51072794318
53.214981771873 5.709759437926
43.625052658687 12.424159934497
42.931467837177 12.582799476864
42.904992761533 13.498780740213
38.034087735903 -122.08017320781
46.647580438595 2.6396715453079
45.01425751714 10.104066230428
43.830536179187 12.860845391129
42.432739858738 12.190861756558
36.857554415449 -122.78963524231
43.323601745706 12.129756090778
43.700011868842 11.870769673919
42.049750211693 12.277329523732
42.207043746138 12.585840858813
30.356910718044 -81.684158501881
41.849657403722 13.143983446615
42.395844273475 13.110064494496
43.788303330463 13.401687645561
43.541788281681 13.61458092493
44.741824484657 12.340618548168
42.332674087201 13.207010285115
43.290355282526 13.571656410404
42.886359472727 12.062889215587
42.360253211765 12.538038410518
33.242514364337 -96.303622267683
41.848162429823 12.398352511899
42.830127644295 11.865476052235
45.004993540863 13.470013791403
42.733915010364 13.527515953208
36.899761173595 14.151675843099
33.350826367418 -96.806549218409
50.930057748535 7.7398242370178
26.246793800132 -80.765603970902
42.118224464899 12.001727870687
42.544233895181 11.897196841865
44.572061966347 11.046112944414
41.864401388406 13.399185242338
51.585955093189 -0.48141536563235
43.537638631921 13.26541178688
44.997235069888 9.9115264764785
42.411305546042 13.291770930093
42.027544905025 -70.840463524396
51.257429956578 9.0845382460787
43.775216311133 12.308934001417
41.933651490593 12.126007561186
43.755523568392 12.948524236676
41.88738140321 12.671276226042
40.873132371902 -75.000282356647
43.193898724503 13.326465887191
50.861297053686 9.2970763194827
42.083770444677 13.606112580118
42.313904507719 12.821610440904
43.519712977374 13.533951195227
42.160471599645 13.757911939548
34.759658081059 -117.42466294721
44.699323530425 10.061638320452
43.697150275923 12.043373974547
43.456777813612 13.479445777612
42.723558012754 13.006359786751
42.936512987121 12.596310283822
43.499846397687 13.490042131643
46.496774573855 9.1533092693208
42.289941104285 13.196767435522
43.185699744258 13.339978445966
50.08410731055 8.4904268661004
45.138274320466 2.8961624563188
45.006892034322 24.111084364406
43.118596743403 13.464912382658
42.802644722558 12.704831005889
43.160278904813 13.388114324973
59.700567121732 18.710729979007
43.520260232298 12.161729404799
43.051526918121 12.868024791085
46.545235472985 8.0048764441185
42.138621814169 13.350819510126
43.318626685703 13.223612661133
43.126923209602 12.588789068923
43.752788774575 12.282506467927
43.811437576011 12.493315564254
45.572910438305 9.156513265244
42.662108632134 13.097925744552
40.921894691057 13.175330631328
41.933291512997 12.365034639095
42.41359060279 12.348857740124
41.848629773079 13.365613548742
43.06027239892 13.734214840354
41.976486331328 12.42846757149
42.879868342041 12.846723668693
46.15642196087 1.6541783477432
42.502468829764 13.022717169052
41.834764821399 12.622706195185
43.286311044046 13.300051452753
43.140013276686 13.036655975078
42.216292219358 12.361573935676
41.885835852907 11.964766378985
43.57834406133 13.573378827711
42.402512861159 12.523054947876
50.044207086342 8.7218944033244
43.799900971747 12.655554632517
42.233104524332 12.39536303116
42.514001068919 12.895704154829
45.336532934737 12.141570899299
42.75480705956 13.728851559932
43.411407175943 11.239761523132
43.507338026796 12.378704600234
43.576598422426 11.87730489202
43.686257452746 12.548937726018
44.374571520965 11.144681916197
43.786886546217 12.918968511263
51.620228036828 5.3898962529562
41.883865298205 12.03439614553
42.217169265385 13.510250123011
43.391312767489 13.27495532684
43.483794440296 11.837582005133
42.299530858334 13.033793172836
43.75288933739 12.776392434175
41.686131865723 -74.454259729356
51.051560690185 9.7985775199712
52.200328586251 -7.2829834997109
50.976989761217 -0.55976979465678
43.59165503254 13.48046553206
42.071812716833 13.756285649632
43.813061400251 13.329678843904
42.303265132172 13.101638984935
42.247443324091 13.238960201519
42.930153655342 13.242707489658
44.904857960436 9.1589250237978
43.421980433384 12.831859918254
43.283097725049 12.45051987306
43.502897308463 12.395419446491
42.448572401653 12.973571497024
42.88285592195 12.441000956337
42.874463656414 12.737977498576
43.158455876728 12.590656483842
43.208530854552 12.905325374077
46.761150039156 2.8368298769169
53.352732060409 5.6558088063755
43.927315360646 11.133190113436
43.798669090887 13.158628757207
50.255706958126 9.3322859529091
43.120486573859 11.873043154328
41.875463273339 11.968455698813
42.509300800299 12.221825760914
44.459741072666 12.414688480673
39.387289378035 -90.518817635007
42.056820694405 13.02470282841
50.885583871224 -1.0956816283081
43.24435901795 12.384113098695
44.006212061088 9.635851165364
42.956031008158 12.743733295607
42.707731966746 12.373293640287
42.831742969284 12.194161271322
43.362112173535 13.226706863042
42.921714406911 13.440596242661
42.045102368151 13.151075826584
42.7593235028 13.300104448267
43.297212133343 12.452980170258
42.084594295886 12.6360348266
43.102516179507 12.492112965108
25.662222106767 -80.124031285623
41.872970923278 12.764195004855
51.322594030445 8.9241952402164
43.192587231397 12.682038407646
43.487060220694 12.960201529788
41.912117434646 13.356232027244
42.305173556018 13.600651753436
43.455643616384 12.834999111891
41.828056392868 -88.125214260611
44.586538269015 11.561879875214
42.273046291581 13.622010889774
42.821730585707 13.016553847614
43.699357574221 11.906898390945
43.025098675429 13.43297193082
43.727032795908 12.896876045476
41.912965136095 11.988348496162
43.583817577748 12.180041199189
43.448084977685 13.486356465859
43.63790518636 12.469500177314
44.516125183749 10.286244876374
43.211927572851 13.752543521485
42.210152346294 13.477661026885
42.318019845692 11.940398037893
41.944497881918 13.450232722562
42.100685579586 12.314310438099
42.395776325111 12.841034769028
43.156768283435 13.740227418386
45.041151543193 9.49823904219
43.175871295026 13.696028725124
41.944182753558 13.412216211882
42.731766628463 13.23996008713
42.4627955535 12.052544338674
43.466543758526 13.20070640568
43.761841481462 13.016002281132
43.18885516619 12.730463432509
43.04123996435 12.626402123678
42.233948324937 12.181292279263
42.411828297873 13.145425446797
42.780258262914 13.723973775641
19.157468741251 -67.144566906916
42.331582497981 12.522758148875
42.087042789968 12.611408197161
43.685675654901 13.192891117762
44.474909715601 8.6586552937788
43.727976385398 12.093484566612
42.441529069788 12.895863669431
43.738250438954 13.409597418017
45.395110615247 1.4245656181241
43.528516331955 13.311065041626
43.389081772419 11.613355464893
44.139174073354 12.093147815554
43.237241869258 12.339542974716
43.489555660218 12.411874695247
43.513588151223 11.924735497204
52.333315180071 0.85612332483108
42.101270948139 12.13368436004
42.731244107604 12.216875525313
43.059729264167 12.056955068885
42.106808280643 12.511502625214
43.403460490261 12.376993522245
41.909016055499 12.463750594533
43.160530256669 13.066171514388
42.845010658675 12.608146567202
41.840429995621 12.121805708933
40.828502358009 -75.092137314554
43.456599607832 11.90944988325
45.232320717644 2.4356253582219
42.298860815048 11.988683108256
42.374889708087 -82.885631578197
43.473908816706 12.82269773207
42.413041278468 12.824007831919
42.811090802707 13.368767898722
40.231363250202 -73.547603388238
41.988564271961 12.950261259915
43.687525987035 12.443330298871
43.381571081666 13.146305805161
42.694464402618 11.892666489323
43.121375892389 13.266739300132
43.442621889286 12.436195829176
43.654006872186 12.756542443671
42.636274989546 13.720525324701
42.878551642841 12.912347933258
42.825239961441 12.434349776003
41.971213269055 13.816574836551
43.22650492407 12.901346506899
43.820903509327 13.043778066099
50.335743800428 9.3739945727279
43.174161053365 11.909689291825
50.48646009645 4.1183324927084
42.350029220989 13.468978090451
42.508772223514 12.36312657148
42.539011300813 12.252695602038
43.741653005028 13.108359067307
42.020994334978 13.824473089012
42.71250264475 12.83054433571
42.300048197315 13.576535242433
42.265915319003 12.78980387693
42.477645376941 12.626596238777
42.456602103776 12.866905435879
43.197967068871 12.914749652129
43.329161257192 12.738626354739
43.21960334073 12.470948817449
42.457433969948 12.403651491017
40.481977657791 -75.070902426892
43.106219234481 13.550248528642
40.711289300135 -74.003958363219
43.284176147696 12.921951944924
50.708573120045 8.5193649402444
50.656630030208 9.7162223834154
42.465581682283 12.474277734067
41.867331962526 13.744796565636
51.80537026739 8.181818743321
43.040825279004 11.972877257512
43.262877504019 12.420718594671
42.630261069013 12.245914464486
44.741703809515 10.876858040563
45.277475670947 10.475622758512
42.822340585695 12.548691115153
43.934629067103 11.520628905472
42.085137583842 12.036537034941
43.149401777514 12.520551780968
43.635572790485 12.575071481811
43.807649385581 13.138330091342
42.578923411027 13.143329580868
42.780284744606 12.36510013808
42.255795244268 12.159113828654
42.639684846012 13.666152506001
45.073821493925 1.8778785969493
33.004063261397 -118.38433087812
46.101522239717 8.090080590516
41.842503578815 12.050878194205
42.050819394223 11.878871216869
43.240250877703 12.323309366763
43.50674671752 12.613609072593
42.429596903489 12.12436780388
43.683944660578 13.140706712467
-38.901718191757 145.79431364878
41.921589453689 13.418385153852
50.343173273533 9.1085648662916
42.467249450512 12.946398575321
38.260611892142 -123.09742355582
44.511391260131 6.7586220024216
27.028192055615 -80.538957494396
43.622423099199 13.771214046896
43.770746477794 13.072285289
42.850771349341 12.077943127194
43.809363730184 12.609700562272
51.848572181002 8.8771078735018
52.619516692646 5.2352712477954
43.164802424242 13.665090060192
43.073253878447 12.270357220581
38.669664343374 -77.247092470135
43.305169147602 13.797707895209
51.336857464321 8.8883160799222
42.700018199508 12.052060132426
42.711556098311 13.777249761309
41.964132634927 11.961675994567
41.864236847455 12.521512158013
43.133684383789 12.226928697094
43.681012832432 12.411545433782
51.609220037288 -0.35862366271606
42.886313372725 12.172377600902
42.578278610773 13.255495846877
43.806689391775 13.648889995969
45.423477116753 11.241109643474
42.398290557062 12.122028560455
41.841374033078 13.329202709428
43.158798573634 12.19700155465
44.873795942272 9.8230924829948
43.517289843206 12.560079898501
62.461642520252 14.142965072367
43.41816865395 12.176548231031
51.470807460822 9.7266419426196
42.157972063498 12.813280741153
42.461034292358 -82.993624902069
43.098171894505 13.186780968789
43.508721521382 13.265677967254
50.037952788192 8.2947301730955
41.866255831863 12.644924857044
42.42130086453 12.453622106229
32.200423524327 -96.254442806025
42.003268482652 12.292500483961
43.699664462239 13.028986116906
52.098791109677 0.67495203649856
43.776287200778 12.489860975433
40.93846368599 -74.596566192665
45.085169496332 10.491557942255
51.350117312209 -0.6846073552941
42.660691163831 13.809655661161
34.250728787079 -83.978172765942
45.954660882687 1.5474493729637
45.595151155067 2.2797515412233
42.139101947278 13.631296430564
42.408696680541 12.442908133607
43.500135284171 13.771512600974
42.758363412602 12.648733310725
43.343493741187 12.753370173182
44.915052953426 12.176495695548
42.294292693184 13.038854343856
42.369620403934 12.478245223185
42.597321710383 12.951517039908
42.482834681649 12.766160911793
43.431180745119 13.183196663497
42.978927780885 12.166418087767
41.071252740639 -74.491196478146
45.691471279946 9.4708879165681
43.516979069711 12.380668672931
51.818939141845 8.9915334633512
44.301965775318 11.122550957847
41.866238429635 13.720355841222
43.459379246693 12.729869839165
52.843653656384 -7.034060862275
43.297841573759 13.551844193412
47.421359007443 7.4541449041358
43.620620954626 12.132371905342
42.90279270287 12.286302581584
43.802772473007 12.621894221598
42.512529266327 11.966969807638
42.876372272578 11.911883763949
42.649548357676 13.752906757313
42.7233387268 12.860787649595
42.754341306071 12.105123221479
42.275971837491 13.312658582981
43.417793617799 13.060085873169
45.187267656853 11.62433913677
29.951316303559 -97.909098818883
46.753433494714 8.9757721167876
43.344196761208 13.66889648033
43.678115044126 11.884884314579
42.006716483297 13.53334873802
43.417511995166 13.636572649089
42.924030040376 13.580407757603
46.023731422156 2.3826318664395
42.587563141078 12.420848731634
42.710783107558 12.134099404877
42.658773762502 12.438939495238
42.634864481017 12.198126346452
34.641564006324 -84.104010890194
50.552614253737 9.0746017909025
25.777752184206 44.106236860671
43.595228936821 12.982223306795
42.852035614614 12.430050100421
43.720055955818 12.411247164224
43.710421591418 11.894325542235
50.480210310072 8.9099002419551
43.681272949896 12.666164237406
45.878034771338 9.60587551978
43.405616872223 11.845349088726
41.905947941798 13.384495200324
42.37426254685 13.712151875141
43.552273134979 13.160839651342
41.971801965505 13.640199635497
42.562021662298 11.842672572419
43.10548898119 12.596482101661
42.032322576771 12.7633723788
38.841567372823 -90.172513663827
43.534845220661 13.72420962051
43.071468303966 13.799910113609
43.773371437014 13.081702241267
25.188180880226 -79.620678438904
43.285350505882 12.623662981982
44.753176227493 12.098082757065
43.312263520135 13.445420651925
40.209599794138 -74.928422532608
44.971581166418 11.52386242439
39.314187983854 -110.77841069013
43.444470626064 13.612320575704
42.017539376422 12.563745697778
42.194150966238 12.373236218197
25.701373671025 -80.31245660498
43.214440315617 13.391160369123
51.675116348395 8.383232809316
43.596790651624 13.759972967582
42.573914352161 12.37305126219
42.018401086826 13.242055279802
43.275473503545 13.348430973661
42.780820947059 12.286617960004
45.295003249193 10.186557983903
43.239371857273 13.828292964899
52.486991886742 -8.5315896815302
43.489368363998 13.314690761901
42.350621402914 13.732258637798
42.780688204256 12.730116504606
42.279046754969 13.232390228322
43.73557892059 12.072167028728
43.416434710129 13.277517264859
42.679538405838 13.430907658057
42.847340103654 12.057538725949
42.885359803648 11.83495468501
35.142672200343 -79.087346381639
42.98460272375 13.399001093322
42.293933694409 12.359203410989
42.663489410518 12.286538583847
46.242125846781 12.874095523146
46.329357290794 2.7269560129973
43.616756764549 12.186653519623
43.392804322503 13.648778821199
51.07245485488 9.1734134476508
41.06938964332 -88.125877995868
43.63509167809 13.748036973548
46.372398584323 1.1660595513722
51.877303713875 8.9743938092023
42.711781161258 13.065022194344
43.379356255487 13.569947099134
42.080328926502 12.357285382879
37.300047127944 -122.64688328077
43.353474983665 12.798837128488
43.04481747611 12.101399603834
40.601029368083 -74.242978271807
43.250382435646 13.695836291993
41.98090704718 12.239492728042
25.351866491286 -79.362496439812
41.091600963109 -74.105062218563
43.731542907086 13.674779986367
42.155885484629 13.738983243603
42.837092657519 13.710256001798
43.033307966813 13.060702226174
42.903501034225 12.210624367118
45.109088394048 11.379956814614
43.50283476829 13.22008177371
41.995890248586 12.787589110822
45.989033165383 2.3392629462011
42.755217585154 12.257162090997
41.882842241753 13.758141026275
43.47944463162 13.540068974525
41.990050398295 13.043971938588
42.831795532199 13.749988704359
42.54287256421 13.074621263482
43.095605260758 13.679942312522
42.789614674093 12.519961946441
42.13314645606 12.170648410551
35.8432736131 -107.12672654651
44.873540261513 8.3239873016808
43.444589989022 11.973044686494
42.87553575771 12.657579724073
51.864907856502 8.8725238683971
51.25821294601 9.2191760899588
46.193430156071 2.5003789889162
50.003126123922 9.366858482066
41.935075750565 13.350222454125
43.512658521793 13.436975858864
42.285286989217 13.509503498
42.360973400253 13.706183885574
45.725605235121 10.066783767478
42.689243552151 13.809418154347
42.130711329717 12.250559265863
41.837494222058 -74.056089563453
41.988523500987 13.741302134835
42.703153350739 12.989837406219
43.632944741602 12.337712763987
51.894014070227 8.9031762615327
42.2006295562 12.980549149693
42.608780558526 12.697457882456
43.811282361791 12.997740555575
34.493527134458 -112.22177671419
42.388461400957 12.803716438286
42.955506472849 11.9859691905
43.232115370351 12.878091622574
51.825407295407 8.7036266958824
42.576603917229 11.935195197342
46.211138864146 1.7767406510081
62.233473703374 15.495497307971
43.604327527643 11.97651325726
42.283456152458 12.08775632043
42.306491030078 13.787396547772
41.865171674597 13.615407944033
43.642527684224 12.840926920295
42.769665805071 12.775821163236
42.74539907686 12.681913650468
34.675874006963 -117.61713917518
43.480815577566 12.829063340032
34.447531497494 -118.67307022786
44.366232118903 7.1955762201224
40.316397276075 -74.179440698336
42.529013917583 13.731250061084
42.898669968799 13.046820743518
42.812176081285 12.634558751099
42.73749414309 13.119472907001
42.576241346831 12.771817894102
43.584998931564 11.966864851309
41.912112691885 13.068604265393
43.241515137854 12.122332009565
43.980922009277 9.3118219582186
41.897728824961 12.207044683514
50.143865475498 9.9861772395606
26.483254089694 -80.938336756327
42.603551224642 12.306548846584
43.055620692252 13.734919054331
45.628120289968 8.5976735856373
42.124881575429 11.95638294844
42.66406435925 13.593805565796
43.763792585027 12.18517601361
45.657273528938 1.7478260224442
42.771283807147 13.351349582615
43.316405517217 13.102579445181
42.322917172857 13.01594545276
41.861235209697 13.518249471003
42.89801507394 12.208116890049
46.455912699204 2.2298830744018
45.317459416724 1.7863819253568
42.274695716947 13.781099946623
50.550468705851 8.7519327144846
42.225027346178 12.485044621644
42.896291102721 12.407380520111
43.241403464361 12.120071139264
43.29411493537 13.444802189008
44.179881271946 9.0916916632776
42.284583645095 11.851129300844
43.492005897005 13.107463155944
42.091346843232 13.537767941869
43.316169944294 12.084126513046
43.36657980709 13.127576384308
46.040099231172 12.410132036503
50.520484215357 9.6665648960818
43.717153003329 12.638656552734
43.611423650597 11.878254870383
42.884697279395 12.538413256213
-0.90423318785812 -0.89428732120166
43.403093246486 12.653612630301
42.038442044558 11.950130907816
50.918704978153 8.4611688360857
42.463070795177 12.013746636947
43.52959942146 12.377950369577
45.420465434562 10.923709497216
43.079482488392 13.541324091883
42.180751708907 12.82228208653
41.982517841751 11.837037102264
43.394419320132 13.50639897564
42.205322406837 11.838155813926
49.333833523091 7.8475406926569
26.85237847586 -80.832497406017
46.51862747712 7.737705035013
43.445400999156 12.983056884272
51.985624189715 0.78009050789759
42.313499501142 12.48806186278
43.092348482989 13.568816949434
46.136294351023 2.7424666316912
33.090440139722 -84.230641732007
42.979961545684 13.469095224288
52.64416592994 6.7070262823054
51.393755324368 9.2959975177869
43.305601872667 12.748504304697
43.723497973647 13.098601550396
43.552093322667 12.033425103444
51.574604376254 0.62882516790127
39.93190517242 -73.460926751487
