2.6707774510937 45.347115893079
2.6787523858616 45.347815048112
2.3988736799913 45.962323490513
2.5924829368445 45.04408351334
2.9676067265531 45.421549705519
2.7050430875761 45.474778971856
2.9379390147226 45.478049169051
2.5612290024577 45.282888521106
2.6318582792915 45.59891603589
2.2272656398021 45.785087183949
2.597899246308 45.801014751569
2.6141340437411 45.829993970147
2.329129549828 45.865573084851
2.2126857895463 45.951914607525
2.7159395365584 45.828702090228
2.7644210000357 45.537688628555
2.306344920912 45.588669326896
2.2088721414138 45.820050636688
2.5486107582918 45.206378295648
2.8332221092811 45.135531237878
2.9059620284969 45.017469601714
2.9936313154146 45.885215153864
2.4558586154393 45.784363314409
2.709456500462 45.753662113917
2.9636311726475 45.793525379055
2.5325132215081 45.222757606871
2.8055274676557 45.405004628191
2.8228641472863 45.908951057079
2.1881937725414 45.723975139542
2.672733510692 45.552857118916
2.9460658705542 45.494944716569
2.4535604363557 45.933458210869
2.4270136865913 45.436169466207
2.8890894338903 45.796392547338
2.4951909964416 45.60395680722
2.2562340596953 45.721101347693
2.5660116507514 45.726513077378
2.5785678497416 45.179626305671
2.47460181521 45.484236962387
2.6008704535667 45.685222500323
2.6397060703671 45.888259882055
2.4577663109907 45.379642028538
2.8129899337948 45.371985809585
2.2592698071428 45.566531245861
2.6547793977218 45.814526876814
2.619974300554 45.356013508214
2.6229344381126 45.781695777449
2.3860016723098 45.437729988917
2.6660842991742 45.310227369103
2.8445077635555 45.926990032162
2.5654157682161 45.946132258953
2.235724430641 45.747524753095
2.9840514254682 45.079880478363
2.5163289371488 45.682378839088
2.451397856442 45.820826877291
2.5008429505401 45.17986033353
2.3086740701965 45.553810194858
2.383648597814 45.713141846337
2.71052792748 45.144560528521
2.5197053558751 45.158669475074
2.3286559830087 45.99838199513
2.8294063014115 45.929603613415
2.1859305296959 45.66988452788
2.7887515122019 45.647382533014
2.4139127984708 45.788991911239
2.4094445404641 45.425989954931
2.5003252637108 45.165987702164
2.2926713816322 45.749718460138
2.5173307007725 46.043367128839
2.7167058054901 45.026943837771
2.2473876361025 45.870742798257
2.5736087023158 45.321755830814
2.8409560396527 45.225737481017
2.4092298910996 45.811482511839
2.8834406257996 46.054548916898
2.5824167377234 45.097155458805
2.7026237392345 45.987601930735
2.9217404285081 45.873910807946
2.8988497065841 45.321210500468
2.2893977236419 45.677728145699
2.6575740685955 45.255181873802
2.8161250864231 45.106903030587
2.3523833557742 45.618723977645
2.8699200208624 45.919842471331
2.8119627161939 45.198105336259
2.4544258925386 45.599742307141
2.9372000703296 45.963503223827
2.8480757246018 46.035507839655
2.5583885850191 45.85344237874
2.447760496497 45.374758882157
2.5604604503887 45.101004235028
2.7702658319707 46.024546383426
2.740207395861 45.024431281269
2.4417776309148 45.533518575846
2.9602387184092 45.452108400619
2.3568095687576 45.967435000449
2.9433919838366 46.049897730839
2.5579211928686 45.593858888649
2.6642263823488 45.813338156703
2.5766552782509 45.560949463658
2.7086864042602 45.107009592516
2.6039026852715 45.389820017102
2.4886484413821 45.205389458782
2.3224781091895 45.931795704612
2.513764547889 45.779111158466
2.4220239722272 45.406309696104
2.1671739016507 45.843496524656
2.1533677555404 45.745343263142
2.5045902563746 45.557784099857
2.9905946003229 45.903540263839
2.32478856683 45.442233024371
2.3611938158801 45.489132110257
2.3744167440452 45.832628828395
2.4916223210709 45.629496152806
2.5273344859142 45.490026280046
2.4479395432621 45.480725854859
2.303417997576 46.019906814219
2.7899044099217 45.193726106637
2.8013852638199 45.798594740591
2.4777045610723 45.912273664452
2.8027421980178 45.422795319661
2.9912977353629 45.996892814523
2.9018688550693 45.733248204334
2.9028893638881 45.441834357307
2.8128567257956 45.202344394383
2.3520431380496 45.719673933796
2.6504363695394 45.282241674737
2.4069528791155 45.612720021332
2.5962344806624 45.818525889338
2.6005146324637 45.261005378915
2.1929324819673 45.725922630507
2.9388921665675 45.696950248767
2.7479932265114 45.632051175755
2.3980216613961 45.679880457781
2.4060121515794 45.980514142653
2.279457149226 45.872169277106
2.3006210943221 45.658226210465
2.7684148139173 45.593323573746
2.9081119852644 45.949480512156
2.641974130013 45.231724023927
2.2266877019902 45.621807908463
2.8546972120435 45.084110321982
2.2415494011909 45.81035163105
2.7966287028029 45.752812789638
2.9464452401486 45.569743762058
2.7232674033024 45.781431637137
2.7077333204019 45.566593483354
2.9288776800637 45.182302673432
2.8286227573774 45.016050649349
2.2215044625204 45.845880450143
2.2300659805676 45.686242190975
2.8859852724178 45.254696184422
2.7795454206781 45.784010000892
2.8608044133805 45.052703386197
2.8494535595409 45.281291495208
2.6925467172137 45.4013061665
2.5063197964366 45.873261825123
2.9225209955697 45.632981465493
2.8490296177794 45.266599220348
2.8871701484952 45.270891695409
2.512220836483 45.154909386372
2.6215593715299 45.455260483294
2.9415711569328 45.256828841873
2.869389430559 45.379815497147
2.7075397440733 45.405228899515
2.8956163702047 45.345203749531
2.397186380996 45.377863908363
2.58748422637 45.749489865615
2.8868132903645 45.093345605346
2.7976332333859 45.078831856176
2.7025640628778 45.915253188422
2.3847732229087 45.579930713205
2.970880911672 45.658231709459
2.5025704542653 45.330853290079
2.6212249210203 45.405774551167
2.7506796469682 45.287177646666
2.9266902268523 45.314365160798
2.8803366585077 45.869016588139
2.8056102338273 45.954594911055
2.723962345032 46.008387434766
2.2825527280953 46.0255623893
2.9004431473559 45.879970220327
2.9615457779549 45.52745438252
2.9708768441206 45.770791861588
2.8795535526609 45.362685249356
2.5201285716706 45.414744838334
2.6304944723987 45.380471070474
2.3351406167891 45.51781877946
2.7289209942002 45.082504146305
2.3086149894207 45.637504448014
2.8846140354334 46.0589966588
2.5287437325012 45.518347352519
2.9984474629157 45.620143112084
2.8130952882641 45.441774391309
2.2328772895191 45.841061557103
2.8919307938274 45.467301569165
2.5499224646715 45.374885381374
2.7305212191914 45.790904523707
2.2440042520147 45.539807028389
2.3613239025517 45.515727240367
2.5916449500209 45.362925533374
2.7488486146316 45.815297269642
2.3512788253609 45.872907263633
2.8665948467639 45.445165222718
2.6607269033141 45.150587463822
2.7111827096488 45.136242617451
2.3356337856202 45.493399153228
2.644531437496 45.063762716979
2.4706192661406 46.021877964503
2.6563330314384 46.005396333526
2.8871297323551 45.663042042713
2.959892057795 45.734441558241
2.2408993478124 45.976305678941
2.7737630907324 45.891517051911
2.2284536218403 45.619739911342
2.9787492323568 45.28570498586
2.7333634415331 45.890266733659
2.3400929376204 45.755212074032
2.1607471304763 45.782032042175
2.8618859000792 45.29504576572
2.8934175078261 45.939182240022
2.9995086011475 45.22936053771
2.7472790096641 45.945648424768
2.2827359252995 45.6580521351
2.2638657555281 45.945966287957
2.9281147629619 45.995943241285
2.4986920084333 45.22268368547
2.8403435767816 45.526617884881
2.5749925461481 45.865747357656
2.4602555318085 45.460448053414
2.3905439588197 45.726404505654
2.5295163809925 46.014615717816
2.2764226325212 45.932463880131
2.6849899183423 45.597829335182
2.4872694716264 45.433330718164
2.703514357425 45.38632016321
2.8980569727244 45.990528126243
2.535106695972 45.757335292994
2.6709703578013 45.606690150502
2.5829490062701 45.207455267761
2.5869490623413 45.236316447722
2.5194260317457 45.164568947705
2.2649350754288 45.616696950801
2.8607008386686 45.758048759661
2.4695635831307 45.598023993707
2.8127323797963 45.191932257354
2.3560952457395 45.947507774899
2.6529404430897 45.547682088589
2.6942281861297 45.899246355937
2.2544533918865 45.933460424158
2.3622699102211 45.739310386935
2.8345271678802 45.824233942583
2.7696043796696 45.486383046716
2.292189528836 45.738955000294
2.3871544717751 45.969276790027
2.2391015469279 45.897585840382
2.8087459107902 45.977005809069
2.8830635141968 45.959512463752
2.2487372282188 45.531432892909
2.7622779369179 45.278907198123
2.5014292320709 45.282137570568
2.6388374458248 45.479429623801
2.3040984851793 45.819222839931
2.9702224703367 45.162885931396
2.7102162203333 45.799762588367
2.6998240406158 45.529123460655
2.8766937893241 45.901334301057
2.2975933003694 45.569805196286
2.2653501719541 45.73534802242
2.4261034999164 45.455438099548
2.4720408830196 45.300643400895
2.9249561591656 45.999508197885
2.9581513083345 45.100537729031
2.8451239945577 45.340495804483
2.8791428952846 45.798809686582
2.4982919313471 45.294815081309
2.9247760558151 46.000173830893
2.9984484822482 45.484551334979
2.5912918930833 45.113275433943
2.5416720186089 45.129640074973
2.4702527059569 45.230477579045
2.2305907310129 45.569556728736
2.7886963318049 45.299502220144
2.347688704891 45.465101753578
2.5668334674867 45.12417378003
2.8485050289186 46.052096928494
2.9419252392565 45.438149524591
2.5127930173244 45.351683929261
2.7627115723503 45.232103801906
2.4371985096658 45.891980081281
2.7127311642807 45.616936924223
2.5153168279283 45.456750897438
2.8961624563188 45.138274320466
2.4922205528674 45.820539138662
2.6129487653323 45.497284660813
2.6037794317136 45.363830763085
2.6243739829512 45.458130610854
2.9272826248441 45.915958070623
2.7831560721542 45.468543947427
2.4528955493369 45.74229762179
2.2430414456143 45.66317379459
2.97677043964 45.258335147173
2.7160668721032 45.440987589974
2.2777282149893 45.595793926434
2.7863345284883 45.895456728011
2.8073946422932 46.002491778695
2.7763904634753 45.843847590426
2.7456874008038 45.203052226549
2.4132773933994 45.791259101029
2.414222632262 45.472522477839
2.1726573278069 45.651083762129
2.9027132470639 45.890849814234
2.9998081130906 45.917700300886
2.5332117418448 45.810726197348
2.9849793598917 45.335253507521
2.5473761761316 45.898941607633
2.7970300395028 46.015881309293
2.6337199586601 45.055795399498
2.7920980871618 45.833102772866
2.2753605182634 45.555407425182
2.4522391373535 45.718441581222
2.6150316300872 46.039444651007
2.9746301546575 45.56011080116
2.2963011936733 45.945355717533
2.9357891701794 46.053174906435
2.7363481455186 45.892340143627
2.5896229583722 45.038485603425
2.6313999791776 45.054531518861
2.3735812699299 45.378216746439
2.560710833669 45.45235873547
2.6212174350495 45.766566423591
2.8909925496629 45.351262457367
2.6696369311165 45.100833979017
2.5065025172692 45.494615220229
2.5212035754329 45.931965573659
2.6676265209297 45.0750221494
2.5107113679455 45.469548673588
2.9524481585028 45.373986033897
2.5289448562679 45.617276338682
2.3546691175339 45.575928911369
2.8727780957114 45.927861205734
2.4104766023394 45.348357747937
2.9599413135834 45.483936389202
2.5357871332838 45.80690072235
2.7713172783942 45.897632054937
2.6447733694896 45.203995775061
2.3396140734384 45.720589306075
2.6345977106293 46.042333877665
2.7514446278808 45.097135637001
2.4506976885957 45.311763589416
2.4144665582173 45.306403781896
2.8055454817626 45.639190147929
2.7268901461395 45.35323096316
2.4672452986554 45.430221022773
2.8664083205473 45.080118818246
2.4456459183458 45.462581107608
2.2149648769828 45.595934041588
2.9596509379147 45.233097463489
2.8564825783747 45.693075580379
2.863898563601 45.281054667328
2.6015263430781 45.673050205537
2.8046441310107 45.297173276216
2.8755804057585 46.059251318248
2.9473993880429 45.009736293931
2.6300938788942 45.483836491352
2.5682720432842 45.725764615334
2.9085881691 45.125476632791
2.6176353504963 45.493111165936
2.257486002174 45.998388633131
2.7781154591488 45.896758003112
2.4149289477686 45.44294591129
2.5321919911225 45.448534099594
2.5636131919751 45.423142742097
2.4042125900296 45.954180100911
2.4859055539062 45.752697924037
2.938571382751 45.961542404239
2.8677657474148 45.716902266125
2.7469365325509 45.019138948535
2.9171713939482 45.230063732355
2.6089705352713 45.826430705761
2.3893340483258 45.703150762107
2.4488474970911 45.267378907775
2.4908569410866 45.693088712028
2.4749739502906 45.867649004267
2.835164931526 45.489955628519
2.9770112237786 45.183051407888
2.9103146446451 45.467600993564
2.2826005831745 45.621995514083
2.7441420051009 45.941315259291
2.5959388234634 45.037710689491
2.6082542033904 45.101132500964
2.6892092170609 45.354730489363
2.455673244994 45.953561409355
2.8715256363487 45.36894160992
2.5534562499046 45.526298749971
2.7938174697542 45.595206096114
2.863426917169 45.67463082805
2.9364849147091 45.538568276697
2.5554072100461 45.532800848844
2.2797515412233 45.595151155067
2.3675762342138 46.029252656283
2.5778451820732 45.594968447739
2.7557292206938 45.345855977082
2.5141819894846 45.492627378783
2.9623909415502 45.104573774666
2.1881928407532 45.67843797462
2.5000600211788 45.249870116939
2.6387169573636 45.25374006259
2.6382175337701 45.857542397854
2.4563452868985 45.335965646122
2.9723314959427 45.456880220425
2.6347305405115 45.079843180757
2.2495332836404 45.537685780571
2.2369646440432 45.547555611724
2.6794648816248 45.68024210617
2.9081178674978 45.077029471322
2.7045015556293 45.51446875721
2.5659492847351 45.538210979448
2.7925728218595 45.369063082789
2.3924425562808 45.539221886331
2.8458192426925 45.416725435488
2.3187948247971 46.018003564336
2.3585125647292 46.036804921477
2.4195781286897 45.450380226341
2.5568988144197 45.726936045441
2.5143046362858 45.853781587376
2.1496122196082 45.767807376463
2.241609379296 45.620085722124
2.587060646893 45.144806543433
2.3826318664395 46.023731422156
2.7735447267879 45.54225200533
2.2664880376619 45.643518072387
2.6939333131043 45.985339994535
2.6406684660542 45.816785280042
2.9126542424376 45.527575897764
2.4499256920302 45.857596240406
2.7883469442783 45.43657518897
2.8721811482088 45.622171293768
2.7965014440923 45.763472633326
2.982856980517 46.026641470393
2.8108830502307 45.263134428422
2.6242948093565 45.672318052814
2.3862524630438 45.547127977268
2.9322780398337 45.055495988138
2.3344264665313 45.571301992783
2.4091614305084 45.828582505616
2.303027493089 45.645481702707
2.8617034754072 45.656681694396
2.7535968282044 45.419150575725
2.627337917512 46.004088148011
2.9317899066637 45.416466789514
2.5431564019728 45.705511994988
2.9001352628228 45.854919699884
2.2213891759614 45.650023807143
2.3392629462011 45.989033165383
2.6606594951175 45.245605494941
2.9366864119362 45.556298265493
2.2846265124551 45.544167711187
2.8952558258992 45.517746516279
2.3257920790118 45.529576538843
2.3553761971907 45.96000876043
2.9150838590763 45.030315169613
2.211436469672 45.737828377978
2.9920753533915 45.373461290437
2.8979328278908 45.138372888387
2.2777314327088 45.502171642381
2.5648056112997 45.561105636675
2.6475017879379 45.273913302586
2.5930237200079 45.915326381063
2.6812994674227 45.635128033178
2.8277920376639 45.926923152025
2.9147748257568 45.164015180973
2.7129578663562 45.150803907379
2.291583182426 45.539151076944
2.4498482735128 45.265001860571
2.7355766425541 45.076488334256
2.7100978785707 45.887879289169
2.4850860356749 45.663268828608
2.3777516895802 45.494488420195
2.824709686369 45.105778609917
2.2803493967654 46.009804874197
2.2941007582909 45.676853176987
2.7907200021626 45.50708132028
2.6025826402952 45.723844659386
2.7586680030258 45.721396125723
2.5568421350591 45.262322032481
2.3250136935734 45.549287299416
2.5380411495166 45.727421426087
2.9142355564582 45.421228746614
2.3806517363436 45.396783427986
2.6183001546274 46.005935948811
2.4970932288547 45.651388435462
2.8691979147816 45.651985123591
2.6493655264607 45.225727870234
2.2434502226503 45.872786952589
2.7725229737221 45.854817624136
2.5210201831167 45.157356510478
2.7787659614248 45.333951295043
2.7044457032832 45.700466440851
2.7006415807179 45.562359714211
2.7168251474932 45.975715607859
2.4639007940255 45.248228036914
2.3045056752416 45.78036490445
2.612422605796 45.880439158008
2.2651603125339 45.873072719142
2.6713779911731 45.416583529868
2.7553818946496 45.542195827021
2.9186619310261 45.334558158337
2.8307780329281 45.507344667105
2.5845175285752 45.662874273333
2.7493015968936 45.426131350187
2.8297478676912 45.889561018389
2.4606252556949 45.821975317701
2.7364094172308 45.844754016886
2.5692583166851 45.501371075633
2.4914918013343 45.637209086976
2.7160525357891 45.22511917596
2.316392600218 45.528571601272
2.7900271768635 45.274394852237
2.5823679275729 45.760743619763
2.8457684180912 45.620546592223
2.7544335009318 45.191510015256
2.5576549151715 45.175877676427
2.5099521891726 46.025870048919
2.5914773105604 45.543577215887
2.4242826772035 45.577961690993
2.9321449026149 45.441537555978
2.7219930448206 45.744490156297
2.8363040470687 45.131369931685
2.5435819036996 45.822427909273
2.7663340525545 45.347289954008
2.7585508081869 45.399296953063
2.8136315279704 45.676182617283
2.2370965230451 45.796675753219
2.9723043949214 46.050974582811
2.82928030604 45.746631437329
2.1887750961766 45.7383792157
2.6290749230557 45.184478946582
2.4986358343152 45.218043597517
2.7446630940515 45.756634430846
2.2694002866137 45.895266288377
2.7747177741373 45.127795310751
2.8427158924019 45.888185365073
2.3508608445296 45.860174633032
2.4123589212132 45.979821699662
2.7450433796016 45.239515237156
2.8027482860734 45.837264532148
2.7194423273762 45.596830252836
2.8050106474222 45.635382203681
2.7696603163004 45.929192073145
2.3543729360003 45.50762003451
2.8201657150966 45.866702562602
2.3631686155513 45.687675767433
2.8950868457999 46.043781460283
2.5747359239379 45.731230970347
2.4025527613249 45.980579305897
2.7606898507852 45.370138412514
2.6363893247379 45.29425364048
2.8861109134211 45.346387109881
2.1955732694806 45.731643797239
2.8768699024231 46.050611839188
2.3995810190214 45.612952165591
2.885641285165 45.702660958144
2.935198550548 45.181767132684
