43.600955500568 12.164052901421
43.31723719759 13.222958902953
42.866239159327 12.60064182088
42.754622522648 12.827685184718
42.488299228965 12.130003459367
43.269308686868 13.222636334257
43.678827398794 12.322716543157
42.083954771109 12.715470434521
43.149449733642 12.101439856992
51.769726872803 8.9430985199023
42.189044599065 12.034504360091
42.158624419572 13.409002581823
42.500742146068 13.429596733057
42.685062656519 12.322428301148
42.49299917302 13.669364792162
43.125183676449 13.017205344542
50.179897085382 8.9875484607124
42.260026800123 13.7136849555
52.17686688722 -7.0072266468812
43.081820553228 12.987928251286
28.987746319165 -81.745095759781
27.015711419275 -80.693540756258
42.411075899124 12.804615021613
42.420955548746 13.375153340129
25.063479234011 -80.055477423429
43.107274741005 12.64810975487
45.643530325324 12.350329462179
41.990595747268 12.209380591407
42.210693136908 13.514316630345
43.063022307636 12.78288911601
42.849038128692 13.654307355033
42.877066154928 12.322233843788
43.564702684344 12.454044766957
43.221803813831 13.382765951766
43.375320796585 12.354800207261
42.933711644252 13.045942107258
43.028865236823 13.800742601438
52.234506292145 0.63572666446014
43.042616611387 13.754805798549
41.933181851627 12.742078076018
43.524476841823 13.330285779841
46.91003384856 2.9705360298839
43.538228913948 13.327955615415
42.43727384437 11.911163797582
42.314871013798 11.867017718457
42.110305260939 11.891423665889
42.552819302584 11.991023737023
42.444636620344 11.887659970174
28.599423654665 -98.270617092182
42.919325770328 13.727124159118
8.0908524771644 -80.890717971553
50.602602326126 9.8795455158127
43.579808820796 12.868259199855
42.149525613149 13.018861928053
42.001557183474 13.035534406118
43.057959434624 13.569004962041
43.260899896876 13.175709743621
44.625730118364 12.73532767135
43.320710926487 12.008557620949
26.148099223204 -79.726221516876
42.189212074612 12.731547837973
42.594871171582 13.509318147113
43.494507097425 13.31892529892
42.451764737487 13.113871690426
43.580957853061 13.043560530566
45.438986513011 9.4545201621017
43.248830468996 13.530143620249
51.062147068354 8.3919794160835
34.563728872179 -112.02692090545
42.667756207154 12.937991313628
43.718627639471 13.239310335966
42.084725357653 12.341121085168
41.999894385713 13.247107456574
43.167185776966 11.847319916772
46.02897793601 12.314879855006
43.77742566812 12.643897036877
43.323486779522 13.435404819194
44.654968155599 10.89833720571
42.746887835111 13.62681844303
51.814993849404 8.4562248203234
43.679121432232 13.51252627259
43.310529835222 13.367896355415
50.389591238643 8.14385815344
43.119658002707 12.950988819821
43.752780065312 12.433758109565
41.900763691843 13.68136957927
43.406853351021 13.477787647174
43.446243103357 12.08977607318
42.467254165333 12.540306374238
41.995847478528 12.304823737289
43.726256199075 13.512993830982
42.682978103276 13.040457260835
51.001228671056 8.8375570605684
43.59753674904 13.813345169117
30.324334026685 -95.831491827735
43.028259112999 13.822646142388
41.915160678309 12.321824617389
42.89368741584 13.159040483741
43.087463243926 12.218597151462
42.631476132514 12.611112284314
42.520152048937 13.283746401467
42.417805103335 12.439630424364
43.234837682582 13.703648937749
41.925739219399 13.316306768154
42.936150229062 12.897183791242
43.671374726443 12.800751542135
43.573261359063 12.681559594686
43.607605889278 13.709230329727
41.837020212264 12.71886562871
43.357601030917 12.573997814962
42.548509102591 12.174796386259
43.092293764529 12.957945610398
43.667227019422 13.292331453104
42.847751650444 13.390844322944
42.381147571107 13.770930217959
43.121193031392 12.105424427963
42.381160975632 13.324160728776
42.248104517019 12.064562068372
43.485699252938 12.412141823888
42.167790865159 12.257335711877
42.130666093051 12.012130097978
42.288440074461 12.969966278884
42.675603328143 12.183921693465
43.666911190707 12.169085403538
42.30837371403 12.49741328207
42.550122189147 12.201334001146
41.947349221908 13.476647758168
43.015411963715 12.537160561226
43.5398476066 12.72867531412
42.637775461042 12.005465535005
42.203023553476 13.00405996202
43.624091754048 12.201513637903
43.78133215328 13.391206044907
41.879620264715 12.142392702022
42.80114079865 12.424278852748
42.417137308261 11.859947860662
43.757376330813 13.474619139228
42.291437417425 11.89677530571
43.047589069276 13.034876902625
43.59493262304 11.993568046036
42.044200260234 12.356990366896
43.045528669884 13.203662326675
42.385485633011 12.012375102871
42.106444872521 12.954955547582
42.737734734911 12.781513658271
42.058730700102 11.976750725425
43.449704925294 12.075935417843
43.761991932898 13.823049032999
43.377278577267 12.769034317142
43.600657665937 13.590939670166
42.350875856074 12.654067585105
42.806875662344 12.474138508327
43.624856022033 13.254489698121
41.980298089807 13.812644582176
43.540134014369 12.622851130864
43.544364847983 11.844159325068
42.385725392695 12.188734256306
41.88636961809 12.417501059576
42.603155894973 13.206824328402
43.506218951452 13.201580895226
43.414160516793 12.948548186567
42.635861623884 12.377691139198
42.431726883853 11.858037884302
41.861250768372 13.577672031532
41.877549109944 13.483714616638
42.04522550669 12.105145176011
42.616527188412 13.763123770155
42.833985389154 13.305231976952
43.533773111915 12.127392764284
43.013199237668 11.878094741573
42.613075316259 12.457554829541
42.247337320956 13.501053111882
43.3826985445 12.175339655588
42.953303081914 13.277735535206
43.30498711688 13.62402042638
43.164387532607 13.047374778936
43.317840239668 11.98262656947
42.726728438293 12.40393230759
42.007308896655 12.244251421787
42.02962075317 13.197644425203
42.602196679752 11.901517351599
42.212282067285 13.010538942206
43.165572850132 12.910203801447
42.370455216344 13.344812268107
42.533175975819 13.294640272083
42.603028521709 12.665509295049
42.994104236383 13.545735590435
43.637894941812 12.300839326971
43.029822867864 12.867445658386
42.478443530166 13.508832823277
42.370337841294 12.891229422733
42.722273219268 13.366105316864
42.283629976366 13.627134445902
43.604264057078 11.840112747105
42.268272803777 11.888324758938
43.351054033915 13.484095957377
42.941454059438 11.963160029151
41.902781829679 13.693655724516
42.322192060467 12.347705017493
43.430242592225 13.21063384705
42.431654170843 12.232419328893
43.023449078234 13.05461716284
42.15201012194 11.887184223129
42.178727095585 12.670086312906
41.931337902777 12.834900640827
43.249373912483 12.802332931593
43.192424861359 13.467827316147
43.45916220383 13.699827783622
42.389178430398 11.873739378955
43.193672887626 12.668165573717
43.01613235104 13.718452679815
43.466935821116 12.488242031789
42.343485834258 13.265012844144
42.687106986405 11.916111844574
42.24941488276 11.953481268603
43.059618117802 12.15391802052
43.653053570864 12.881708654541
43.578514775552 13.115738841314
42.805783095234 13.358648158332
41.996715946608 12.042004293337
42.061051459101 11.952996332198
43.591425894125 12.117083863896
43.216981339856 12.820797696182
42.449102718148 11.976904195278
42.651884570577 13.432086043282
43.50711703885 12.003748126351
42.765808225056 13.7661577588
42.134697311642 12.487178572701
42.472898208777 13.548944472612
43.429820839537 13.515148064382
42.066688162327 12.100190984619
42.169271576318 12.510686716324
42.196106672865 13.576906281347
43.314867894333 13.695374947386
42.413754126271 12.981906753046
43.403043460775 11.884694168777
42.455761947437 13.238104675563
42.307367202524 11.909088836962
42.425424006987 13.520861017316
43.402225992851 13.326358291028
43.362896569263 13.605464899284
42.638964819575 13.313379936087
42.347172929157 13.215402169274
43.242526308302 12.498437192078
42.881774972625 13.795688760858
41.975023016809 12.295343807591
43.235030393712 13.828045258239
43.346056508548 12.404786469624
42.64056211835 12.944011527109
43.020456817032 13.32635758462
43.82007195608 13.833214771412
42.866549520712 12.190995553153
43.390303928608 12.405834257813
43.796634638143 13.61296951848
42.462973509686 13.396014445201
42.857372332319 12.899093690302
42.782525204507 13.832979450877
43.639924736081 13.00738732752
43.022370587134 12.65390951219
42.120850371274 12.559005906155
42.375312230746 12.674186899196
43.602065087597 13.374890397964
43.354201555904 13.541678230086
43.762957897879 13.021546488193
43.459039788928 12.146670444492
42.170458994441 12.740478052658
43.521443676467 13.191177917754
41.904022361128 13.26374877864
41.90528889976 13.448374036929
43.568346336304 11.959303332495
42.55458701523 12.060878807263
43.584700145121 12.741711244353
42.276446556822 12.815139544131
42.539848403346 13.667519801162
42.361992458537 12.963695710995
42.611065743331 13.822221707957
43.292371641536 13.085019558263
43.731829844311 12.327530711597
41.979540361103 12.249710976283
43.169761678304 13.191178364789
43.762537709813 13.293028866564
46.129148120586 1.4794849005898
47.887966201612 10.903871415813
42.592304761818 13.746480706516
59.544767589562 99.50865537045
43.656881739712 11.836211545803
43.62056739054 13.005533562531
46.269343458241 8.5667175816217
45.988970591612 9.0524868594704
42.083106731124 13.257082068968
42.379908760742 12.629427813308
43.533402281617 12.508056151007
42.514066380709 12.931690346904
26.763235701121 -79.957625275268
44.179529299321 12.321401829469
43.341537626175 12.828467875195
43.490922915068 12.151492371781
43.384540637689 13.223553310739
42.709175562372 13.259359306332
43.478181409428 12.129778611555
41.893451957469 13.669369591267
41.858807075258 12.26815035395
41.843092420086 13.531094492216
43.772773605687 13.528537035721
43.61266367494 12.692999212415
41.92533208475 13.777547160547
43.626242879625 13.198178235555
43.432141721937 13.348907529094
40.719675828557 -75.089941838379
42.725111013171 11.839822562824
43.275613220558 12.94638544926
42.395238635335 12.772352079776
41.891954078775 13.326356069823
42.92764712636 12.822264375569
43.592316395434 12.537919525794
42.832286566904 12.067292594869
43.333559092311 13.498240599196
43.161426745451 12.708384202678
43.785739023625 12.477423659303
41.881838692318 12.032004907297
43.666921007779 12.089435769308
42.046292503873 12.399847113269
42.724161171247 12.005701776618
43.05520671471 13.32588189811
43.154887855612 12.243998857815
41.958701027093 12.186353330143
42.175593609093 12.292976463371
42.283460369021 12.162427956801
43.615287427167 13.037070872766
42.856835972938 12.017258735868
43.113172332364 13.606105470867
43.298446159504 13.060626415585
43.679961741774 12.506942188624
50.385901796811 8.1437952370121
42.136306737168 13.302974193985
42.654190197447 12.75879606316
42.943524992088 12.747177654781
43.743620534795 12.097342477246
51.006751886805 0.46355524955018
41.473285767961 13.311447027682
46.653061069852 7.3187165578449
46.037654149829 7.3489004095778
42.853872808581 12.606826188346
43.695237533534 13.24079155423
50.347757521247 9.5940240163328
42.198424192725 12.089085001561
43.396193017923 13.231445049996
42.697616041518 11.875833735764
51.407462120479 0.4297049126214
42.274049475938 12.871182727588
43.635261449348 12.740224002761
43.828818642941 13.382276111481
40.788999976178 -73.569208218181
45.617110663821 8.8650169909048
34.487126689205 -83.712144249358
42.011001381118 12.954377934336
43.483385659535 13.381696516381
43.747836891 12.838115957511
43.339390517392 13.750000774299
50.466865465262 9.4505093607355
46.874136435741 8.6541758438825
43.223781983959 13.482123478561
43.49694321842 13.203729917411
42.991063347569 11.945726414207
43.486050649793 13.168608984078
42.063888923781 13.171492005334
42.841433473344 11.925159598687
41.845408941102 13.680258776399
42.010935729861 13.809439298629
42.394365112968 12.324019017801
42.64745861231 12.571069884401
42.367345069727 13.784904805864
42.600629592149 12.44076809496
43.814243134977 13.140765892894
42.881250665954 13.13850684426
26.484619678672 -81.025089642786
43.676090315786 12.526913759565
45.44294591129 2.4149289477686
41.995054831747 12.207997592284
43.153198111895 13.645379399271
43.350138748249 12.937695487394
43.752065760455 11.876182624568
41.885890321308 11.93984548514
42.081343197323 12.906826342434
43.504792360379 13.533043465846
50.63294384332 8.7449615536001
42.854824242135 12.176545528798
46.718599882777 14.181159867989
33.249181883805 -111.70152861984
43.021543695622 12.03967570564
42.671511589418 12.268699403998
41.892185111967 13.168146719324
43.251194626231 13.433630805686
43.65168934767 13.595288391989
43.595475638118 12.992390310409
42.879637784755 13.120133800509
42.612895713494 13.54470526082
42.643355238106 13.745464738361
42.23579364609 12.933067345982
41.935088540418 12.133266686079
43.49135532907 13.768252948678
42.705018926761 12.938426168162
42.305279381736 13.454456125619
52.752012825223 5.1940266235937
43.771052829836 12.941575644066
43.351461939698 11.894686485147
42.510434824766 12.06575302552
42.097881971459 13.564405907229
43.023264677761 12.181474166562
42.228301412088 13.598507412078
42.570012799285 12.252800192823
42.256427696581 12.283751902324
43.561913768112 12.260977987343
42.268040529598 13.484689993099
43.247287526397 13.435247374922
47.383144485297 -114.3555680339
43.672528038136 12.793177175726
43.610698540535 13.143084540585
42.095161441546 -83.629079104436
42.921041220876 12.618659654476
50.762575133127 9.3886215739831
51.645135245586 8.864321678348
43.525840791208 12.394113385789
43.040095415006 12.487417000128
43.346954515386 12.967047160031
43.341873768897 12.829181061068
41.876476781872 13.623015216863
43.840002916679 24.950433209515
42.174921352053 12.318207911851
51.239942042734 8.7330184554369
42.834766336195 13.515131024905
45.330620831498 2.2979493109965
43.814733772939 12.445348305856
43.236573820134 13.590703384316
43.411264538512 13.762591818258
43.17702118178 13.243171298545
42.843165639736 12.792362437042
47.905369773632 -122.21960282055
42.282312734205 12.732028843731
42.567028707644 13.443104201689
42.042246157344 13.009924768496
42.441972298774 13.677588723936
43.588452578817 12.098895049255
43.161730855334 12.193543756957
43.171887342919 13.832627934347
43.608925985011 12.586367218584
43.337413906764 13.170695738967
46.069490042641 10.347921314136
41.348695222436 -73.581390676872
41.989898609014 13.759084025772
43.671039508058 12.969071107923
43.04902560827 11.921417565535
51.424214359105 9.7174849136348
46.263329108602 12.131979278108
34.415720004356 -83.795168176105
42.262745596146 12.536634090627
43.58410579042 13.432849826979
43.497220705982 12.094915569825
51.65798376019 9.4976798610285
52.757425077992 -7.1861416501572
41.976390069826 13.729697383835
43.295938374168 13.773302140095
43.13994108801 13.522586868875
