44.237657367248 10.748561451725
44.326336944374 10.028316695817
44.610272088584 11.244454997335
45.933231125115 8.4670182726658
41.892122722667 13.601002140737
42.82572015462 13.544352473966
43.028311179985 12.209248205765
45.432481276657 10.380035303847
43.735058859354 13.16726555592
43.793195567484 13.272381961959
42.909727033672 13.200216614755
42.833453882895 12.72429242114
43.822932418374 13.632069460432
40.917835044868 -73.678464649348
41.838434122216 -82.984587449315
35.804311379821 -115.32516411307
43.050569279164 13.565179335703
43.424036366152 12.955490788445
43.224850571374 12.688228075268
42.522051770504 12.705656010541
43.548810335618 12.617418316501
41.872985329441 12.148746789989
44.225877210559 10.78770947216
45.140131351466 12.743580446643
43.330393967394 12.617409061483
43.791996020282 12.788777139426
43.818874208193 13.700669055221
43.737791158158 12.952227389439
42.238590174952 11.920226438886
-37.026620944974 145.98976879396
42.780084735632 12.886111962111
