43.470227198915 12.941755732981
42.217048640485 13.058890728794
43.121486217792 12.204018244636
42.032477851062 11.907290929441
50.666708294846 -1.0331474515345
52.515448607977 6.1350694347103
51.353948724621 9.1205357555861
46.829330608635 2.1774643036432
42.473077383134 13.228049473964
51.153315611721 9.5963914220205
43.690898761496 13.528959315072
42.589212152471 13.34193398449
51.273093297273 9.1475430797541
43.611896418807 13.106210936863
50.305214965392 8.3477643115203
26.9644677485 -79.267295624995
42.819593809482 12.253895910596
43.352718444726 12.32403286424
46.018562615392 8.5950365325413
43.056297018406 -71.079447455016
41.980591430806 12.425907264683
51.057045486317 9.951599684987
41.962451667994 13.257914825949
42.14416311597 11.921704887397
43.759330715893 12.886833889378
41.591746618467 -73.571464447236
43.723497833018 13.37418953116
26.399601621722 -80.218621126288
41.666931469533 -73.525776799856
46.242562030089 2.8474344922451
41.975244348878 13.539787228492
42.205164549523 13.612473566857
50.721886673347 9.1965131015501
51.189645489533 -0.7523635820776
42.269841890929 13.494263697667
45.974293542548 1.03040038656
43.569110404986 12.468073321745
43.379318305955 11.900235416342
50.533707124197 -0.8294384162591
43.399947869799 12.716604927444
42.236322814264 12.645222785273
43.648000398974 12.893743119174
43.398594029454 12.104962961818
43.549864085277 11.253531525635
42.265120957657 13.295758211213
42.235080715865 12.590658737643
42.538693787802 12.980900968437
42.364491466158 13.163677934189
43.608140828858 12.900266707384
40.64786841952 -73.960312241336
46.024008747201 1.1561016827617
42.683969330475 13.307345481244
52.023985874152 0.14351361898404
25.167541311649 -80.951530305921
43.601845685228 12.030584500672
43.355804839358 13.434699855037
42.552976297959 13.367992735195
26.167189072878 -79.686002076733
42.022445441255 13.217541074503
42.51411853943 12.282559569146
42.493541044434 12.259785884668
50.066135054019 9.1482577292008
43.535788540533 13.240069673529
42.524734612354 13.54138526534
42.998805163449 13.08923810913
43.470764253529 13.577425856899
43.499843631659 13.155580561236
45.391602454889 2.0461109518288
42.481535524841 12.123340105716
25.943766334517 -80.337023240015
45.614585814515 7.1295941404926
42.838226087803 13.711965595725
43.471934487353 13.668221345969
42.313380809202 13.71382016072
43.227764402643 13.191587913892
50.079818359613 9.9934519357017
50.512498851173 9.4027329056536
43.122930957548 11.981725723495
43.630999500247 11.873919534925
47.279558762107 8.9362611085811
52.03665875296 0.74027225963319
50.614184836212 9.4590757179349
42.918652105128 12.982084262663
42.935967096584 13.505089575681
51.90356506752 -1.0654597394985
42.037351332036 -70.729353774014
42.266020877897 13.101753101287
42.034389629531 13.660096055691
42.859816814729 11.990177792513
42.7726536695 13.142314906319
42.935016592024 12.17390373825
43.688101036816 13.553225578553
51.564809630422 8.0088632209268
43.607131219307 12.475562254209
43.469401870162 12.669793452003
43.339077350397 13.825180943995
51.124342786206 8.5050803630171
41.208259685202 11.817309369991
51.704996936352 8.85986579529
38.73198943107 -96.19308852134
44.974825493535 11.557155184379
26.031571721656 -79.741327918755
42.023908922481 12.67271084465
41.858741184652 12.86393411593
42.21525424405 12.027980233111
53.402709518514 5.7330954666171
42.556729057153 13.780262628023
43.131844739978 12.070456030367
42.389111557712 11.995059715137
43.274951792471 12.783719832929
42.391322428098 12.157908144967
43.433814768902 13.707197610639
39.53688956862 -90.177280586661
50.546850605191 9.1328355163023
46.200370552577 2.731526538139
43.595476849769 13.253715058928
42.806283788221 12.683897018306
42.378063996985 13.138680154078
43.253578618774 12.345858262568
41.886640981739 11.932003701561
50.995395678559 9.8455121255692
42.932050635096 12.595586685296
50.319493639897 9.5160883904975
50.596238654384 9.6393132366423
42.128173880825 12.923545305603
41.60103299186 -74.870045601927
40.061455807363 -74.480451713206
41.834001647718 11.947104995601
43.192852407339 12.041664612054
43.780629888561 12.989831759611
42.215521482872 13.285844497071
42.339564761792 12.480332701246
42.228903629013 13.222453474192
42.311772931999 13.227121818006
42.983750597122 11.949180154593
43.718321053667 12.32854966697
34.078581251886 -119.17631474919
41.897062064587 11.904327373928
42.489624933123 12.742126307351
42.645094705601 13.231687280013
50.316626374757 9.9504900630333
42.063367201532 13.79394972736
42.040052168111 12.001722567737
42.888134198698 13.76419307888
45.084110321982 2.8546972120435
47.577790120886 8.2669027020535
43.05463462281 13.523956306078
43.351771328783 12.13594186035
41.895345197031 13.352578132133
42.158818374949 11.850963657208
52.385809735342 0.42731043897444
40.935660074996 13.361120390713
41.889751053876 -71.982967900356
42.908675347899 12.999526612947
43.715946104732 12.620277070285
43.519959617204 13.181130163943
42.25976650757 12.749325506293
42.813882904062 12.823236220921
43.19534460932 13.000179452377
43.008819054372 12.245426552505
44.422831351505 8.5071233488908
45.178205242626 6.8326840057446
26.319204621614 -79.70496718739
42.039504495489 12.041407203342
51.598500604089 9.1665921933793
43.192845966312 12.47235020833
42.037256904916 12.334736955995
51.804879107422 8.7161650530604
42.521622034519 11.926330301432
42.204030720633 12.456070188666
42.553110830764 13.180233657465
43.305175401899 12.184859553925
42.366520671831 13.785815492659
43.798594058884 12.19177475117
43.236337146387 12.551333744357
51.476217125299 8.9532260633787
42.659541552283 13.617965441972
26.124817704823 -80.871276806324
44.611334037539 11.253233329772
43.09794051719 13.82214618049
51.056521529824 8.7891655479507
43.255907777837 13.10714765878
43.595751740802 13.166962885397
42.006199917314 13.637878350766
-37.027393079841 146.00097256729
43.570595974855 12.749440831502
45.806064999106 1.3327567499749
53.061537257657 5.070513498653
42.52086744251 12.360626792258
43.318191719876 13.143388316123
47.959635144546 7.5950882563345
41.859579113268 13.769513353153
43.671035308259 12.036840155293
41.910798696315 13.294582041604
45.219480120677 8.8137403654953
51.334121246978 9.4362348618155
41.947214264419 13.626869622465
43.762360901482 13.315635423344
50.872149279514 -0.73400006342865
50.243221589943 8.1813337440516
50.703638696672 0.32147731222747
45.362685249356 2.8795535526609
43.372348573719 12.748960408752
51.272604604844 9.6319361406527
42.496827611021 13.691843445756
42.253335927752 12.114006222765
43.768429915334 12.152013571559
41.912527719027 13.173392634475
43.101335133494 12.907788649645
51.146065805175 8.3127012184415
42.634543940741 12.503969057253
42.847555582827 13.142071066511
42.683452932038 13.667878920079
42.469878612326 11.858156369023
25.094113666125 -80.404339811297
51.562570087641 6.6637098840036
42.842691900156 12.498054310932
51.495557716347 9.3190103104892
46.889010715247 2.1529715471682
41.95704728365 12.595532935411
43.6070676137 13.181479694427
43.077702409645 13.35396709172
41.883513247095 13.356947003585
43.375863862189 13.91205269788
42.731173957594 12.575242909892
47.956364056075 7.1255188352082
43.813936222279 12.899978613455
40.870451130355 -86.789356426028
43.690197659999 13.708979811405
34.10074139745 -112.35673061729
42.051168507941 13.803353241109
62.838926527108 14.362321994436
42.185805422827 13.746366979457
43.468324325752 13.371203168024
53.212535106909 5.0047009821305
42.280661651085 12.616592110908
44.963687962766 8.4738325709332
43.08960797318 12.288563212535
50.826771867846 8.2361346740444
25.516749873981 -79.945287352212
43.748449441415 13.169226580399
42.389305981544 11.915440826193
47.958043990637 7.1918043280914
43.449572471666 11.947470436335
42.695295642941 12.709836151802
42.571189530015 12.558815855348
46.573628363932 2.9352418416809
51.104044519879 9.6598903325665
43.597966627517 12.843234050036
43.582086176745 8.4072361910051
50.382020648747 8.8778828130466
50.68959492547 -0.3488580018556
42.119000908995 12.241215574223
35.553632834289 -107.01166254248
43.790262109523 13.004471314628
42.533832334252 13.283034504544
43.492603797716 12.406841205178
45.722340491031 8.841552144029
41.959302282429 11.93687475239
42.804831319884 13.337665314964
52.709395532827 -7.7746847727218
43.762198135633 12.991781225445
42.686729017986 13.473905988745
46.4237936468 8.646069935591
43.294455249952 12.891132977761
42.071513384169 13.82495753461
51.079762820657 9.6260940170037
50.649467726075 9.3595450415088
43.405737554399 12.117560541333
42.142616445752 13.799785443975
45.206770751023 -73.702134897
46.880092123933 8.149036300438
42.562277340613 12.638319399992
43.370804432508 13.244476665412
43.037012851835 13.379971122567
42.052248642825 13.433034420702
41.996421039124 13.689666867133
42.480039289931 12.871854227463
43.779247744393 12.194965192694
41.871896460614 12.655673556356
41.847631272344 13.109368566961
42.500819433735 12.089852540817
43.538116638355 13.251856416602
42.567500666535 13.737914187267
51.897709522349 9.8551182187419
51.311652999982 8.2284660210034
42.004279902228 12.289111958041
42.178096181817 12.146300264258
46.583247855577 8.7670952848937
42.632110935951 11.87004269283
46.693805947292 1.2811316411389
43.626286691367 12.930975685351
41.984900301802 12.833287254851
41.941207792138 12.286491516666
42.490984238934 13.677096221932
43.805511894566 13.831675049791
43.452896272064 12.602497627329
42.117875064333 11.990074832474
43.668426132162 12.704465783085
42.814775419822 12.43487206636
41.990061094069 11.914083921797
50.902708396736 8.1423728964954
43.37437886904 12.572673712213
43.295600990458 13.225809924431
41.838695535382 12.033864154052
42.379901956965 12.935794746494
42.561899135638 12.093705189945
50.347875091875 9.8017358415768
42.362827981081 13.525026283958
43.145718608606 12.575070620803
42.184739592592 12.25922817006
43.495623671702 12.750820313485
43.692971906503 13.680973157625
43.258955673456 13.181107853645
43.32772064366 13.262021860716
26.48389139606 -80.086321565638
42.35206794897 13.274885909315
41.962286581754 13.034567341246
43.167206385272 12.510967852807
33.291937473992 -96.221948265359
42.891005346056 13.829134500993
51.983840035966 0.50554946688728
42.342945465533 12.611478817024
43.728031337621 12.450643579706
42.285426288997 11.897192801322
53.403063246004 5.4723150021035
42.348015344885 12.043745141052
43.386207404282 13.531694705401
43.141725163528 11.967820498167
43.617962894339 13.29267877356
46.995276063213 7.7797719630319
42.253942410601 13.158862659803
43.214804014312 13.270598343255
43.231503443456 13.676079323385
42.711845250687 13.387702262231
50.821488926104 8.9519790205881
50.991392860884 -0.3950928545115
51.591412654888 9.9511290834989
42.572130160694 13.222650618417
38.604233488566 -74.82557345719
46.53987823871 1.0908280346034
42.524082393651 13.182054440131
51.315864679551 8.9936139080644
42.255681230827 13.482610720456
46.123913969902 1.4972744893736
43.348017194957 13.643377433852
41.996792894342 11.8722682227
43.423148982445 12.644781931159
41.888604657228 13.011970303979
43.438749806249 12.055986470124
42.785218912299 -87.115395254524
43.45898223459 12.84392842459
42.506463011984 12.260951338944
43.625443957127 13.366581285098
42.038084049282 12.145522111184
26.869575910192 -79.921389599569
26.708218804408 -80.743343767866
25.352105946427 -79.513142147616
43.163557201721 12.54309463994
43.177304634928 13.741729713411
44.914460934915 11.959151231572
46.016854748394 11.000627024006
46.487665868847 10.518508064243
34.064580591737 -119.09455654707
-38.891024161545 145.94746985952
43.199797378967 13.214851443777
43.49146443677 12.673820590469
43.750805604177 13.831966923958
50.225892293372 9.1825233270333
42.171364727997 12.052230341871
45.666346235278 -73.352871161722
45.030537651167 -72.700715136247
41.891307385609 13.139631137804
30.637280158827 -96.091657812028
52.392282177178 0.046708216861225
39.833394991181 -73.294399665285
42.662151158185 13.540961358038
50.680592650399 8.3889958362044
42.654067836096 12.96085652849
25.882904914602 -81.081919262965
51.447928220475 0.75718078093938
41.886777930861 12.99725454582
26.036220857408 -80.337039528847
42.249842724435 13.029515188688
34.511895146173 -118.36029745312
18.548888065505 -65.334980537854
43.453436540672 13.573586260722
42.735942082843 11.942339004477
42.210216981478 12.028546609019
47.627867131786 7.6097324069635
51.275458926929 9.9735163738828
50.535394908877 0.17169139164579
42.469202501008 12.145115356515
43.386695734426 13.710902469119
43.092398511776 12.203976101358
42.264121634098 13.466784878407
43.147505373318 12.89844853894
52.271284107478 -0.43959141548238
42.559048219865 11.951045223976
46.711401661724 8.4656197966382
42.785572691742 12.548940542431
43.644505362813 11.982512423782
8.7147336735924 -80.583290871039
43.426302140798 12.453811973566
51.759552345499 9.9234171225333
42.125608982598 12.477552447711
43.503732231236 13.289178852148
26.631404009925 -80.544862457149
43.110323277374 12.578153075009
42.918537587376 12.115064845495
41.90472936721 12.121984380375
42.107935953491 12.179999617033
43.185527855172 12.927778947154
50.87728344364 8.1856883187712
43.752023789006 12.771641332571
42.398230977563 12.388186794907
43.18386300757 13.686862490481
42.797690513005 13.538998343788
42.952870345674 12.666159180324
42.866475721899 12.679092923773
33.907083924996 -118.06029184241
43.348073839859 13.426078321166
41.960145198277 12.865593471523
43.242767712235 11.862148105124
42.511284460107 12.020167707496
43.628313405287 12.216466227202
43.575583755328 13.448149123459
42.79067836508 11.896368067219
43.375433141561 12.987029424883
43.405889363704 12.920276436007
51.609015034795 9.5985404092812
43.230272215454 12.426958310172
42.612552775842 12.723203339972
39.190093504208 -82.969928676244
42.582627801983 12.280946095626
40.341512702251 -73.442195360886
53.574449198588 -8.408997656968
50.167405378151 9.122741835249
43.744150313916 12.608074302158
52.023752442339 5.3141575430353
46.238876322512 7.5015208570969
42.427859234844 12.741065942583
43.194036842901 12.3114063327
52.348205922566 -0.31023272938105
43.507282021247 13.106577633019
42.055337902205 13.120429044666
42.358967450636 13.823830881095
41.939798791886 13.077161016465
51.336991377332 8.7773530207469
42.471363568453 12.209984086573
43.083769782506 13.013752680299
42.752670523151 12.283559092008
33.93998873693 -118.70751064455
43.548339539018 12.004289125581
33.548243945566 -119.38614684247
43.537978487826 13.147021254614
42.958398206161 11.898489535294
43.758364523669 13.497895820319
50.384163879968 8.6508522954075
42.294753642911 13.15005161017
33.153266583215 -85.282939576117
43.107278750349 12.107753842209
42.494444565167 12.503968917555
43.179377753858 13.527627419947
42.425490546259 13.823237664005
42.267198977206 13.206178085996
45.358368115434 -72.724084750758
42.902608717302 12.655624675425
40.110895970574 -75.066907179239
47.530891101377 12.77162488425
42.607737052093 13.708583384638
42.814489542441 12.15058857817
52.192262580941 -1.0545849032535
43.629985685309 12.500913217452
42.695618199529 13.703983899089
42.049915121913 13.333901879088
42.57624823955 12.872442010752
25.225902701816 -80.732097034027
42.33907220903 12.516462055296
61.153384367075 15.717651451341
33.497757039544 -112.06708103748
43.506643877156 12.471044914572
42.807526257752 13.09252178396
43.556022413821 13.635141176488
26.62168649751 -79.493328976484
41.815819139546 -70.400442353213
42.941440078424 12.253711239574
43.295650557308 13.634131035618
44.819775482719 8.5116320429214
42.620999979631 12.94971277518
42.177671794418 13.456590832445
51.094232558782 8.4940568150459
47.149759005359 8.3288498014812
29.144807113153 -95.510366708571
43.284706469313 12.013856693198
42.033509567882 12.373011987851
43.282750162914 13.515614677947
52.642000109955 6.1674917630933
41.867503240664 12.756424889342
44.103021080535 12.951362324881
42.281715897995 12.275116900131
43.306910614647 12.531852359686
42.395082094912 13.689412432133
42.111738768014 13.507409402427
43.510250697171 12.089194451987
43.602127434522 12.837807098349
42.104885345395 11.898423488226
42.385565319765 13.118691109663
43.597679595297 12.321364033207
42.484157348764 13.177770509954
52.927582362633 -7.8527661067679
42.337703571367 12.251810195528
43.366409016499 13.013019115225
43.542327201267 13.059092562229
41.467341913113 -74.493683375695
43.330527371902 12.145710654646
42.373954645088 13.339201170664
42.613724038777 13.15408937456
42.023041514712 12.447073890591
43.258874274001 12.849589275613
42.648539944409 13.541557979112
42.839161171058 13.58742897242
42.570960018139 13.532039631427
50.799518154841 9.1313549667277
43.661999318147 12.593692352827
42.925869333544 13.375980619072
37.578017220159 -122.31158937438
43.059749123689 12.233366339131
42.322726216339 12.160643950201
25.786818363587 -79.793944163427
43.742189130181 12.471995942535
42.911952359116 12.107515415248
43.556563827024 13.464508320442
40.391365254166 -73.457843906591
42.047375773588 12.282555713471
50.616885950843 -1.0609413619018
41.965859220834 12.920979951493
39.91161268918 -112.05265719851
42.918355864921 12.210736563548
39.833787063044 -73.465378893803
50.677655403585 -0.76612803799851
41.903788746776 13.53591780671
42.21050101484 13.24341094973
43.47580115242 12.845846941178
43.506340115122 12.939442382653
43.802536602527 13.471953196692
42.073126637898 13.576353976327
45.101855970501 1.629378757267
41.914626808818 13.261974607272
42.321896939244 13.75981090069
42.244489091583 13.802213279925
42.234849291518 13.725892653116
41.941035904449 13.397694617716
43.006896580594 12.504557639616
40.753489809613 -75.378394857822
52.063736638317 6.4710497133066
46.869140076856 1.374298972252
42.220617693507 12.748790170436
42.499669973061 13.766813881608
51.520380184896 -0.36051672831932
43.752067702728 13.434531720579
41.856190068601 13.005520689325
52.612209160399 5.2262710558606
51.507017797328 -0.17767934188604
43.732481301659 12.915454849117
43.027790780679 12.132849813056
41.721592339709 -74.132061104483
42.646819929449 12.470826455167
42.746841734178 12.667217595369
42.707023209777 13.594522937033
41.97631752818 12.717190097441
42.260849841082 12.652711082109
43.560951081387 12.433446914646
42.92926527838 13.73893266068
50.021110947719 8.2136525210057
41.92372982901 12.29992964647
45.746631437329 2.82928030604
43.447796747784 13.673167278393
42.065283725555 13.193137745484
42.320594220127 11.999888998012
42.558395555058 13.369424991968
42.663898531212 12.910154593156
43.83047935128 12.28280623645
34.252753002158 -84.506565371423
45.239515237156 2.7450433796016
45.447000235481 9.1037756239059
43.018087576639 13.55637502838
43.53300679176 13.062771552758
43.397920328864 13.819725242846
41.996681719572 12.915099805668
42.611638891816 12.10554518092
43.311052941883 12.614401772925
41.218819305853 -75.125871624903
42.464689004007 13.710646173337
43.76063195607 12.63688115202
43.032903440799 13.474151011798
42.889462019286 13.215563037554
43.549893822798 13.360037346559
43.585477431598 12.55036478983
42.252208630693 13.070095737518
42.610696363568 13.462675028717
41.882071816329 12.871716979387
43.116562056896 12.779316503938
25.435287878103 -80.923589459394
42.499661667992 13.743265414978
42.079620843346 13.275351751279
43.410967847079 11.890345718682
43.570710071184 13.30601000709
43.35508508021 12.376437180872
42.606781712105 12.057231222793
42.793293123058 13.359139832856
43.066471013758 12.662389301093
41.890525081631 12.015955165057
43.551069448048 12.271256042792
51.5553863426 5.6670501939566
