12.067049181607 42.200332579317
12.040531168732 42.090330208715
12.004632640188 42.125555680679
12.076273662095 42.245374518582
12.107700435516 42.199329967724
12.001416854582 42.169380649558
12.009174774426 42.144172844565
12.022078723212 42.179034238786
12.015350763714 42.247645977555
12.090962601423 42.154403334111
12.065024369913 42.243299781013
12.034525380507 42.089797641679
12.071219141184 42.196000295338
11.983832031502 42.137608233924
12.0311151571 42.097707711692
12.023269718079 42.099191377938
12.095726132458 42.125312895128
12.095092434501 42.155060074851
11.971013593961 42.206109286869
12.008868717614 42.168856862101
11.985436541974 42.120323034546
12.043614812237 42.065104890666
12.094717394626 42.198672433963
11.997143314705 42.222763585051
12.006177867321 42.121432133562
12.066224214673 42.138752362776
11.991563886887 42.179792598926
12.040991993661 42.184675072892
12.074730524849 42.105384724285
12.025115497909 42.150468415672
12.007674567426 42.230988493318
11.98488795945 42.189817763974
12.046832519161 42.134780000513
12.039937661069 42.252400411897
12.131682073314 42.173861467381
12.034504360091 42.189044599065
11.971318504781 42.145476725041
12.02969317747 42.143104365183
12.02332423258 42.150170708166
12.10036886723 42.126559726508
12.065679356042 42.216162780421
11.976383447191 42.246264366103
12.117089364753 42.185153851393
12.077461729349 42.156182410289
11.997987282482 42.086393537992
12.05045257746 42.237404340544
12.117063195683 42.178631727688
12.032136693167 42.205985633773
12.115614796598 42.164407899235
12.06849727459 42.236578537282
12.05636014375 42.134065941525
12.046102679843 42.173869581064
12.014568234822 42.112587737459
12.037190413606 42.072590434979
11.989305024517 42.100265964002
12.082214749477 42.146014953121
12.0096870987 42.0990188495
12.028973514249 42.114166127126
11.974292446403 42.110147420855
11.988471497797 42.147663341459
12.047016087497 42.096696150555
12.010106703292 42.121374627653
12.097099023937 42.197530323287
11.98238655507 42.10542358046
11.976023685663 42.145411767154
12.031289293466 42.167247687565
12.064092765613 42.198262213843
11.998160783222 42.218481355004
11.978333109535 42.198239068148
12.007801141615 42.155161396694
12.060557330076 42.147968292326
12.017149313382 42.079858792073
11.988227028415 42.096558074533
12.002455443166 42.112455683368
12.106968561724 42.151438975333
12.093816499756 42.244546934631
12.122517142523 42.156114018616
11.977697210397 42.147153753411
12.008583637911 42.190863115823
12.084715438136 42.105966669112
12.076148253456 42.216764072078
12.031406367233 42.190395722741
11.985672450173 42.219004901715
12.097285551085 42.206751247985
12.112087810485 42.154457877017
12.082287251077 42.109056217668
12.042429223232 42.079659921641
12.10198273796 42.183066355171
12.037117179521 42.248294777839
12.106504182402 42.165832331968
12.034818768073 42.219501253341
12.027241713867 42.082835955605
12.035350234285 42.177897364005
12.011414904174 42.210640544191
12.07729910832 42.215033962978
12.096852067458 42.165522506559
11.994281955082 42.189912335125
11.9949509646 42.193084319233
12.132624233224 42.164807852921
12.057302479214 42.174403875703
12.090727190085 42.2273415794
12.063653504061 42.202523298677
12.006476873556 42.205932630809
11.991329262981 42.195757657867
11.993874035794 42.099735659149
12.083837553453 42.174742985154
11.977980160165 42.175765686771
12.027980233111 42.21525424405
12.077758687606 42.226826061621
11.981976651599 42.138702106748
12.023556034578 42.104198262631
12.027243231923 42.138582503509
12.062409684112 42.152321944571
11.972320281443 42.110965301355
12.075853350629 42.154115900024
11.999761971666 42.189633004477
12.110259596331 42.159276323954
12.069385542122 42.187121478483
11.985177929993 42.132690649097
12.002210416853 42.249487572487
12.032978617157 42.239961722067
12.027788935729 42.208773308086
12.037890079004 42.146303059622
12.007030386968 42.194812194556
12.095311376797 42.225806443147
12.086876193123 42.116503825952
12.046479182826 42.104231348796
12.018257085729 42.158614920547
12.026761646882 42.251203099869
11.988887165689 42.142018715938
12.100611691897 42.221561678344
11.992213108594 42.125021697567
12.039978113531 42.24097659685
12.072357010151 42.097765897467
12.029705985018 42.067415117804
12.114582433905 42.198428370172
12.066038114536 42.231101862749
11.985235418207 42.219252020709
12.019700937003 42.094310171501
12.087573371424 42.209313900794
12.050565999046 42.071221033631
12.019633236837 42.166484445432
12.011320151415 42.252570738223
11.990001860557 42.149832568688
12.064256715639 42.218889387447
12.066399979457 42.114717393257
12.104868021654 42.160307147755
12.005536319712 42.138995399784
12.075670093354 42.197487692927
12.019052194461 42.209621931079
12.048370631921 42.10252892
12.000177745263 42.163330239807
12.054088885942 42.243521711923
12.009763669248 42.236021259931
12.043134304736 42.205025337287
11.982272008447 42.156673249417
12.113770656827 42.19789753074
12.02399052124 42.231340520678
12.020883811203 42.090490608539
11.966908884706 42.128057913935
11.98822087377 42.250913251329
12.024929530486 42.07591232244
11.999934148064 42.113578741047
12.016966676834 42.072405477109
12.068353980367 42.091045036044
11.987373548575 42.153561638761
12.057597001131 42.161714417025
12.118892916555 42.207191640629
12.003523657587 42.186405295148
11.986254244126 42.209602056655
12.00238815837 42.107858767339
11.999577379341 42.220788431478
12.125967993946 42.186171682194
11.999155833872 42.225318662017
11.99941924589 42.186765592188
12.099714473423 42.187718079534
12.020899944969 42.210567493576
12.06800205778 42.198302065136
12.029751089902 42.208434173955
11.970976289369 42.241105698182
11.973522026566 42.19890305551
12.004038043343 42.081984418969
12.08734600485 42.203441520803
12.049623916435 42.144462969242
12.012798963142 42.122402055733
12.061814831154 42.185235160976
12.101816726451 42.22170606268
12.014046082766 42.201750660896
11.984529733672 42.255790967169
12.092527373758 42.211583423548
12.059019686237 42.123819610183
12.047890843401 42.176827486242
12.093598944665 42.144987365785
12.062360783623 42.184802854075
12.029336639715 42.068611689896
11.993084844685 42.14333819793
12.089064743432 42.135480076159
12.045087289107 42.168563190481
12.001479352846 42.127039293839
12.065562045719 42.129113135941
12.052945065358 42.086389045758
12.090901543915 42.188302916583
12.104012435837 42.233641646467
12.068066666421 42.245728609753
12.102622868562 42.217761756043
12.010359384145 42.087521190817
11.974701420879 42.245208047
12.010880781364 42.154687974695
12.031244541088 42.186412722446
12.048736988611 42.077473039796
12.121861284211 42.181897251041
12.036349965763 42.252331081916
12.014758374104 42.217644849914
12.031522734126 42.144640917512
12.024938905644 42.137981417208
12.033571510147 42.061454266359
12.039576740044 42.188722995684
12.107168073371 42.195763195046
12.042301639955 42.136835862036
12.098463253185 42.20931913669
12.053148370748 42.208678641475
12.086091135224 42.158513223382
12.076411345565 42.117383432185
12.081934347808 42.11281563023
12.044153108303 42.212959473142
12.063306667427 42.183664927831
12.006854683185 42.233357224743
12.048134393102 42.138945197307
12.081642510894 42.13821508744
12.054021197883 42.18117126507
11.98078008137 42.167178888438
12.052594052208 42.165693009836
12.00405083273 42.208082252766
12.065263186633 42.178850647632
12.036181160752 42.176116942531
12.00975210781 42.081396937429
12.042191689409 42.197354987377
12.064562068372 42.248104517019
12.012130097978 42.130666093051
12.027145165984 42.224489173512
12.061582938352 42.240143012388
12.10157251458 42.155517311395
12.043969112956 42.149472898429
12.090561640046 42.215442890888
12.001974105391 42.093052174495
12.024146990883 42.136779796882
12.055467598653 42.17368012025
12.067008979205 42.202534276642
12.065155940647 42.111693684085
12.001727870687 42.118224464899
12.006237856136 42.115772327949
12.002803829055 42.225016129329
12.028812272974 42.150065845901
11.990252941398 42.124707616945
11.987022048809 42.178186111256
12.066573477402 42.124003222757
12.000939263052 42.140308728994
12.076529565324 42.176480011652
12.026122797779 42.208352637595
12.080683597888 42.139417918485
11.999943756985 42.116747457609
12.037855510173 42.09157890926
12.071871093994 42.18017218645
12.063954071658 42.246201150255
12.018029705651 42.225866267584
11.986956362627 42.103459716378
12.017542756657 42.24580450649
11.990074832474 42.117875064333
11.982267504571 42.199869380912
12.02540196016 42.228312315547
11.99922354894 42.141421654814
12.076038201862 42.16927798242
11.978408828854 42.254902616749
12.001320589821 42.088301935295
12.077830894442 42.234257643707
12.063955557118 42.202591177191
12.01316181899 42.226455823645
12.069386436657 42.170891146742
12.007270767844 42.212342403018
12.07074302906 42.190580762101
11.978110855456 42.232870169579
12.084194353376 42.105488821934
11.970537419438 42.124778699209
12.088011955904 42.112704509011
12.045282679652 42.079955830763
12.110726554951 42.178251104999
12.072225838489 42.102922543952
12.025831414885 42.18907506542
12.014170146109 42.101204120622
12.066528446559 42.23723683566
11.983211560654 42.199097957576
12.046475681614 42.106598979799
12.041351222473 42.204615386319
12.045626733029 42.10090097559
12.089085001561 42.198424192725
12.111013212314 42.165100466092
12.10228648323 42.226871336471
11.987495862894 42.178970916301
12.02500518275 42.185328170764
12.024927190538 42.229247781576
12.110674621144 42.222040906207
12.056890844881 42.131851138629
12.078188393788 42.239767687528
12.033857432231 42.064247247348
11.988924699386 42.176785280566
12.058956445243 42.187965952434
12.000884022119 42.160812645781
12.039699948898 42.197901941483
12.131858528674 42.169051077782
11.983806572868 42.165898029325
12.052230341871 42.171364727997
12.000311350471 42.11870471582
12.024172206907 42.111850752568
12.014637204381 42.16678312291
12.060751669624 42.198679963706
12.085725710323 42.138031938664
12.018215981342 42.182908316249
12.113160952999 42.163979794462
12.023144979062 42.168790605019
12.06194137554 42.132853530896
11.984164777691 42.178909919795
12.064314201059 42.182648771549
12.101925440201 42.134173798924
12.05290242196 42.13392098722
12.037433759348 42.070163057705
12.064067531894 42.112112003917
12.092636013002 42.182664826153
12.059023282074 42.169977537456
12.022009625597 42.163081092391
12.000764870572 42.147253231235
12.048895428467 42.245447176178
12.028546609019 42.210216981478
11.981195250538 42.241379492118
12.012972554685 42.245554466867
11.971144743271 42.218536740292
12.069365740807 42.202302320044
12.071573622113 42.201096497591
12.066882820386 42.201590183306
12.06248009303 42.136674563019
12.044442357071 42.098652251132
12.001076154432 42.197954183092
12.099349868551 42.209620129436
11.987147496097 42.238890718335
11.973041272265 42.15798127195
11.986910194639 42.236284412109
12.083248311714 42.168314453779
12.068539240916 42.096698288872
12.088312069482 42.201059389974
12.078476090042 42.221822738306
12.062301370831 42.174805751638
12.051635774829 42.104347999743
12.041181316174 42.057284502826
12.06716733012 42.127978477242
12.032592798619 42.200639926477
12.127080261322 42.166192052053
12.09597857955 42.150359836498
12.017071959592 42.184032549257
12.036537034941 42.085137583842
12.054331715265 42.209860309612
12.050868632317 42.239834985363
11.97238082393 42.1072326876
12.027143517077 42.084182877154
12.035457078405 42.248701790485
12.007551340876 42.110730293279
12.029228594189 42.192952633481
11.988094689806 42.14475127039
12.096442815914 42.185931452192
12.084919691612 42.232397360391
12.088472410167 42.248652363333
12.015820065076 42.236087286976
12.026469981331 42.14179112445
12.028203246218 42.208496416571
11.975561028356 42.180096760031
11.991681249364 42.225812676955
12.06022739229 42.209797720078
12.025698422953 42.188736848176
12.019990643982 42.119528901374
12.075623520706 42.211157864079
12.052762689114 42.186654233947
12.020525978443 42.097276721682
12.13179831215 42.16634890121
12.006602737611 42.251267041683
12.008275046504 42.147010795862
12.020297247016 42.102633442333
12.074562722873 42.115084101521
11.988699516297 42.140666140796
12.07153273519 42.116811254603
12.062766530136 42.109300575291
12.013852645205 42.128947291139
11.973284860616 42.15219314359
12.030474658625 42.227417288475
11.97686004174 42.122160409655
11.967094737576 42.167732519197
11.980234130297 42.229012189095
12.02355870468 42.128630994434
11.966013336094 42.15553551782
11.980333164439 42.214820924736
12.067301550001 42.099790205781
11.999163043706 42.115847435389
12.061994766401 42.130300216924
12.000171959887 42.214681432703
12.098481051225 42.145113249398
12.082816551499 42.20877834235
11.995662685968 42.15737305591
12.022854112586 42.180747057882
12.050147815652 42.18080956965
12.014272674015 42.130071506451
11.988230837059 42.162800717264
11.983522304347 42.174747990547
11.971444648698 42.158143551649
11.973512280741 42.178436950885
11.997853648869 42.215865522279
12.033790022172 42.220694557887
12.020006660402 42.081922310929
12.077292351109 42.218427166465
12.031882098446 42.120477625246
12.067539178819 42.157362715435
12.089082810625 42.23453231914
12.045743601439 42.098102928672
12.000410115833 42.107562252857
11.968657110824 42.112272665444
11.990955873875 42.128210971678
12.030450191384 42.163278985866
12.092231015273 42.169099758013
12.093406685693 42.207489061287
12.011543655794 42.17182904818
12.099849930101 42.186542946488
12.058611345526 42.177676484558
12.072882041856 42.243184769195
12.026838076334 42.186705140971
12.041302851907 42.195206593834
12.048918854023 42.191577801591
12.037659973876 42.107349253796
11.97495743121 42.217056394677
11.967682552064 42.10947909679
11.989354767387 42.092584289209
11.975248372192 42.146486275453
11.97595102341 42.121256220698
12.055978294509 42.222101070577
11.974888271196 42.125192193859
12.028509704896 42.180164936104
11.985668135356 42.23846885482
12.046641489534 42.230156201066
12.096738717585 42.1502901596
12.040533673524 42.182312012756
12.005712516164 42.087867500788
12.017685994535 42.248164592913
12.014349149568 42.091806341492
12.08789176826 42.226741392292
12.030523943284 42.080209661799
12.033686833493 42.149157125593
12.024229247155 42.175826793174
12.002504063792 42.112642358131
11.996136941966 42.248005552354
11.993523757923 42.163096003331
12.017129059444 42.201117656774
12.089056750822 42.173261134987
12.055574014364 42.081513128302
12.074071359411 42.107882072289
12.115297849365 42.19407826161
12.062224265704 42.208356397344
11.991732081881 42.110906131638
12.105903740577 42.220503196244
11.996842525453 42.103461390896
12.099957484354 42.136185865468
12.092471623857 42.194991948661
12.097826033897 42.134294722778
12.067541560211 42.158923404386
11.991019717434 42.215026602736
12.053670486947 42.210223544974
12.067645695579 42.173200938487
12.040589996653 42.060444592082
12.094417283842 42.233119540512
12.021777488788 42.159948701134
12.029573100188 42.107819755167
12.105904755719 42.171891992081
12.114110606797 42.196990350374
12.050589859065 42.113060717079
11.981189288211 42.181938142621
12.058180586949 42.242652895994
12.085868500234 42.117806694081
12.078967188543 42.249969618532
12.019147737447 42.23352053821
11.981009268214 42.178546132158
12.062831564391 42.196896550824
12.068058078696 42.126686328636
12.040807263034 42.137132118075
12.065027273777 42.208832134611
12.065809207554 42.187067034762
12.011299037401 42.237951113974
12.015099261915 42.103938144235
12.090258949965 42.216521859757
12.067651846964 42.208910109594
11.975477621435 42.233764573596
12.028739109204 42.082953541134
12.019397029218 42.24085624995
12.101913254777 42.220438932192
11.968046801171 42.11745730376
12.100211092339 42.185458617858
12.107168824949 42.229497835634
12.06056034989 42.20978312765
12.037057795134 42.153451215103
12.047002075749 42.244728780487
11.992018633539 42.11841363188
12.083821816896 42.179681991332
12.00893853421 42.119188128116
