43.448797787304 13.560943253155
42.228305126202 12.213490817816
43.380560723332 12.924313509357
43.551250969337 13.666691197414
25.473181250243 -80.192937413596
42.021429826536 12.428514069632
42.361028905681 13.796450584587
45.150629062276 1.8729635020126
42.275566987031 -87.623121844263
45.690938893096 2.1289152848203
42.162603695508 12.218529675279
41.863211233592 13.67655749606
51.520136788264 8.2210717835562
46.960404247958 1.9172928416716
50.857113158729 8.9332767058785
42.71221490845 13.21918942
41.936502249437 11.940432922908
46.031031579285 8.6062355123932
45.44091664464 8.2579797885162
43.581891083916 13.661702673746
33.603066632845 -85.263521038491
53.719749812838 -8.5989970027464
43.573762313751 12.381377481588
41.916271919367 13.250208598699
42.605531009683 13.08764434612
42.763677301728 12.802751170866
