42.588276114144 12.665199157181
42.538048906523 12.685957628643
42.574645945304 12.688451212851
42.583264464339 12.638726771662
42.582808520006 12.64960878887
42.550082877555 12.649721166908
42.568335853803 12.66014777669
42.549822815971 12.688874547712
42.556437600684 12.647814140512
42.545257166303 12.662054347669
42.557791344171 12.676312241108
42.593930807728 12.643300932687
42.568587621028 12.669911989809
42.559769071455 12.683233243752
42.549767908452 12.67366122255
42.556670930982 12.681932401251
42.550200186947 12.649310193348
42.561842679794 12.715346288756
42.581190102094 12.646934722872
42.546966346256 12.695015398199
42.588253659025 12.649979317419
42.56626697891 12.709651206972
42.557443965041 12.67019753238
42.559576431571 12.684118509167
42.547853521347 12.699759029665
42.584348739884 12.643057761103
42.593489749654 12.654194310633
42.53657713513 12.695063396702
42.554945289437 12.656622701651
42.582862981422 12.651621072878
42.565727250004 12.65246377685
42.565481228573 12.687467462259
42.584506435147 12.651936868065
42.600457301664 12.642995216738
42.575122965323 12.676807722879
42.599384920972 12.639924556336
42.535006055879 12.692394176841
42.54607649827 12.663367824959
42.600758623633 12.641098049323
42.539133288238 12.680904314726
42.56363244709 12.677923395635
42.547389062863 12.673722637221
