42.091640817531 13.074424220305
50.107964751827 9.844562811239
37.792770145747 -122.99636993387
43.443320549321 13.39776043987
51.853348415509 -0.78479984025228
43.79533266455 12.368531765609
50.317221343199 8.9083536383269
41.891011770319 13.142140275886
50.885218768793 8.1342180399849
42.91746876713 12.380207363248
45.613547889801 2.0549071613024
51.057045586899 9.3637619239109
42.799838424122 13.811258022607
43.186594120335 12.221522076645
42.781235375826 12.155771826953
51.60582698514 5.771588433544
42.938136546399 13.381682670874
46.185510362119 7.7316972067262
42.075691174772 13.384175328738
42.215576515654 12.886966161398
43.137144261125 12.51489132762
42.818872560684 12.319974604698
42.495445775586 13.000486859142
42.101805879337 11.95704055112
42.237526257188 12.484917492387
50.273806909227 9.1382611622746
42.438389582319 12.26615068005
41.984941573828 12.158988171818
33.341505914276 -118.58316605072
42.841071214008 13.445305577708
43.798844765333 12.841508071817
50.719088815022 9.9235920351574
50.894492152098 8.3923900473827
51.66043731275 9.3680458308049
33.051580789097 -83.486896374862
43.710301970949 12.715957123209
43.036534879395 12.995785027296
43.581015079574 12.549641191305
42.865042996085 13.556505514123
42.112050007636 13.017494696687
50.33852192589 8.3077740060667
43.020122852207 13.529305916081
42.125847923649 12.41048004546
42.809175598833 12.606649505278
43.765876079821 12.474282901045
43.255970800901 13.562932743043
42.224615233145 12.75331119066
43.602681282278 13.120731029271
43.107803022095 13.350693963652
42.377227481651 12.650686097655
43.734089750228 13.825622558068
34.014996049041 -84.929978272286
41.859642031558 12.909730601103
42.110358869264 13.750391928384
42.629625598283 13.173266353187
43.242994263902 12.623611844456
43.782898408746 11.872672110292
43.2179554893 12.952464163302
42.260896292658 13.593370484486
43.508308308922 12.973226730255
42.01861948616 12.831023958454
51.890485359538 -0.29624972837336
52.797704160352 6.5737953078113
42.364551182561 13.75772645455
43.764457163778 13.529603845242
50.935663009498 8.5880683947299
53.627049001691 -8.8879853132591
42.362104501765 13.524952795622
42.168439725513 13.419123201847
43.752000564149 12.218824972987
42.000344866442 12.075742242448
43.691513827879 12.107860724513
42.54078678814 13.189138489419
26.646220863615 -79.318761755205
51.077263534105 8.9650588575588
43.276129031238 13.696622693791
41.937357690177 12.776452385737
42.257212515596 13.436240639296
42.615928166388 13.658413257777
43.777190395082 12.453667430905
43.31690534873 12.532983443038
45.25993626626 9.1557666795565
42.081448532234 12.265140582486
41.866968123667 13.217108770861
42.71584558988 12.088601074709
43.421003556562 13.311253067738
42.013804848799 13.723103028149
43.528461397427 11.999939995839
43.337729524068 12.419243221387
51.430297587034 -0.58834990519022
52.114386388852 0.043304076852889
42.030868776178 13.587801832069
43.63729556868 12.375621074541
42.251806206208 13.026609061785
43.76889483296 12.429718069953
41.887178402828 13.57868690585
42.426261864356 13.551721840443
43.674009920433 12.944311008784
43.181220907823 12.763598223593
43.479493513482 13.456303727115
50.055198262937 9.9325052546023
41.845708324057 12.261094228041
52.413228985813 -0.29156930577083
43.711672320849 12.879741738981
42.993461143709 13.782638445416
42.590176909526 13.352458972669
43.24584150747 12.787949175496
41.95709258644 13.154271980375
42.75491682291 12.367480606498
43.053086412185 13.342062797112
43.809611703202 12.369834139671
53.187137575674 4.9641173850811
42.829583836661 12.99779772388
40.965901894691 -79.038827307783
43.248951104607 12.562446646675
43.25619193134 12.228060559031
41.946570219934 12.413394267884
43.251508316163 13.075386720766
42.105441212259 12.529196807916
53.405505679969 6.1702834732925
53.26888312994 6.3316579617474
42.255856641243 12.284942716979
43.392860783002 12.32408439618
43.831372173446 12.119305792807
51.598259993642 8.3293058976202
34.272013954193 -117.58448069506
32.909780517218 -84.403351536581
