44.785771283477 9.3926610359422
42.981014173024 13.639192851579
40.177043233592 16.959257362673
42.246318576993 13.455534289824
47.872718367201 7.9181146770334
42.787814446647 12.824049779619
43.138814190023 13.732969347284
41.861307317347 12.77484449829
41.843867382449 12.821751339765
43.334978941074 12.035456496328
51.199784481525 9.1652008882562
42.788117127415 12.649418413962
42.030836315861 13.823937715902
42.365219783695 12.180467384972
42.804949616478 13.477965425012
42.714299938995 13.696671011272
43.664360719598 12.130835398648
43.013919021496 12.762054934077
26.647883906314 -80.380887858557
42.940910983359 12.513968632351
45.962881203048 9.2384998345461
25.444937565554 -81.058054442354
43.119652215934 12.335704435306
42.222750864116 13.01875318031
43.119226590341 13.635625795313
44.899298306764 7.7783762134045
42.968632998883 13.390598522702
43.800905482306 12.285105838594
43.799444856981 12.879096924292
42.368006493623 12.761360383037
43.155405191798 13.090632343728
45.476001834975 7.5089141256217
43.148223485888 12.741233299387
43.180702672445 13.235501670409
42.874813885856 13.077538434473
43.426477086019 12.907491108846
43.494959627995 13.00451840416
43.827344141375 13.185329996157
43.108300061968 13.812691157152
42.043377802748 12.474042872674
47.416404758774 7.0805484578389
42.045412206599 12.208234356369
43.190924100222 12.074667768609
42.024813745669 12.838512686027
42.392091871443 11.858288904141
45.746322750252 9.3617675843936
45.089509598743 9.1571973323157
45.066825893529 7.5642924588473
43.90937206593 11.500718455721
42.549056726785 12.455181783764
43.445597948269 12.433736904282
25.96410131032 -80.983541245374
26.960659226833 -79.373618088181
51.028779396801 8.722656064072
43.048601929608 13.009404891662
42.711070550492 12.648426630392
42.946924737185 11.904336576792
42.550769950075 12.630757281406
50.131962127579 8.8465490498797
43.703683995525 13.694778927015
42.695789334709 12.415136595937
