9.7103431633256 50.665727333476
9.8601073417161 50.791904271018
9.7376523649961 50.795906430947
9.7354480944273 50.760265414491
9.821653525262 50.825936799788
9.7688288315054 50.800675489381
9.7545600653414 50.697144068171
9.7035086856706 50.674354811513
9.8131130211116 50.704693320535
9.8040660274234 50.753478593078
9.8245080592225 50.798341040406
9.7728835315317 50.755398584416
9.7565771703406 50.802260155697
9.8364273611626 50.82998278962
9.8197508849296 50.707595348222
9.7753056235496 50.651023889264
9.7142733092021 50.758786361087
9.7799481068644 50.701955933916
9.6968241942566 50.739555033734
9.7570044294731 50.676725925261
9.7680049374551 50.706292501514
9.6932631720292 50.723316920792
9.7431343625035 50.729576615956
9.7862630895275 50.819475409025
9.7708674924312 50.80132426126
9.7442124643103 50.746526865636
9.7247508925967 50.653939560826
9.7212817863195 50.697916295239
9.7646521384663 50.749133108067
9.7679868032075 50.75259244477
9.7162223834154 50.656630030208
9.7270774150859 50.740082354164
9.7515878117418 50.802280642466
9.7884162002189 50.795176083592
9.7817490868185 50.719147648997
9.7379423932815 50.648459137254
9.8517732628862 50.752818474897
9.7222387970994 50.640138957016
9.7979300929224 50.680525096916
9.8380819656132 50.756166566515
9.7493680695767 50.782645470827
9.8029294981635 50.771691183453
9.746032785506 50.666960032502
9.7673871235514 50.641636974451
9.7233597090111 50.71076922664
9.8543178629383 50.775430034741
9.7723955510987 50.736527401831
9.7339099681628 50.65489060695
