13.196418358126 42.795993459337
13.215976066543 42.769259810827
13.223551456942 42.761178076177
13.229253909213 42.81395932001
13.231225399895 42.784323519948
13.248441445568 42.775806112716
13.189972110202 42.787183919378
13.190875667723 42.802764321607
13.231141491456 42.773612464694
13.212169793554 42.814416138856
13.222874536769 42.791044034453
13.220076813952 42.824426729171
13.179921087914 42.779859702487
13.188145966378 42.786092726435
13.198182457706 42.799420325944
13.256200495782 42.800087594821
13.232518718707 42.799844083304
13.198723252976 42.805187914451
13.226583385501 42.789791237952
13.193803166151 42.801264699943
13.234727888964 42.815066333795
13.206098237192 42.825200067773
13.231467160525 42.7897451454
13.253234850382 42.791390039882
13.22614281125 42.815330618927
13.258947253834 42.797759096996
13.228346787055 42.806581317844
13.217302497133 42.771292711057
13.217833842739 42.780515727972
13.179521004774 42.784728737934
13.234133839737 42.789448043254
13.213111984664 42.785514226104
13.203787973732 42.780024615966
13.241576223302 42.769981792576
13.227929389697 42.815366961928
13.242518633272 42.788257524759
13.2268618747 42.814552366668
13.220815482208 42.809235773447
13.215332106343 42.791212760767
13.227346997369 42.772723108911
13.231930258347 42.795983440634
13.211342401922 42.780987850775
13.251803480693 42.796339747888
13.197963312847 42.773310788823
13.217162444378 42.779387034394
13.228005190973 42.823178446325
13.201331991351 42.785374160777
13.216157473745 42.794681000914
13.223011056086 42.753196583967
13.198074265031 42.809317391298
13.205985722249 42.809771813385
13.19207171548 42.795212767944
13.232042091562 42.775096647823
13.226629002612 42.801741138029
13.226049923464 42.803073760983
13.193801649492 42.795610254091
13.221820164131 42.81681384978
13.223410045387 42.825305659264
13.203360232175 42.776035356718
13.24562208694 42.773124057249
13.246016307404 42.781092150056
13.243663216144 42.793315932545
13.212760892817 42.831799576933
13.229841323232 42.807164285729
13.201927875749 42.817220320861
13.223763950294 42.804552548961
13.24560186001 42.798112646604
13.204196208738 42.813223351193
13.200992845113 42.791761906276
13.232651104814 42.760403491466
13.233531583696 42.807534403099
13.245661993181 42.792336430791
13.20103678631 42.797770648656
13.198952219563 42.808044019552
13.242400027945 42.794028380811
13.194146969467 42.771097437393
13.195347361844 42.80645530338
13.243361109536 42.813755238363
13.227693447039 42.761940008405
13.196953662784 42.794800172485
13.241977777 42.79699999692
