42.634131788127 13.075076365899
42.993041554018 12.586421412244
42.284216638342 13.139355642341
42.938489304736 9.4641306327466
43.721374795198 11.929197122797
43.19295333756 12.752235733344
41.924618665115 12.49996358461
43.77140712357 13.15230649067
42.079252732976 13.343794593769
42.548238197152 12.09347727715
41.980307789997 13.74897977188
43.399235916997 12.761661531314
42.553152235969 13.234725331552
41.993805644121 13.044453146909
42.083002723813 13.748214997721
43.62825686935 12.219324689016
41.983226311872 12.110976183394
43.544714856702 12.04415497188
42.891893235006 12.185292644068
43.154253493044 11.051539271465
43.537793902071 11.25996690663
43.779794729699 12.384425127613
43.687742180532 13.535246505207
42.798492269825 11.368365878595
44.410668618914 11.50935112599
43.140191268262 13.251569090084
43.268424674949 10.914254038578
43.016710458869 11.62839385745
43.168793949864 12.807522788575
43.503945371909 10.253959438765
43.580103419547 11.942823178595
41.847493925548 13.179981393844
43.707849675674 12.434295106437
44.642106085456 10.284838517678
42.89717693112 12.856679801318
25.227989535868 -79.535474853183
42.06913548527 13.408572824883
43.568626226212 13.678700210864
42.901656761275 12.995296368394
42.303577895439 13.220081474756
42.422258149119 12.656210784661
50.721102865749 8.5569552870267
42.714419263303 12.133527310648
42.462373393358 12.261493930736
42.371681816604 13.130913201336
42.98632393872 12.640503296017
43.422199916312 12.33694767085
42.064922004058 12.103472736268
44.32039784895 10.496979278627
42.618859207101 12.463439138377
43.421801160307 13.627833996747
41.909213001353 12.873807711023
43.712550816064 11.034657230966
43.136500623627 12.177200600143
42.95459018182 12.522454261578
43.573822615025 12.763964094133
41.982734886477 13.06650936795
45.343523816831 2.3031797247488
42.589762429071 11.84429267649
43.443759300508 13.748664600679
43.529766731698 12.376821682519
42.635754954433 13.001822825222
50.697957715345 8.4334357601746
50.280828711242 8.1343962108411
40.501707246125 -105.34663980179
43.581731952087 12.858747145116
41.870874218604 12.589327846949
51.68209423855 9.8760026632231
50.008021840829 8.4857266282131
43.278574894799 13.615030843606
40.872130741923 -75.322591016351
43.399940040635 12.261436978498
43.226028420157 13.106616919
42.071215153726 12.122915115286
42.433506484366 11.956086461433
45.908021868445 10.861562000265
42.663282594973 13.652522805006
42.658177323501 13.482839162242
43.676677027588 11.964591624685
42.838022505326 11.848820534208
42.221384463956 12.422266987836
43.670610872896 12.521523430742
47.36690901402 12.729322299955
40.905204387084 -79.613834724359
42.680960832502 12.561790406987
44.626299624579 9.4068380242478
43.466898318153 12.147085717969
44.313170538502 10.815526722728
42.868387705606 12.45535847242
42.542796145467 13.477957862207
42.22496482044 13.154982725717
42.997415234871 10.668379616653
43.183505803919 12.170106462769
51.799830982368 9.9024173072085
43.255598051148 12.983506630188
43.831982112432 13.214488923205
46.452472862067 2.3780962342294
43.05731002153 13.443509349827
43.660427880802 12.748920654782
42.703042636974 12.888195172853
43.571020832107 12.091521498345
41.910935989095 13.482352639328
43.583082965868 11.853868849528
42.102407964946 12.239438232633
43.226521832529 12.777355522766
42.696448229133 12.885063408841
43.758080642579 12.550489898117
42.817603464226 10.982072441714
41.895867498564 13.097111960008
42.549168541373 12.308870720842
42.620227517404 12.2570259335
42.686130759647 13.647222921575
44.16591161395 10.445795303255
43.413403414403 13.262628797585
42.629985905101 13.415077213878
43.155648191087 13.37538360917
43.090774868264 10.357434139171
43.497402313884 12.357539734991
43.309983696023 12.105082653533
43.68959484563 13.569943685837
42.305282912846 12.663191364011
