16.30769096492 39.057383683791
16.159367536034 38.673748702378
16.787199608647 38.615241931826
15.198820498629 39.055198565405
17.108021828534 38.326761183155
15.393022986542 38.653971575759
16.109872104882 39.257907822636
15.564384264899 38.6665992491
15.959027869373 39.126777416408
15.455781654432 38.390589565474
15.870440753813 38.424684826736
16.56781240835 39.04309658687
14.987695444856 37.813878488386
17.099939838795 38.764289778801
15.952718182328 38.326580926043
16.251472328672 38.769897409396
15.957128647925 39.180484252854
16.224767776541 38.754595983913
15.229271170089 38.845396010387
16.753108913194 39.05106647387
16.544394430257 39.073330874843
16.891244894937 38.648708722439
16.151930287316 38.677201833214
15.521520196864 36.891171318058
15.658509024025 39.445794073861
15.215140182276 36.965812540599
14.978051563736 37.711025859307
16.556645262545 39.169669170265
14.766279848908 37.540875464601
16.778032668993 38.927618401345
16.217265491706 38.587273486952
15.210487254293 38.639039318163
15.790128804972 37.70609245552
16.150389501432 39.211814727968
15.294355684328 38.777790228987
14.809378725039 38.302035044556
15.442053338949 39.009441605096
15.535959234292 36.596595282132
16.663514250498 38.679019180231
15.548601438777 39.349041427436
15.441756100925 38.335359225904
15.577531346738 38.677198921692
15.844332487946 38.404492629203
16.123297718642 38.461793137252
17.039541751654 38.030265991029
14.906607213713 37.347014772634
15.237872835918 37.654779328662
15.757084081533 39.040834923082
15.350109853244 38.636434704616
16.1569345359 38.463281097826
15.773648464712 38.476975850306
15.851411020079 39.438469771288
15.303379971326 37.486206534547
16.030791101528 38.417165406962
