41.983226311872 12.110976183394
41.965539987204 12.146496289033
41.934199896166 12.126801462924
41.972626173064 12.163015317059
41.960010348822 12.167551513395
41.970118002507 12.159280630855
41.942173607176 12.129821189761
41.954007150139 12.124963298985
41.944205771195 12.167251704825
41.958837895656 12.167657733994
41.954654845875 12.139096239202
41.951096654402 12.116923779325
41.976442531693 12.115652613417
41.960378150924 12.157978605108
41.983934784787 12.174141993383
41.912302529885 12.134239211762
41.95465104375 12.133056050249
41.983151802806 12.144108759793
41.990306387206 12.153979580476
41.948354761113 12.127375044009
41.957819154953 12.133941073054
41.969075319829 12.110186589023
41.969899268362 12.177131717662
41.968289566233 12.167238327308
41.930693620805 12.121091296508
41.941439684474 12.131919991307
41.94907568814 12.168684742979
41.994769397676 12.147688416388
41.947511356321 12.148565717597
41.951621620914 12.16315149479
41.947761477434 12.172248844624
41.949010121168 12.121963032599
41.985546005438 12.128762518602
41.997563224771 12.152135394605
41.992756527401 12.115434037131
41.974128003241 12.115012362208
41.943652858952 12.143744153524
41.957332549618 12.170700591624
41.944310488174 12.121973763763
41.975841990682 12.144098202786
41.950484523082 12.169822485286
41.941445338068 12.132205837489
41.96428887279 12.134092804384
41.982100801089 12.172429540296
41.957706429997 12.123876316086
41.941330425435 12.157612383926
41.932523919259 12.132748384577
41.990537515392 12.145897712182
41.961218688174 12.127088545902
41.972502285623 12.125971363937
41.945908812336 12.137551663994
41.974545406187 12.11601909956
41.984941573828 12.158988171818
41.956689951477 12.100734454648
41.971336859752 12.162838453058
41.995710188076 12.150283275729
41.959173422309 12.142450834712
41.984066205113 12.163325122189
41.97887492181 12.11969862886
41.96798835742 12.132818013512
41.954896024428 12.111095864864
41.959647555838 12.129111477721
41.965621718211 12.132920024999
41.990414545422 12.172956017413
41.983223936534 12.136718865103
41.933651490593 12.126007561186
41.95732706925 12.1024719347
41.997442559359 12.159707220367
41.940035862376 12.135071610184
41.923659177948 12.123636989002
41.959010824097 12.172200368353
41.972700972118 12.143265137537
41.977753237832 12.158694946302
41.935192868104 12.122397857331
41.942352883046 12.125954003619
41.959195682781 12.174875230631
41.951520585453 12.146182495724
41.93640088196 12.137020977764
41.957089788281 12.101759067339
41.946439811025 12.124286986035
41.974835955547 12.118931028137
41.957582114731 12.13826467571
41.978472550411 12.158493152914
41.936701580874 12.137563274793
41.979947065481 12.170035124391
41.97471204401 12.176581707886
41.935088540418 12.133266686079
41.97517728108 12.133799875704
41.973241291949 12.121905721336
41.983392379726 12.169286104485
41.979581316479 12.129715955898
41.92408057068 12.140412537002
41.944302590093 12.109549067521
41.969182635664 12.177304274972
41.989772903284 12.150068938357
41.972861757976 12.168444150693
41.932465407987 12.146592619452
41.968705535407 12.163395371851
41.958411667032 12.130952319212
41.97345813225 12.139870256272
41.94681253051 12.153756869584
41.93729377444 12.162727431025
41.963593476922 12.169816827967
41.99249122992 12.143697536173
41.931155147951 12.11675132772
41.937181226435 12.13702216846
41.98791097013 12.11877434429
41.995077537857 12.122085241213
41.997332825811 12.148393495098
41.943301543122 12.117168482469
41.943462962745 12.165277158474
