42.229133096651 13.294287861017
48.039881905492 2.2093985656996
42.858325611289 13.613628761218
47.873764099893 2.9571944305218
42.454809381394 13.568286099291
42.183303836374 12.663944506882
51.571435338385 -1.1277417401959
47.381624292294 8.9902867823794
41.909515274667 13.14400370195
43.467719571904 13.377279426168
51.169911340424 9.1941418597447
42.014279496418 13.518724275084
43.048553750428 13.58369244711
43.359144043366 12.748433348161
41.954901715275 13.032195237501
42.712673063277 13.820191121597
51.952178458428 0.50691184466561
50.58703271164 -0.23847293963119
60.012901947374 100.79703981513
43.495377089614 13.579286447551
42.67631941788 12.810688161224
34.054658042937 -118.77179602645
42.054811750585 12.93032758449
29.350962165272 -94.569188464907
41.992156906071 13.735588790747
51.139469028748 0.7465288446455
42.145175354644 12.293285705307
43.011961311594 12.354077026434
50.027842698632 8.2288312787324
40.103628055443 -73.714453565085
42.383687440045 13.323148403865
43.041876389686 13.445244387486
40.99153946774 -73.92482574154
50.43883705765 8.1299833488325
43.005997580034 13.755168833211
40.310891091798 -105.6399849683
42.090215311914 12.538222512036
42.898317534916 13.19801574072
52.469944812809 -0.64450649393466
50.073531957377 9.0303441202409
41.899382088308 13.484194497359
43.338267639924 13.657646080806
45.339298779769 1.3005152755885
42.989526183826 13.00992819716
25.049033141701 -79.532972377317
42.550260077042 13.547743349612
43.108949429427 13.047483531336
43.401452935043 13.629665964597
52.180206232456 0.25554721137502
42.569824533823 11.91966727514
46.449258558196 1.90829701438
43.740060535625 12.749208508895
42.227343028072 13.361813896525
43.445060858266 12.06627892708
42.306547364384 13.74040035195
43.182779497107 11.867482579738
43.418054389052 12.18207837745
43.38572743136 13.061170747087
43.672886344473 12.121325899459
42.501342037947 11.844881006
43.054667504085 13.670252671333
42.503532047173 13.420241589875
43.581598735241 12.269822640025
42.268636675698 12.699819922328
43.604926227429 12.105373164709
52.166384704721 0.26595181559956
42.129814125213 12.184934606883
52.97809400781 -7.4014501848265
42.357121459396 13.658948393866
43.477173369155 12.556661530678
42.637467442398 13.304168584454
42.718976430019 11.936460906631
42.96667234507 12.449920210752
43.814290413102 12.625741719581
53.20247822768 -6.9098978534565
42.589701256545 13.546922326829
42.567555053445 13.781948006166
42.07828982087 12.486047017635
39.746447193112 -73.201680248072
42.160124831463 12.480151395558
43.807047700906 13.109968001095
42.333616903694 12.883499214858
43.549945090243 13.14436075659
42.161473508555 12.377514498505
42.807937172173 12.727544966514
43.722491493806 12.211753300976
44.183544089384 -80.259525489511
51.729396910281 9.8513543674961
43.144884602721 12.595164065547
34.11309005912 -112.6369567903
42.65002714549 13.046053623357
40.046086435459 -74.186568091032
43.44988567312 12.288854283436
42.222819778262 12.188189703148
42.52870282185 12.090611769415
43.171903574009 11.952828547451
51.797268143295 9.2970142296036
43.309565606227 13.542273097945
43.345504091769 13.194512563404
64.209137452398 25.058642191374
42.107385619615 12.481225014444
41.84608571366 13.183558600596
42.86534809317 12.931456823357
51.118735360968 8.3453833020038
43.599337399306 12.945568969935
38.698561947588 -78.089336510407
42.674241280518 13.224552364214
43.644540026639 12.309563046486
41.952118830754 13.030158639455
49.128963301416 1.9621339037583
42.917847358604 13.007371005627
43.336541514556 12.702025499543
42.76302742856 12.717920873204
43.516208916233 12.990423649566
42.521336767621 13.578512931067
43.505812657788 12.369014110609
42.550301641969 12.181826309407
43.44529744633 12.872805183249
41.884397113197 13.059725917459
50.325630220736 9.315615600122
50.961497399007 8.197280156518
51.664819695365 8.0116489580887
45.400346632768 1.7773478728614
45.946132258953 2.5654157682161
42.802966882419 -87.599162179981
45.418254194976 2.1288742619235
46.226543586341 2.9610230191429
42.206170414226 11.936463147393
45.747524753095 2.235724430641
43.074008487686 11.83775555011
43.804007822112 12.076031521019
42.993274946249 12.057777328465
43.330993406184 13.670800814273
43.134814732326 12.742301034642
42.631712346187 12.127214727538
43.763188608833 12.510993556378
41.708559568396 12.061124177611
43.23858156441 12.011614116401
42.407521994064 12.587782419581
42.895388243227 11.867904389702
42.568879485416 12.135537634688
46.780783835696 2.4035217479819
42.916879344248 12.755532067642
43.256489924761 12.462067373799
42.620689100896 13.497841669965
42.395895849187 12.418874666311
43.159054969532 12.701623198458
44.086306723199 11.50089216172
42.331815238752 12.030036620365
51.01083300659 0.1360537768463
43.341049051092 13.470047797782
34.53091435187 -112.76976645216
43.3190364844 13.21253902058
42.064428178645 12.646827095045
33.870889597791 -111.76608269465
34.444446568398 -111.67836781065
43.366265112726 11.907788555582
43.547755164836 12.246914781766
42.302736931642 13.67780535469
33.264102291718 -111.64196947294
33.651340658428 -112.70063609058
33.997424602786 -111.72288091422
34.129350029271 -111.02710436799
32.949121504812 -111.43045839129
43.327734272635 13.110005234906
42.962985235736 12.57720231806
50.525775301981 9.6549568305048
43.614393024081 13.302779683074
42.456551506883 13.23681391975
41.876952117738 13.005785588199
42.357945555077 13.026062211986
45.171395780598 1.8021003146666
46.891584041012 1.0106363911231
45.230965216286 2.0192736992702
46.00050739618 1.1375945024833
46.64999708843 2.4034027454459
45.032882357963 1.2532604757013
42.897714544992 12.197366514822
45.426837173489 1.8638496784791
45.026943837771 2.7167058054901
46.86556780332 1.2307226696195
42.384005110445 12.031828296407
41.843507721704 -88.16484870538
43.184994354486 13.188507931881
42.156176125259 12.954664838966
45.225737481017 2.8409560396527
42.6531165143 11.844531966322
42.318436346652 13.513890858069
43.759507815728 13.20688271022
42.741730387223 13.003220665757
42.887842629539 13.693525116769
50.829231145247 9.7679319240935
43.071931821814 12.546985543143
44.38052407742 7.5198134358366
41.904791441257 13.162842771135
43.012332185664 12.608861554253
41.985714140362 12.083314007208
50.613300514693 8.5997463919221
46.830032976787 12.988177448239
42.398122222369 12.928834041568
43.730599687796 13.571082172271
43.535743335532 12.94621009938
50.738188519486 9.1491621211866
43.156845679135 13.109843541475
47.335364604345 -113.36593499899
50.126128241013 9.7139592500003
52.896306058576 6.3265978137854
42.380869316136 12.753440409339
45.29402574538 2.36144437844
43.125674575647 12.890390294108
35.880064090694 -107.44612648651
42.3412867153 12.726360306969
43.454395605018 13.513601222336
42.493793009566 13.493489941367
40.557590450219 -74.405143549362
43.023918546768 13.29571618761
43.785854552794 13.319801295812
41.66005888032 -82.114754467066
48.733418112895 2.5805684622031
50.569331560549 9.6703584183335
46.379218991091 2.9339904193459
42.341896466625 12.383826401284
45.117628546021 1.8267262148795
42.11888598798 13.767658065917
42.51752564151 13.375684478982
41.878022440673 12.398399267552
42.144821735187 13.117327909992
42.755208286364 13.087529339889
42.587143733926 12.281201826095
42.686980582183 11.851982593954
30.373145869473 -95.93690667785
43.796263571289 12.255490244972
43.817806877132 12.573226980687
42.025039590928 13.142801038543
43.405500183557 13.161533479675
45.047908086445 10.46899562109
42.844218823542 13.231992021332
42.338132461711 12.158512636648
42.002433319133 12.269465715305
42.629753518698 13.822098908418
43.396442640313 12.288442924308
34.145602842707 -118.17391069965
42.489608561403 13.530029230088
42.078729710134 13.351294599658
41.94170429231 12.296192252236
50.710560006188 0.69272796324582
42.739279343181 13.279521908297
42.252814080239 12.107883490228
43.590949403418 13.718571912387
42.201166601035 13.107172576781
45.161178684354 9.5379767474407
44.350324196161 13.616399646952
42.243873995398 12.416188318497
42.543829545187 13.634670454394
42.305536279618 12.505257848907
46.251799079707 1.2618511590463
42.418701326691 13.311464534307
51.90185809224 8.8318433472104
43.114534378592 12.953366164117
43.479742634355 12.936817922621
53.468328539733 6.1248846153612
42.76288396018 12.451545116257
43.67550701635 13.486275618678
50.028065180885 8.9586369562701
43.53976662298 12.596949080304
43.008215110774 12.363598925252
43.55948478291 12.460717099954
42.426000398803 13.098999711286
43.5214519522 12.785851201895
52.958573766033 -7.2451615418518
42.266316437307 12.782821459616
50.735750595916 9.2167446418743
51.842935455657 -0.3576525372768
51.749610666069 8.4490974906129
43.014863779796 13.740632693183
51.932845211324 0.71713227667247
42.78176479732 12.62401870809
43.740283437905 13.294282073779
33.358485141316 -117.91914329932
42.511211940812 13.552330980356
45.7765428777 9.1708384419655
43.599934281616 12.241878060292
26.832084508983 -79.813333972546
43.333025373695 12.467315267079
43.395422420204 12.217712516087
41.935670475467 13.28564195164
43.47450225126 13.4172718257
43.311214211796 -83.510908015052
41.857129994269 12.398001588156
42.787779862449 13.022537825195
43.32873115054 13.444568574191
43.753368476778 12.758509252129
42.329450557183 12.014999985723
42.808659830063 12.971786806368
42.699107271966 13.098781105664
43.278886956314 12.397458377966
43.003684464865 12.694884403488
42.923606722601 11.880183974246
43.534006071081 11.928891653649
41.944832094009 13.806615550002
41.854201804465 -73.555475984624
42.181719344681 13.688236600595
42.388066832644 13.645373122622
43.611041766431 12.702933199586
42.882366753615 12.388227377754
51.791930579483 9.6303093827471
43.671815328168 12.718677300384
43.448335347927 12.78384375052
41.857015094674 13.560133797398
43.114234258029 12.343843259098
43.095138805984 13.751408150325
43.105548569537 12.363422361393
50.715385353759 -0.69607368381976
51.264418768121 -0.26471206563278
43.254901738977 13.029678178986
42.507950501774 12.309884343462
41.922114696804 13.238711281346
42.187660015297 12.389835325738
42.310951474289 11.96816183115
43.111862689795 12.995371256974
49.389620519823 2.3774282508169
42.336711753338 13.459747180112
43.020813508921 12.95669736853
42.431976001001 12.286249774662
42.393056523725 13.41483841625
33.106332093566 -84.933029063853
42.473264136593 12.668485342857
45.256828841873 2.9415711569328
42.153377995919 13.236736471896
41.911279537695 12.160516803714
51.152685022751 -0.80978739676987
47.922940198285 3.0252135723983
42.062369208833 13.029977881385
62.220417208141 15.75348844554
42.073411693386 12.210333439175
43.351246501597 12.45723663662
43.799435366804 12.527625433436
42.736671513776 12.126735773949
43.521583515483 13.252032886863
42.35210548546 12.521278523172
42.963948493362 12.139405127235
42.135182593102 12.48848736311
51.704695885863 9.8285618595912
43.487424380394 13.062049765655
41.889763520535 11.855714305258
33.930666985042 -118.35035396853
46.037395718525 8.0981499203938
50.516209616101 9.1558131255004
43.342824602215 13.715490681939
38.335437290397 -77.564002074768
44.436199333142 11.632059883926
42.646810851848 13.393415607716
45.108419059104 12.266884064845
43.978714009947 12.190561320675
44.55740191881 12.358814583746
43.761470864625 11.641305514398
43.914565522859 11.346449732895
45.084439622953 12.069060419206
43.53872100077 11.384159980474
41.92920807515 13.42417621029
43.463261427129 13.8219188982
42.00017179318 13.503652504435
51.097790139773 8.9179246108597
42.120833298734 13.677520786749
42.505453855056 12.406452452509
43.812743706562 13.72602047388
42.098123213343 13.703267094096
43.359970019853 11.834420856032
43.145126043907 13.230748072861
42.487405961162 12.084839762715
43.72707453732 11.853932589246
43.048659944951 12.758783715686
41.867084603716 12.180279572599
42.001194789562 12.320509996901
42.096047098814 13.67175592562
42.494905857621 13.462016275389
43.466401096206 13.626241924554
43.143440825487 11.928848494763
46.410658406751 2.7008206065282
43.346002868559 12.374140469087
42.914856038503 13.116981264745
50.034858236571 9.9448374500241
42.723083285041 12.835238100439
42.067766634334 12.917531654221
51.999529730296 5.8018635250869
43.391215372568 12.046185968952
43.74499985659 12.836920539328
42.811199188166 13.159350847921
41.853402133052 11.872727919797
30.384047149402 -99.317741072446
41.861492583485 11.873083985838
43.247093076488 13.148750127849
27.513942391237 -81.91170149584
41.990544254908 11.892305508227
42.872318097077 11.395983511187
42.311114898117 13.511689324657
43.693095030607 12.473677272219
25.446101536234 -80.15050947887
43.383720612353 13.362473288275
42.294226743439 12.456962092082
51.585988331859 8.0470358692329
42.458487617552 12.893557060016
43.101745521718 12.243045201659
46.245302087742 2.3150223671994
42.218072250608 12.132076545235
47.699038842087 7.0207566744745
46.34657229639 1.280833198354
47.462061666167 7.7960173151437
43.196453712062 12.593376917131
43.680493456184 13.319973509463
26.789478954278 -80.81183425449
42.866010091226 12.997214792782
52.381716899752 -7.3048281782795
41.03253798051 -74.791881256585
43.569408540434 13.083545247153
43.618009737536 13.336477035369
43.704042780096 13.455938626314
43.646627234151 13.818714931544
47.156161414066 8.3225997878809
42.424282638109 12.68781712406
42.226870266382 12.838150669766
47.054187773752 7.1166160186364
42.518663345167 13.251693095219
44.798200189438 8.6132926683469
43.700548765597 12.840190269465
43.048432188618 13.381022097276
42.374303368116 11.951570119242
43.587367689532 12.47003081139
42.556780950912 12.588985834566
49.819132771657 2.0037672694534
48.751909896548 2.3885594517615
42.437367666272 12.276256670859
47.102796111769 7.7317030549663
42.47895688914 13.305050152517
42.035274209492 11.951154253909
43.65209036013 12.510233270268
45.641388851517 1.53797434342
42.446474426189 13.115062497631
45.322880391182 2.1036876594199
43.082220900863 13.285906457031
43.482049991622 12.411079230931
43.709110814032 12.062649461025
41.96798835742 12.132818013512
43.648532681956 13.661698140067
28.943510705876 -95.613215978752
43.403157072351 12.426680787221
45.739310386935 2.3622699102211
43.733195805353 12.142085098749
35.764789921624 -106.44647691386
46.354076484849 2.2227040791058
42.72036036419 12.085915481267
42.095797127644 13.340271270548
51.169750618362 8.8103601777974
46.336314178482 13.150634112626
43.344320189389 13.075021707974
43.092711398442 13.20169526676
43.541844147996 12.20049996313
45.017848395285 1.9024163945124
43.09173803876 12.483477901914
43.095987991961 11.894742725855
42.112569932899 12.99936141914
43.753378538321 12.621520842736
43.655993503614 8.4241609263113
42.918295441644 13.375549555486
51.206151852015 9.7296198302552
51.22668089961 8.4390849002819
43.35575594306 12.225806329991
43.203607358154 13.034450795073
43.554518634733 12.403758864128
42.521972575955 12.205564290402
51.625066688343 5.6811577826418
42.34332428751 13.222937683234
42.241990235302 12.852449910202
42.180703642418 12.228714372625
51.865300439468 5.3486059441225
53.071402476901 6.6918013710258
43.601885957479 12.116514727083
42.858645292885 11.914495285582
43.491115735628 12.115715837647
42.326238810258 13.663998568761
43.214947638921 -82.698697977766
42.581241243811 11.916055334248
42.891826002364 12.742682542553
41.85065662111 12.703027523937
42.745062864288 13.714641385134
45.014075103688 2.5810063092881
45.113275433943 2.5912918930833
42.102921236375 12.714116732478
43.003273541596 13.319030871319
45.239440742854 8.7498183839022
43.685740906154 13.056992467075
42.49695036539 12.045702338727
37.760311891332 -121.42986534932
45.868425144753 1.0018758839005
43.061410424815 12.784244380812
42.588279669002 12.841926157888
51.097205091779 8.4957297102063
51.672787858487 9.8501628310653
43.229021427349 13.558413102573
25.248578483338 -80.700589869307
42.66015702286 12.253214626712
42.999172800707 12.151311801838
42.924186701406 13.443859398593
42.980066067551 12.35711594876
43.767652074254 12.004865704593
43.290648157865 13.605820114096
46.155216863451 2.152365672473
42.479080448637 13.8052686685
52.483666633395 -6.9895039115696
42.335695510442 12.741831758892
42.523365448028 12.091324484971
43.193127847853 13.752773223351
42.481571572612 12.726595844501
43.727076941995 12.592794617935
43.574760074085 12.782705611003
43.463097025411 12.260785046642
42.105488821934 12.084194353376
42.22460217833 13.575179403005
42.741407113516 13.824194355341
42.386639734931 13.427024051767
42.121559841636 13.290486081194
42.848211492362 12.315350935962
50.954257573678 0.6350925292471
34.054530713113 -119.12774014038
43.064079511496 11.859409617681
43.094241325343 13.683875122447
42.883565750871 12.339796073448
47.716069660017 7.4852680338012
50.418129792166 8.1564099267853
51.47747480193 8.4334974742651
42.274635882266 12.068950385374
51.04858199323 9.63454876404
42.556906323695 12.296914348072
46.482392954983 12.099787144104
50.62545216264 16.129298248621
41.606000318678 -74.631666618956
42.527409556123 12.532348762535
34.663518866081 -118.1141495722
52.638510015858 5.531618216439
42.258944040306 13.562515538934
42.329153715807 12.993105333316
43.705970464158 12.175218752688
50.504145808869 15.642608086179
41.404097669057 -87.370152866366
43.068774259237 12.844244241197
43.687341391916 13.670982927883
42.794611184783 13.545195990517
42.355521687027 11.909552580656
42.229247781576 12.024927190538
42.365934273885 13.691668419045
43.15482358085 13.393241529091
42.589528746267 13.430531208625
47.050752716779 -122.6557972494
50.064367498301 8.1101218048065
42.920318477771 12.657343111794
44.825411623288 8.3074977312737
43.424809567383 13.165821862971
45.426048852262 9.2795409800855
45.311339599251 10.086334074608
39.971881167004 -73.86675157443
43.697995509833 12.384132821778
42.509740027392 12.004349404038
42.830143478175 12.544886284317
42.727858839917 11.883867818363
52.416394423654 -0.13401259865798
43.638351782078 13.433583043273
42.952297291252 12.356692864281
41.896221692181 13.167005564185
42.329459031287 12.926931384938
42.762971071437 12.225573058366
42.671271903308 13.791289222816
45.378006349261 -74.452240161946
43.10750813184 12.51407903552
42.405840231781 12.368249450537
46.208171867888 9.7081546909679
42.660325868849 13.600631390068
42.720303823131 13.030458650121
43.029320762527 13.537389043524
45.319279809328 7.4759899302995
43.313097382131 11.846262439569
50.344946341284 8.64585385036
43.405084007629 13.762598499566
43.340381481399 13.554654695373
42.996186977737 12.238112512642
45.07072338109 13.007063864754
43.463266737996 12.656207328989
42.701370519468 11.969539879362
41.875932907649 12.03700730255
41.903969784244 12.734267552746
45.265178559471 1.6161649560631
42.222300764298 12.589507821777
43.199857174067 12.815910880389
43.442483934801 12.163622182891
42.451528850708 12.376153142853
42.643544252351 12.899568486467
42.90652900932 12.191703148762
50.196317727303 8.9031082205023
42.851795402307 13.205460670986
42.684166030367 13.03986348402
50.754193594099 8.2873517616127
42.092152852163 12.964111028709
42.130726622034 11.951521887442
50.657969581968 -1.1291246280256
45.674407881065 9.2064103032515
42.419943394356 12.728205495874
43.264286249554 12.674836175852
62.019097477207 15.629189225207
42.84269857122 12.087701371933
42.047293327326 13.412510610399
45.297173276216 2.8046441310107
42.483424946446 11.961806579031
40.462290259278 -75.26409281295
42.559285988381 12.994777722768
41.880955208524 12.727307886711
42.239834985363 12.050868632317
41.940262016368 12.040336796588
43.164941744045 12.605288750329
43.358850252071 13.149173670539
43.571299560189 12.306899372187
42.417928499851 11.901186058273
51.493045234351 19.341554823025
43.082054933592 12.026841225136
49.027597800365 3.113341442552
42.047661092176 12.721493429861
42.814603378465 12.009815844733
41.261056216707 -74.65459848658
42.656821137621 13.427036073744
42.340213123423 12.593502686191
42.302800056221 12.119817544783
42.016013294021 12.057544752072
44.721088496724 10.795113358528
49.139131391884 2.5911049508193
50.825179362123 9.2147803773241
43.825739809717 13.200747260938
45.354730489363 2.6892092170609
43.720111807699 12.637399484721
42.216052145819 13.137854426253
38.396450643191 11.740139006446
43.075692967568 13.702909022452
43.148814578165 12.802938101742
44.888768038451 7.7352845397244
41.873450555335 11.949058042371
50.842440845837 8.6956027688904
51.984822418534 8.1039254083782
42.027713883702 12.041105165186
52.678597809364 5.0789461100143
53.063011004386 5.0963219634007
43.648483580301 12.006972616097
42.298818355586 12.241622426215
45.766575869481 10.084016735102
43.672284792511 13.005181631097
42.290713783976 12.357840918658
42.676754007452 12.608379686556
42.555592975393 13.758137909138
56.552309480634 12.49221846531
51.192571446389 9.2690867610597
42.000344866442 12.075742242448
42.319275465498 12.457716398641
42.743086264836 13.13703950503
42.737438923112 12.270057923773
43.041935395024 12.99299337251
43.707917960711 13.065095995604
41.427314408928 12.520121520439
43.448025301794 13.524192554676
42.149213422625 25.289872376383
41.852254983456 13.161895948093
43.420114848979 13.415648657112
43.755771227088 13.40038366264
43.641331159829 12.760741935487
42.289179677765 13.342587521946
43.27573250575 13.060809567154
45.554058055442 8.1713934052369
42.77777588918 12.803938709595
42.19711690547 12.870116784198
42.485039485865 13.280356799404
42.104544846876 12.494666382922
51.770789480661 8.5235876201296
50.910374713554 9.1054675961404
43.41232874778 13.540556142379
51.183347880926 8.681896325984
43.614682839559 13.002137498021
42.539345782057 11.925154321347
41.738944085401 17.71220386485
43.553803866077 13.808779630276
42.376569002132 12.484455337995
42.07098258199 13.302746260235
46.748953025671 2.4157659837118
43.60802606058 13.702387578202
43.133274270305 13.531200158678
42.733554311459 13.040522709063
43.174347686218 12.918558395916
42.670984681564 11.841432919673
41.406106712005 -73.769839497223
43.303749210829 11.862436968324
42.540378953603 12.314925539009
42.521761467944 13.248828202157
43.189559601082 9.5743077855228
43.660072492764 13.593146362173
43.078607926668 12.165952105639
42.026406704016 13.532867559501
49.351967217963 2.5588400499448
48.095216715685 3.169476103836
49.005626063729 1.8888749757009
42.088407264153 12.79669626888
60.062531945325 100.82606330925
43.285060665258 12.42606135666
42.390487935597 12.985773909386
43.712373559716 13.503368744882
51.84953532943 0.085077997751109
49.932778279752 3.8431547669895
51.521013813336 8.345496308685
42.611400048554 12.795553093236
46.345681524065 8.414990235779
31.315768368922 35.612415512494
50.366793316494 8.4082099769303
46.877661999724 7.9097947887656
46.504527544372 2.7238475506771
42.948843940624 13.231508380862
42.295352994623 13.126008117185
43.119592540508 13.500269441654
45.893485564689 1.3634061349385
43.378406998433 12.947288220745
62.037943275197 14.890743803648
43.102710767718 13.527707360486
46.939300038358 7.2208490689382
42.632458944422 -83.349478077048
40.770611053107 -74.864440042
53.287147663435 5.9784484967722
52.509398710453 5.6746027171261
46.659305789815 7.1451164712874
50.194204859547 3.0658469675415
42.875818472319 12.777953304268
45.109919786223 11.09159919058
46.845333387072 8.9988551475102
50.492114957651 8.1991406600918
32.475365299182 -97.627913960706
51.588701113634 4.9103804138305
43.501818488607 12.303024550596
41.97923690594 12.989599340146
43.567499872117 12.141380759509
42.087593239794 13.603507952601
39.189744587784 -77.787019826332
42.304565923917 12.036955991798
40.506309260835 -74.838669527759
45.650023807143 2.2213891759614
46.60561285429 1.1869326574667
27.002834755446 -79.426954037518
42.277808151824 12.964316473347
43.073420045953 12.062960636852
43.650632381298 11.910519153325
41.029666581696 12.210002542969
43.52572517077 13.360455183035
33.816494510119 -96.827471976246
41.971491331708 12.999451966977
42.817944659322 13.514782239944
43.070046362986 11.998874918113
42.859298340932 13.661574572188
42.853806698182 12.158146661801
43.189075310358 12.451892021809
42.289347966823 12.817571842048
43.167187633557 13.260441410032
42.209613963615 12.407497064887
42.665967817749 13.680253304879
42.841147899109 12.578343005676
41.996016536393 11.96727132565
42.379421629209 12.028486730099
42.413217143369 13.360757502916
51.036089242918 9.8796130273862
43.826369394954 12.219376262866
43.796860029847 13.19087551452
42.581238955085 13.258773389414
25.775273950183 -79.742997934266
43.006003295095 12.54815728571
42.613560673156 12.898614700857
43.403765563131 13.824592803544
42.320237858857 12.90522120425
42.754325349722 12.831274707744
38.93429088636 -96.236927716637
38.795868590553 -77.393989524015
44.611042949681 8.8525755425229
42.930742862623 11.950563716234
42.267094751034 13.520071442037
43.304694303474 13.084382545729
43.037496838291 13.57469108683
42.729328749131 13.811452734217
42.632885359078 13.431070144976
43.129060636821 13.363788997014
43.693709451118 13.779790533625
42.917420929746 13.409416689283
45.880439158008 2.612422605796
34.714744870597 -117.73311976639
43.254311469523 13.518654630316
42.162378238611 12.225333339195
43.744498459524 13.575839690222
42.012976032709 11.912052382695
42.782126557001 12.780106854078
41.864293913315 12.21437352675
47.540400099261 8.5983527659431
42.096396592046 13.484083046917
51.162004571483 9.6689322300576
44.70212993105 11.353818316061
42.931686852582 13.514773474801
43.817283827747 13.588219089263
43.045532642906 13.48407076417
42.250668715823 12.906293475978
42.130554647267 13.330230629712
42.977694317243 12.115776596666
43.408226117237 12.710130815746
43.824602508391 13.725404832871
40.355221380524 -76.030734953058
50.195264747457 8.1589049688349
43.285421002344 12.117915988044
50.971697115559 -0.9598925635544
50.01129746391 8.9311381452396
50.635627309156 8.4251563895611
52.79641370396 4.9169918313469
43.692624959041 13.610388057612
43.432735926694 12.180821324338
42.712390282544 13.378183457732
43.511328425518 12.506164755463
46.669298505257 1.0723262126894
43.019394855045 12.316841160581
46.296851930018 9.1602958947491
42.381264855818 13.742843963107
42.120057751967 13.443690738403
43.05021197167 13.041883626528
42.092413142853 13.286672643075
42.590997310652 13.34038391867
43.1713677371 12.617182676989
43.74040332706 13.013217413359
43.434167474266 13.242533100903
42.756721547712 12.455350660021
52.245687974033 6.6087791071547
42.976128832913 12.691921276384
42.343436683709 13.078551355341
53.475354175072 5.2833860169786
42.846489042459 12.8859392977
42.387745711223 12.167909985507
43.665326864324 12.158751720192
49.416636532299 1.4379420927647
43.467794876319 12.655911001703
43.564052711059 12.8471004846
48.764407045962 1.6704608733838
