51.996478320098 9.5927202695015
42.103344732499 11.88708132316
61.293009436826 15.373293567623
42.502769008534 12.71671577206
44.571715680755 10.379818331976
45.233472217148 10.468039684004
43.344158446598 13.739688060612
51.742792702859 6.5546041800662
42.685839322736 13.361159051026
43.123103515323 12.681262451097
42.540307218016 12.787124296107
32.870310528925 -117.45694814108
43.079777901119 12.341704612312
42.357630933124 -83.425898904386
43.128930413245 13.426721396144
42.555431001634 12.330385524489
43.519121777995 12.324635275346
42.983214559978 13.491816814308
42.820615691536 12.641531385335
47.453066059134 8.8671938389853
41.869802804158 12.527167583617
44.415882526064 7.7037740775657
42.042489330791 12.136559262491
46.730047238865 1.4198585308249
42.256081615249 11.8734527486
34.679365043691 -119.24145019929
43.223956643729 12.122437570788
50.358707363419 9.200188202411
43.333433971451 12.714344528857
50.625666793262 8.2175735971972
42.895767530865 13.168667253206
41.935933223917 13.351757746375
46.398213893826 2.8138208323223
52.216890628318 6.0101670214255
42.945974310856 12.848218517328
43.058842936579 13.003675720211
46.761764171762 14.986729407485
43.121439047235 12.71888157109
43.757062953805 12.440343143644
34.129350029271 -111.02710436799
45.811482511839 2.4092298910996
42.36787641999 12.179460564267
52.122650454111 4.8149025002797
43.361928343497 11.875593990982
42.624500585566 12.250026748187
43.166242280608 13.450598323949
52.050899748016 -0.62475416517572
43.370676786367 13.369066436968
43.550419327149 13.332410367382
42.675669069272 12.425776169389
43.770382697608 13.173734389813
43.750644539388 13.015652813046
42.253883082559 12.804301171959
43.490989349101 12.181409138826
42.293509436116 11.532491387859
43.888480215817 12.088824217177
41.917526847665 12.600094369447
43.428229621832 12.768844982988
42.238715503497 13.534534921208
42.242751064379 12.19698798854
51.239833074734 8.4962084733398
42.945683891881 11.990712731162
43.071108197847 13.734507664004
42.012451196582 12.970194652684
42.111217787096 11.944891599468
42.41047271502 13.442024889629
42.465353948302 13.4053026221
43.467731628806 13.153690029028
43.67524934873 11.905402156501
42.651037130829 13.185829630229
40.761039587077 -75.077434068629
42.943483826233 13.584337124894
42.08187526936 11.941110649605
42.713582773115 13.307265877888
42.431547168864 12.844829148562
42.559708355742 13.669411591121
42.338358255282 12.253529800241
42.646929927493 13.470996154247
43.695298338654 12.484508287408
41.894501085365 12.660850140129
44.661848396443 11.427237719846
43.091343784768 12.477960466185
43.281483872946 12.725181195312
43.381682180533 11.840185633807
43.489619124464 12.726842990505
33.318087870206 -97.32550857637
43.118930177839 13.44042335613
42.437026322112 11.999876297566
44.425248986818 6.7300288986299
43.075936579668 13.091389484301
51.712597181421 8.7413903454977
43.537262778069 12.811510088321
-38.36848208791 145.58453007691
42.918616217544 13.627827645127
42.222660568667 13.24817644539
42.648952385734 13.075683907196
42.64562999303 13.781923159411
28.295543668832 -80.733844882023
41.920166086508 12.791013714106
43.382160205593 13.074370521642
42.662548569642 12.334292024949
42.888858701072 11.91395985892
42.647038502475 13.725699329176
42.681790970139 11.897477746449
42.585245742756 12.913779845908
42.454387716716 12.2634700771
42.637115402931 13.74046702999
43.198654598204 12.732244064928
43.246797568026 10.594301339867
43.689892726827 13.635329928566
43.755523568392 12.948524236676
42.955782919191 12.930091034144
51.559706384577 9.3501988446108
46.257238759805 9.180049608266
42.228533345138 -87.314014429388
42.464734793878 13.205324691371
42.657094643778 11.959429814948
45.659789177472 12.399625945859
42.963099147197 13.257746627695
42.372229792838 12.258640032403
43.765512781595 12.231223072054
41.906648382988 13.085099283666
42.680138450454 13.678635408042
43.166195519833 13.688988563481
42.533951054131 12.855485192454
43.583205654578 12.329751193232
43.100257614695 13.516763617546
43.296438676464 11.877556935382
40.381633647893 13.85694383157
42.595771059692 12.275179580934
46.443550165949 1.4295140953872
47.648354166955 7.2492212021021
40.364511636323 16.392069265871
41.98728088617 13.671273233237
42.723618290279 12.569226405404
51.901798375371 9.6306673850076
42.380572379884 11.813144708708
42.951197872868 11.838356481345
52.636438010091 -8.6264333667357
42.680096849904 -82.504245860013
46.9266802156 8.3549419037788
45.038485603425 2.5896229583722
42.999226507751 13.426083690241
45.087135067741 8.4485846580232
41.960129976741 13.572812295341
42.40114182208 13.748570366201
42.362224498488 13.42078839497
43.815960816974 11.875937138647
46.331103034006 1.0244957232031
43.560905089884 11.894630662603
43.507463976998 12.563918789201
43.75587565722 13.327828225388
43.33736840048 13.77188723619
42.269479002019 13.629488090833
42.290228038251 12.213357349512
42.485408918248 11.890466581534
42.430838276854 12.3745957126
42.379477669217 11.943600819441
43.243105261255 12.618741098635
41.978472550411 12.158493152914
42.32885534194 12.441128568485
43.43677222658 13.301171368615
41.998578093966 13.085918566739
41.968059568206 13.249067980933
42.200989018775 13.700369913944
42.102633442333 12.020297247016
43.489565813232 12.836081439108
43.769194124646 13.730228458427
42.115847435389 11.999163043706
43.366630406776 12.379888402962
51.411942326656 8.7043244199382
50.591469874881 8.1829983276236
50.640839516018 9.1437824802211
26.312435784506 -79.652669243162
50.826420222794 8.2123427857702
50.323113493772 9.3915478006897
50.890731135332 8.2450627974444
55.403914638052 9.9584054499671
41.949896623378 13.61199720281
51.824870482006 9.7972774383599
42.937952313099 12.632342715132
42.732920483117 12.807275254211
42.83113127522 12.761043043717
41.209197738052 -79.104871830729
43.311893822326 12.964658029382
42.989396233128 12.512595551814
42.594572499227 13.057406445082
43.328608626208 12.313309867568
43.733195304302 12.676745140796
43.545117840446 13.55584191233
42.076471593288 12.196934176722
43.670005951875 12.929086884006
51.960102503402 0.084061585820313
51.920969615654 8.4968125715371
39.299051843552 -104.043862529
42.139533433218 12.133637120565
43.417314058851 12.13994442587
43.391027326433 13.241579328797
45.975715607859 2.7168251474932
34.154259075196 -117.35005457465
45.006937025048 8.8888692755223
43.523417299878 12.711027985325
42.91277293207 12.55799653642
42.763024608515 12.125075878189
51.857710635689 9.3861851344752
42.8420882923 12.777481432456
42.700905643285 13.712492477502
42.24466041815 12.378938141942
43.604803944775 11.928539560164
34.011317766593 -117.55446982759
46.695110491801 1.7461020186292
51.891414481863 4.9764870843973
50.852061844828 8.7810858617449
42.313499501142 12.48806186278
43.062885914048 12.595649613832
46.430820309292 8.8584921457146
43.523240490616 11.951497004831
