42.858325611289 13.613628761218
42.634131788127 13.075076365899
26.591478715909 -80.122770269268
42.218426900573 13.697384678639
46.107925148731 1.7388310230984
42.836008010377 11.92782992589
42.015287073357 12.694659441588
41.686910028563 13.224283359395
42.675146054346 12.654418561933
42.047787668227 12.323066505309
43.269003061258 12.11430451747
43.779250939761 12.582662954288
42.470565760283 13.518285837287
42.781351545745 12.282393267065
41.218641182196 -75.219669820509
50.354467987714 9.9080657064487
42.092869853199 12.917893164774
51.856385792306 0.29166366913434
43.631038478891 12.371825223051
52.166851028179 0.10082972142419
50.21471286156 9.9674252476392
43.200451438895 12.710665063353
46.728322993837 1.9633415890687
41.954115170054 12.077216657401
45.416533730187 1.1514068260563
42.702042211195 13.409166374921
42.759744963052 12.456250380492
42.176827486242 12.047890843401
43.20229230367 11.975057218699
41.878990099264 11.999832199442
50.057271738563 8.6113381695986
42.564042516336 13.576295333738
42.532878056438 13.146125142552
41.991087506542 13.633739758599
41.932523919259 12.132748384577
42.980969175243 12.879649001139
43.524904513997 12.532465561562
43.547544835812 9.3262706912944
41.946642288469 11.990714033151
43.594700578432 11.851853243493
33.173449475212 -112.0541659864
43.770764034156 12.356626137347
43.183798247124 12.203010155935
43.318275592459 13.072099722511
45.391521364889 8.0358075806805
46.461586751259 7.4969135376145
42.374200740093 13.591234329453
43.562990063153 12.551260195485
41.894396966295 12.600648057016
41.859176509503 13.368075112539
42.217169265385 13.510250123011
42.720347300994 12.056344701024
43.4991084856 11.060431687213
43.480322641565 13.618066372193
42.81056886439 13.024759319178
43.624617471672 11.984833647511
41.482036130413 -74.80281692235
43.511749477851 13.023087659882
42.892905110464 13.253413422172
42.124186806925 13.616277808166
43.028672662132 12.449681793104
43.2311454235 12.766632244835
43.235443832018 12.750276255326
43.571324309621 13.461602648956
43.028194571879 12.112928288597
42.970492239117 13.738864284839
42.194922339749 12.297748830795
42.947271497917 12.580404522189
43.167615252646 12.597617779692
41.979488406807 12.447150055083
36.654306772924 -122.16698982298
42.37043383085 12.448867256983
44.577466949435 10.844017246454
42.913197330645 12.464798524282
42.649266312688 12.185406172755
43.006080377871 13.094665205171
42.295121836634 12.130255309947
50.72383576153 9.0266384799157
45.168301539108 1.1666995948957
43.748425903168 13.197111519632
43.731542907086 13.674779986367
43.753664974495 12.491891582747
42.588561090936 13.111199623512
42.864046785473 13.715592583996
42.683773208283 12.110952491945
42.283283530422 13.031521715725
49.656058346159 1.9517316950936
43.08610883175 12.135359025644
41.896010457511 13.733076431685
42.192292042653 13.195933606588
45.544211595107 1.8365280995316
42.87432794502 13.818721633341
37.595356343397 -90.040113663972
41.871189564893 13.555603812728
25.410763578664 -79.784947398294
46.783453746598 8.8497584754833
43.427446441945 12.702438177423
50.798836302151 -0.26955489040331
46.821126739411 7.1757391473165
46.689625154105 7.1224282058526
53.280643410369 -114.25091773703
41.914153243396 13.772533715618
