43.454748109681 13.356150022895
43.149296675434 12.257024634305
41.987261466231 13.323189955842
43.092335449596 12.708935389646
42.977262506272 12.027486271724
42.397206914817 13.657510554279
41.893015074981 12.507470066451
43.589390220882 12.423285825862
41.929261916771 13.498959944837
42.614678151281 12.986913527377
42.053779189521 12.792541453539
41.970785415273 12.920160870983
42.681497746486 13.193551488332
43.053371438802 12.359792652263
42.527277347433 13.816909692652
42.114051541388 13.272692662812
43.239249559252 13.664379560719
42.21176415461 13.52235186499
42.594628211874 12.053242579614
42.857312247112 13.315214001276
42.233311437666 12.290759930078
43.034450611137 13.800625808931
42.988147061334 12.626161494139
42.260191253529 11.969713473234
41.842271607782 13.691036476631
42.110306762697 12.1007904276
41.974721545363 12.07361098105
43.3474155792 12.583992011207
