-80.921382313833 25.76289201096
-80.872885323346 25.838817403094
-80.913454054158 25.606456818324
-81.112900998771 25.130663896023
-80.967736466117 25.54262519372
-80.993616525822 25.430302623377
-80.889411702976 26.289089392988
-81.14819663099 26.051635467454
-80.848121768068 26.302494457581
-81.053649127784 25.22449362147
-81.036857298402 25.166363572762
-80.963336010722 25.082391302588
-80.847053249105 25.20127179295
-81.111608188461 26.279218394422
-80.960396469828 25.047590763313
-80.943144819482 26.420775267009
-80.951530305921 25.167541311649
-80.844276223534 25.204664667215
-81.008250977657 25.718500592132
-80.919292902812 25.024678062176
-81.047925687227 25.66024256387
-81.096257008932 25.815300329485
-80.88899750704 26.324247772474
-81.086719355862 26.119213221633
-81.029198974194 25.992974275237
-81.072314574692 25.693744061821
-80.868721199902 25.98826687222
-81.064345210165 25.200149138069
-81.139566566204 25.289230733762
-80.985150105123 25.152959283495
-81.058054442354 25.444937565554
-80.980940410668 25.264226058604
-81.024143883236 25.343811412908
-81.032935631286 25.743539776982
-81.003261921273 25.768772763075
-80.918928272794 25.107993899878
-80.995567642426 26.484506578393
-81.140502143061 25.306900589853
-80.874191722584 25.269699766875
-80.998614899157 25.209669430821
-81.032046397507 26.54796326743
-80.921441492398 25.381128194902
-80.976403204989 25.660137252241
-81.080646257229 25.722667813621
-81.188759935625 25.527895916627
-81.093519684246 25.863851659385
-81.035920445168 25.582068344832
-80.966606443542 25.242142534445
-81.113012414288 25.468674236178
-80.993548780952 25.32296014963
-81.007895293925 25.589852418077
-81.108039444172 25.48650330978
-80.830168346139 26.747182944189
-80.921128259279 25.773349100601
-81.094217626231 25.871831664739
-80.933500731143 26.543441897494
-80.998539931881 25.545464674248
-80.871276806324 26.124817704823
-81.0102076496 25.34347288837
-81.01929766201 26.531914098419
-81.05424948579 25.963224111091
-80.842013135288 26.022197413252
-80.825712804877 26.043431058995
-80.850866029245 25.150286550687
-81.046488223894 25.496327034412
-81.126299087758 26.333841449254
-80.937499168575 26.037962619216
-81.031023453745 25.809782695851
-81.056394011084 25.622298743849
-80.971944968478 25.493539756842
-81.14656863815 26.29248296202
-80.909299584339 26.256494229296
-80.934101697768 25.155988979209
-80.903712811645 25.990168259923
-80.928091941178 25.909611141716
-80.977054999009 26.055855015302
-80.833678727236 26.2577875211
-80.899784998731 25.357449660227
-80.900674441127 25.768670970449
-81.060294275941 25.395480542145
-80.843197388311 26.621163860701
-80.893520423437 26.336527503235
-81.120407116465 25.50079319182
-80.861093906896 25.91460327845
-80.904374709118 25.579455486286
-81.134978796228 26.263155419019
-81.141713466837 26.164917682823
-81.003541047669 26.059820703852
-81.023167557369 25.769004620487
-81.04382863391 26.470685509236
-80.844257164484 25.898422476771
-81.0619754934 25.945599607615
-80.981338036979 26.467828625083
-80.865690526765 25.44729398862
-80.940959491549 26.366757946708
-81.061202171562 25.073841668217
-81.072433615412 25.217996818564
-80.855497148096 26.346097201719
-80.912272124786 26.635968188103
-81.017930072085 26.476467973292
-80.983736586559 26.155522883925
-81.043838685208 26.250835581782
-81.034909942013 25.432431248667
-81.089935553112 25.542852253889
-80.864025902681 25.576171092475
-81.148909249688 26.122495859901
-80.863199650056 26.230600771119
-81.00050154449 25.68225572102
-81.139619541229 26.142253477641
-80.853969910855 25.659315329335
-80.996176275233 25.933404231396
-81.044647478329 25.945556241045
-80.897750443541 26.14511975977
-80.920649274491 26.338054539776
-81.100691974485 25.799651807995
-81.104696358412 26.436165667325
-80.831232662044 26.138092648285
-80.87656493693 26.581105402459
-80.87378029966 26.690831217754
-80.833090101101 25.402336428578
-81.071303916007 25.046750937128
-81.081919262965 25.882904914602
-81.004922149049 26.175576991466
-80.903344832125 25.625933459303
-80.886513555645 25.034797756001
-80.959817880556 25.184308242587
-81.090961192587 25.412722006615
-81.132942085026 25.751942190675
-80.958858016203 25.997182159201
-81.078507817662 25.913730716276
-81.025089642786 26.484619678672
-80.91083979956 25.411661248829
-81.056862524081 25.95115157725
-81.045672813727 25.513708967938
-80.839084084812 25.240201097542
-81.007519189081 26.020930965424
-80.913756030847 25.29630993179
-81.041033926714 26.314914668574
-80.889059989937 25.437904514559
-81.072858487099 25.026760916687
-80.893243571969 25.034013021736
-80.955897673754 25.910312307474
-81.122432102782 26.175763825951
-81.084405365206 19.361529257084
-80.885199048313 26.069116849467
-81.092544428391 25.505741112153
-80.950873449232 25.356334949992
-81.032933785871 26.190147471686
-81.057499599945 25.513295855595
-81.136281581003 26.300768544555
-80.887112248446 25.963512802463
-80.853798138185 26.206026129503
-81.011225553044 26.479487604202
-81.143656797584 26.160455019271
-81.052758533342 26.262441504852
-81.003895899558 25.14405386248
-80.983541245374 25.96410131032
-81.034257436462 25.044263002466
-81.011468055473 26.077993663047
-80.921746365965 25.412453923549
-80.912166850876 26.579880743075
-80.931320070532 26.63014471512
-80.994916987413 26.541857886363
-80.861057381356 25.304986016018
-80.956532601057 25.907184982146
-81.123134951906 25.862058780075
-81.126044361255 25.254893636898
-81.052765281705 25.840891325755
-80.886203727907 26.625870450209
-80.965332632678 25.136011501355
-81.000458629612 25.233650232757
-81.09944803067 25.627407941777
-80.871924320917 26.00636756605
-80.849334596861 25.498483330226
-80.982900172739 25.070200167146
-81.143200327519 25.904258643681
-80.969100832734 26.217994672331
-80.88847261969 26.190264922173
-80.938336756327 26.483254089694
-80.966716373599 25.536542901536
-81.029956315468 25.917833451126
-80.881163016182 26.525319502451
-80.886261485739 25.481576383321
-80.846692885942 25.078819036038
-81.110594678531 25.437616736349
-81.14075785956 25.916394595466
-80.999791107881 25.844763867002
-81.138664930933 26.258517076365
-81.075766861749 25.230598481928
-80.849096603897 26.149818454456
-80.962667558134 25.273700442741
-81.086308457273 25.296549470751
-81.088221343551 25.412869053137
-81.113369172301 25.37995821207
-80.856762961693 25.637989418396
-81.103863439846 25.164271006886
-80.825998697159 26.069669506528
-80.927387719284 25.586231732997
-80.933624888083 25.487638061145
-80.972252515873 26.041036562996
-81.138176533733 25.751641544846
-80.923589459394 25.435287878103
-80.918699615407 25.848384510172
-81.034419740842 25.354006473123
-81.141114468562 26.333948761363
