46.633235359394 1.1796783326099
45.327342987679 1.9529275172171
42.678527042141 12.023615445042
44.784128403426 7.4693541929937
42.231690566184 13.451119862262
43.712865313868 12.879932725302
42.107099826053 11.873743392024
41.932349788015 12.36609897642
42.364446666282 12.646938176217
44.691211639622 8.1942986589131
46.466113629502 7.5559551494922
43.173752378309 13.168667138188
43.770204748872 12.606302216021
44.078490300841 8.0326440055564
43.27775228318 13.193075473997
42.519080864528 12.300360677925
51.705115135156 9.3768985845972
41.948592340105 13.354327677004
42.4751158862 12.099891034022
42.549954825358 12.073359677623
43.077241953519 12.89521978979
41.970491058666 13.376028658087
42.278395485749 13.667509379197
42.726436692184 12.348904851076
46.681950385534 2.9594139000212
45.338710110792 2.1151304250188
43.682029556822 11.936451432752
45.651388435462 2.4970932288547
45.403041056545 1.8047732938103
42.390921810845 12.967049395671
43.301078672216 13.744504838153
42.286138324687 12.355975694676
42.616759162239 12.76801762954
45.596830252836 2.7194423273762
38.406877408168 -77.68415167583
