42.253989271959 12.681509339589
42.22852711532 12.644778851741
42.21766193689 12.662356499446
42.256380529283 12.689653092872
42.255954052927 12.674844385926
42.236322814264 12.645222785273
42.257752146713 12.664611280761
42.2327495349 12.667176698666
42.231521997264 12.667710099701
42.2587552859 12.656273993059
42.256084269519 12.638845164647
42.242648069415 12.669006483031
42.241156558174 12.659735074129
42.240979126788 12.684781095353
42.240552944264 12.670316706745
42.245384220635 12.666089624963
42.271722011416 12.675022404045
42.24584624697 12.67025854565
42.244785495703 12.691908972681
42.249481145895 12.649196253016
42.241141753405 12.678836638445
42.234672113918 12.653847906133
42.225259154695 12.653671230515
42.24056463376 12.663412464647
42.237806392034 12.645197599051
42.25304677165 12.672156418542
42.25792192449 12.684479338457
42.286366653783 12.674249297809
42.249419179417 12.652652465598
42.263822544044 12.662330859204
42.280137038941 12.670621172393
42.260063736842 12.66180834859
42.276133410317 12.677982392126
42.214960471848 12.652036565681
42.245068090172 12.634786051549
42.267323718086 12.671571917234
42.245192157705 12.64229439976
42.217109053052 12.662654024878
42.240148172381 12.631813352777
42.236861838625 12.685736754784
42.247762797071 12.637186663543
42.247939074548 12.661501623554
42.235430796296 12.647482464878
42.271789507622 12.682800391562
42.261201440034 12.65426194421
42.245147562721 12.662937293159
42.251992257916 12.642479023285
42.291796906542 12.674608465619
42.281318501721 12.663639945774
42.230673522817 12.637001258639
42.255085760867 12.658947747994
42.250657135758 12.678590979764
42.282609897937 12.672912540039
42.25626498987 12.665196798607
42.260849841082 12.652711082109
42.23710965844 12.649670878283
42.281130750815 12.67976292629
42.247810850988 12.679234097583
42.238185582814 12.655309308181
