42.634443969782 13.484216246535
42.672233535311 13.551910439784
42.626892299239 13.501397118227
42.674588778857 13.544763890835
42.623842955878 13.526340650195
42.711197735163 13.496711191042
42.658236447118 13.524491988853
42.66370911091 13.457002105891
42.600882353096 13.514427794404
42.622315554725 13.547557617348
42.651461078178 13.552748328819
42.631883656921 13.497118647463
42.630032691022 13.550426893679
42.674541366156 13.459277051736
42.693114653573 13.471284919193
42.652519967732 13.462475752229
42.708342635424 13.50639762336
42.699367102117 13.512215193621
42.680777140765 13.473787368517
42.618777393673 13.471773098929
42.62086878748 13.485379713834
42.625524490918 13.497248295016
42.639971540629 13.533050826554
42.690775018528 13.463310697353
42.618304378662 13.504666622053
42.647424477009 13.473089950401
42.631116028724 13.463201224575
42.667629124929 13.521140100698
42.663233539885 13.500814746854
42.617959760904 13.491697641805
42.620689100896 13.497841669965
42.629036575404 13.557631042601
42.610930401672 13.491118790366
42.63454657685 13.527212264283
42.692155850929 13.487062944347
42.673241496421 13.486451505
42.618143302697 13.477887648401
42.683581393551 13.469801652951
42.643907860708 13.538461412109
42.690361672424 13.50710713144
42.610053071592 13.523945499011
42.626657931913 13.470169573797
42.655972471787 13.519775841648
42.686623575041 13.496039762879
42.675854801536 13.473258411753
42.692449993332 13.5385777031
42.677639655174 13.497421791564
42.632284364513 13.52043020705
42.621989724537 13.510988212915
42.671380027065 13.506109108474
42.594871171582 13.509318147113
42.659318290513 13.54202847117
42.652657059346 13.474570827801
42.666854813095 13.449095896675
42.667272413947 13.544529198478
42.697979699235 13.486653646702
42.701024054431 13.49449670433
42.646929927493 13.470996154247
42.616245642612 13.482901950613
42.704534790362 13.488313914525
42.614579439936 13.4987819039
42.604148809169 13.521913663748
42.667886765074 13.556791825966
42.625763818003 13.519494326582
42.611643391502 13.511407991665
42.66328533539 13.552639582473
42.685861274475 13.538288194027
42.653362044924 13.497900421984
42.662042844439 13.493559034792
42.67030654555 13.464510939321
42.650814642988 13.494088765485
42.642532975733 13.514079000596
42.647058257224 13.498112931635
42.676617222243 13.494260639669
42.679704650177 13.519776030707
42.640877765457 13.448932046301
42.64955973285 13.547817996048
42.653888381412 13.467499989324
42.686729017986 13.473905988745
42.667512236961 13.479030857572
42.66186057716 13.48844288035
42.646445141496 13.516098360327
42.659479650066 13.462294465633
42.676514866167 13.552396812754
42.677812176628 13.456905994332
42.607845572127 13.484745560461
42.677343944424 13.465177498995
42.646929757526 13.482288826503
42.69507788389 13.4987843896
42.671195175367 13.535717148604
42.617834595806 13.533772643459
42.713876709695 13.49848299592
42.676920431071 13.505040250975
42.658177323501 13.482839162242
42.696789233825 13.499730591916
42.64870950286 13.475988136847
42.643648174446 13.479850787914
42.606882567355 13.497523789547
42.705247309408 13.493306928565
42.707573081252 13.512771960608
42.642240879446 13.485523140771
42.695613948508 13.512451858054
42.662105972277 13.441771618317
42.659959221121 13.508881674872
42.660796788384 13.487784511192
42.667520311993 13.482246666927
42.662151158185 13.540961358038
42.634073240067 13.452717394334
42.667160266411 13.44773665792
42.659593231373 13.554237313382
42.644092860953 13.548298954309
42.66425254229 13.542861149454
42.683698465456 13.554484579526
42.641988244693 13.550186664609
42.640937419928 13.537506389703
42.656282120245 13.494483221108
42.647302862579 13.539530360412
42.632940769046 13.486583413338
42.688156994401 13.480448833446
42.643552070339 13.511643350849
42.610932695519 13.535974397129
42.703810206498 13.495873901779
42.62009115129 13.461605063876
42.692643677694 13.500204163392
42.685552528934 13.511809604967
42.643848453969 13.471783776543
42.627966453635 13.470891420504
42.658425773356 13.548277681038
42.693348709372 13.501292731402
42.653787604393 13.480996568932
42.680780921469 13.51848543415
42.642582031287 13.534249270605
42.663250769818 13.47111566156
42.659906721071 13.473730299863
42.677686993835 13.497416945427
42.65127295195 13.556082591694
42.600398317746 13.5206155137
42.66015239931 13.452083846786
42.617534406792 13.500436923721
42.637358575446 13.523658575289
42.657035407472 13.497662089087
42.658236401017 13.546733015027
42.647822317059 13.506100895606
42.641927174147 13.468026064575
42.680840154982 13.517220258975
42.619212918293 13.54620298212
42.639489873631 13.538048049707
42.665094856969 13.494013866195
42.640977480303 13.473130221254
42.665915605012 13.486286645537
42.648539944409 13.541557979112
42.684067174201 13.459983973068
42.644613653743 13.475266366042
42.665198324579 13.455177395372
42.647054837408 13.511629055048
42.635760679692 13.524471383807
42.646992240889 13.47880020017
42.635561812986 13.446889168812
42.676994862371 13.504983447283
42.632294007892 13.50437555022
42.665551261376 13.545561197955
42.682106432378 13.49454466558
42.652633372088 13.538778094381
42.68418881657 13.501276274466
42.659258890759 13.502284013455
42.677281128113 13.518184647692
42.615269896882 13.50110156487
42.675539375618 13.487888524557
42.633264075349 13.457964553732
42.628127218072 13.496450661934
42.674188128076 13.473842177782
42.66479093987 13.552210020645
42.676517518108 13.444693337423
42.637758288385 13.51168560868
42.664543013885 13.506759840786
42.635995064714 13.557262978797
42.656460496924 13.497819311704
42.717615182401 13.490093121089
42.664309644936 13.458514517408
42.688821721698 13.471714556924
42.678935322782 13.467247542232
42.663960966612 13.45505814557
42.695471362556 13.5147190837
42.65294866017 13.459333271954
42.653833594033 13.545963973548
42.626156248931 13.495452342807
