42.327831303409 11.901996202742
34.084428383912 -119.19956358914
45.962323490513 2.3988736799913
42.878318164462 13.049213042992
43.49514556515 13.648710606011
43.018503206346 12.005115483445
42.866239159327 12.60064182088
52.327140666464 5.4674283921334
42.743892229297 -82.825241359542
42.095321888169 11.937421246424
51.953263881595 8.6838782870601
42.441371522139 12.459336064991
43.628377052803 13.298092757046
42.126909819512 12.957887125669
42.53577563799 13.075564197321
43.670620187053 13.16391500887
43.029559812078 12.54797872137
42.990531120466 11.92914685792
42.404720471916 13.745213624458
43.222815304654 13.50465901175
43.592658434826 13.790978545247
51.485692043782 -0.62534131656183
45.946132258953 2.5654157682161
51.646445378497 9.2557034502997
50.085261998272 8.1921651955657
41.995362924896 11.897077814649
42.58006955852 12.821974202929
43.016302220086 13.519727213571
43.312845578584 12.115974127856
50.592581503835 9.1514573652071
50.079818359613 9.9934519357017
42.900412618157 13.358304584121
42.741730387223 13.003220665757
33.778775807872 -84.29596671094
46.209951647189 7.8177924905055
42.653890480147 12.039911171927
-0.65377664130823 0.54392482225966
44.056788234488 8.6856574780031
41.976316366008 12.974099874296
42.464325127895 11.960618569984
45.635442282369 1.9373400076001
50.763901404461 8.4365272323771
42.334550720816 12.007318200568
43.020067181003 13.792120036128
42.920560816287 13.641886778496
42.36002655905 12.910797877217
43.779727549676 13.588555034079
43.750525889357 12.34782827757
43.649848300822 13.428405383357
42.092335549247 12.106751272991
42.462711836448 13.609145827896
43.418860485993 12.747779505231
43.328307637187 13.404705822212
42.661831610001 -82.693861008221
43.29923085931 13.333560109315
46.596167389581 8.182410666804
43.375330831586 12.715465722028
46.402650829152 8.6835337719338
43.545250459383 13.123291721646
42.283348989826 13.370029066417
45.759863308752 -72.737645434697
43.770395263944 12.814114778703
42.173426800975 13.03634449564
43.785208437513 13.744921313501
43.166704782383 11.911751061192
50.625184004719 -0.033813631229011
51.033103579904 -0.65395745624041
43.70565285103 12.022839773944
44.826196485353 8.6647737034898
51.299949244969 -0.97014133729047
50.734974850777 9.0180123425173
50.917939103636 8.8663964061376
43.241399230103 13.473421274926
25.322788438893 -79.272424579069
42.925936163855 12.381878438139
42.623848532291 12.880501346418
43.51210419068 13.617827835336
42.216826926573 13.751345970107
43.671035308259 12.036840155293
43.517703115737 13.367346008966
42.48498889782 12.515552691445
43.199735867905 12.862264460375
47.387218577502 7.9027161024989
46.837626375182 2.8986039375414
43.293998743565 13.135904706168
42.733043275205 13.13381812171
42.241521970502 13.068366584887
43.428703638946 12.666631375771
43.271482827755 12.455692816293
43.544891744661 12.573799756178
42.771003259726 12.612490015876
43.327476330741 12.757429756598
56.198453213294 36.800423031008
43.617073880817 12.976747552874
30.227877565366 -81.196364615796
42.266510243673 12.284095492833
42.790137891581 12.510257396174
41.959647555838 12.129111477721
43.622073658121 13.315773440227
42.22584878759 12.352538387476
43.035031458866 12.759018143082
42.975335355159 -82.217930362869
40.95918702621 12.883831147446
50.350144739891 8.5868831712692
41.91444263 13.219478780527
45.770977182303 8.7140640510312
41.942585255014 13.211295734279
43.273042332529 13.710314317027
52.307852255091 0.78204240075874
45.057204380218 9.0376668970276
42.104375653504 12.554722444899
52.0649934884 -0.44910492168697
42.755938551296 12.347645993993
42.728150387655 11.903797525889
43.082749970317 13.311585501934
43.614497047225 13.266197408694
42.592378300912 13.772825985131
43.57290662947 12.011660143294
41.844758823163 -71.453693493221
51.854251446833 -0.7827675346717
41.920089256468 13.002018797233
42.332594322682 13.70935469249
48.384729806819 -122.32894310883
43.453862198861 12.190098799875
43.40548958045 12.62050254022
43.676627240014 12.944775684266
42.530381761294 11.928073014586
42.872924401387 13.481470561832
43.801681743863 12.60843108718
43.74444509055 13.161478390082
42.458508708283 13.28405647973
51.426603917231 8.255760267496
42.737908605851 13.648060505601
42.093538418011 12.760353199581
43.221528557719 13.343892221055
43.530189337477 12.704108021571
43.75129420813 13.355394115858
43.692577357747 12.243529301271
42.730703459948 12.635632088725
44.10661968191 7.4125192686298
42.859273761932 13.702503011444
51.163031426101 -0.94716160840222
41.191246095808 11.916906450182
51.842348075631 0.77860441695369
43.524957463876 12.502113590272
42.64745861231 12.571069884401
42.59451976262 12.843451446802
51.412213215098 0.79413457805484
43.515800947585 12.721595307238
41.179261045599 -74.710515553975
42.617056838079 12.825239301133
42.801097040459 12.848272960583
45.038068410541 11.49488892918
42.71250264475 12.83054433571
42.268290549663 13.004706893139
42.4990215481 11.897476945977
43.19902499078 13.669498467219
43.747892208301 13.606582848659
42.470704917105 13.160290497916
42.479739198706 12.45101700234
43.670074716078 12.552338014635
42.764497704715 12.340977377438
42.176297410494 12.897548378884
40.008640471558 -76.513880984591
38.754126229167 -75.489852168199
43.777877634309 12.382103161154
41.907013499156 11.861965798264
42.449502640168 13.617255961831
42.868918185082 13.53334306999
45.3100964787 1.0347354789426
43.423800565521 13.11340642821
43.272340593076 11.983034942778
42.085493864552 12.519009888435
42.657099609125 12.54686478553
43.765267187641 12.444529871219
42.688229003797 13.608428162361
50.809527892531 8.0150479227375
41.967266732367 13.750236112063
42.824653395857 13.491706881922
39.853654273971 16.291567117808
43.066595415171 12.342286854231
41.938826609395 13.568205759215
43.379070338525 13.104951618775
42.391270193475 13.49700123842
43.731542907086 13.674779986367
42.981565368374 13.682875519026
43.727492306741 13.333913416778
53.700891730702 -7.8479211851246
43.69571379141 13.302841706363
43.598574497105 12.956498257817
51.634441278937 6.0062573860661
42.108583663662 12.271803989688
43.526037652311 12.004949133401
42.572332116597 11.988053708353
42.152967180218 13.504192136018
42.984933425221 13.379233454552
42.613323741899 12.5521513273
43.355914924015 13.625505840252
26.3841733217 -79.9711695968
42.581180844748 12.990893563272
42.550076199041 12.134763617618
51.49943146971 9.7648470209748
43.605176220485 13.412018222947
42.083967696004 12.988281863757
50.828452348629 8.4636746730952
50.745440770753 9.6666817291019
43.693460697186 12.715546605066
41.850292854894 12.915989730955
43.04700071788 12.338597284343
43.574591875831 12.62639628708
41.923895449363 11.950425161978
42.183806035774 12.564634326664
43.453329447889 13.51306909535
43.178747953951 13.642230609752
42.938589136109 11.894025129703
46.539999903897 8.6867687169866
51.885130929009 6.6806794521076
43.443093745731 12.66931920625
43.334748452241 13.240608492534
42.593989027496 12.28680132019
43.66342596603 11.877544769981
43.826498913985 12.298982122608
52.848515961903 -113.85601074754
42.788362467891 10.278219307718
