12.663944506882 42.183303836374
12.682931977198 42.128460677421
12.736770302421 42.117520954536
12.72048855888 42.078971346898
12.662750383703 42.099188013535
12.667053183407 42.089619292009
12.742323633184 42.128527589689
12.720954198747 42.135408022525
12.661224313409 42.095138933109
12.698990418922 42.150896069685
12.728977124567 42.130181023001
12.672402933108 42.19520689698
12.715470434521 42.083954771109
12.739622203533 42.091377148934
12.684059616518 42.077882670855
12.697400552566 42.147665145897
12.65953446259 42.187116588108
12.618965052843 42.113873038049
12.739290217769 42.139349730771
12.736479980769 42.075864972137
12.703687105677 42.145655412316
12.676852950697 42.119429471979
12.654660682054 42.136913488704
12.694067812403 42.074560213424
12.709413182807 42.132213236381
12.685324952346 42.139056186278
12.681810282509 42.127400779246
12.662635654075 42.106907500491
12.640156235399 42.150125024931
12.688040829605 42.185284048892
12.620449935396 42.145289553418
12.632946338355 42.17117326903
12.621183453904 42.149283860901
12.682525038592 42.141781617974
12.640209246746 42.133635073983
12.628022640791 42.140661289536
12.679125705605 42.144705343149
12.671858540604 42.093415564456
12.709578670447 42.06820087047
12.669011652337 42.113458630237
12.728329752932 42.167001321545
12.705016858294 42.155185663235
12.724689235338 42.159689764122
12.704833941883 42.180399932538
12.733335111653 42.079736957385
12.68179299204 42.167301064456
12.639958945888 42.107648206015
12.645857232013 42.117508287617
12.69631873292 42.089437346968
12.646827095045 42.064428178645
12.692147774499 42.192059095594
12.662293261712 42.091743931238
12.686810424427 42.081692066568
12.67193438053 42.117698240635
12.744501511934 42.1053125398
12.70572768373 42.074303737897
12.614678687723 42.131865966682
12.681191099215 42.113473081104
12.68001507303 42.104964034702
12.708753046931 42.148153588731
12.685975843915 42.145606487613
12.647601583829 42.149633689874
12.667332044669 42.084656166905
12.707082857728 42.084851026596
12.7250418797 42.109612842162
12.711902405022 42.112808205261
12.687512121504 42.119583276643
12.6570445186 42.149341512096
12.685325337914 42.085730462862
12.705942513771 42.067658153881
12.719709552715 42.110085694192
12.708099766519 42.145903965082
12.632703931852 42.122202114746
12.666695661709 42.101693348096
12.666570050508 42.16993880701
12.645087129292 42.144289504825
12.656626113552 42.183305705538
12.642338632926 42.071991110275
12.657120047464 42.168336245331
12.695593443578 42.111563589963
12.689426769845 42.11705048483
12.723208736055 42.117457989679
12.678942930756 42.058553646367
12.712561305499 42.131255708251
12.704050238593 42.09423960845
12.637121627891 42.098765827782
12.723025038265 42.132383084939
12.626474296987 42.159167767597
12.672217093742 42.08240856469
12.684702281714 42.181114409224
12.728983214951 42.151380133441
12.67334838245 42.098359912701
12.665367836463 42.138400815513
12.654552487982 42.065615429595
12.739621566508 42.092523996317
12.708330955242 42.144895260776
12.638780288251 42.106800588384
12.659063058302 42.103046011714
12.634929939955 42.173157602185
12.722196241732 42.08354531933
12.727449491514 42.105553594488
12.710899125205 42.079850347771
12.66501032827 42.077351144572
12.64050551303 42.123653151639
12.74343618927 42.131420002401
12.71272663528 42.128931047942
12.662347046988 42.09140452097
12.726012023991 42.085266142679
12.650449814599 42.135945623359
12.699589951311 42.124178270423
12.626282209377 42.08685803047
12.697926626421 42.098225359406
12.68579716642 42.148569476415
12.638378188332 42.126030234234
12.67734193137 42.063669818504
12.635632826332 42.150428162979
12.73262685527 42.077046399527
12.689535060774 42.11215077767
12.63377450997 42.086633161237
12.615582222892 42.133869664361
12.664438470597 42.144888909622
12.679076302203 42.072828500587
12.66358825644 42.070282210184
12.654729446256 42.165162792062
12.66298688888 42.10322787899
12.618984483492 42.140295186632
12.710847161597 42.147085615523
12.704827510635 42.177358345698
12.637953585797 42.09805246263
12.678296870423 42.063773416965
12.695649988363 42.065320511866
12.644730502129 42.140133229171
12.665786067355 42.116446067189
12.710000619178 42.121424170754
12.622311684148 42.071326213012
12.652336984732 42.062999320732
12.670086312906 42.178727095585
12.687155759303 42.094482149994
12.681020839944 42.118824441994
12.610703544065 42.124648792748
12.705242365948 42.123469018922
12.674020987805 42.147689824082
12.676084046122 42.141129667026
12.627890845608 42.073841056376
12.657657489508 42.113049978464
12.742381005449 42.118806479575
12.637903652472 42.068065322057
12.720714523348 42.125379660712
12.682268427092 42.080372290744
12.697031851738 42.14185350397
12.611365385659 42.079321816156
12.625625911947 42.145595559008
12.658062357783 42.103456291905
12.683760756035 42.06621918879
12.707035269938 42.14713240191
12.651092022982 42.161052403602
12.746051577754 42.107097697981
12.700538648174 42.097508103653
12.621634015193 42.130527601659
12.641219632088 42.139180837751
12.645206340444 42.110957986282
12.714116732478 42.102921236375
12.72696696444 42.146770734895
12.718976489624 42.12281535108
12.704359065159 42.14059254396
12.615174616063 42.110381925085
12.733028524918 42.14631067691
12.708265453462 42.175100041656
12.681561976078 42.094899329888
12.720165513812 42.093303965469
12.634808838684 42.130944569211
12.619395675913 42.093000232306
12.73408860703 42.117941971944
12.625209135316 42.085984807057
12.700537042108 42.173498949138
12.737074335004 42.122796984933
12.699650411841 42.184920689664
12.644807068487 42.092932658334
12.6360348266 42.084594295886
12.643968557328 42.061584315312
12.676576539279 42.134601980066
12.633115609492 42.068185658247
12.619554674097 42.134238206399
12.617056547041 42.09657537385
12.741312231303 42.110192036329
12.648726585644 42.173979472471
12.611408197161 42.087042789968
12.690134412951 42.164704783917
12.672588897738 42.1469610027
12.643593161688 42.135076931296
12.678418610116 42.166240596311
12.691544766881 42.140238095161
12.645143173956 42.116490662173
12.69210048613 42.081286799221
12.718093288486 42.186543097362
12.713391154426 42.102175436517
12.656030303659 42.156538199262
12.751280710006 42.102349774049
12.641095497499 42.108276696481
12.700844956444 42.125002962151
12.731193703961 42.098695988368
12.670728381591 42.063734500254
12.671578421591 42.15035064481
12.638543092498 42.083536143009
12.675196960438 42.135827443181
12.689299898098 42.114465911481
12.657470136277 42.128708079538
12.699229820512 42.126329655373
12.620625343018 42.089733847014
12.697914348796 42.132024904796
12.676981050392 42.093487556623
12.61848484616 42.14214080674
12.628678506554 42.109016690475
12.685188245368 42.186341907937
12.62569671528 42.13216208116
12.719567681088 42.157897500881
12.648130000426 42.069660431759
12.642772853229 42.158677225562
12.658243931692 42.071887023336
12.64901505443 42.110784070173
12.684476597109 42.102038511144
12.66526615839 42.128471297758
12.663172740353 42.081501490495
12.643783609238 42.122619999185
12.665152665558 42.163203923129
12.70143961429 42.183084284527
12.730840741087 42.149346334019
12.721653271824 42.175099294735
12.722684808433 42.165957849571
12.634972157739 42.085456229807
12.718400882913 42.07721954031
12.698459793694 42.155898199976
12.666684990149 42.059502048001
12.624436977166 42.104770544986
12.668065092858 42.083649243288
12.70618798479 42.143275943672
12.684363013473 42.145706542391
12.713465750105 42.105306340917
12.682576305572 42.122584130693
12.625443169694 42.158800383193
12.654141469719 42.100900938802
12.660961196155 42.0893016854
12.707078429755 42.130834485486
12.708705145285 42.082345033589
12.626539632059 42.1351110652
12.72179826897 42.16844418422
12.662754153697 42.133336495691
12.700899228335 42.179343043465
12.703876649844 42.093889184827
12.664968768465 42.084920575903
12.709893550144 42.165059749601
12.721077968723 42.140652793546
12.723449389342 42.10818198051
12.636947507822 42.078904112393
12.617004157818 42.123641210687
12.653709724405 42.129642094101
12.636271886845 42.151962346955
12.659380895414 42.185808671746
12.730405551743 42.137504216834
12.696735039233 42.14404686782
12.692148553085 42.079546282126
12.71239256149 42.069551629533
12.65335041969 42.106914453279
12.635340063684 42.154102424718
12.747353951816 42.092818659329
12.669361309481 42.100923393921
12.662526453709 42.139760272663
12.63765677469 42.161646820235
12.655508953939 42.177005203079
12.63359685786 42.157925566753
12.677649226376 42.127399933139
12.711017291414 42.118575499935
12.63627071105 42.139459269207
12.712369378543 42.120060253034
12.73255410361 42.123227252703
12.645796211758 42.12210103691
12.700065168899 42.145828135401
12.677742955146 42.07854131615
12.670028635634 42.115897902363
12.678178250195 42.069725294185
12.683763670143 42.148692163263
12.670133272519 42.173132194773
12.649498894203 42.099367395576
12.709220019055 42.094004642749
12.696741015064 42.130364490289
12.638849241512 42.111317713352
12.676616467872 42.097805506616
12.729682984657 42.14303362518
12.704341969802 42.089498290389
12.692385818687 42.172860415288
12.662937911091 42.071520467343
12.688093915457 42.110180431584
12.65461366144 42.127998328848
