34.158828610789 -111.18308806252
54.145183187234 -112.51039043046
34.848094717565 -107.4701447346
40.310891091798 -105.6399849683
34.218010118612 -112.56687842104
34.286000561604 -107.13660529275
40.855379287555 -112.60533415983
39.353191308822 -105.23167387196
35.110846814322 -106.51352051961
32.744925642546 -112.38892874746
40.727686687903 -112.16570823401
39.961576053684 -105.26941943449
40.183736233887 -104.25752109615
41.044896278277 -112.19182692696
34.096264310039 -111.97568621346
34.316591256016 -106.16568833749
40.985573528053 -112.55108314765
34.718584461168 -112.20953186621
54.182433000108 -114.28970075086
54.353408727217 -113.37770421728
39.511353012604 -111.36853941906
40.264659806469 -112.53906700446
35.671137451077 -106.89760348767
40.122757034159 -111.62963140446
40.600022505974 -112.58695375933
38.93915228293 -105.70566031824
39.87365778316 -112.58124784673
46.700080347859 -114.90256631798
40.157944585461 -110.9128304164
40.686762094077 -112.3346760357
39.808665751116 -111.21067964934
32.883038855161 -112.56404911945
54.225623818874 -113.5750713216
53.921463674086 -113.94038679169
40.406153239224 -112.18849816308
34.536088940042 -106.11582863395
40.518493636478 -111.87552170762
39.478480263076 -105.418082943
35.317065156249 -107.25191712078
40.390284707315 -104.95229621823
40.558358903598 -105.39775749722
34.11309005912 -112.6369567903
39.01658277221 -103.88634304597
39.48734352767 -104.50437201716
40.04798682847 -112.09941896415
39.943673922484 -104.44673531698
34.555114831847 -111.40403179891
40.819919840074 -111.79146562307
40.780066530309 -112.19201300801
53.9767782499 -113.11679606285
40.110156427846 -112.03551907313
32.938179308799 -111.88710388816
40.103133230244 -112.52692751132
39.868589098695 -110.73905020461
40.040353703057 -111.12548479709
40.357422970127 -110.93515114795
46.786769749783 -113.50842338321
40.545812254751 -112.37453610733
39.952535965183 -112.47356544536
32.712856351078 -111.29938478783
39.849772985319 -105.69382323019
34.296806485226 -112.43262629567
39.215926023006 -104.2412481445
40.103420737884 -104.18633016635
40.227947786748 -111.59962205789
40.453280022304 -111.97358800689
33.702965128376 -112.70390442746
40.139844240877 -111.65722535521
39.391930473876 -111.00534648621
39.256409879619 -111.82880781616
33.43112367719 -112.68975540377
39.867463472894 -111.91593010985
40.139460823165 -104.92634729426
39.243418655197 -112.18212822726
53.768319958902 -112.77260052123
53.971206178598 -112.34514759637
39.74601994369 -111.15927293751
34.161205891756 -113.02768236177
34.368955274321 -106.27487643042
40.554972860946 -111.89041108573
41.110637543777 -112.11951910487
40.334651826866 -104.55275734109
39.320628114261 -104.58935212411
41.108065313436 -111.09923957233
40.224703400692 -111.35866714318
34.53091435187 -112.76976645216
33.870889597791 -111.76608269465
34.444446568398 -111.67836781065
33.264102291718 -111.64196947294
33.651340658428 -112.70063609058
33.997424602786 -111.72288091422
34.129350029271 -111.02710436799
32.949121504812 -111.43045839129
42.019123288349 -111.20872309917
40.110693702251 -110.91258705436
46.210353509441 -113.42568247841
39.220523132771 -112.5804822707
41.620774837037 -111.44759421919
40.855495920806 -112.59861351727
39.593172075694 -111.58801325797
41.871845534015 -111.53649259906
39.344573800804 -110.98731718338
40.552933852171 -110.84756734574
47.335364604345 -113.36593499899
35.880064090694 -107.44612648651
34.21176261608 -107.28378945056
40.134081757881 -110.75022464174
34.48483277896 -112.57371355444
34.052011239646 -111.89721267247
34.198013273439 -111.0336991763
40.67810287915 -104.50035293911
34.446063045656 -106.18275926004
39.193135794637 -104.99412266386
41.765067599142 -112.35197705569
38.941066552221 -104.73678147443
40.5328600312 -104.54368882691
40.499622156211 -104.55744960132
40.771850279617 -111.49456108697
34.287434445176 -111.28152173865
41.135214780246 -112.52483182225
53.103390148146 -113.63325156581
39.229803312402 -112.52829231379
39.607109633624 -104.61105408122
40.485706592862 -112.56596510404
52.672322701233 -114.03583391385
53.89635184235 -112.61558119376
53.146073263395 -114.02522666707
52.81246685759 -113.06050080157
53.146971151024 -112.63973319793
54.495208479418 -112.94461943905
53.415171926757 -114.08640659418
40.20078176987 -111.98162184874
41.08452038816 -112.49734211117
32.744625009291 -110.9385570837
33.304905056207 -111.64574873135
33.796901586532 -111.4800079077
39.250274075969 -112.49271219559
34.208710506469 -111.46994853834
40.844547717951 -111.72695881428
32.797292509767 -112.53155279465
39.37891847677 -110.8828347966
40.534429848169 -112.24084940271
39.044385756453 -104.78337474663
40.515710983857 -110.84322319904
40.865547987761 -111.05593674433
34.125002274161 -111.23440767697
40.06676624306 -104.40602898424
39.456604387549 -112.35270216645
40.938865239706 -111.14611935539
39.334347753667 -112.45057175781
39.419237076226 -111.30327563966
32.746999301178 -112.15073458299
54.487127780864 -113.35278378909
40.504154331011 -111.99320701682
32.980426954841 -111.22255545912
39.227492978162 -111.7680747595
40.149659684654 -111.49443931514
39.892265309721 -111.34383087654
33.004886129221 -111.59585783892
34.413476323597 -111.1005167334
41.950219722444 -112.48480226691
39.226191448344 -111.49913605685
40.301430378906 -112.14417497667
31.674949551942 -111.80607432999
33.649600865435 -112.24194472016
34.608626252826 -106.60615310905
40.726075070974 -110.95417000105
35.229668758021 -106.900934578
47.37213345011 -113.50294546164
41.912126632369 -112.3806557104
32.920738917552 -111.02697834933
33.550493012718 -111.91347119209
40.310809281866 -105.46380313594
41.857396607224 -111.72951407262
33.565545056092 -112.21338908804
34.185235630843 -106.23745750706
40.229497560008 -104.13112420635
40.521399468256 -104.05106558036
40.45668460376 -111.2587032602
38.782540399309 -105.5276028897
40.451031991216 -111.3944298239
34.810978862405 -106.898245195
39.735441687585 -110.63193066667
34.417444972795 -111.11967655464
46.007572772736 -113.332613108
32.995963362323 -111.98669628846
42.586727941685 -111.42409939023
39.065003433125 -105.71737858302
40.06783360858 -105.65146337427
34.558577771838 -111.56796181183
41.933434374602 -111.45583122068
41.266989910171 -112.49074881324
39.624767151212 -111.81454942167
40.494350678243 -111.73647591958
40.918318805904 -111.06117793395
39.923804743371 -110.71756296997
40.704357220379 -112.01796145538
39.895531144601 -110.86493562421
47.747559211851 -113.9743148839
33.861023045707 -112.84448163307
32.884842930469 -112.45399736691
33.983475770489 -111.40978611197
39.202877742399 -105.73837031778
40.658613593816 -111.71421998712
33.401918380522 -112.1381263254
39.22996853146 -105.48891094338
41.967701126809 -112.5356185151
34.563728872179 -112.02692090545
41.269058969466 -112.45128813882
34.181943290522 -106.58545165037
41.364317368889 -112.35497247407
39.060588829543 -104.78420342763
46.326322004171 -114.10168988877
39.284072009704 -111.48159076329
39.754301875907 -111.02426462608
34.157541340792 -107.52180360388
33.342665859005 -111.8738487069
34.887178516465 -106.64405215947
34.167988421635 -111.33375523265
34.666099783845 -106.59183196717
39.76874816426 -112.30242151954
33.839889450669 -111.04352609397
32.669001131443 -111.21326942892
41.919699290267 -110.82345180541
38.649127928443 -105.31932108764
40.231638583909 -104.46823924451
39.629990587496 -112.349727219
54.276917759181 -114.13555112208
54.209790120188 -113.59611440385
53.765226149545 -112.34093384414
52.675084418654 -112.41383165234
40.793019344194 -110.7072593581
34.10074139745 -112.35673061729
39.762150521936 -111.26583380204
34.182841421004 -111.9529829407
53.61759733596 -113.2179577482
53.369430377043 -113.73161294392
34.321852304352 -112.42680931773
33.420249360623 -111.81146772244
34.420298244813 -111.39580858425
33.73463355812 -112.28109457637
40.501707246125 -105.34663980179
33.919484467022 -110.98015398392
40.014000080724 -111.09483072665
40.223021971823 -111.39714380172
40.422040388014 -103.9827492478
40.040035931944 -105.02214092942
39.328808548273 -111.8733739348
34.16089058306 -107.47823780484
40.406922944736 -111.94465364686
33.70261268518 -112.2243436618
40.850010264598 -110.92746961729
41.652887372141 -111.79717659904
39.922778068266 -111.81512586238
34.919614284764 -106.91728365849
39.3931195898 -110.82191339253
40.68836590792 -111.17736164428
40.292528838712 -110.86524443262
39.882103360394 -111.17754205404
40.092535262334 -104.40592043621
38.851127275729 -105.39704950119
46.991441214273 -113.6133917979
33.503178043339 -111.11093003076
39.033431132406 -105.08840750947
35.553632834289 -107.01166254248
39.648661873901 -104.32822333466
39.999191573546 -111.88403038289
40.926885359612 -110.6693173793
40.529646435705 -104.06437607633
34.36984802362 -111.18947206168
54.144089812203 -112.89463952552
52.950421148145 -113.99780313904
33.173449475212 -112.0541659864
52.530537074867 -114.14810693457
34.441059049703 -111.86504340166
40.277288502868 -111.69894883335
42.324182266523 -111.38923098547
33.47525264112 -112.06596654734
35.764789921624 -106.44647691386
41.011673296998 -112.28268212359
39.584231251383 -112.21228948511
39.602199357475 -111.25668939015
41.872941950746 -110.94741135284
39.968669079886 -111.345927435
40.791252079514 -111.23776223461
39.981683929634 -111.26892928964
40.061361629736 -111.44503967657
39.512011551728 -111.85499293895
40.758815221102 -110.89449277874
34.516866949441 -111.51048617788
38.92426433673 -105.01535192307
34.151060809954 -107.0841192167
40.290915760642 -104.74964262661
32.903122431833 -111.83688859076
39.742578207587 -112.3302139505
39.664857274888 -112.14678544684
53.6090364568 -113.94306800978
45.787063548528 -113.31757420838
34.212068883837 -106.05836125059
40.373154359769 -112.49758619918
40.134538222824 -110.79858976859
39.931709931391 -110.67198185361
40.848946322808 -111.49741043113
40.324424239683 -111.69262909396
39.990151324496 -110.74110706218
39.788244825756 -104.1108615361
39.907969046532 -111.91664287011
40.558206665295 -105.89967597326
40.742919445387 -112.52424315537
40.481967859386 -111.89641386904
40.321896431377 -110.81464754954
40.10473034974 -111.79960753746
40.388560991641 -111.55478095555
33.116507025303 -111.01027897886
40.911839231999 -111.91326108743
38.776707219151 -104.2023134236
35.124579812494 -106.84600918373
40.507353132191 -105.41901663745
40.886976499061 -111.21193737324
54.252149137043 -113.20365718855
40.29261698232 -104.92942260956
35.823006675998 -107.02254572617
46.739487049334 -114.09111720337
54.26839981632 -112.52846737929
40.664139183062 -105.90311547013
53.479443484863 -113.70677592592
47.27247150563 -113.08588629183
39.245686690609 -105.76635198665
39.627480086527 -103.99097271112
53.767711554269 -113.02278330551
53.978339314174 -113.09733643807
54.295410361001 -113.43945390007
54.003931822446 -113.68275339002
53.023093751365 -114.30773827728
53.658603179764 -113.35436303418
52.558339606953 -112.65913247907
53.726305693449 -112.86785271199
53.28815602264 -112.40460705031
53.442302737314 -113.01452063258
40.227907078742 -104.88899770083
39.385918772323 -105.3693939881
39.815642146137 -105.39753662848
39.295414990018 -105.67544391543
39.118372803904 -104.33017926667
39.633138032754 -104.2214207556
33.860955378721 -112.00950653387
40.214750320476 -111.05575113453
33.185128864614 -112.43525750407
34.370557085597 -112.05019574942
35.419536487431 -107.04295794494
32.775818830531 -111.36054268357
39.805934108895 -112.33260090232
40.464407785272 -110.63800686195
40.377013512788 -111.70761346883
39.935084203209 -105.93421674818
33.938405678578 -112.64709594721
33.454881004083 -112.85996913299
33.132450274533 -112.47500111838
39.649628781742 -110.68643587613
39.364100437041 -111.80608739169
53.224115263964 -113.48218391532
54.399185662998 -113.71096935436
33.87372178222 -111.5747219244
40.204158655292 -105.06172072739
46.287595486222 -114.90214067889
41.857871939365 -112.4648132509
53.804480962087 -114.23971652065
34.424332621053 -110.96301871072
42.630237088835 -111.24906521033
34.468209800099 -107.12267389912
41.146281793319 -111.77453970257
34.496622328691 -111.98349197488
38.820913670796 -104.63820258779
40.309782627374 -112.60978964777
39.607852144516 -105.05467384165
40.69859033735 -110.92834871245
41.430012883822 -112.41607190232
39.372416814223 -112.09090675311
34.339407617545 -112.89228407299
40.897147149922 -112.37032932047
42.22563882016 -107.11753435012
38.694542674035 -104.86167377122
39.470223889506 -104.45117294896
34.191635111007 -105.99005786109
34.497803793216 -113.05549076399
39.759466012657 -105.10491497156
40.366274927428 -105.12468096548
52.960955855607 -113.8844080171
34.140600866983 -111.93804479016
54.120731897431 -113.94753602983
39.767609595508 -104.04916403899
32.830060632634 -110.9157959758
47.303931808992 -114.89236884522
35.707493028969 -106.46605500101
54.257694361109 -113.97845673886
54.104408932621 -113.39841718059
53.086340161735 -112.84314866823
38.832458411712 -104.92731104763
33.935096458781 -112.06061451467
39.297823181706 -112.00988388188
47.623221160489 -112.99300468117
32.626673344814 -112.78852840674
39.476370940864 -110.94322480431
40.254429081765 -112.03069616516
33.104949751265 -112.63250018826
40.047982160681 -111.63420731124
40.14308979003 -104.47099815417
38.779850821906 -105.43840121678
38.831025561685 -105.67343681405
40.837166768148 -111.13293300981
39.253722947866 -112.54475980171
34.439686841815 -112.15128304491
42.687042283683 -111.93942126173
40.208097855383 -111.322070573
38.835570972166 -104.49220015353
39.231703564462 -104.1381100276
38.628670952642 -105.65253207484
39.075892242468 -104.16077867053
34.852676626728 -105.74282406038
45.82586710548 -114.22270459608
54.048665332819 -114.16415239692
53.666914244681 -113.48645653552
33.612013537069 -111.47863272135
47.483693762262 -113.54937511205
39.180166437204 -105.46444966002
35.147500606824 -106.34953645506
53.29244237379 -112.51301464882
38.705131675977 -105.78971887829
41.092784566108 -112.22108526524
35.790443293265 -114.2617881452
53.871843143961 -113.33767182442
38.716024576849 -104.70811690132
41.165557438776 -112.54845763056
40.180766409073 -112.00653159465
54.482185391191 -113.59923087741
32.771172716455 -112.65111750302
39.74261137069 -104.91850347569
39.422557948886 -104.00576172669
38.850498998763 -105.22520718303
39.864884218329 -110.73515918965
46.199410480826 -113.6927627753
33.608444107327 -112.0337842284
39.672430581918 -112.35781629107
34.295184993359 -105.79140003075
33.55494596211 -111.85598702257
33.249181883805 -111.70152861984
47.383144485297 -114.3555680339
40.541399697751 -112.2370970072
53.481749552249 -112.88565376396
41.130088844123 -112.44209103573
40.172323657937 -110.99071474545
32.909962982642 -112.65108415329
39.858832266411 -105.37622498447
41.067315049504 -111.15261929313
42.513311672732 -111.27720676991
40.877319713723 -110.83370842856
52.688572394705 -113.82614160368
39.721690640846 -111.28047032235
40.843660004555 -111.66453208931
40.191730192212 -111.59220564938
39.003329441485 -105.72665172097
34.036342272365 -112.46311370492
40.853961078108 -111.24542891884
39.778025309643 -112.3504591035
32.613299729867 -112.84783382102
34.556301699558 -111.65190604779
38.907055606158 -104.38339840539
38.974894312494 -105.00470942061
33.067073146539 -111.38355208822
40.895951852345 -110.83697518638
38.845551491007 -104.03701042374
40.16649533473 -104.5399793737
35.807287199835 -107.07918023381
39.997286633313 -110.87577548464
40.760775506388 -111.38264165194
35.51199154397 -106.12107407413
34.246906803849 -111.85658908304
33.547197950392 -111.76875612814
32.830255155186 -112.05901182679
54.406184776598 -112.56542497201
32.93326916838 -111.3358976946
39.666775034777 -112.444683733
40.07499970658 -111.59755870062
39.314187983854 -110.77841069013
40.394554280689 -103.99340298154
39.616722833482 -104.02428730194
46.880358125313 -114.12532282543
40.647912836195 -112.54095089354
39.556930529404 -110.77557003334
41.248255351677 -112.56629520411
35.8432736131 -107.12672654651
33.497757039544 -112.06708103748
34.203420194705 -112.17852286631
40.776718563765 -112.14440716028
40.740738018952 -111.07295341127
40.272988751849 -112.45914962709
33.636920682265 -111.4377587342
39.85080725479 -110.95423965513
41.15214684399 -110.77962442277
39.148582632086 -104.06819944867
34.493527134458 -112.22177671419
39.296377176282 -111.75188457615
39.213798157951 -104.69985064313
39.633316480575 -111.8739344946
46.058557297416 -114.31570564048
40.109425759651 -111.715818939
33.153647659417 -112.05430692421
39.469899799619 -110.70886931029
33.47949324971 -112.64802390787
53.353424037694 -113.42475942356
42.152343230396 -112.7221398302
39.139716479507 -104.13514935719
39.860033185813 -112.10941349054
38.65438286601 -105.65753467586
40.337688203422 -105.41853755627
53.105783449258 -114.30575565217
39.2545375593 -105.09621739758
41.025490825268 -111.20551990853
53.847498412827 -113.28452755012
52.726068391526 -113.78776604579
54.097862359836 -113.01256404864
54.105601551715 -112.85963571205
52.969058688904 -114.03118964799
53.294027204019 -112.82656773638
53.306528677564 -112.67888875896
53.643660737224 -112.4560749654
52.572735129845 -114.06094145824
53.750504393669 -113.63552275376
39.299051843552 -104.043862529
40.140425909102 -111.78068659896
54.095199558185 -114.06152775654
40.272666862428 -104.68079257875
39.590161218288 -104.21310174996
54.004804161568 -113.89356678021
40.378675354547 -111.35449253864
34.483789751345 -111.27891036463
40.12759332477 -112.23495576062
33.360812586248 -112.61096973327
39.473143725602 -111.71802028987
39.032964056668 -104.18792084555
39.280869215118 -111.28316926117
41.126934566785 -112.1658161701
34.464746779549 -106.56641876504
39.91161268918 -112.05265719851
39.837219823371 -104.60058168385
39.698523422858 -104.87097007484
38.994662567951 -105.58286962055
54.367589440556 -112.72404016262
53.613905154177 -113.18636609902
41.160023165667 -110.85269253401
41.181620370407 -112.16053493734
33.120186243076 -110.96666542393
54.288201636958 -113.3132175977
53.046887664335 -112.81638682579
40.604004381231 -111.79181943158
34.588741485583 -111.01710144758
33.708984842202 -112.8656869274
33.73118005103 -111.77520099459
39.733237870105 -112.48617854677
40.286029853717 -111.95649584088
34.339024513931 -111.76389026632
34.662656894889 -111.17880569743
33.843366775188 -111.23854995889
52.81089496902 -114.18824421111
38.650309099254 -105.80049548003
38.911017186728 -104.73671533423
34.22254251622 -112.29615175701
39.336367489187 -112.15670678386
40.901840097882 -111.21276799399
54.458740360971 -113.85013839735
53.16314731425 -114.25841123856
53.539953700707 -114.21401358033
53.809718093935 -113.27097419802
53.816986924141 -113.98477745521
53.004028401062 -113.88184792916
53.52708269606 -112.66194190954
52.592910278588 -112.73706731002
53.947515150696 -112.35080919571
54.214904889753 -113.40269551725
53.496589165601 -112.362162837
53.29773726347 -113.83966152037
52.817526485409 -113.9450388462
53.39565330036 -113.93810816852
52.532106045604 -112.88485757303
38.705891070351 -104.04159375136
53.65788996921 -112.60765934438
41.203626370344 -110.75444468039
53.249486861124 -114.25680256973
39.211225056017 -104.36603751225
38.786460075723 -104.95663728831
39.990556539223 -112.3545530597
52.637400564757 -112.40096337833
53.291436412696 -114.23104421107
34.604289986635 -113.05677153416
32.733231131328 -112.51000956547
53.617766506049 -113.77849678266
39.298060271288 -111.15539805864
32.643892313933 -112.04639590581
39.512058838339 -105.81276113054
39.934473655688 -105.75170165096
40.438101525348 -112.26637110904
40.89352155165 -112.59563419656
39.449636680113 -104.24693492194
54.497831247236 -112.95203348853
53.90867595622 -112.4813947759
53.220987459936 -112.9297349462
54.443682808358 -112.70691522849
39.909203319369 -105.20757876572
53.753501832093 -113.80091090771
54.239775998352 -112.63617931895
54.345924945432 -114.25465673779
52.83549359778 -113.40429986846
54.322907677725 -113.82774381611
52.8284027978 -113.89410199081
53.642572008561 -112.35627396794
52.964725716212 -113.06199164785
53.320281091484 -113.40810490838
53.262445572143 -112.49847410922
53.280643410369 -114.25091773703
53.968507755256 -113.48276462103
53.205399591294 -112.85374341619
54.167184242314 -113.63485765953
54.298989921205 -113.0342135383
53.723259033695 -113.79287682511
53.007845884381 -113.30260734926
53.542626501502 -112.34915342664
53.745467322017 -113.06681773163
52.538178425256 -112.83894127693
52.574100659219 -113.81102545411
53.527576002261 -112.86993004795
53.961870981551 -112.45546888023
53.512275086677 -112.82405252095
53.831143210286 -113.43868044924
54.289346303183 -114.19718210269
53.038246344516 -112.84879979252
54.132921263826 -112.37835696404
54.246860005265 -113.01963062912
53.00570145641 -114.15587766103
54.272750343977 -113.1451734659
53.087529177541 -114.25430887624
52.73717535806 -113.65037938843
53.850370421659 -113.75872193685
52.84161838109 -113.7136896852
53.694701668853 -112.58510256772
54.366636891743 -113.44607657495
53.739153713055 -112.3305199688
54.388754373786 -113.69340516007
52.625137318871 -112.96567851816
53.029216544905 -112.95530317023
53.04075535361 -113.81596869175
53.495689668646 -112.73600714921
54.13594935813 -113.94763801897
53.527679568591 -112.94508249077
53.065550338696 -112.40357755609
52.806444486236 -113.42083863142
54.358187430894 -113.88873356017
53.171357696213 -113.56918111191
54.47086609382 -112.37757993647
54.303196252188 -113.99100396223
54.149801656862 -113.15226115107
52.721066410246 -113.69514321475
53.197009086889 -113.60071836859
53.905438617948 -112.41601631437
52.848515961903 -113.85601074754
54.217293227847 -113.80044540102
52.911221504359 -114.13714103035
53.85404671601 -113.92087441912
53.03581150828 -113.75664733898
53.641868769679 -113.69869895126
52.642055717784 -113.72197078808
54.290892674446 -112.82858755385
54.297497959203 -114.26133613021
54.366142701717 -112.63805718238
53.665444510556 -112.66001457007
53.204974735905 -112.72197523561
52.561544254872 -112.37795079098
41.117955728215 -112.50477835965
39.883993693299 -111.43545992353
34.480504104905 -112.70598833669
39.61030067225 -111.1651806244
33.647771097369 -111.72937167284
34.105739917469 -112.5437285181
34.401393632628 -106.66637741632
39.16983497739 -105.14791614604
