42.739871270389 13.493972569955
50.645651937065 0.6803581610184
42.189200984889 13.507476791531
42.443748512533 13.253873312054
51.754301598181 8.2326796768385
43.437690132057 12.87916793205
39.04309658687 16.56781240835
50.286904103722 8.1379692010293
43.125839771782 11.956639188808
45.933458210869 2.4535604363557
43.634256855435 13.01066312569
51.633180998561 9.2304716223061
40.64786841952 -73.960312241336
43.012432391316 13.674368973691
42.729907649014 -88.526557873905
42.110147420855 11.974292446403
43.401548389553 13.166244067816
39.888800814908 -79.110105479896
46.736732618064 10.159176995211
46.702027826897 2.2076255284285
43.045347458259 13.404944201675
42.113237530532 13.191701028141
45.511293877199 6.7011657838459
45.64323235352 10.433736093244
42.657281270112 13.387051531315
43.310458298007 12.791407138499
46.878849002476 8.1921208986044
43.561491379797 13.161055414568
43.221347647378 12.016476975317
42.523599562034 12.503540190658
46.806687558445 2.9370857220781
42.075276440531 12.124481782396
45.386939092116 11.018401449273
43.230564457027 12.415724269329
43.722725804787 12.15905321073
42.366680300521 12.034559984729
43.010360343873 13.556921784581
42.90080843258 12.530684783857
43.333442774778 11.9924596823
35.154522677545 -78.208199341969
42.480885136652 13.108883878288
42.185235160976 12.061814831154
43.217160508159 13.456706056605
43.439270463532 13.406149768481
43.525806991649 13.733672030633
43.638532044684 12.5083110675
42.744283296535 12.356988046971
42.206526449999 13.436540562418
43.703451765191 11.585008536181
42.826502790149 12.288166381108
43.083190884035 12.142622200394
43.682999451518 12.690559837378
43.563820381932 12.047373268331
52.63309001696 6.430117528271
-37.766888384133 145.78680630919
41.924790323698 12.865642047446
43.227707000111 13.396905717646
42.591669062915 12.952577714342
43.553471982758 12.680959038309
42.999761672246 13.149871741047
42.992731678783 12.670616858506
51.786468109715 -0.75230863590832
50.119920281284 9.6842875656133
51.100260189083 -0.75410698720445
43.304462231393 12.201232152174
50.485067605733 8.7111234477307
42.6509086763 13.41084007521
41.837509316803 13.021184925486
42.914374094438 12.819599903591
42.132028816816 12.919727460465
43.157124156227 12.995597858467
42.973904481141 -70.312364125801
45.023357822105 1.6152046041634
43.483794440296 11.837582005133
53.403063246004 5.4723150021035
43.15337715214 12.583208587313
42.360143569487 13.35846883869
43.292319546145 12.240091170317
41.527216419044 -75.083512101958
41.951921240891 13.275961335898
42.247865021831 12.601666580256
43.470042989829 13.43429533042
43.471178258544 13.747192513567
51.524631134246 0.64924567636999
25.292012048073 -80.687024783007
51.74407642243 0.57213695814668
41.870401306504 12.626285503465
43.743555942918 12.703935815836
39.338870599732 -78.144321731784
42.597321710383 12.951517039908
42.211157864079 12.075623520706
42.52365842069 12.616885910585
42.506505123131 13.048853510103
43.57292294857 12.269874666033
42.384182075238 12.205918555731
42.09520356969 13.771154686257
45.463306474927 9.3100102655403
42.258835636687 12.76469367268
42.474158233739 11.982449722489
43.265770967263 12.996244012397
42.74124803617 13.23722867122
43.512095091658 12.297152482133
41.930198148813 13.119773218951
43.804246187606 12.723810068224
41.366803529983 13.117321342562
43.723628462185 12.785929395273
43.683058330663 12.789551439152
43.719707647695 11.835249218568
50.625201172487 9.1267820005895
42.707915432171 12.814906378211
43.775797282728 13.453673692652
42.340400358842 13.701551768811
43.40779715751 13.450636309802
43.529002514469 12.837993889061
53.087529177541 -114.25430887624
