51.647183231147 0.73676768300439
52.160075154463 0.48561103426647
52.367347031304 0.50709539297833
52.074754995096 0.22370675723707
51.952178458428 0.50691184466561
52.047669616783 0.24047971848887
51.806054196929 0.35491629887602
51.758145012082 0.43587724786526
51.965502264195 0.8585153509623
52.05732832691 0.26452531307453
51.738464155811 0.66031562841978
52.180206232456 0.25554721137502
52.007982427957 0.69464487283707
52.085224441525 0.7107069788504
51.851491402533 0.32177476687906
51.95811508105 0.46039144245461
52.479930169405 0.47539778350173
52.166384704721 0.26595181559956
51.705805300365 0.33615465193343
52.361937138653 0.73344720882525
52.140663467646 0.41849432620616
51.596005281478 0.66086088751949
51.694359048826 0.58248679035925
52.034298882603 0.77366272018462
51.765006402165 0.30819948678753
52.451015354111 0.82542172154199
51.936584019771 0.56426740272635
52.036653686099 0.47759947384131
51.56490704234 0.81680734209102
52.037782274437 0.74938795512514
52.439713606117 0.74663265917294
52.246447696232 0.728736375281
51.833547813508 0.54394162932129
51.613462825359 0.71541267987593
52.10413690964 0.8505157715364
52.107839105468 0.53905814114449
52.315167490307 0.67113367307984
51.917718320814 0.55374855708506
52.288640844537 0.80222818706754
51.797834613033 0.34745467511819
52.190226171021 0.39560209879913
52.03665875296 0.74027225963319
52.479287818996 0.38353493869004
52.133718940259 0.31562815895567
52.234506292145 0.63572666446014
52.217174349588 0.34729243014548
51.803558372102 0.61568048061137
52.145858577288 0.30812599193218
52.129780960563 0.52036180226615
52.39520130907 0.55456663968255
52.295494608486 0.48019400535627
52.321713482878 0.55263087593142
51.778617326766 0.62382967095535
51.869535852396 0.78990634981539
52.156721182473 0.41273106509016
51.909349650335 0.27649722907995
51.856385792306 0.29166366913434
51.854955264532 0.60266527742738
51.678956726649 0.79048321008705
52.319050633264 0.44493050236951
51.627733584087 0.84069933217518
51.865772970191 0.70219979835311
51.882620327818 0.24299137067655
52.092483035565 0.86939966900247
51.60933439299 0.75402249705234
51.638799657178 0.5926068329637
51.782839396635 0.86134862236276
51.611313338443 0.86379728221977
51.932845211324 0.71713227667247
51.981081397497 0.41713910331351
52.153585917621 0.69280829680283
52.385809735342 0.42731043897444
51.811518422473 0.82614723952308
52.390521720001 0.46713020529465
52.310850797599 0.82352624214885
52.262220539973 0.69184980335732
51.581074380819 0.77943980445594
51.969136083251 0.80132235432571
52.51127455281 0.48355877955811
52.090524626239 0.70761978560948
51.760902455198 0.86678544793129
51.822543127612 0.15556946585215
52.347725904476 0.82054332118041
52.358548377109 0.47241506369897
51.963594305545 0.76377847448633
52.26175904356 0.37768378959396
52.496368435675 0.83316318584754
51.972888266888 0.80834631654357
52.455065230352 0.62502772850685
51.924518304609 0.66948614481813
51.764268993057 0.48687846044865
51.537476072571 0.80103427622982
51.974775482656 0.55231035567928
51.866856197066 0.48343188938379
51.889405884961 0.18651449497627
52.112474099087 0.5155996807877
52.150376966992 0.56482754203251
52.007386381974 0.45735940819018
52.149900458124 0.60390958073266
52.46690703601 0.62668265007282
52.312980166549 0.84808049059384
51.990552414903 0.4172036807552
52.321313812314 0.51059663035004
51.87774643273 0.51423422545392
52.261516902019 0.38553828386383
52.434826834097 0.60341999097421
52.234433039899 0.68934943926491
51.637731259287 0.63223816106201
51.843290928911 0.49360075052064
52.305728929027 0.72336488618207
52.212135358114 0.47491636423623
51.946477650873 0.47318803955018
52.420031055771 0.43659777488867
51.929443999394 0.53025854771038
52.256148895135 0.30439578937106
52.096829021627 0.36464582209226
52.014896697605 0.73511307343148
52.152388370434 0.25304927031652
52.31150149359 0.33562818878593
52.365629964911 0.75015434978537
52.214216185135 0.60582120460264
51.996311364927 0.25915504160764
51.951987292362 0.82489658320085
51.610705935913 0.68293458203457
51.822179497835 0.74372413690841
52.44368482425 0.57767888692566
52.378066810722 0.86747234675916
52.074049306139 0.29825189632976
52.061491493863 0.41028115539825
52.376038841845 0.85397521347924
52.276928577934 0.37709229591633
51.778973149731 0.80465677971703
52.140244996008 0.53826380028775
52.185936294815 0.54613825652569
52.367350493496 0.49055023741934
52.265930514208 0.58760531641432
52.276274507761 0.74217746389666
51.782257639003 0.72955454262885
51.810152209043 0.3472204530785
51.978238350003 0.86848539242451
51.711731601605 0.75456005644266
52.171780354191 0.69327406472679
52.493267794137 0.34240222639982
51.903629252409 0.44802624096071
51.800805815636 0.54232105493188
52.307852255091 0.78204240075874
51.881657714202 0.7219551818501
51.831168967919 0.54400304399152
52.268758439351 0.44658907797961
52.338142914622 0.37547962612728
52.169351904033 0.63045352861307
52.003766514595 0.51822296223055
51.882994479212 0.75115979446153
51.889416410303 0.33513989496285
52.425483774825 0.60908369789789
52.193853431239 0.62866310566602
52.212358695787 0.83963886077034
52.297453326544 0.85152742766847
52.346371536537 0.3998713205987
51.773634228983 0.83683728367409
51.923564400255 0.29970159762991
51.983840035966 0.50554946688728
51.718820802969 0.67513548329712
51.967237738179 0.30422169351682
51.838067395304 0.5373808259272
52.375741562748 0.86694903986387
52.293097467531 0.492097063168
52.237964053051 0.50851692324436
52.105332338067 0.79333874661631
52.437756421947 0.66077338045034
52.310732842801 0.51256284928069
52.165252911702 0.75110533304564
52.159935900783 0.76775576111757
52.130124754566 0.81704559675746
52.124674141232 0.45843765714599
51.922137525595 0.52465118906212
52.448091158154 0.84411724178778
52.175887703745 0.28130606569877
51.962958207104 0.69825923982461
52.352252909379 0.65786330799939
51.969115870659 0.74522527829257
52.231400185605 0.41748405681341
51.653139271845 0.81601285082569
52.203861514434 0.42130472246153
52.03927684973 0.27730534606023
51.909436977094 0.42565614771562
51.875785422221 0.58236977433431
52.333315180071 0.85612332483108
52.225459170866 0.79958669268042
52.277932652169 0.49663359969232
51.842348075631 0.77860441695369
51.935586851759 0.2816620502489
51.647907877875 0.50192906958607
51.781662084293 0.26463556902234
51.909920203225 0.34603300794775
51.681094537573 0.46359870599285
51.884753711235 0.25481720135772
51.568649940225 0.82879794143085
52.42002768904 0.41838949979674
51.818018187917 0.68833989397546
52.366778900785 0.69713353486133
52.269059538268 0.43809138998766
51.976157610061 0.33514693483019
51.737743673957 0.36913139431697
52.21229578029 0.76908283757935
51.643978323854 0.75140137534654
52.3367818542 0.49371643196034
51.844971841362 0.65667035828656
52.480821604366 0.78782734865222
52.148337994439 0.78653165197505
51.984056591648 0.627060512589
51.652668172099 0.79804196054491
51.74407642243 0.57213695814668
52.155834210777 0.36313591842887
51.883634832401 0.6774492932332
51.741300708261 0.51990031842604
51.931883597948 0.73926501936711
51.6011381811 0.75968556695138
52.218679420985 0.2638195018069
51.947165545284 0.61842022673619
52.098791109677 0.67495203649856
52.486475044855 0.79774123089749
51.635715274203 0.74371889216533
52.445192249001 0.75932230039003
52.371289993111 0.62515709340347
52.13905800024 0.61324630980532
51.659857686683 0.72047697641444
52.40062393616 0.49210717500286
52.033579656637 0.23989310820117
52.428640956957 0.41808100059074
51.924636481528 0.72397448197658
51.828363037355 0.60936664859735
51.645212137674 0.61717656790613
51.860741756559 0.37863415399037
52.481055169258 0.59012589978727
52.430145132789 0.86057653918424
52.299707692489 0.4330151580847
51.771010397128 0.28040542601161
52.336248771211 0.74384138110739
51.835489223402 0.78722755828744
51.634920454181 0.76003548300361
52.453764251877 0.40637970636431
51.800503308093 0.64900960984594
51.786130583978 0.8257910365778
51.925926993334 0.3677584101715
52.428936526612 0.52988690064284
51.602454395081 0.63168605720703
52.123481608752 0.54911914441694
52.341251181365 0.79752142992221
51.800404754607 0.7284514138561
52.12096432346 0.75937896019285
51.983112757785 0.42034728327317
51.988470415812 0.20568608403937
52.034040972839 0.6489351105592
52.138765069022 0.79454802893314
51.890247909534 0.28731976504313
52.208612788333 0.69892349214709
52.200716058119 0.86535065283783
52.026618347283 0.64668004938247
52.287563335983 0.30503449411832
52.198081398242 0.66073110213072
51.988480549067 0.59949386747996
51.743469938749 0.4421951981877
51.865078126716 0.61855515069727
52.277339105856 0.35419488756182
52.306009760036 0.53263826687944
52.176773407812 0.75817695290231
51.748578219325 0.26969853656353
52.258583590742 0.55203090163043
51.560441914974 0.85231360734549
52.335532194858 0.66008630373985
51.722389677177 0.30570573555106
52.042671845547 0.56624515189615
52.054643067324 0.418443034081
51.728268929398 0.54061051897268
51.884349337027 0.54958492165413
51.988704961021 0.42189361029859
52.007169498367 0.20638057594019
51.663723904716 0.62182595418386
51.563424041524 0.79215203769606
52.14690380527 0.34277002431116
52.086600525112 0.26459124784665
52.326195879758 0.72753568814022
51.968788525308 0.28469699862167
51.646901681156 0.83314940925835
52.450889731734 0.61323876329849
52.276456671663 0.53567234167162
52.10956145572 0.8552812448448
52.262697536853 0.50436973869539
52.403526662338 0.7921515259343
51.887159938173 0.8082363930057
52.49268054729 0.64316151502224
52.045187649105 0.80274346456526
52.087312543107 0.72493819175984
52.055053543558 0.79485114183503
52.120493554799 0.26477543970327
51.619921016097 0.75234212430304
51.587873050518 0.69553925217388
52.28731382339 0.67437553645051
52.015360446887 0.42909812383312
51.985624189715 0.78009050789759
51.683647973083 0.79490802049866
52.33090043386 0.81887005395669
51.687275405595 0.69695064033706
