42.432097362577 13.738928777065
42.224245832427 12.193657403457
42.093413028465 12.317064312921
43.335805449812 12.892847843439
45.028391444859 11.456094096604
43.189577628036 12.140604013664
43.487360010637 12.467618628644
43.653898644121 13.160412897917
42.510922692044 12.496399374931
51.171589092897 8.2582188720155
43.1711060308 13.497102982151
42.341848205039 -88.462947818391
43.559998147937 13.119656816667
42.851261340499 12.703445056802
46.193607875329 9.1247064022019
43.352702945656 13.238826578615
41.926034879392 11.980430031673
42.165461266977 13.235804428477
41.840908765274 12.698685105305
43.489034212909 12.764076163903
41.965731019625 12.077166353409
42.067889705353 12.265710067614
43.741431991005 12.549400594828
41.857388211834 12.469207160414
42.799146014193 13.478421834076
42.104436668637 12.847034944171
42.058553646367 12.678942930756
47.569564859182 7.5808097513303
44.131862366331 6.9797066363667
43.357352158242 13.72172906984
43.79804761002 13.195817124676
46.386064197582 8.6579764693314
46.428127408481 13.510649090193
43.81937253888 11.881185018423
46.0255623893 2.2825527280953
43.239138729071 12.785025241706
46.758714772183 8.8076712870075
43.740887474635 13.720012075158
51.278337259208 0.76924004902097
42.075330797173 12.530491734192
43.116790154559 13.831276392041
42.011554139227 13.469878258423
45.815297269642 2.7488486146316
51.759660692774 9.3467355455955
43.122927079521 13.238174620216
42.483138950322 13.531212885667
42.992333429417 13.407278308856
43.547869219255 12.970135123942
46.439017990808 2.269104164219
43.191233671846 12.913489808309
42.263814831762 13.533116367915
42.052287114364 13.175591396736
51.523644995188 9.4033836007134
41.837912961786 12.362471122019
42.223423953293 12.985957216952
42.463261895584 12.148933770225
51.981010179958 8.1448728303168
50.730631910605 9.1245862511567
45.879421487155 13.109051998182
42.542523933383 13.654310501041
46.536461867062 11.797634676216
42.768673864107 12.004887717799
42.143992741215 13.396207569838
42.818004989933 12.056111800531
-36.100029997841 148.31092465411
43.276195327901 12.803541575488
42.045107669239 11.941704395221
42.646991541 13.180095779349
42.004753762414 13.603509038989
42.220606729517 13.00965740991
43.388046144244 12.606224747212
42.270905604733 13.672505957874
43.520862491134 11.947274534028
50.83319814216 9.3269352141428
42.8114582076 12.08652590687
51.903655141082 9.9871269543595
43.060619078626 13.170571758047
51.834879225509 8.8894973578348
50.639235080052 9.5928297595088
51.931846460296 9.9018161315014
51.29806707208 8.5956286800074
26.325579851535 -80.253440034969
50.765941399739 -1.01929015486
51.927333956085 9.1512189228792
50.106190939018 8.9405574430435
51.162289188319 8.1195767853035
51.796786948478 8.3286658163782
50.319208581149 8.4430596769988
51.417907690824 8.9754850496424
51.620385969347 8.832721581139
50.384579875686 9.855336735889
51.449094417714 9.4682981890944
52.070697914143 -0.5314425992041
51.169387984634 9.1371233314914
51.206750435385 8.283687112985
50.878538366351 9.2090621708003
51.753299855512 9.2574842522188
51.259097951119 8.7421730257301
51.755793440042 9.1684213137107
51.527339051258 8.1886107722244
51.15182254098 8.9329324783445
51.879449647329 8.8876397320477
51.516089391204 8.713493716304
50.172894963609 9.1035686177684
42.333145979968 12.486413812978
51.053709406431 8.0448464593128
51.238860139269 8.6838566435891
50.678148477654 8.0842964342257
51.752296668362 9.7174293611745
50.562308429537 9.3518631520457
50.511968051787 8.9087050975807
25.728865361164 -80.295260822813
51.19371518688 8.3510363671701
50.224419239547 9.4284861052541
51.274705189874 8.0888081044372
51.585878024151 9.755557624975
50.751334478963 9.9726818292275
50.09119999413 9.949417972448
50.82767297692 9.7538870865264
51.484440166729 9.7223125233884
50.3431851614 9.0803713594006
42.372274602958 12.008455261147
45.084292772265 2.1654626262213
41.044941113631 14.596482818733
42.379237461567 12.22788947228
43.568044521666 13.542213979451
42.817220320861 13.201927875749
41.84267142503 12.452001034048
43.635107990205 13.516755628661
42.065580665185 13.097159128237
43.129060099914 13.700719267943
42.958583790811 12.82840295782
52.206825110459 -0.20640178365465
43.616782754502 12.998516114915
-38.188261972828 145.70180891364
