43.474200336483 25.12403233262
44.465330659375 10.282603159308
50.642989013643 8.7332020447278
51.346277500664 9.2231647955362
45.474778971856 2.7050430875761
43.661343696856 12.380979489734
42.931575817511 12.811258110617
42.14049037834 12.445178242629
43.788479378369 12.088726949009
27.002600274964 -79.359409011877
51.107454635719 8.0191888529897
42.22597054265 12.143390816724
43.284407972977 11.84066107305
42.335828268612 12.639080223015
37.418438217798 -97.236529116629
43.16973946952 13.759448452762
33.828093236074 -83.72878134949
42.993274946249 12.057777328465
42.955446043518 12.776274317327
42.835062989909 12.846907722248
42.920503125976 13.556851509773
53.2286665443 5.2109209934533
50.24219779309 8.9103134246125
42.836806527284 13.000953551869
42.647659330486 13.178866673365
42.341656184004 13.176068836926
43.775878480552 11.837269995307
42.579888792534 11.904919330939
42.81009394855 12.671695957294
50.709694410539 9.6690623581731
41.914447830971 12.592676990497
41.964646411133 12.023316841604
42.055988025433 12.266793485876
25.34347288837 -81.0102076496
40.709796456935 -75.131169721592
43.027421663083 12.949071590786
50.855347024675 9.2234765590278
43.684110324238 13.024216525289
48.325846439167 13.88116522386
43.365198053145 12.838045895977
43.145825464367 13.199312379698
43.292981305317 13.013381481664
43.45951728686 12.799490467107
42.045940131923 12.045567933512
42.995058963094 12.455346001545
45.268311026885 6.8629421914755
42.237170349938 12.495750729712
43.52930393283 12.602181132719
43.177736350439 11.978407180879
41.854458917351 12.280660301133
43.76510247719 13.59641264502
41.984663222465 12.788436653481
42.258227640904 12.004688878101
46.354076484849 2.2227040791058
50.106898947669 9.1394515257047
41.963460281961 13.776476914446
42.563591579377 13.102251569134
43.016198422323 12.446001050757
37.861601679795 -123.01131706963
41.958701027093 12.186353330143
43.77564431672 12.324029032313
45.613703931502 2.1367137507241
42.045102368151 13.151075826584
42.112521758842 12.978158194117
51.555764216257 8.6274718598591
42.623020136109 11.9209126802
51.026243652928 -0.23454934933434
42.401984547939 13.551856152526
42.198679963706 12.060751669624
41.986984762844 12.485090764486
42.90177818199 12.324583089151
42.773716184692 12.767776152963
40.231363250202 -73.547603388238
43.097105743895 13.027777875808
42.02634794734 12.827162323926
51.52059317125 8.3233573699013
42.347239691016 13.64271608353
42.324377324604 12.379121242754
43.484681465444 12.188006155767
41.847922288297 13.305592918932
29.55188712114 -94.508220188765
51.517094348332 8.1983060930848
42.755705723565 12.818030121929
50.038828081004 9.1502662446118
42.269062678476 13.725901912326
43.239914748485 12.508000324738
42.788774568045 12.354843826219
43.41130685781 12.749821730794
50.31277558548 8.3896955067244
42.911103165222 13.302493062498
42.307962066658 13.363132005748
41.938767758191 12.089653131149
43.306330580568 10.586231185119
42.894212771645 12.495740913107
42.656499800599 12.4842511241
43.672405328936 12.104957510321
47.39617602825 7.7722877076698
43.449458767425 13.085096341618
