42.493418694259 13.302959791547
48.924602330278 15.221245403272
42.765627595042 13.274178492985
43.800137624538 12.099317970287
43.464089004094 13.831309238391
47.719635787755 8.3354277500582
41.913669467419 13.51217343917
43.184396672635 12.807627279709
43.233072152491 12.515193105471
41.976849783688 12.724415617888
46.73986263966 6.4947762412483
43.631394995226 12.331231569115
51.657524170893 -0.52652518760251
43.678951116616 12.100087090463
42.850472590372 12.092060019792
42.905699212081 13.29333264443
41.858037943907 12.968512349303
51.880676054808 -0.021340421385334
42.184399525742 12.875599326529
42.833100767749 12.65371852261
50.668334125387 9.5161928285454
43.482241017058 13.213124011298
43.639640316057 11.909657498409
42.222750864116 13.01875318031
39.53688956862 -90.177280586661
42.76873107013 13.375976682371
38.973430484618 9.3902266631245
42.882609501913 13.664256078521
42.95263720164 13.581437816204
26.229586130564 -79.279492410305
40.100775594915 -89.679435247408
52.313351095567 0.11475496366842
42.217641445465 12.341989259416
43.205340378103 13.276013623141
41.963055956647 11.996358560883
44.623397225364 9.4476244304551
42.346708393373 12.589888606516
42.917717243062 13.587070253972
41.992915125581 13.490515646308
43.364957339321 12.525841162806
43.364668037933 13.659119132303
42.503372149332 13.602858614013
42.638709571531 13.568110519374
45.758048759661 2.8607008386686
41.967560208874 12.765812084456
43.595233739186 13.531432427269
43.209083544209 12.612829807055
43.639734502269 13.664023928674
42.710669313444 12.113273071199
43.182352746477 13.308551496991
50.979102219445 8.2342391406345
42.793197248987 13.411265053068
42.646036672728 13.833101782891
50.579854942197 9.8190465144902
46.675661865936 8.1798009714949
43.542157844448 12.717215014045
43.55144377034 12.488719370465
43.535552844676 12.993987645506
42.576738501723 12.942951241037
44.031537605699 7.7811892725928
43.076758443435 12.402942904014
33.789619952659 -118.74837503175
42.791997632867 12.393183200359
42.236985383687 13.558753193637
42.538052480008 13.5596561607
42.866475721899 12.679092923773
43.402883795299 12.429954909475
43.14459227174 11.861653429878
42.84166471266 11.175148326615
42.743743517803 12.225257285531
42.534832162121 13.656583278301
43.021892200255 13.559872945121
46.412445690209 1.9591642422411
42.249763985767 11.912487683332
42.537408627375 12.674176444634
46.086941346706 13.014865766879
51.317459296583 9.8496325844199
42.441596015583 13.365751267136
41.912115004825 13.720410558286
50.858912082789 8.4549198599788
42.474400962945 13.691316135105
42.814611978764 12.38122506087
42.650132298328 12.694638137584
42.880534992984 13.238060764635
42.985599860563 12.868574640208
40.338522917515 -74.101308679973
43.082273790672 13.347883757852
42.602059355773 12.276256143731
43.234002090189 13.534311289238
43.193442727085 12.324559943923
42.610223200477 12.342014818633
43.549893822798 13.360037346559
47.365717517636 12.967062194139
42.940620630507 13.658666035488
42.033490402661 12.994334620442
46.783778585393 7.069721163283
43.036996459161 12.811384881314
53.320281091484 -113.40810490838
