13.752613358105 43.709006416031
13.755996634625 43.650194126971
13.750336325632 43.673887664787
13.738803674366 43.652709823427
13.723573278994 43.706778549939
13.755862877612 43.689244996167
13.725536099994 43.681847101882
13.735896813581 43.728090955305
13.728735709923 43.675915435292
13.759692818767 43.677171198522
13.706923486549 43.64954771972
13.72928812484 43.716480242443
13.748259639737 43.713753734603
13.748966840931 43.671560342292
13.736134022838 43.678231673652
13.72393541912 43.686389850328
13.705646207906 43.671278586479
13.759086680973 43.712856856062
13.725247425852 43.719096422086
13.743253172277 43.735762721291
13.754268839396 43.655513053155
13.761815889649 43.7087681297
13.755943654478 43.70463960513
13.754100628104 43.674721259959
13.709065312405 43.676619486288
13.741904898447 43.671857256776
13.751722639332 43.686853098093
13.760987276121 43.703460546093
13.733277388745 43.677808634808
13.712741171363 43.693404740998
13.730225786928 43.683360399086
13.749496686177 43.717670031713
13.741777883743 43.719237655757
13.76766843666 43.701557990046
13.72399421724 43.679949700239
13.726893714989 43.647064146442
13.743752869213 43.687026168095
13.758687864432 43.711555492485
13.750585033929 43.702741651213
13.724162368928 43.707632426523
13.73785692583 43.646632614868
13.750829722172 43.706669273205
13.707456448466 43.681274478196
13.763369170394 43.681373584423
13.755863158871 43.717978405656
13.722924131792 43.702935784938
13.716065560356 43.711369001659
13.707750720323 43.677807137241
13.719633886015 43.699526243724
13.752176803908 43.708393399489
13.76998652742 43.686150551648
13.703460766817 43.643780771964
13.724826175147 43.679236335086
13.748606445172 43.694656578237
13.758906659579 43.648063851843
13.759342410045 43.65597179425
13.748037315809 43.678335148247
13.725043023364 43.709893063528
13.731255686272 43.712254272195
13.760642191305 43.681448344945
13.739263642013 43.733978186165
13.736660894371 43.688759321689
13.740893565019 43.662170397447
13.715947909169 43.642476880777
13.70731972519 43.678881939372
13.743865080545 43.660448604126
13.756052984298 43.694945587656
13.776471536989 43.683581087612
13.768303553021 43.680953136983
13.716026767511 43.667173398525
13.772587923714 43.66947478974
13.737315463732 43.676992517301
13.742255868291 43.68912248627
13.746707731295 43.724057812602
13.755624111649 43.65126356934
13.737432113282 43.721372115317
13.706547384035 43.654137495299
13.732906557982 43.722615179963
13.729865383718 43.712318001668
13.7258873497 43.666444747109
13.741472901677 43.648419536042
13.74290386205 43.662878073616
13.724945926466 43.720955735429
13.726788345618 43.728575461439
13.739560158357 43.714774146099
13.739454552431 43.73238385179
13.741309901134 43.693334451755
13.754504859354 43.666274420783
13.749217595809 43.652870180876
13.7314960122 43.648012059598
13.755093525071 43.688359860207
13.764445399777 43.699958037466
