42.526494100025 13.823482167846
42.495634716722 13.806023345725
42.43642373778 13.826092485278
42.441402172221 13.798897431672
42.479264613485 13.79389813954
42.459044799443 13.800070024023
42.453982288716 13.778376770589
42.438200573196 13.799429902269
42.479040420393 13.79353745507
42.48544228381 13.830537384318
42.482250216663 13.79293343231
42.484395519611 13.808344501002
42.463513357336 13.796691038572
42.466006616368 13.830667889153
42.441371658112 13.798229797205
42.522994912028 13.824056795272
42.453435065457 13.804726576828
42.444221475855 13.821674272822
42.438878218403 13.800914746172
42.527277347433 13.816909692652
42.444980175928 13.829603764636
42.480980965554 13.815924107964
42.501050359358 13.803767169755
42.464151069759 13.821198099696
42.44993391982 13.790162558125
42.424473802312 13.822918767048
42.437497123835 13.83293722378
42.471651164124 13.797894176954
42.457304335433 13.804714108747
42.489798821292 13.820549695224
42.472538803014 13.781513554895
42.509188566149 13.814010293157
42.428391274751 13.820304447257
42.521261482298 13.818873189326
42.465448248904 13.819363537647
42.537989754967 13.831256833336
42.425907984595 13.825359027772
42.483861678061 13.833276437073
42.436914984361 13.82571758091
42.484918907066 13.806756379014
42.504490572284 13.800985298048
42.440463185536 13.815251944522
42.479080448637 13.8052686685
42.421543007468 13.826219023611
42.509147086439 13.805564721977
42.526988408795 13.830612434016
42.494205759624 13.818062330532
42.505492447666 13.802879606303
42.476932632049 13.830837996619
42.506503038831 13.811993238915
42.49367730624 13.819247662027
42.450650577199 13.818832343847
42.43356778495 13.813006795877
42.433804425168 13.808290413513
42.4341119707 13.807649047511
42.468138141331 13.786154537849
42.473976196032 13.830904568488
42.443446466461 13.793236707262
42.438564930802 13.794021705556
42.457662511851 13.831905724423
42.464927042141 13.829489785188
42.456467695768 13.80253729124
42.465218724455 13.795139304288
42.472177160679 13.790079088805
42.497245459604 13.809173455394
42.45547747449 13.804419123963
42.51033776419 13.811256383479
42.445300820046 13.802519719511
42.52640287791 13.813103837826
42.510913750881 13.827270762004
42.440663971233 13.825609221529
42.425490546259 13.823237664005
42.510925992651 13.830358266307
42.439271785544 13.82466969307
42.432969467006 13.823160611032
42.531817575254 13.832557592484
42.472839268166 13.812940905736
42.516634206083 13.819651832275
42.549227153693 13.827873486966
42.53103349245 13.817921996519
42.493234209036 13.812328563005
42.518464476133 13.83179982094
42.425487661022 13.831372999063
42.506106851879 13.81983438547
42.551681382859 13.833101345169
42.488418877373 13.822697671069
42.461003721462 13.815185395004
42.453852022299 13.81692088063
42.462667127376 13.815261029573
42.465296947169 13.814411438936
42.470571303049 13.823993569179
42.459385820434 13.810914622087
42.44688518182 13.815981503977
42.509613580329 13.827856355753
