43.311474442648 12.080859375711
29.298139380261 -95.220348453461
42.090742497303 13.304589270311
42.495556048835 12.129723324056
45.857479003657 1.070380231864
42.788958702625 12.816258125874
41.66315826178 -83.402339288894
43.149927027149 13.167251125543
42.638724845687 12.669478364622
44.378928641846 11.899601589867
26.329373411039 -79.38010832992
43.271074004153 13.66210919605
43.712322587034 12.684134770524
43.246932933243 12.020881247737
42.451961392303 12.99594758546
42.328620645392 13.191460104304
43.016302220086 13.519727213571
25.527820011364 -79.759009766555
40.216319720513 -75.052298094302
41.765067599142 -112.35197705569
45.046879103895 2.4544322604567
42.027557869476 13.782958744945
42.222122151063 12.771647535645
43.039078845216 12.291965337627
43.059963744648 13.542099905474
43.739631871593 12.938054087564
42.032012916206 12.318097266538
45.889098196029 9.5911887297133
43.067587478139 13.558147084715
46.507074125743 10.569277482303
42.692280468409 12.533173200944
42.899800209303 12.651918443244
42.980055914272 12.407048622357
43.767763727257 12.794789253194
43.464980927534 12.539721434277
41.886295914618 12.011007123653
43.387403223399 12.834721932597
43.093546886993 12.628493840654
43.412864274559 12.065856631431
43.627772050292 12.603609853261
42.06004140531 12.756717482024
43.636161305328 12.968166343408
42.497109299312 11.94509790651
43.811512126521 12.847015004089
51.770566448462 9.4004789052533
43.360558465312 12.556913464145
45.684984542727 10.606921847193
43.738567966867 13.185803209073
42.838034748511 12.568706854998
43.113698227871 13.070220531949
43.49734516793 12.674900664352
42.036643705835 12.895112550324
40.09424838402 -73.462741069974
42.532929780231 12.211830647782
42.514659329113 13.683771610599
42.44630775903 12.204094241024
42.454047978157 13.137216778557
42.206584716333 13.639261360599
42.950019042471 13.418341118593
43.371760208819 12.270430451872
43.22361281061 13.198304430695
42.048563434786 13.491527539462
50.563077235391 9.7267143608661
43.211043467864 12.976437117914
-37.500935322373 145.12988241179
43.706377967145 12.66758793905
53.404860797294 5.7759287059428
41.992909428216 12.855353577947
43.77264301191 13.018927861035
42.289158968876 13.091101824835
50.423209205001 9.4381870941437
42.378598924458 12.298973731857
43.804262184468 13.660426013966
43.796940565036 12.278340701164
44.016481423045 11.455012464904
42.216808752744 12.2584583784
42.26298186663 13.566253312682
43.02308606639 12.473183300122
42.956697928254 12.323554652915
43.733978186165 13.739263642013
52.843653656384 -7.034060862275
42.022382312951 12.265733720879
42.756104708557 12.661211238572
43.391201516351 12.084609957007
41.912780436668 13.695002821153
51.097976712556 9.2753484064133
43.336656653966 12.668529220258
45.989115136833 7.5500023025111
41.917597107572 12.284644986656
41.989772903284 12.150068938357
42.080328926502 12.357285382879
43.354283915907 9.7874583707575
46.105488173806 8.1876315385278
42.11375467766 12.928011812723
42.965491524902 13.745808653436
42.935625947537 12.323557565626
46.996477791572 1.7026692729921
42.652943313913 13.644678943646
39.280869215118 -111.28316926117
42.64383260705 12.832347923367
34.327346326649 -117.89707629407
42.979066623852 13.201708043109
43.250863286339 12.551509099825
45.013027343439 1.0818577357949
43.506446244452 12.848275879814
43.758785098234 12.263822399224
42.378184132009 12.698807325095
53.29773726347 -113.83966152037
42.356175945327 12.685733822515
43.282031947434 12.247754663365
42.287153532883 13.122568498444
