13.354485003464 42.717210227047
13.283104659211 42.724460579348
13.313910591118 42.66741241641
13.283332079336 42.698216772053
13.312978318594 42.74925866341
13.338125934537 42.7364325378
13.324740763926 42.694414959168
13.337602370131 42.723674301416
13.284539078516 42.681141502562
13.274178492985 42.765627595042
13.280488694704 42.684481366877
13.28552763552 42.753256836812
13.28525070908 42.707917360008
13.296901790119 42.730360211234
13.346417468224 42.742783164972
13.310528996566 42.681803645439
13.282745763812 42.756697049738
13.357418068406 42.719884153346
13.30802511254 42.752961745392
13.283526395135 42.691321994521
13.285359689188 42.754993481003
13.307345481244 42.683969330475
13.290836620301 42.702934353495
13.280003320577 42.778489500668
13.279043627588 42.72617484991
13.28138453808 42.7563492883
13.286840566589 42.76022606334
13.297492222554 42.723151335385
13.357581774426 42.757297222411
13.319738724439 42.71838943137
13.339813240052 42.701020815757
13.297901224039 42.734338163296
13.302483326917 42.659022318527
13.275313771945 42.701304416054
13.279882388806 42.704048624611
13.354860672913 42.756108066906
13.355869428441 42.718388351502
13.348429267012 42.736007201383
13.291725441505 42.750464220436
13.279521908297 42.739279343181
13.283679051478 42.723462006901
13.361750506054 42.733103017685
13.303516326635 42.694189636847
13.30332035867 42.651326362834
13.341461919428 42.71595277533
13.325828498402 42.664379598438
13.294712633984 42.710234086847
13.287546524933 42.762170233674
13.303101400076 42.771750991613
13.324620232624 42.685022539799
13.311824803872 42.655020665238
13.322547769345 42.717086010967
13.31695613375 42.656207763916
13.314936022442 42.686030238742
13.329155706509 42.739209938694
13.324615286835 42.731674099703
13.287927043314 42.67821874736
13.348896399789 42.729041865456
13.307265877888 42.713582773115
13.317370791157 42.741904539423
13.299949114372 42.745754855588
13.293401886401 42.733511620098
13.332612874628 42.740992176247
13.325590134305 42.706008488196
13.330938697968 42.729864581849
13.309457165354 42.722926090829
13.27387339171 42.742663848581
13.355222381372 42.749403837041
13.295479855193 42.72013175756
13.341059317992 42.739679887791
13.317138102074 42.685563128782
13.28659811678 42.712628024052
13.349553904214 42.737320789035
13.302676845038 42.712094975522
13.340647966315 42.692098221619
13.291178360738 42.674901203588
13.291363575187 42.695480744699
13.274302294161 42.72242729681
13.300576724739 42.673899158239
13.31035904696 42.73256533536
13.272554416357 42.730660938553
13.313088035378 42.750877410544
13.367815131048 42.706916440163
13.295844589519 42.718875052763
13.355284319911 42.726410024227
13.349134254919 42.724508367372
13.317244867497 42.740348017209
13.34758916469 42.703087432193
13.281611138176 42.772488815625
13.329981362622 42.719806135988
13.316604221874 42.744876449364
13.317008204461 42.682700177062
13.271019466369 42.686559995046
13.294759623399 42.739274454203
13.334691298837 42.710888349338
13.300245639563 42.709419268535
13.269828953927 42.736240623883
13.359664294592 42.699479703673
13.366105316864 42.722273219268
13.311949080023 42.735482490054
13.30004237422 42.73821370992
13.28612155669 42.740632888296
13.304822832509 42.771462810606
13.337108110256 42.702270050881
13.296008076678 42.709110476893
13.262330716153 42.690239216543
13.30006959352 42.714117708504
13.320168074856 42.675567548592
13.290965249918 42.770765970841
13.319080560638 42.691379560501
13.362335983178 42.708870857492
13.357289672551 42.710952914206
13.344631693507 42.750041747836
13.287870580486 42.69645070226
13.311133504545 42.685315351342
13.280784709531 42.746642165255
13.271846978607 42.752369155547
13.352229897584 42.689464652787
13.281732095092 42.741711804078
13.339691851467 42.704704897827
13.317859607918 42.668714126904
13.300104448267 42.7593235028
13.28012419414 42.74463844988
13.329445292882 42.6816103364
13.350085470078 42.732320457128
13.272562212459 42.738848452356
13.315468999259 42.666026213538
13.337172187577 42.67435479803
13.336765747695 42.740879086678
13.284158842791 42.674958585631
13.295699410765 42.694349130494
13.320407991468 42.730300931621
13.345561666596 42.734231222784
13.299933309362 42.749464543441
13.327549057255 42.726846179353
13.30957857629 42.736826108667
13.283218524106 42.739395201106
13.315161485393 42.682578683238
13.316659691912 42.69561739021
13.306600364555 42.717201051192
13.298144425425 42.748201561995
13.274169014915 42.68423656315
13.33742821281 42.714229183625
13.301418319972 42.756290267129
13.321834779981 42.746343413271
13.350630193202 42.765627269079
13.325093446937 42.712397720552
13.301848892284 42.674732512664
13.342729111383 42.739992223114
13.297150968733 42.69650499371
13.368721297669 42.712574171255
13.318096037192 42.667461588845
13.351647177896 42.701787003198
13.307125985786 42.660562814542
13.277208169607 42.772642691069
13.33580427914 42.729227499466
13.330529096711 42.746837739736
13.279215890134 42.682501165069
13.297272646028 42.669948868786
13.285827853405 42.746961088754
13.272636497076 42.7410054909
13.344262249949 42.734048403231
13.295532844188 42.719037608599
13.320770579561 42.728104300226
13.2986944976 42.67710328322
13.357285137476 42.705712309922
13.321956540629 42.722861327589
13.302778445812 42.766353778919
13.331953799993 42.74743023412
13.305100104003 42.650756829742
13.294512303704 42.735540647423
13.322849252433 42.768623584795
13.344669014397 42.735359898666
13.312061337455 42.735827260083
13.291900176246 42.714165252521
13.305695274077 42.745644463594
13.323149136905 42.750031679773
13.271840297299 42.746188624665
13.350079151986 42.761881549753
13.306248599827 42.671631727701
13.323983263396 42.769269071433
13.309585098342 42.742719927704
13.320770473855 42.707446161077
13.333488455219 42.747140860088
13.357645577939 42.763976745684
13.273516446035 42.746246700544
13.316786480305 42.689958777621
13.35057814624 42.695317962086
13.272850591837 42.731707455021
13.336414558991 42.710966671238
13.342130625335 42.723930100803
13.297605411775 42.769033270336
13.29648437786 42.727423122047
13.358721133044 42.714938612077
13.294833020931 42.731062527642
13.291657399077 42.721533416662
