42.200332579317 12.067049181607
40.641128686115 13.323577607134
43.547169077486 13.24953698334
43.225373054515 13.533575472691
43.454680213472 13.357412020398
25.523477377597 -79.204300456119
50.642989013643 8.7332020447278
43.269656458085 12.983568659531
42.442187038477 13.026586502824
43.673236645161 13.819471619495
42.485198049101 24.734027052174
42.124180670906 12.776887829333
43.760521486311 12.609437931634
43.319105957804 13.729765463981
46.920132748745 7.3149236321053
43.279712972648 12.834157354427
42.094547124645 12.417810951575
42.827807356544 12.005472046347
43.122926030386 12.783062066337
43.280789921678 12.782423760662
50.865285654955 9.1603987073341
35.317065156249 -107.25191712078
51.512187968014 6.4504707877992
43.782538157808 11.846326672422
43.739744717621 12.518656238245
46.160106415004 2.4446357672311
41.929307817935 12.110492903346
41.951855995225 13.561609227493
43.093047326029 13.430523958744
42.303977500344 13.724875357361
46.590921473033 8.7654932689692
42.255954052927 12.674844385926
42.644427711931 12.231763550675
43.066093142196 12.025947200633
42.053584292344 -83.202601305045
42.463689801986 13.550310135165
41.858979448166 13.318488266488
35.192195327215 -77.958963801241
37.418438217798 -97.236529116629
43.364782084902 13.10496442772
42.951931289396 12.822030994514
41.934669818254 12.485706139137
50.592906709105 8.288261542231
45.74164884898 1.2860675353026
0.33293607939637 0.92857362140369
34.847409649057 -84.295981753881
51.966465719727 6.4201274973667
43.596187612806 13.219722957008
39.187115657732 -83.893917576899
50.460093711717 8.7806214428417
50.39316702047 9.994022278578
42.707277178649 11.992503616976
46.43540417281 10.005152061563
43.749753287898 13.529111776303
41.844068617508 12.745359620913
47.951547256183 8.1254660413253
42.447009816995 13.463909409246
43.605401838967 12.61777295529
41.912412466462 13.170571432549
42.511263784746 12.742374150915
43.644802677766 11.867076563142
43.28237084594 12.858762382019
42.871178642342 13.760637501164
42.983923974926 13.655928037921
43.162959383432 13.253398222522
43.454699251409 11.87960668992
42.1053125398 12.744501511934
42.791447673848 12.582328053018
42.031663098408 13.218013947952
43.151958650535 13.489309606391
42.000109372682 11.91706026856
42.239964831753 12.442327837221
42.568748955901 12.778143223758
43.270100159019 -83.215391888125
43.663186690634 12.254604254523
43.038487603461 13.212709470772
51.164315577207 8.4137948217866
43.776826292659 13.290232274837
42.134704260239 12.294053245028
42.232050740755 12.616937444388
43.729701507732 12.933791353357
41.757488354483 14.805474952588
40.44408262976 -74.54992910979
43.429592532792 13.510688292121
53.402709518514 5.7330954666171
50.553086221476 8.1298061982402
43.412994714667 11.96371754399
43.041890771634 12.989831189176
42.441776231624 11.871775807774
41.840497683215 13.474985376708
43.185930470112 11.983352378024
44.762796502895 14.583175875285
47.962904086319 8.5461389825429
42.786285100892 12.501029526603
51.775500950765 8.8330237520081
42.828046092239 13.736364927041
42.48723203993 13.024867192875
43.732958899708 12.123340722718
42.284234876432 13.330345227092
52.395674655165 4.9908275325973
42.763794416007 12.978593034681
38.184521825313 -76.657377066822
42.684766982556 12.920442142973
43.769871509082 13.067582254351
43.773259059907 12.336234772755
43.747845875469 13.728200391761
50.798278923984 9.1762196287402
43.237589545214 11.880895969889
43.241790969058 13.032310077957
43.134459571531 13.790206596179
38.983103677519 7.9894986117505
43.114601976313 12.030218033155
41.938841401126 13.270365391539
51.270945864856 8.3593510302526
42.591413402295 11.916811407526
43.413999692751 13.137270545672
42.850960251361 11.932653817803
43.315814736002 13.031526727172
42.851730353151 13.428759375808
43.595413284675 11.97865542398
40.060861104348 -75.362756172961
43.589827093126 12.839243177271
51.121303646416 9.7259898980735
43.510984408462 12.857150929469
37.478058729532 -122.78210090792
43.118477033527 12.278574521804
43.275972287786 12.115617448539
43.127742512232 13.792243755347
42.780029461172 13.553102344087
41.893735702587 13.696618010635
41.650457481365 12.395772196348
42.164453232758 12.952696101739
42.081689135696 12.878628148662
42.799133964276 12.384834385212
42.944973587054 12.523537096367
43.748786539675 12.582545335697
42.505632494367 13.076171125342
42.707742970322 12.611227463305
42.261905617224 13.38526786651
43.526196144787 12.863223274661
43.320765866603 12.785699125766
42.7405753144 13.486709789621
47.064133766137 7.4411076234845
42.156950903685 13.225845323536
41.870897384321 13.335387606817
43.829015606956 12.825308456491
42.830660110282 12.327781813393
43.159862512054 13.493302633678
42.211883267042 12.45815285179
42.263106980039 12.54172720508
43.63109552333 12.7297021089
48.000767089279 -123.0160589864
43.644184092846 12.796383733322
45.039802712502 9.1333415641605
42.612829194245 12.080396276026
43.412931341426 12.335919311913
42.616575628362 11.99035003457
42.470111473703 13.232878030407
43.610177932147 12.507583942987
50.236560622806 8.8307172645958
40.89859293272 -75.257012877864
42.021407639639 13.487539799666
43.464690617057 13.602851954591
42.747964539934 13.163847085186
43.616238053265 12.285773107936
26.53073454159 -80.410445758608
41.978569462906 12.539885932386
41.888071214283 12.2260444105
43.810542500045 12.299710620821
42.149825756063 13.074438673965
43.144810591447 13.718464035896
42.604024424054 12.428406474401
41.860354741526 12.984230476445
42.73256533536 13.31035904696
42.826502790149 12.288166381108
42.071874715908 13.552096692192
50.094218305822 8.3973236989217
44.370472328142 11.463112884437
52.381716899752 -7.3048281782795
42.221170758021 12.785154444552
42.809258267681 13.156421438419
43.411498377778 13.567512519477
42.375668154294 13.399423753118
42.706369281631 12.556187614613
43.810570437394 12.976489028438
50.857789988098 8.4775870351482
52.167455119857 0.048018723697415
45.250341089585 11.542983869413
51.832251051363 8.0358036505225
39.036749787047 -86.247929221552
42.879985060675 13.261013162372
42.224715200378 13.644005810697
52.058083598296 5.1415342075711
43.695331468061 10.230312439744
51.654948487717 8.8499193488853
40.339114803979 -4.6934867327537
41.883793615237 13.296235037195
43.252405635015 8.8748043286241
43.587376723826 13.161196954179
43.029452987981 12.711192128135
43.736466110582 11.858214176681
40.960365154902 13.321521700321
42.911468022948 12.087114275029
42.533590118205 13.321226113181
30.24518818793 -98.600125266546
43.607606226417 12.942588945379
42.680199196434 12.223965656138
43.61410006213 13.802587384753
43.60137254868 12.394840729162
45.964575379165 8.4994974466504
43.541844147996 12.20049996313
43.394882727619 13.651647528958
42.549361819678 12.646292999709
41.876003873032 12.001306956656
43.534971141992 13.383652566666
44.734558217595 9.2714338546463
51.567660105213 8.4324886265362
42.143271736423 12.262272111283
42.11316691812 13.450357269726
42.282614644769 13.672704110722
41.954953341745 11.834362830911
41.845895912913 13.196779026297
42.029047596769 13.694953712514
43.454560276354 13.090084502071
43.596595014744 12.482946256422
42.09811486683 12.280018227792
42.59041784873 12.675717547406
42.572497233105 13.351937547045
45.569556728736 2.2305907310129
43.418103383138 12.565236682357
42.377693209063 13.549404819773
43.119883027005 13.745579970903
45.379129997606 9.5479986220101
42.25811417415 12.454927609069
43.73177363294 12.648550837624
43.698465781167 13.29471296181
43.102933113067 13.585403323933
46.409445869927 2.0596612515206
42.848211492362 12.315350935962
52.200328586251 -7.2829834997109
43.416489111475 12.355445121601
43.561725861675 13.488123753356
42.60291083001 12.99320379693
45.500439789845 1.2459406141406
45.623178801205 9.9664568470658
42.903975194296 12.726309799948
42.153019379917 13.381216863369
42.993113470282 12.021958369793
43.285646849466 11.896053187987
43.227298425637 12.445775613417
43.192119625508 12.89461514025
42.185328170764 12.02500518275
43.062888881708 13.361274222567
42.54095559967 13.110180828793
46.334465032159 9.7326221061557
43.659310115364 12.847162887404
45.386453183245 6.9526907309925
42.509557922163 12.784615832302
42.100685579586 12.314310438099
30.570767485634 -96.169838815284
43.157127329243 12.372513733999
34.424332621053 -110.96301871072
42.194333319198 12.571073082097
43.713383300583 13.306253962848
42.891305831697 12.081230171549
43.248818609069 12.272382598053
51.034784454869 8.4496797939994
42.518478984276 12.026127567548
45.74680840734 7.5603777156493
43.486595335664 12.221048801796
42.508229962808 13.531614993036
43.315285940357 12.316532889549
43.495627588844 12.254946453171
43.336530006203 12.526921669753
43.769071113697 13.181961407059
42.044577962295 11.840793382323
46.962374372856 1.3963010643592
41.866531785536 12.939194773782
43.535983336429 12.407456489025
47.929701358301 13.523315138215
45.85892231635 9.3410117446193
43.80757802392 13.235372727402
43.096683334625 12.802589188725
42.923178096287 13.461639461809
42.688466712243 12.856025779574
41.770819745575 -83.183939356006
43.757550922596 12.334458979023
43.275116738081 12.731479336869
42.697206969253 12.085856879657
51.057041791294 9.1992507689629
43.354322694894 13.308036945925
43.493962636003 13.4431969698
43.440042668714 13.257152004774
33.910270870195 -84.959007921051
43.05016816505 13.756001846307
41.914371418282 11.899331637632
51.604249386398 9.8809394481969
42.394943497349 12.596075788439
42.843341827341 13.511759411337
42.482408251393 12.77359323102
43.469280224533 13.117334332393
43.862331411411 11.975602635266
42.862334594087 12.63884438839
33.968392015134 -118.08771718885
61.131985001986 24.358470367447
25.436358708609 -80.809815527592
41.912597081139 13.09369755729
42.771236190953 11.918723837921
42.649061779815 12.711182261704
42.078654746583 13.699043250989
43.463784891883 13.658779851954
43.746823122628 13.3649010893
46.308133156648 1.8507093148542
42.900005981999 -83.408266398987
39.180166437204 -105.46444966002
42.31711691076 12.170752489109
43.164818613888 12.827229566347
50.644307777586 9.0938695930382
43.398239841891 13.34152188822
42.556018234976 12.215030379715
43.380965642364 13.528757916565
42.003571790666 12.299269747149
43.60726039142 13.11577971939
42.324377324604 12.379121242754
43.011180856291 12.660071795203
42.01648204078 12.415072154934
33.748437133689 -118.45970345813
43.053267497615 12.172559664686
42.753499100822 13.698943848137
41.876233448703 12.446239419045
42.667059239797 12.965487682266
51.287823282083 0.095490346190287
43.799193289058 12.499093963552
42.511216432581 11.927773448626
43.040095415006 12.487417000128
43.442145637929 13.009883052695
51.340315255495 8.4655695918321
51.240109002795 9.3516935479602
42.44087720685 13.041662702843
43.113515689112 12.277793801074
41.943048916286 13.377952642936
37.89038042719 -96.875300653221
43.694945587656 13.756052984298
43.635816359744 13.378532470867
42.259605029274 12.127455524249
41.915630152896 12.27291488802
41.344599881056 -75.043963313255
43.748425903168 13.197111519632
52.907958106328 5.0834911811787
43.102710767718 13.527707360486
45.676382964955 8.6616907781533
42.36474371348 13.538454145465
41.967824689584 13.646331817699
43.070672111174 13.042827258393
42.350621402914 13.732258637798
42.928533740329 13.346044543381
43.368847042515 13.01891502741
42.646766655469 11.890173936233
42.838221338523 12.508535676428
43.463325766618 12.531568936806
43.727798279735 13.131444223307
42.611305614308 12.458268811695
43.225082017141 13.679061570076
42.50472434822 12.781396215701
53.3829395221 6.1071720320532
42.523176691294 13.680774923752
43.398987953758 12.239234402908
42.988400701915 12.439875581062
46.38364827092 7.8564773168678
44.590390261046 9.0287569851493
42.05069054947 12.425194307915
43.478440280782 13.287081513709
42.869039409288 12.295482983971
44.701151551703 7.3706271899052
45.410009631168 10.918510683446
42.85470024352 12.950138768179
38.356737974466 -77.251252925956
43.135355919218 11.840298928267
43.261154775185 12.677163458766
33.093794538397 -118.43811617701
43.254311469523 13.518654630316
43.464511696487 12.696548506032
50.141583417608 8.1431497322131
42.169675143373 12.43159391807
43.234603123404 12.125292232805
42.829599536897 13.069732688887
47.10542650712 7.1501473193756
45.542195827021 2.7553818946496
42.402819944289 13.759927312287
50.069011831688 8.340080131935
43.471658208182 12.025772935278
42.917532483564 13.601944266188
43.559354652466 13.57637292781
43.69249886914 13.334265803629
45.259034720182 10.042071272264
41.940609195263 12.485202603755
46.962551118789 8.0449712323234
52.81089496902 -114.18824421111
43.721124511103 13.675493900068
42.305938407942 12.862862085881
41.975711328918 13.236628040803
42.237951113974 12.011299037401
47.57432162835 7.0257531041399
42.06384360935 12.289868206873
42.817928795639 13.612610913188
42.689228569034 13.169289448864
45.583430858135 1.9259560387237
43.08116762765 11.993703324831
42.322837274227 12.265427154633
43.748154046383 12.282508765966
43.582129845688 12.952581836375
42.731707455021 13.272850591837
43.105787271238 13.625682130768
42.614103716174 13.686989055822
39.08611793139 -78.219008704709
42.723797635533 13.502110347407
42.948963760396 12.315286712889
46.115523289943 2.0919175958689
25.883788893859 -80.821015658049
42.537096168651 12.848267619914
53.256447996831 5.4896752446609
46.050611839188 2.8768699024231
40.715920992681 -73.509119755957
41.905258507885 -70.448455124402
40.333838921348 -74.27082970671
47.605845039212 -121.58263709089
38.07799630434 -122.05916883956
43.185154918223 13.470162000747
42.010716809452 12.259896530912
44.354013382669 12.23135121068
51.801854324435 8.0435485500114
42.76842927179 12.937236785415
43.708745267128 13.651031424616
42.909860098714 13.780867465225
