42.344188466384 13.08032371389
42.329155298124 12.638898777163
43.423984091507 -71.755313587979
42.456406641985 12.985016318052
37.356340224472 -122.80169397972
42.980183464021 12.906639460452
42.835065612979 11.867331667297
45.358852907414 8.5928475344776
43.299469337493 13.517926292756
42.626945112679 13.011617072884
51.741832572847 8.2688473073155
52.203393315758 -0.14375396410643
50.071910161093 9.3396711649092
43.824707455872 13.791332022676
44.609870171226 -73.557915320551
42.371879982956 12.625271216347
43.09162373666 11.830888250648
40.855495920806 -112.59861351727
51.339922083002 0.33353919360021
42.249109476476 13.429161367693
43.751599571107 12.828177545161
42.50801864199 12.234423332978
42.551309175136 13.302542059379
45.202239341753 8.3609389865101
43.078015183622 13.260893729192
42.760466283562 12.646991060438
42.454517996637 12.116610043292
52.628933506612 6.1347156769525
42.144993164665 13.532925308486
43.687387466772 11.989169246533
43.720666427522 12.26482281243
42.961102623961 12.807054985711
42.595176033043 11.974112361678
43.459324920319 13.080676438345
44.661848396443 11.427237719846
29.014449748692 -97.522224687776
42.049632949333 13.103542900248
50.227025447985 8.9488156861387
25.395889715459 -79.572582607234
47.064187775396 7.1622876264911
42.942360993003 12.678527694998
41.830650278589 16.001245631467
42.660510036957 11.998103655895
42.670675773507 13.705376553233
43.499685128939 12.606423185976
50.794115148389 8.2758079102616
43.380789546494 13.804180332389
42.401512065179 13.23705782801
44.806455700265 8.3767459922617
42.843225026917 13.282972825378
50.621258595549 -0.15886180068778
42.24127932465 12.150663350334
43.24586593187 12.499423278284
25.464924514493 -80.679750463586
42.212107234289 13.004635082115
43.518009087799 12.764798760791
43.168636515138 -83.145590570565
43.755041060411 13.386281626966
43.160290862064 12.651161734805
42.823772939792 13.537705395642
42.454702602001 13.103871844313
45.379129997606 9.5479986220101
41.914675334915 12.840609996061
47.52601694899 8.6440576671828
43.655490465323 13.250779378831
52.472378242282 -0.019104355074975
42.274635882266 12.068950385374
43.522688103173 12.934682681216
43.565305361343 12.118656143622
37.061240764746 -122.16754550371
51.969115870659 0.74522527829257
42.537985132813 13.475341942404
43.428506287035 12.696624331056
42.432374033834 12.709883120728
43.527267832576 12.528534821967
41.80185411923 -74.828455044008
42.32927415584 13.66496662037
43.069792194345 12.34901258554
43.733270617099 12.99094461791
43.794066514279 13.185208804081
51.343225746575 9.2270920463964
42.288155101395 13.807865193045
42.256382422196 13.275838105157
39.155713908028 17.007105473782
42.220606729517 13.00965740991
43.329635425645 13.779968399007
43.565473624324 13.675387084354
43.273289980981 13.268342403841
42.328798214613 13.28132083515
42.933315521096 13.058777936317
43.365971807116 13.183731496441
45.21722205785 2.1206028983559
42.87976065228 13.154762103781
50.488640879511 -0.78023938821877
42.763432339676 12.086222881978
42.01368401668 11.860540642359
42.7410054909 13.272636497076
46.546755934643 12.621985073745
43.563114527896 13.324581438848
43.005286791385 13.554582587257
28.868489666789 -98.754591857462
43.593247163139 12.603091484012
42.661026702591 13.414880068721
47.844410047328 8.3771606583042
42.448434942632 11.921808733589
50.736303116305 -0.51228581304768
43.85838766345 11.563125566979
42.540734726277 13.376928471691
43.483075168695 13.404545144853
43.618440966897 12.709110680387
43.769979320846 12.444155687228
42.561728880092 13.55053350264
43.59719374573 12.798774358278
45.954466761069 1.9950927668228
42.13011274914 13.613507062038
50.934320902654 0.74687290221308
42.953880659304 13.594805453736
51.642106074673 9.3277171516454
42.091501872585 13.582725954534
44.682753807415 6.9718581155998
42.104017771384 12.952803832944
42.11311373867 13.328838795598
34.401393632628 -106.66637741632
43.363076597177 12.631474435645
42.785630408596 13.534970264686
50.449320676014 8.8380279195672
43.133861624719 12.050930068873
42.884748611567 12.470337294282
