45.804142028165 7.4793938481874
43.261793022187 12.970310268465
42.058265714489 13.616661845083
43.440120849053 12.398658850903
43.423984091507 -71.755313587979
42.070255419293 13.766576984344
42.542937905336 11.842873197462
42.236818252728 12.917833445576
42.67447264852 12.175926661222
42.768138092856 11.887361716448
41.843880517822 13.426920717802
42.244197371551 12.175475399578
43.785280993129 12.91076747652
42.598692638168 13.784023092049
43.394968111739 13.552019248063
42.008759479529 13.663890436622
43.397164043711 12.98262404512
44.641757870413 10.949125792528
43.304277587845 12.43344889231
43.400537199083 12.780375639827
43.490044927474 13.750924061423
42.920320679418 12.919919229096
42.310950345526 13.546036627885
42.093415564456 12.671858540604
42.82678568916 13.409843094393
43.040106346405 12.637840339301
43.348967811276 13.224839902143
43.164995888812 12.048972403674
42.167247687565 12.031289293466
45.219227933893 1.2140735705449
45.727950988236 8.2464608245745
43.327655557251 12.704302485916
59.619974830942 99.744135571525
41.848769607904 13.488598672922
43.307743225877 12.467434403725
42.355036912672 13.513704921845
42.681214753411 11.93382478225
46.445850295988 8.848965991891
42.625285855807 12.656750917296
43.795565244202 13.293272008346
42.498240224339 12.273507290202
42.9635207383 13.309619924684
43.239354818261 11.937512981697
42.610395729847 12.618673014298
43.454529110575 13.528999656241
42.779365287081 13.294944306528
43.637938996629 13.761283533558
42.55263836244 13.787763900511
42.047067638064 12.623536770078
42.747543770723 13.051524309486
43.498656344388 12.887907693131
43.074137011133 13.521447540059
43.245010337462 12.742912828358
43.260899896876 13.175709743621
41.949674507601 13.821563611676
46.448273590299 10.189954979434
43.660792218384 13.266962651774
43.16350430679 13.614612389663
42.408356991342 12.651826821126
40.907541518196 13.252976225618
41.858515233222 13.550261460056
43.043794912328 13.606243079832
41.872088663241 13.525794775491
42.021016997316 13.274937525541
41.931568138291 12.665677620429
42.961388196799 13.118115056848
44.719208626623 11.296769224341
43.317681242415 12.771161324725
42.626353489548 12.763609246262
42.142610712996 13.161495274495
42.858226201918 12.739984041911
51.009115508995 -0.95698664061119
42.211883267042 12.45815285179
42.640164336043 12.066285147849
26.89616947242 -80.489947635718
42.689712799031 12.486293714275
45.878423156256 7.5323498449439
43.319066408958 -83.859649570801
42.870781285649 13.329872538976
44.224905873428 12.418679210648
41.942045494908 13.081514969993
43.757014236321 13.742861318303
43.078168400621 12.395735736676
42.078425541112 13.571434139561
51.387252822699 8.4822382659103
46.005396333526 2.6563330314384
41.97252373957 13.331653304108
51.042301804313 9.706363773768
43.105069504189 13.199802771325
50.571591040386 9.5408812996656
51.243753619606 9.3927320150625
50.510972822323 9.7820882148957
42.203729312051 13.674661238547
42.897237723201 12.551678108329
42.766882149881 12.082818384342
41.852613135193 13.160590335357
42.826614582851 13.707020724543
42.072425302638 12.238296872137
42.274542098082 12.358418351693
45.164568947705 2.5194260317457
25.104420440303 -79.497101629194
50.557758662877 -0.45203647090216
42.634671394564 12.054272782569
42.793059798981 12.26406044844
43.607606226417 12.942588945379
41.872941950746 -110.94741135284
26.134689173707 -79.796953654563
43.191761603224 13.460814631314
42.411686994814 13.45492451475
42.288400713975 12.333553131846
42.572749391486 12.850431293666
41.888078194546 13.689111323438
43.233125349636 13.028324369841
41.836688769926 12.462012331703
42.445707531874 13.777590961113
42.323202243246 11.979951183323
42.870478049813 11.955139562022
43.739643239782 12.496523973319
51.954873478019 9.4669371947958
53.329466417818 4.8396993182086
42.311070326416 12.9141570241
42.506638043351 13.376454772158
43.832876814938 13.527577888953
43.478181409428 12.129778611555
34.189015465916 -83.740360575514
42.112521758842 12.978158194117
51.530210699434 0.71522179786359
50.607953416467 8.6968293137368
45.766037376489 24.666917350919
42.867256779649 13.619756567602
43.297197386316 13.54340712381
42.277718424715 -83.351869309692
42.867188559804 12.464344194396
42.031664827409 11.848393427624
43.739933123246 13.073950910531
42.677687869744 13.074837448131
43.334994556094 12.178806691535
41.896530589062 12.222896993285
41.488781796682 -74.561718762314
43.067901495897 11.864094147416
46.367809569728 9.2566300652952
42.249474821284 13.563642307468
44.462669369703 13.486516175946
42.1110202899 11.875108743515
43.526564015342 12.47689477658
42.156004774944 12.488956543866
47.014263429008 12.502264739036
45.808575258967 1.6118872182499
42.08406238357 13.094440832333
42.191279760206 12.932066509955
51.584267810259 9.1856350652807
42.220926811111 12.845595692234
42.323436279021 12.293818480959
39.155713908028 17.007105473782
42.823837574976 13.698097759738
42.096106997291 12.834529282003
41.882656733472 13.25603034827
43.215455029747 13.017622956104
43.411428816363 12.476955882982
42.685067418837 13.107212358691
43.335685097324 13.293813301408
43.783536637588 12.021772120645
44.00042038956 8.3372630863391
43.40815758214 13.487885849333
42.757297372353 12.664186007674
53.706376053049 -1.4310229687886
42.497232417829 13.788005981051
33.55494596211 -111.85598702257
40.566942597224 -74.156810386776
42.427443945069 12.658541798919
41.671150310417 12.531762396045
42.609556593306 12.315229808148
43.128872306633 13.746903527431
42.378586189087 11.872005804403
42.540976074331 12.141426038084
41.900345774342 12.63496778518
42.830718723999 13.414349029986
50.69199987277 -0.26128062762845
45.938417126789 8.6359815270807
50.811020658263 9.6128794106715
43.465700786035 12.5696917723
45.03371179108 9.328804220878
50.396177453173 9.2666559895811
47.340831154439 12.607989139926
51.706652975039 9.0807123571079
38.464910220507 -77.875854315262
42.962270705033 12.851145917501
42.33523170854 12.184076648312
42.618371490232 12.519498359209
43.210880169298 12.493246715767
42.557796961443 13.249949387878
42.74486417372 11.640546269825
42.422157559296 12.520905038605
51.548300304007 0.27113183548727
41.905706633325 12.611062282071
42.246734661652 12.828594214224
43.166907773452 13.707456307836
42.988936455936 13.477352258993
42.699236010548 12.030880106648
51.715894259147 6.1396968143013
43.449458767425 13.085096341618
43.293037157198 13.787229161166
41.836288787034 -73.614441947032
42.394728622138 12.667577217665
42.153451215103 12.037057795134
42.278994045837 13.257705729596
