43.720712552204 13.482768344473
43.767828811339 13.513846152722
43.734579317635 13.500733418179
43.763136948835 13.484927628902
43.72542805214 13.501350803555
43.760886043685 13.492281378497
43.760815803803 13.463855651444
43.728914010699 13.513364283628
43.759552826083 13.517946840526
43.727568883809 13.46009798418
43.769494281064 13.489247568666
43.739579978764 13.498481201261
43.752531471102 13.52156608485
43.735707905041 13.509446323176
43.74928456349 13.485398204313
43.747141728081 13.519548643643
43.734216606142 13.481406307559
43.748621075318 13.498718176756
43.746667789198 13.515683444478
43.76443931079 13.502344224391
43.754813320376 13.463310024938
43.741308084124 13.490227966353
43.740937290614 13.50104984294
43.729884591314 13.514417813886
43.757721157653 13.522117035262
43.74420032687 13.480047850183
43.747018612824 13.506817048207
43.720594772029 13.498475505292
43.750056733748 13.471066329869
43.764455485535 13.467415377271
43.719529344125 13.486119610505
43.714457965344 13.502175465481
43.730766261358 13.47943001684
43.734347244156 13.487105355846
43.763489383184 13.465270419843
43.726256199075 13.512993830982
43.757376330813 13.474619139228
43.764270602171 13.493237743405
43.757594094985 13.463555350205
43.776052997364 13.509267995392
43.737608117416 13.473077438082
43.728910920105 13.497064377434
43.754398367274 13.482606708784
43.746589339707 13.476052753404
43.74511781977 13.515564118773
43.72637857067 13.459877761782
43.748268948772 13.464853348448
43.7520012971 13.488253564357
43.732245923848 13.509682122876
43.771413380195 13.494027982251
43.735710662688 13.476227707007
43.767945316999 13.479212844057
43.74188530994 13.496267836793
43.753909835964 13.479074467218
43.773180866064 13.504980226769
43.76759862472 13.491335646499
43.753032003435 13.516974352096
43.739043751165 13.473922819607
43.758364523669 13.497895820319
43.745870689298 13.522989286374
43.751843031867 13.477121770159
43.722013027299 13.509067383853
43.76419612477 13.470939913539
43.754751463793 13.509684239307
43.71750157362 13.507720226214
43.751246823834 13.464686031691
43.755041977763 13.515724269003
43.74060041494 13.461284491469
43.768088695972 13.490333277516
43.741903159203 13.471225152498
43.754152016621 13.520394176974
