45.530951120302 9.3441602670793
42.801693922303 12.165942221047
41.853501676069 13.355514079985
52.725054526108 -8.1991004982028
53.805851315523 -7.9905419624367
42.269896970277 12.724993452323
43.588513642379 13.512477528564
42.943767541549 12.527929735637
43.678711756935 12.285486228918
42.018680567417 12.892367514287
43.424157138667 12.464989764388
43.347115841411 13.57606041926
42.526507434701 12.559219099863
43.730638230581 12.712793217859
41.963349967268 12.719649757615
42.680552578869 12.015245106565
45.102712629273 9.2211352013383
43.436431030967 12.681254587009
42.385385880913 12.513550226371
42.67787815571 12.999241777251
43.681694692805 12.732972005745
42.674306566696 12.171483095836
42.240212105813 13.42262574307
43.259070373282 12.623667874219
43.441667722299 13.67330711089
43.073673345204 12.293873432716
42.452189557952 12.847437620579
44.791957457316 9.6443242050215
43.454270096728 13.528176359168
42.682981600858 12.606469482487
42.955431974493 11.927467486808
45.797561787536 8.2687182504538
43.625516617983 12.406632431527
42.517829375604 13.011839064796
42.073900678716 12.463209120328
42.461765701653 12.395664793644
51.886448515061 9.0174138019874
42.780877435965 12.004159819358
42.337121139924 12.881763327367
43.048720140054 13.534613975128
42.753420405695 -82.824757784731
43.599578932228 12.648774627454
51.276119341737 8.1892053434575
46.806687558445 2.9370857220781
43.785262895669 11.840430919493
43.573822615025 12.763964094133
43.664850819721 11.976494902755
43.022066077249 12.15970997289
42.012721309931 12.031946824899
42.769099827769 12.196591679119
50.51886971645 9.6472139491919
51.45426922918 9.625744694204
42.353544529713 13.761715734753
41.860707013358 12.910575747469
33.743551438595 -84.004414140622
43.36872139313 13.177540356863
43.606654600544 12.479398217296
43.829193594576 8.6028220055405
42.3655635614 11.873328594453
43.835203253843 8.6049610928423
41.318538726898 -87.196701054809
42.156432157942 12.607838765556
41.862253818152 12.841264642722
42.567448817479 13.812934988112
42.825087532341 11.986316780109
43.00215678804 12.586471951395
42.650795962986 13.132460128599
51.957815125565 8.9100720840087
43.767945572647 13.693458534655
42.48579794426 12.110201662479
41.890468726836 12.181296290935
43.72386340274 11.894139735466
43.408584439873 12.434456954468
41.868735140615 12.001890813488
42.69102759321 12.299578156017
45.087307827916 9.121947546849
42.722188754365 13.610883241359
42.124055477869 13.824054460912
42.980780170777 13.796046300252
43.424984417146 7.9876229111956
43.116915926413 13.267089344241
42.80532957234 12.31533220334
42.105012531928 11.946036819364
42.457084103256 12.722672521494
45.348832636864 7.6991285016756
42.256747953734 13.663665999523
43.737608117416 13.473077438082
42.287985414887 12.620273225319
43.349089791511 10.611121141657
45.002020434012 2.399452811293
45.375215783753 8.264066892636
43.094955920307 12.592258349358
42.614929607911 13.712854005749
42.320585795848 13.316836300009
42.368064580212 12.881546638406
42.333306294111 12.263813437107
42.794681000914 13.216157473745
43.307564589359 13.804415902984
42.095137292585 12.253596685035
46.207765591893 2.3036742100044
42.29774198278 13.101505985552
42.558455851676 12.599210514056
49.441500900638 2.3132720322555
41.090412305167 28.181322722436
51.941439454416 8.6952797056619
34.191635111007 -105.99005786109
42.028607536607 11.868019656238
42.382876518847 13.827324701879
41.875661489983 12.264121235958
43.893035782407 10.806970592987
41.807787702015 -73.701946356792
42.505383116449 12.501055624125
45.454234423118 6.9254220714212
42.985676171738 12.779917822138
43.817045151192 12.297844843167
42.560236275478 13.410531471696
43.531145226944 12.588732620065
41.849770191542 12.29028270968
42.462677629901 13.111987248602
43.244487598208 12.643899855059
25.138485026085 -80.119157397441
25.054801898551 -79.560742033251
43.616469663876 12.020706459911
42.971971402418 11.905992498599
42.612797682247 -82.645634054249
50.107671558441 9.7190358167137
42.415828243578 12.487608732438
42.459157766078 12.144706779248
42.8536355332 12.029085597989
50.542623286854 9.9327646293364
51.544818044428 9.7595384706555
42.213428389401 12.281435395277
43.185884191297 13.063248589685
42.202902082935 12.241276164207
42.256337962254 13.109236650241
46.151518606723 7.6959515907084
40.921434905961 -73.469318390243
53.245354663229 -8.588992671384
43.210641970977 13.043197774835
41.923258395851 12.100902445682
41.108665994158 -74.476434339323
43.138331812426 13.00130741766
43.483604560852 12.08068862703
42.290892958798 12.810273705449
42.463980755074 13.504135886463
