41.924015757148 11.921832042265
43.736848928398 13.366329379571
43.730757070601 12.348494564832
42.81395932001 13.229253909213
45.034604160157 8.248428359464
43.179374747574 -71.420049130898
41.836463444648 13.335328185714
44.709854165914 9.638087081275
42.038915442808 13.427975927234
42.189867420231 13.018135605875
40.011420844746 -75.004622852563
40.569204460119 16.945709813361
42.33784103458 12.206870058203
41.981206580077 11.869413514582
43.727910491532 12.479733553494
46.875812674444 7.9672337362856
51.456861215158 -1.1198478770581
43.743923039543 13.673342238981
42.036525296085 11.948105040935
42.171900370259 12.733789027566
42.150057406721 13.497122245628
41.970952065669 13.308077982791
43.730840776011 13.024750898159
43.34063798114 12.283640192509
42.079480752407 12.168449894159
43.314222366716 12.545416398249
42.597190662121 12.824592557675
39.990338853708 -74.672457478919
42.040049583225 13.831139414979
43.39068435991 11.979054935288
42.308314704501 12.765824203757
42.767659886187 12.339668185164
42.317258467135 13.323629869786
41.965490729087 13.718871283235
43.342109175114 12.399603258094
43.32164202601 12.438871809041
42.593678652606 13.60404080369
41.888210141535 12.93068980471
42.348594457094 13.757235220541
42.286069818461 12.042735224631
46.68731318679 2.5796227420585
43.742396293844 11.703743108136
42.920871379304 12.659204687786
43.700731950694 12.570545454796
43.550187036672 12.644426969667
42.485524673728 13.718143425772
43.725842242022 12.77498064694
42.154048129543 12.592318146786
42.872372406496 12.079194347432
42.490615615405 13.700181598191
45.830048229492 8.6006003892983
42.505856413651 12.245848762007
42.24751588809 13.705433851923
42.041284283663 13.517415597831
42.465876879408 12.355853119586
39.989617999157 -73.945884629174
43.002018318999 13.003445796691
43.320892171639 12.927481250359
41.847388161296 12.703411013237
43.484683649395 12.275779764317
42.844121767156 12.461177294378
43.734340846902 12.245628154972
45.685456796917 11.512956518218
41.992750694527 13.19350024417
43.335449094596 12.302271112961
43.456883856795 13.053788468288
42.960674654229 13.003049732208
42.238890718335 11.987147496097
42.897137892406 13.386210818976
42.547031346984 12.874813273512
43.565907358942 12.696900421168
43.561614539291 11.996723116395
43.116389688813 14.063172705894
41.853942620521 12.204972235137
42.777004367589 12.05040946747
42.825305659264 13.223410045387
42.532870316216 12.099360341739
43.78266435807 13.270851371491
50.86171512439 9.6708813848304
43.344190953946 13.261140546904
42.356987679564 13.150104044096
51.771435572194 9.3428651668797
50.011705890769 8.409740634919
51.753299855512 9.2574842522188
51.573385746485 8.4885231463651
42.681025733112 12.377937284495
51.813924953255 9.837973194587
51.174372022587 8.5010900201747
44.617954393087 9.2827570954746
42.383123087896 12.492710469075
41.838475814501 12.32314216549
42.666564622294 13.167910955014
42.55683878651 12.713811003956
43.752902395929 13.604400464636
42.157512602307 13.692783878927
33.135583069884 -117.90875573248
42.179754521802 13.519972579817
61.379531682646 14.558728555478
42.052491583907 12.076093326845
43.234603123404 12.125292232805
42.632294007892 13.50437555022
42.070734494885 13.769370777912
42.406083452725 13.401612127873
34.235005929284 -84.634044246019
42.602305716205 12.000762226547
43.193597558531 13.393522082567
43.099972873062 13.053145410539
43.749402305016 12.114545372389
46.516140411848 7.3558019778485
51.540661899813 13.783740037858
33.647771097369 -111.72937167284
