42.136657492974 -70.152514484988
41.526201645389 -74.252210824655
43.343297312683 13.722670759432
43.617372819065 12.033687119409
43.271903471238 13.583381609353
42.214970986014 13.022844949769
42.783183522908 12.487776611248
42.427218057435 13.673708569593
42.918542333862 12.350390302202
42.358112063447 13.53300470746
53.688978467923 -8.28221996002
25.228341334589 -80.332463171298
44.89694948569 12.830821061612
42.418751068629 13.444935081289
43.733218160355 13.259110290233
51.709569601207 8.2162672184483
42.456489541801 12.838744342739
42.771239840806 13.754692695942
43.817755953811 12.151124952918
43.782605508262 12.009876373715
42.758369581217 13.536787156752
42.888195102072 12.20663346455
43.743310998561 12.422028155284
44.93808104729 12.01608284501
43.531253635686 12.864173837895
42.079424698895 12.438739948666
26.829813957584 -80.913938016866
42.843473402266 13.171488203675
42.863675238056 11.899864543204
33.948899968692 -117.22701164802
45.806064999106 1.3327567499749
42.470114656033 13.303633860009
43.355759606418 12.418027007702
41.363623752661 15.758105158481
39.265472644798 -77.098524043266
47.089584310369 13.447036601599
42.126427926669 11.907888401743
42.838390747962 13.131541960024
43.830375642923 13.33992082271
43.175164458444 12.809949549779
43.539776852627 11.974819151228
43.346775726598 12.107159256075
43.525207012692 13.528227908804
46.959522534609 2.8846806580595
42.022558758532 12.891409799427
42.70380647236 12.369202978171
43.199038351534 13.751715870945
45.941024699687 1.3591147271726
43.575477230186 13.732195704606
42.955782919191 12.930091034144
45.908021868445 10.861562000265
42.728983614489 13.805428592884
46.861659169598 1.5145802439724
43.802570950148 25.983212070532
42.170157243598 12.596072340217
33.065841395152 -118.53646367563
43.497519875664 13.602130465045
41.851445191957 13.217005948192
43.648911159343 12.510681586133
43.513186469934 11.946938944977
43.968098402379 11.073272440477
42.81371329206 12.630820742192
43.386695734426 13.710902469119
42.528355727705 13.080976595695
32.815074823513 -97.71076854571
44.072824658276 13.054724996495
56.555778240578 10.896093647879
41.837163707652 12.61443309796
43.501942389899 13.412093430505
25.232695811054 -79.790474196142
43.038622632196 12.178387079026
42.221231718206 12.528538054588
42.918057273125 12.002787512749
43.237035937739 13.376278781063
50.767630392112 8.1517104190549
42.452437883009 13.165003361744
42.687798763501 12.82342156948
45.643518072387 2.2664880376619
50.311535006534 9.4570658297544
50.85242147504 8.4148688290337
43.555772044044 12.296320818989
39.731862998617 -77.100640869706
43.545204648557 13.698769773237
50.396177453173 9.2666559895811
42.040705195202 13.674608040936
46.302546950664 2.2229178539584
34.971002772151 -118.32613356269
42.396513526999 12.112570533602
41.17954218644 -74.657861193148
42.33200830099 13.332674799197
45.175877676427 2.5576549151715
43.419461433061 12.075273833759
42.712625835444 13.514202389661
38.316373920874 -123.1400700872
42.440300860668 12.093779229158
43.225013459693 12.896664404283
45.424878146327 9.079922978105
43.170114280756 12.009937324587
42.078549431695 13.548285285753
47.103689988192 8.2333497448048
42.891879559 13.348007379283
44.633699345162 10.915772426299
43.517577216757 13.021716893682
42.332123384521 13.083713097092
42.063125809239 13.141794110735
43.764208010775 12.972982267858
