52.071781634154 6.2688076661522
45.757085014047 9.0511785789631
43.667273020704 13.515808752068
42.80556190752 13.413402797868
42.669841331297 12.976377488124
43.371509705864 13.511500143705
43.550022207478 12.812220429935
42.427635338378 13.135602325751
43.760930707588 12.727368869713
42.864120277534 13.403930702921
51.451699612407 8.5121648071856
43.359192832561 12.008218436061
43.524000813518 12.550234817711
42.082874703746 13.248469105127
43.127736411138 12.282456496417
43.231023897545 11.840892907645
42.889097817212 12.522823919341
32.712856351078 -111.29938478783
43.036052175835 13.187671397455
43.70267131261 12.836148220525
33.12574792258 -118.28453863967
42.353655453491 12.126784484448
42.389721141399 12.298922077913
33.49669727725 -118.09041846305
41.915050831605 12.346828373332
41.934682869343 13.571305572342
43.100022068315 13.49431158348
42.27488182174 13.783304013232
42.100616617662 13.69745404401
43.616764649126 11.988824679532
42.987257902526 13.684717384507
43.341359399905 12.338426214356
26.994934868979 -80.475545088792
43.3799020948 12.000609456117
51.923380290821 -0.058672142293613
42.553046597446 12.163869874184
42.226826061621 12.077758687606
43.013443891452 13.427017796539
43.66574218716 12.929555381636
43.807822139865 12.718860039843
42.198504135126 11.838864479626
42.052476337225 12.265833943296
53.941070475122 -8.7867647767005
42.269899179374 12.926339596497
41.909213001353 12.873807711023
43.037904145235 11.961686907805
41.918958534004 13.111490338648
42.825858359631 12.617003900773
-37.554951695052 145.8070959552
42.72088416003 13.220456195188
42.422786845578 13.346478473112
41.957885582467 13.404104727995
42.297807271752 13.582843796642
43.208729772481 13.29689985483
26.324612460886 -79.315586523766
42.813882904062 12.823236220921
43.648948108635 12.250268002178
42.973703889185 12.275197094456
42.472349860946 12.427547355403
50.680371229388 9.5661906630575
42.477783309074 12.04020876162
50.220495943083 9.5742167316257
43.657514931961 12.968571887358
41.867493030574 12.658882062279
52.149900458124 0.60390958073266
42.759256671092 12.063141244514
43.344316214504 13.268462117907
42.649786996047 12.347058547378
43.267636917677 11.86256308244
42.254309172416 13.023854279923
43.829786152055 11.906520950585
43.738736993998 12.499843220015
50.798777877492 -0.78968206089906
45.470554260805 12.413901926954
42.589292306283 12.792601310572
42.233164763208 13.279887192568
43.157803659887 12.70517450606
42.518663345167 13.251693095219
42.456067600055 12.728027888468
42.262739350697 12.351819514482
45.757335292994 2.535106695972
42.101435184081 12.944264274086
42.519378558064 13.310581701042
43.136311996836 13.572919772485
44.073762938927 12.609675474819
45.097386030086 8.5892281993242
52.534492732042 5.6778178433552
45.684595242927 1.7100559979258
51.318044174843 -0.11191390558235
43.037259438113 12.766295545181
43.199726411512 13.465208632434
43.525144844116 13.444284067251
45.004993540863 13.470013791403
41.849990140598 12.454520888394
42.178186111256 11.987022048809
44.992172591664 11.014557342306
43.767722882709 13.297799345266
43.319457827771 13.286309025405
42.440463185536 13.815251944522
43.699526243724 13.719633886015
43.435821115729 12.640022107719
43.483794440296 11.837582005133
42.89695014895 13.506938409783
46.174188109662 25.649482836318
42.427612975926 12.691797674977
43.46735971538 11.8504685787
42.296142630904 12.24561768225
41.971853758682 12.316886588168
43.72637857067 13.459877761782
43.816747081867 12.504497495736
46.225058800087 7.9058195837801
51.612024880767 -0.76393817305054
43.324673578315 13.719937925118
43.080608225952 13.538773560703
52.686889737699 -7.6919747538362
34.339407617545 -112.89228407299
53.007847663484 -7.3031638061177
42.097581006187 11.862036977851
43.825437241639 13.207523357241
42.963362556886 12.691310003743
42.452894624089 13.114729865994
43.466179160639 12.344800472907
43.338143564008 13.282457546018
42.882023840643 12.851183994625
42.434655493814 12.686036173129
51.648495412035 -0.61998506529721
41.999173890556 -87.930589392764
43.410650503103 12.709125193187
42.19700547645 11.856082861266
42.615463448996 11.847140142178
42.520691695887 12.289390315457
41.257745083216 13.02346808073
42.073775152266 13.318789480424
51.034990659698 0.05902755490925
43.123343335543 13.26160916095
43.611220416919 12.362049862001
43.180410349381 13.205154704512
51.995710471643 8.5907360993283
43.540195486781 12.187900563345
38.027792450979 -90.850525011683
43.135670923246 13.667695126828
43.738791722238 12.126678329972
41.841785506293 13.330390187155
50.211935248325 9.957626868951
51.737107521266 8.3905401590236
43.621518724443 13.286727559442
42.571183713906 13.014758052798
42.329103054653 12.151371419056
42.237389169299 13.117285126896
42.647887252594 11.841980092641
42.951818581669 11.965197590185
43.800388386867 13.71849942988
41.966389019513 12.907124674391
42.165281419275 13.760341082143
42.448253343112 13.114486914668
42.145307052038 12.547452779297
42.117459829041 13.369128098439
38.93429088636 -96.236927716637
26.205864513372 -80.296742865764
42.741548071982 13.546496690061
41.846560110753 11.920090131445
43.152520299332 11.718772280318
43.088771313491 11.942511285184
42.053481617057 11.936708749729
43.229842077137 11.854932974977
45.824303564974 9.6425700567651
45.474970629029 8.3942559039171
42.782227266965 13.814438058929
43.427672824577 12.212119012725
42.397202061695 12.122261417642
43.312902921512 13.508471186065
43.052847184752 12.153204508684
33.256089794415 -117.80668273631
43.728258733998 12.602559627335
51.019499494238 9.4901379242028
41.943301543122 12.117168482469
42.126433610996 13.076931734626
43.495628151829 13.440839411917
43.12673420467 12.862670442046
42.176067612237 13.217543573707
43.038307774851 13.081222130976
53.642572008561 -112.35627396794
46.804836717809 2.2674424863734
41.969649131882 12.812701581911
42.698867236145 12.389551372004
42.616832783288 13.774276935877
60.912654502742 99.08689840142
43.713689459375 13.5873622385
50.379362143287 9.1137919729174
43.222349413329 13.736848502784
43.475335326288 12.173273227745
46.881392244194 8.3545318261509
42.330291850202 13.196659917124
