43.107047907613 12.467007842153
43.32449739476 -71.221344471348
43.690778063022 13.197348182668
42.787424705379 12.562272110771
43.368002677063 13.677648761646
46.445643858726 7.9589393525193
42.458849470366 12.236688714606
43.457195900149 13.577925509132
42.366462993627 12.21573173034
45.691982486305 6.9941071972479
50.743888021793 8.1841415186339
43.509001578462 13.459147454009
42.688401027924 13.050270102031
42.604633592837 12.532099601616
43.448629541553 13.300398186476
42.792716660461 13.774744936647
41.397205371281 -73.811242437965
41.971499367159 13.1833797685
42.256308586477 12.62753612626
44.635316884252 11.101888716056
43.705409919727 13.563526029516
46.419260658079 9.1215583591357
42.894973775344 12.786232460677
46.701229090198 8.1403939529045
52.427405231133 5.3381476921906
42.480994985218 13.607736481658
47.34348607964 7.1255308469411
42.009336264829 12.574001850383
43.97558124637 9.7048680326481
42.247113789102 13.717033264116
42.426724668812 13.747908932526
41.881119039341 11.878083568031
33.927035006356 -96.628371110171
42.978527710784 13.598725439815
42.84934643232 13.798467818109
42.485977669494 13.626299965508
42.980358422746 12.250661600985
45.660367750058 10.654093046113
42.250144695069 11.867326527328
42.206101372955 13.18029589915
42.215271568978 13.775211900389
38.254235794757 -78.264235836315
44.448648452769 11.524809112307
43.270488031355 12.850256844375
42.307503948618 12.29595495916
42.063774683563 13.205519380165
46.047502050224 8.4432799168132
42.572136868545 12.245787583893
45.106368249425 8.9919940622253
42.185039453781 13.043310402468
43.252943426975 12.307303982485
42.42719076037 12.247750478002
43.539962984894 12.216293717391
42.852263318327 12.89957402644
42.493476619263 12.922879298668
40.06351653282 15.251052353879
45.235067906925 8.8011906461074
43.698307461242 11.767867950198
42.792040808051 13.352775741554
43.215201806398 11.977404780696
42.51971372057 12.46826107172
43.504860941577 13.023867826941
43.267285166454 11.876970667356
42.290539629914 12.145839891485
51.872061107248 8.5868782897419
43.02392591679 13.144289129502
42.552620682678 12.882966332104
41.99065025199 12.444407172729
50.484543210121 9.0697760042128
42.609100302055 12.330459658697
51.472883833327 9.5670654054578
44.889562057324 8.3314332766349
50.838340921718 8.6091404988473
41.882562943701 13.545015839669
52.562268460664 4.8190639503622
43.065276973001 12.622603609538
43.67154593082 12.668415729035
41.957222645172 13.781581382186
43.184327832064 12.564999636547
45.502483319122 11.454250461817
42.646645053612 12.375253806086
42.044852392324 12.531630947058
42.014760785764 13.19087323604
42.676281811074 12.847682280882
51.295126438511 0.16508571945834
52.586555528495 6.2138918677642
42.184675072892 12.040991993661
42.166366033355 13.12803811262
43.81151323526 13.038488572968
42.404540378344 11.944897582284
43.768017109862 13.186162028569
42.767492088402 13.04812468779
41.98822167331 12.077157109101
42.321359000339 12.480859291519
51.430473342738 8.3221265595975
43.178564717632 12.749390361735
43.042831291486 12.097628862664
43.174866618691 13.498127352234
41.923598108799 12.600410953465
42.982263246564 12.998285495696
41.26308372132 -74.280279158877
43.496633967637 12.154891628865
43.176232784158 12.237938040068
42.798908114826 13.161317355561
43.572729858858 12.334492746917
43.673820462878 12.792159555404
42.09751676961 13.047824007502
42.554481748305 12.760028951245
43.031115036493 12.143920200034
41.888791876349 13.244247343992
43.285587153086 13.02072022253
35.317065156249 -107.25191712078
43.493611078495 13.148509252441
45.725583265571 7.5043750209544
44.775180101546 7.8540734152096
43.442196259036 12.446843479989
43.340382508647 13.727015339198
43.045590234963 11.851967265316
41.961621793456 12.391848135477
47.719635787755 8.3354277500582
43.602302605588 12.338262569803
42.031939244399 13.81042707565
42.180102701869 12.397737735157
42.425642997246 12.473671374618
44.995034968969 9.1150334158517
39.48734352767 -104.50437201716
43.717085120157 13.712263512778
42.116842923761 12.824966563783
41.956552617718 12.953420304227
41.92492638201 13.760089012703
43.329987786419 12.977340663328
46.997416000346 7.0544281206347
42.874460631478 13.459150723416
43.706624383457 13.508052720946
43.378405985154 13.721061221215
42.8435322707 13.047127474608
41.910288615597 12.194263815526
43.107646895644 12.173976888982
42.556353430013 12.7665767246
42.671087208072 13.624200446843
47.011009794639 9.8761755424231
44.106095453543 11.932360963466
26.394116365517 -79.192935724177
50.996580998412 8.675005837658
43.79751938481 12.018452016666
52.080400156593 -0.88328524212971
44.091702544683 7.8317266490668
42.905996430642 12.486153640566
42.189970817526 12.84150514467
42.555431001634 12.330385524489
43.081761215873 12.012863679816
41.227385383346 -87.179308530327
40.592643443457 -74.096062875063
43.072237650918 13.271968727148
43.653118281485 12.636162030362
51.303768742738 0.1266145515333
43.249122448403 12.180997063511
42.522831000186 12.804192386497
42.390018106175 12.497941254891
42.131438757375 13.107208556567
43.124124168963 13.37628790197
43.592835674825 11.962698402818
34.57667029229 -117.96872770962
34.296806485226 -112.43262629567
43.80352717305 12.53942386321
42.164407899235 12.115614796598
43.17511963482 12.374360634675
42.716062719357 12.875067953449
46.208232087646 8.1924662711995
46.284136338452 9.1793049220853
43.633494786303 12.323904598304
43.378179647226 12.808230281739
43.235738166739 13.189915489049
42.167679501331 12.934374302616
46.782107498861 14.514480835532
42.284630649411 13.259597739812
43.099492532734 13.799306607267
43.375376819829 12.175046491074
46.024008747201 1.1561016827617
43.77504277966 12.654912281176
43.290411689941 12.396514655297
43.009507824227 12.857447343833
42.239183486572 12.898980073139
42.316760601644 12.664474558881
51.231187655698 8.3909445309038
51.670786906346 9.3960581880044
42.442854898278 13.163151387222
43.49700880821 11.970796753194
42.950031501239 11.954737110995
43.747191407621 11.906585514523
46.707601851182 1.894539465613
46.017367777518 9.0207079507041
34.515489700586 -118.67170511528
42.581075162918 12.174687345149
51.913539364428 8.5618862652042
43.438337384483 11.997273440027
50.906960050765 0.19712073453103
42.326280198699 13.453850616002
42.635212119054 12.33925126278
43.229557328985 13.506519784011
43.430414231716 13.118578901125
42.567917053873 13.620823390161
42.850492270149 12.0420575133
42.144705343149 12.679125705605
45.196873970491 10.786145028093
42.45123051456 12.798347884251
42.674306566696 12.171483095836
43.596537567043 13.629806097446
42.206827669522 13.37675112133
43.650322554026 13.220277579159
42.679009486793 12.969881132718
41.986917931136 13.484863542733
43.801034497025 12.820136257385
51.525803376001 -0.069016361226796
43.223723212382 12.700255858593
42.966192516969 12.012192056541
45.421103788992 7.0496490509248
41.939012363546 13.618364297628
36.991354937134 -122.33229634631
43.681256051514 13.625641835234
46.458757016346 10.622893047041
43.216169054276 13.274299008921
42.438931499833 13.115657616947
42.465864782925 13.267869475443
42.098648740046 13.417080242402
28.843746470689 -99.234091974931
26.294682445125 -80.684345814993
41.941985019477 12.772538877007
42.081858865045 12.127909942145
43.206999262912 12.491047093429
43.17474137024 12.755811727047
51.548207968729 8.5295723907322
42.980470846419 13.321054227355
43.671911151482 12.004170987778
43.32230838545 12.390190090721
42.043321807444 13.480043554923
43.540367026155 13.106020039949
45.068160907818 10.416496414166
42.194021982718 12.721298442579
42.156114018616 12.122517142523
42.157328941607 13.338531925312
46.316527046876 7.3816100588914
42.097764305371 13.321940651334
35.399925392307 32.226570952324
42.56177989608 11.869984310081
43.358969009204 12.566853965918
50.314079173987 8.8776460713137
42.867390989751 12.014771537883
42.801095136023 11.562597483936
41.108065313436 -111.09923957233
41.863818626343 13.257988346882
51.548747904854 9.0619307630984
45.279244485816 11.304466898788
51.508761860201 9.1421190910703
43.480635042081 12.634913081154
48.115567474147 2.6057405728618
43.812631409083 12.198954767661
25.895862457277 -79.310846964783
42.155000890233 13.761304985642
42.341230724652 12.912348239197
43.487521979275 12.336457731846
33.870889597791 -111.76608269465
43.238704042176 13.592485511041
43.230090242473 13.376639950751
42.673004435244 13.401328368786
42.536854468557 12.524010034077
51.639614099469 8.9886240870639
42.97356927582 13.447606479047
42.60289288808 13.144180953125
51.664673162235 0.37602262071615
41.927463038812 12.668237927236
42.308637151659 12.107223939222
43.651039023742 13.181879171742
42.443569615711 13.178246577374
41.976493263162 12.499981870663
41.847622301845 13.053319356916
42.057067621081 12.316353636496
43.666510493826 13.546195283342
42.908551108536 13.454574439907
43.372120362435 12.788173611664
41.516092894276 -87.55783454835
41.87827183163 12.170830586094
43.353610559552 11.966432610066
42.706837520819 12.537525941423
41.620774837037 -111.44759421919
25.061409718369 -80.108984368714
43.624734517033 13.099429501754
41.844711364661 11.907417963702
43.470089788789 12.684596281373
25.200149138069 -81.064345210165
43.565899018017 12.801761641561
51.216690508284 8.7165415937624
43.414955784781 13.471583789455
46.012770180596 1.0562576921919
41.87928312408 12.25762589709
42.922418014597 13.196951532849
43.505256236787 13.136844679332
43.730599687796 13.571082172271
42.392930200993 13.459854741816
43.475682252329 13.513173617683
43.40305217842 13.300837659438
43.015897611185 12.147150290288
42.832286875172 12.145308345645
41.990473018976 12.504550942941
42.510439467875 12.629038601031
51.701265459974 -1.0512422868801
42.762651648749 12.222107312766
42.227825618476 12.149217214526
43.715295876265 12.068439721183
42.441434800851 12.129366839851
41.908612234962 12.156948417054
43.812757508297 12.292076750815
41.324360775007 12.88918029505
46.840870674532 -122.10877340924
40.385800766936 13.846235160502
42.038424178066 12.108275430814
42.383783882684 13.001776123441
44.813683981944 9.8568661820408
40.873852926399 -74.811361541084
45.606005358766 9.4878584283603
42.192076550441 12.254598532943
43.416539831768 13.538577220209
51.087679815054 8.4104065175217
42.106678885013 12.448622342895
51.496733214006 9.3129629699108
42.893030220614 13.774029422933
45.599428792039 13.567517831562
41.560732053528 11.825888836021
43.526511096662 12.972385057722
42.078532498853 13.656875535707
41.208259685202 11.817309369991
42.426964014523 12.157956561634
40.153964357033 17.676578052473
45.208338300143 10.342316188331
42.449390714287 12.758123734874
43.632768625709 12.948184761681
41.99719489135 13.589507968461
51.981205355134 5.2617294497377
49.443322427312 31.957872332985
44.8366012833 9.211226632612
42.503964555705 13.464925276353
42.304763293057 11.93384710838
48.959891321701 6.8062858803948
42.932697253291 11.959895508366
42.284931247276 13.802755469851
43.119226590341 13.635625795313
43.158849178908 13.207187115798
42.146476007156 12.435482027233
50.288627773658 8.2322839024627
43.454881409882 12.303216114337
46.261424327391 7.9744109520569
44.406682261294 6.8814443452453
43.626868997082 12.783853590409
43.712856856062 13.759086680973
29.71800980239 -97.920234289011
43.773664411539 12.533185180546
42.669551385434 12.160284016843
43.073771738968 13.175823430168
43.311405817678 13.730364177737
43.491649142716 12.81554023915
42.297392239488 12.924971097135
43.81989287439 13.688339613254
43.051064932298 12.358956561146
42.238231199925 13.306488610968
42.209270135152 13.289583052199
42.888438334658 13.645149660618
42.84577205027 12.327660591515
42.915699673333 13.075457933881
43.53198897167 13.079262050858
42.06438713945 12.090020249661
43.736963288757 12.329493904661
42.81353048182 12.262875921702
47.491996929279 7.8947932593966
38.973430484618 9.3902266631245
50.543910822619 9.946984724117
43.659541515496 12.009450705282
43.110423815043 13.491520399012
50.270166664976 8.9605310349541
43.509673180783 12.174814123763
42.304343329905 12.738081159901
42.222122151063 12.771647535645
44.52725462668 10.575516243521
42.218910145696 12.910823438296
43.007252485516 12.173079817657
42.412744736512 13.605299711065
50.141783100153 8.5197723440452
42.040996495209 13.632781625575
44.408808950271 11.40367972786
41.898070125814 13.416189240507
43.548355618302 12.004464542051
42.806283788221 12.683897018306
51.008921479345 8.9006300884768
42.707440751024 13.526793121161
42.612663670749 12.876839305704
42.51646042781 12.880657827913
43.744925297699 13.795509784408
42.245384220635 12.666089624963
43.718449324725 11.929427750397
43.646581893178 12.55077878041
42.335885568699 12.495449027764
42.865946340333 12.94786684075
40.713315267124 17.045158024524
42.876526087486 12.007393253992
43.174860278247 12.186996005118
43.78324581209 12.026592418119
43.096973495624 13.164407428452
41.116652018597 -73.968451526598
41.925018690978 11.905330183427
51.513193085796 0.065253744812339
42.241138036496 12.744211679692
42.210027091324 12.906529140171
42.488243317946 12.650856685683
43.44541377178 12.733552136821
50.852139783023 9.607774828378
43.516800105368 13.288578780989
42.984127119197 12.884467706051
41.962819408163 13.762013557277
42.697517077319 11.938946397502
43.315237409603 13.613324617808
26.531781155381 -79.39765269495
43.204610134126 12.239961244299
42.238715503497 13.534534921208
43.092214949959 11.873910984918
42.729886013444 13.435777196885
42.257398238546 12.367169016699
43.65336739025 13.090969673421
43.75957105905 12.8800415862
43.535843968662 12.35206985725
42.2893514821 12.79633453481
42.694048617845 11.985473549473
43.728314734424 11.868157530163
43.524128855005 11.999242455719
42.896836202565 13.47325535329
42.441371658112 13.798229797205
48.161322727197 13.375944847204
43.664724512356 12.985835780404
42.434162073526 12.999333783539
43.180951595877 12.722606306787
45.496630344934 8.8629224889063
43.727723972766 13.251976853841
25.660137252241 -80.976403204989
42.506112545054 13.63883654712
42.28899779 13.134174030823
42.067415117804 12.029705985018
43.584230189039 12.702874455018
42.938132202711 12.269405128581
43.468565747847 12.529134007438
43.545257382835 11.839474165758
43.198181293087 12.953420398756
43.054088360676 12.991601227334
42.588673631024 12.344963240619
42.131255708251 12.712561305499
42.456003578613 13.411374974743
43.514968513306 12.864946231204
43.108109111969 13.164209594116
43.02385377468 11.882601162385
51.255848330699 -0.20859066804139
51.024275260989 8.6076625518536
43.832943453655 11.059159564601
43.413999692751 13.137270545672
40.174670579611 -74.499405016555
43.657888874739 13.547811223004
43.523826847118 12.914092776812
43.349317629074 12.572248883367
42.74083440508 11.884448551074
43.099469436866 11.878509717492
42.602070343982 12.173442958025
42.264169083121 13.292324242339
43.459146782525 12.103702153614
42.534433536036 13.659358718761
46.233345192223 12.248863640057
42.293321837363 11.887859333275
43.296316747713 12.732004342031
50.478292594887 9.1645738101399
41.998338934986 12.088068984511
26.022528590162 -79.561699079887
38.493835801167 -76.570084354388
42.953543119132 12.815983578032
43.49134142489 12.485163218123
52.036733381234 6.2391865521153
42.471302790808 13.637186571342
42.209621931079 12.019052194461
45.229396883808 7.9234311115571
43.432743746544 12.266745036147
43.384353216006 12.429707491526
50.266316639849 9.8457730523524
44.631671990588 8.3192699466456
42.633312222398 13.108359491058
43.504015783569 11.861313858492
43.040465184993 13.048302784606
43.822860677199 12.140785240189
43.529309550102 11.861842761704
25.821064220641 -80.506835660943
34.570696519062 -84.568536341828
52.153585917621 0.69280829680283
42.311174759807 12.60065205565
59.533909023776 17.107174100567
50.03388839496 8.804578802923
43.104232389084 12.90189789466
43.32854581176 13.826434136309
50.479020505901 8.6804824600371
51.373186818731 0.82554495693909
49.89574889147 15.090564448661
42.81369593407 12.428229917527
42.353544529713 13.761715734753
46.849929888663 2.9325806898682
43.375446943296 12.031067799812
42.329450557183 12.014999985723
42.764671010808 12.022666195905
41.975363922315 12.663127750022
42.696372720293 12.40303802418
43.055270792032 13.583219338501
43.209451594509 12.512761635034
45.542255552738 15.718674652147
42.144993164665 13.532925308486
42.336120269904 12.776815581984
42.131736238104 12.50227988304
43.519717581368 13.048062566711
43.556202201453 13.191303159686
42.212600101837 12.545380348615
42.759862874544 13.132400523954
42.753730214573 11.88190285113
42.607653349011 13.757539906913
51.306778625961 0.61383827147253
51.811518422473 0.82614723952308
44.491849018746 7.0406778813296
34.89134266706 -118.2044518347
41.650457481365 12.395772196348
43.031772310881 13.269114845113
43.719536901342 13.21288338595
43.362697035264 13.189396705122
43.367541364586 12.345690935566
42.452084486604 12.902416456466
51.449968691659 8.7813786858606
41.872448089494 13.505563014909
41.944895287505 13.208000005341
42.599389007149 13.78258448738
43.169287283073 12.386319214679
43.142265753908 12.565725003188
42.944716569497 13.044737376315
41.930735254183 13.146484187428
43.794624872431 12.123451310288
43.37616843191 13.311414399816
50.305700196561 9.857008017533
43.028967030898 11.10731133486
42.202009091269 12.198020836452
42.895461016307 13.392688836175
42.864118671934 12.804962814716
42.400619765951 11.982977813123
42.065461123414 11.977695486985
42.754220418073 12.237632314806
29.570802227868 -98.609447267683
42.314985945523 12.23466048589
46.346207414941 9.1673316315596
46.254256011361 10.319051361023
46.154872945116 2.7350924437563
42.04682247345 12.978529361088
41.928060479915 11.992736668809
43.396018302274 12.281728477835
30.632427480599 35.193323534654
41.929720735166 12.007986457577
42.376584885373 12.106871113252
42.445585682285 13.270614383424
42.14047640105 12.206929337351
42.604627256584 12.969183662447
51.755963274863 5.5516684189447
42.453429341548 13.667218432628
42.153377995919 13.236736471896
42.70404834568 12.595582513437
45.465734869459 1.218297472791
43.711543112414 11.971547709786
43.778367501136 13.538405475013
42.837090574616 12.324870362584
42.072400406989 11.83352937404
41.845057350532 12.352470548077
43.708995142837 12.312299799806
52.055158479398 6.0476663719386
43.694725041622 12.960370406045
51.40266654147 9.5655923302125
42.832976359352 13.3060507464
42.932239679609 12.199734204097
39.539419530953 -75.806432585815
42.094482876425 13.780494737358
43.293103592162 12.646212029593
43.285773993624 12.848221422123
43.17426386672 12.68144516215
43.808646886541 13.470453966183
43.187359348048 13.333862622445
43.476105921213 13.486657609479
43.353135570138 12.947052139785
42.309860283209 13.170460872453
43.517870445067 13.761524009894
41.472236397582 -74.831186414283
45.601934073403 10.708921731456
51.12414983107 8.5552776705265
42.985600311789 12.337908649064
42.564099317235 13.728435418463
42.71037361387 12.302424279203
42.101928676547 12.129462844773
42.606531699492 12.681852733124
52.371950836327 -0.73720046777613
50.013981807052 9.5714741570742
41.833392693605 13.184267797614
43.308204616119 12.143884086604
43.331289042428 12.074089581202
42.521225194245 12.370972390015
42.083130871471 12.459993060913
44.167700005682 9.4791443712889
42.733910638736 12.262328958748
43.354131793789 12.195576862078
43.207645652002 13.094652317064
42.978218505636 13.797407131569
43.508954817687 11.969062306459
41.901954520935 12.937280094243
42.827093142491 13.453683780739
42.743811451266 12.747018339481
42.706008488196 13.325590134305
25.740692905944 -79.660832214287
26.883194809242 -80.27806253632
42.464916982926 13.308789253865
43.093053663214 13.528282799094
51.889405884961 0.18651449497627
42.246253817012 13.547269148097
43.303994090459 12.428097180777
43.481948707033 12.865835113409
46.311039387859 1.4657336103105
42.045329604459 12.276762013264
42.692145600327 13.028393339866
33.204264547622 -117.04270502904
51.09083732408 9.7381180616739
25.256602089023 -80.686646178494
41.923008828875 12.607187209023
42.360577285479 12.340932130062
42.760532073586 12.700313291394
43.678416388446 12.572967651122
50.82998278962 9.8364273611626
43.787838745719 10.939430931578
45.238249430707 6.8536769344046
43.124606380318 12.517640535516
49.11293907527 5.8254720413966
41.889997259683 12.380010555696
42.457241253696 12.832339500951
47.521900175636 13.907570473129
43.239736272155 13.012849103221
43.404405105137 13.61205535692
43.24608058496 12.3144496518
42.966861113911 11.924438310307
42.945980512999 13.800018796159
42.940321372349 13.636040253416
41.899860190202 13.532503298287
43.448088229398 12.651868930411
42.643303240504 13.781039956876
46.146350409904 8.5211927255249
42.704534790362 13.488313914525
43.766121928027 13.225256224289
42.259192160938 13.62517027495
42.044026800007 13.530306326959
43.717993790993 10.017111967628
42.38104222595 12.496471517972
43.529482663411 13.029801765492
42.056465422782 12.201811224337
42.811259302709 12.378009494125
39.375794884857 -74.435868575008
43.613029937566 12.566499722009
43.342906051962 12.413509620567
43.741891442233 11.949200105851
51.495557716347 9.3190103104892
43.468136388582 11.894389108727
42.647814447849 13.363182726972
42.111153475547 13.142553276935
42.580176810094 12.929722874879
43.301197492213 13.452678601024
43.762558692911 10.14895878788
54.276917759181 -114.13555112208
43.036412972064 13.192075875233
42.352414258941 13.279532777297
50.774934402795 -0.24181260557464
42.452197323785 12.474855243005
43.771824080877 12.394950024989
42.363655214854 13.458985805281
42.600988805129 12.216692885972
42.947221324776 13.415674204221
43.682927061211 13.506108790427
50.020333469855 9.0397248603589
43.524432827518 12.288049512232
46.699409645376 8.2692850000548
41.963765377649 11.870461030358
42.959251789844 13.031430812588
33.115014793445 -83.6600257356
51.092136184728 9.7229056086964
51.888125672419 8.5402401767393
42.196353267059 13.820430550662
43.776751798495 13.532574071818
43.559057951255 13.827741839864
42.317716672254 11.948049548079
43.011666920063 12.991321075725
43.619576405768 10.647616639404
42.99517406432 12.20794835
42.246037787893 12.240193262363
43.687981463844 13.148448388182
42.799720876778 13.026656790204
43.158623417469 12.478322665916
43.076702473276 12.587388771881
42.731896479976 12.265014787349
43.01468717915 12.237507238184
42.893803487969 12.003873586212
51.843290928911 0.49360075052064
42.167541159882 12.969702603302
43.697915345776 12.92070054401
43.790734821388 13.406264756551
45.482159602631 8.5473344555368
43.119658002707 12.950988819821
41.877387300563 13.628951968473
42.073770443033 12.106159027736
42.426325392198 12.157625591011
41.970021782916 13.160483391586
42.675315226764 12.991437966487
42.161063494257 12.486592228772
42.476833486241 13.067462710716
29.663504825291 -97.897985725644
52.152388370434 0.25304927031652
42.404830387537 13.302624735212
46.213478907577 2.5739253287082
37.987922814121 -121.5266776997
43.052889866334 13.003981117648
50.539958073311 -0.42204651168177
44.696781609809 9.1710099235019
42.947355482724 11.951086173298
43.787482073453 12.043442015577
45.116682398723 10.583147224776
42.438638137413 11.928252281609
51.952450000659 8.9038437604456
51.465250557272 0.3571052976172
42.734410209479 13.034395289644
42.778490779374 13.077237079443
42.700480862402 11.868385444821
42.71428505646 13.644380066865
43.302912220055 12.039752410764
43.486772357268 11.999348389006
51.185288872889 -1.1237752555095
43.093188286358 13.234372776598
42.932997972229 13.363371678818
46.15722865153 2.4908004070124
42.048127847767 12.623438732544
41.962040666494 12.657652040805
43.796406621505 13.556551759411
46.477771741095 7.530943354839
42.201286929309 12.318496981805
25.395480542145 -81.060294275941
43.231203771325 13.716359882039
42.447681667978 13.190092118566
42.072425302638 12.238296872137
43.255384179903 12.016120703919
42.007976036078 12.618728279911
25.531428937099 -80.344461787462
50.231195831779 9.8504603131909
42.919868231269 13.516514625196
43.108300061968 13.812691157152
43.305859643861 12.670452385783
43.135664728089 11.977638329856
51.074178407469 8.8797944629936
43.69863873522 13.533833944043
44.340527410475 7.2819088724147
43.480689161236 13.353424917626
42.427789643161 12.813241310817
34.829487979085 -118.52489274042
43.537860003571 12.389007257034
42.578700343437 12.450465045634
43.07912264351 12.397979209406
41.840544471464 12.952646115794
53.481179981018 6.2018846345376
41.847090866832 13.290962169103
42.643187471055 13.785163593865
45.606690150502 2.6709703578013
41.85673530209 12.626460381165
42.946508448567 12.135416287547
42.120177233203 12.951857812236
42.673003374468 12.622190241081
42.267732233886 13.392708057742
43.244299576753 12.051231785722
43.244594122884 13.60711577565
42.709419268535 13.300245639563
42.406154057221 12.287501715279
51.620147504667 9.7975080915715
43.350620029678 13.029404128005
41.965124754706 12.243120086979
42.556780950912 12.588985834566
42.065320511866 12.695649988363
43.081230851415 11.845131550864
43.21009478078 13.356030926761
47.799569478885 13.482342056943
42.281183904654 12.323666104287
41.846717134999 13.283583475896
43.815025967946 13.07870692067
51.48870893544 9.2269154122225
43.189505510141 12.660929322106
51.983193051993 9.1769257034999
47.960189689864 7.2685576869494
43.655331328837 13.13244596877
43.629556682275 13.426839610782
41.84707480338 11.848098044234
42.631476132514 12.611112284314
41.90528889976 13.448374036929
43.524545319178 13.48818338501
27.019031571216 -79.859256536444
42.838159677518 12.216290441929
44.94879903635 10.089503075268
43.163326870747 13.324280529455
42.551034119258 13.780166888528
42.02690008286 12.445639252426
42.43096489528 11.946107509076
40.048823815071 -82.56389256393
43.592328531964 13.398052849548
41.954896024428 12.111095864864
42.317906643433 13.562499565821
51.997218788367 -0.18154050237105
41.946618649173 13.191701054683
42.863509968346 12.502405586907
51.256570387053 -0.66127978813428
51.841790528894 8.7447396292094
42.8812928707 12.732202588011
43.634881050112 11.092637541305
41.868388326798 12.983949089436
45.271064326852 11.539271208152
43.275414445587 12.729688071541
45.949292361641 10.236513565032
45.941024699687 1.3591147271726
42.443757547759 13.026169970199
50.060305292746 8.584499131229
43.812031948407 13.663759313854
43.536907919954 13.220559835558
43.539789301616 13.223009068178
41.963574646976 13.490322317246
50.291419668724 8.4864478746832
42.543996585807 11.872678897771
42.740050130889 13.829546779801
43.084137621862 12.139397176534
50.80291703893 8.4981158345463
43.03915500412 12.286714522788
43.485389328343 12.439342813326
45.377013765477 9.628868714454
33.366696601013 -84.861391398433
51.018387352823 -0.56274223452096
42.650737412598 13.167790097749
42.51206214426 12.544785236283
51.013306623797 8.1297034002513
41.926533937441 13.139398962345
51.607103865876 8.3177079261829
50.557780288885 9.0098484200471
43.165824542852 12.87392191166
50.037109319138 9.8362939170731
41.823453863165 13.920874812324
42.85114102573 13.018681240763
43.266808840591 13.523062111609
45.592726491668 1.3227211028909
45.081979447083 1.7275416845118
46.349361894815 8.7710403482295
43.534971141992 13.383652566666
42.746424911912 12.693832672545
43.732981101041 12.796215420981
45.765793610255 24.739429013682
47.242278226764 7.5675406062824
43.293029882171 13.77236500048
42.059326316744 13.730404477928
42.400132893792 13.018015274342
42.939357358955 11.954187093768
42.359788763525 12.405833357224
43.537638631921 13.26541178688
46.029718596993 9.5773137109248
43.272024446315 13.048438898797
43.756063030474 13.634559060763
42.642677303728 10.83904273896
43.556957162731 13.06647266639
43.538064067524 13.293263993849
42.488306664179 13.272733258697
43.483486004886 12.206936512725
42.132259532426 13.470289623605
42.0201799488 11.903661302267
43.115131052751 12.031472166105
43.648248297485 12.579036561132
43.004275437933 13.236337029506
43.345168205626 11.994052983839
42.665138746943 13.662868008347
45.601401754495 9.8416828924053
52.822622558019 -8.0904491194945
43.265200949419 12.602973189972
51.916564051489 8.3312871257455
42.823480453281 11.928784000209
43.303381934459 12.346701246403
43.221147666809 13.089316001225
28.912267198288 -98.153576424444
51.060978930006 8.5627282609058
53.822051867087 -0.52871765824202
55.570178852682 9.3859063272299
41.942837094417 13.813174358969
44.650593181255 11.364345162133
42.61481429155 13.730709779438
43.00999453713 13.205916886335
43.133035060101 12.097168985821
42.406689547213 11.956203678158
42.079845639004 13.065814578492
46.000173830893 2.9247760558151
43.685177848549 12.446905359389
43.816135919123 13.813600548012
42.758264106141 13.635028312765
50.408264183629 9.0714958305804
42.037962358018 13.29125334245
43.085513969944 13.794550757781
43.436849570152 -72.038937182901
43.755041060411 13.386281626966
43.549468184167 12.684890490831
42.215670743613 13.82092202728
42.028379347675 12.142620284198
51.576835296385 9.9784487839688
43.576006183224 12.793172286282
42.281537162292 13.803781667654
42.075193765164 12.379423692089
42.451781376031 12.529436453047
50.326263308211 8.2265655008268
43.181646586967 13.725117182252
60.308189647416 100.39298369707
43.327259164011 13.683216220107
43.310290937477 13.667983054981
43.748854429365 13.241263632796
38.166721668505 -86.266139172094
43.11666935783 11.921408038571
42.66103421557 13.184206166877
46.44975074681 8.8069766963865
42.138162421614 12.289341306935
43.765756708482 11.923197825425
39.133823636975 -90.200067519747
42.062642108699 13.572312155095
43.672099804374 13.435001665019
42.603501386311 12.21169724793
42.268755213038 13.102043717702
42.759797980918 12.975480579315
59.700567121732 18.710729979007
41.887615395679 12.752129226363
46.931211679676 1.9117626579999
43.511690273209 12.489434650417
43.229068112222 12.787236604296
42.804080779128 13.524611978591
43.322673445739 11.894259585971
51.478611311865 -0.13662599550868
38.644454827211 -75.176790924692
43.343951184018 12.47564994568
43.623722071605 12.341529251722
43.390566315239 12.676811439787
51.823031783953 8.8930021761418
47.184682994236 7.2172262571832
43.289751041371 13.400837414174
41.858276992526 12.016244309517
45.97035158983 2.0452744076239
43.286311044046 13.300051452753
44.24569578508 12.106411550032
43.509557261856 12.402567754708
42.616165766335 12.112284487652
34.657942875169 -84.048812089418
45.979800216379 1.0917850938122
43.369373295649 12.162548617557
41.850109207395 11.877722367143
43.363653250695 13.381223806844
43.091396787733 12.452300646574
42.067876128067 13.648178822684
50.513056812581 9.114988518001
46.402088378743 1.094477284278
42.480037617742 12.442548550427
43.184512706115 12.221577765544
42.348125150145 13.354721759632
43.268270793982 13.171231133033
41.93877768283 12.554531826451
46.037654149829 7.3489004095778
41.882486218553 13.500217036598
43.833161786142 12.827274349459
42.153444596193 13.307662871831
42.707857376781 13.062354794753
42.399011260571 13.641400049295
42.830259528419 11.866296171635
43.404056050558 12.33362109092
43.048380587759 12.250957623262
43.500615870834 13.60884133198
42.838817286717 13.772414278154
43.792059854994 13.603972678375
51.661264513462 8.9050966486824
42.757789060847 13.172678140093
43.317559742538 13.187294148483
42.44654252729 12.426902287859
43.044613954653 13.791052332072
43.511323106269 13.604281285149
42.092932658334 12.644807068487
41.929559187952 13.748076169655
43.80009917116 13.439812743331
43.583514979868 13.074916455951
39.982966220464 34.115821231211
41.834945610669 13.549949525667
43.297667561724 13.458868549906
42.052715160464 13.746898859177
42.968697621959 11.856376333116
41.979340848059 12.752843248564
27.894223476097 -82.047484704903
42.580248444632 12.945621659044
42.661267443423 12.578198702365
42.202903460827 12.461591279836
51.347518264012 8.8411097632913
51.124013280787 -0.26050387852383
43.818472269393 12.938068764276
56.124763112108 10.158622548989
50.41301516649 9.0049946503737
42.259941398774 12.185645164098
43.148217895158 13.682682253759
42.20647383493 12.891222858772
45.506102387797 11.433043929708
42.463317579827 12.569177718188
42.978276030171 13.054989821324
47.256780889936 8.8231570123803
51.112368287105 8.1202311968059
44.815067575155 9.9479922569115
40.150769439198 16.037349909538
42.044677373064 11.922419549882
50.172601243561 9.7472800131642
43.116671300569 13.520844094719
42.368775873638 13.09399804526
43.068315754697 13.660367047277
51.119274110123 8.043702125104
47.36690901402 12.729322299955
43.068702704582 11.874549418678
50.254355847488 9.6461298920429
43.725487059807 13.706788729295
43.486947213082 12.559900630082
41.880402985926 12.511264575439
42.750156520305 12.703687528963
42.964250788097 13.307737136424
42.084846752756 12.453263279748
43.465475746203 13.15362631632
41.948053197466 13.805439834879
43.225682961881 13.693878300832
43.177304634928 13.741729713411
42.215911555226 13.500699458432
42.291358182363 13.713703982885
43.286595233871 12.775209289892
45.958003991378 11.782509662089
43.759633920065 12.105923603359
41.929384276259 12.694541494241
42.610830333855 12.494035972068
42.514741323683 12.419640214399
42.994218494761 11.95686329715
42.056289875461 12.428748072811
43.520513184166 12.519832155465
42.665747411414 12.652000559819
40.842423230827 12.049774313767
42.967753495561 12.1956854501
42.113106426857 11.931411780406
41.880053047522 12.573466231869
42.628078789298 13.426417551223
42.932755064675 12.99156467758
47.984032250722 12.778404018992
42.429058344324 12.490104189392
43.987901395693 13.485933757218
43.417572402611 13.244601733186
41.834001416284 13.093775711553
46.794005349183 2.717666056807
42.3209928518 12.581117896189
45.140942899972 11.364290350682
43.261679108397 13.144272381994
42.797520683074 12.375501326481
42.687696503351 11.862069753887
43.101454155588 11.96323753335
42.199211817349 13.115733977482
50.884680250606 9.9247202179044
43.551442371959 12.496697164393
42.178909919795 11.984164777691
43.503729975572 13.12013308665
42.068490724132 12.195035113134
46.235019974054 8.3090345874936
42.135661797682 13.744939114801
42.266216065998 12.052632665098
26.953051107431 -80.503108961086
34.713493424979 -118.3640947882
43.565966345189 13.124399249987
43.467845103942 12.595468515363
46.651133505931 2.2200232777838
45.010756070731 1.7578958914419
40.910396258445 12.176137760175
42.831235600834 12.135168942269
46.688969019656 8.619501464823
42.376928099162 12.507470881358
42.250441643547 13.204076880705
45.427071360723 10.986027104841
43.306493687607 13.565360385278
42.747555566389 12.598787145058
42.147749133964 13.419116581541
42.193850198406 11.90510127598
45.897632054937 2.7713172783942
42.252689752401 13.095848430014
43.32766238012 12.412630612244
43.401016714725 13.186640361898
43.132981351194 12.534115630472
46.940609707935 1.5392250048645
51.098004246409 0.46254537038158
42.535787742855 13.750761415714
50.278258716817 9.6806594746563
42.605657473163 12.042987019121
42.199314392286 13.234837377109
43.282456274763 12.279838237131
43.130433298729 13.378005990024
43.328136175113 13.612658050683
52.107359936744 5.1142943060791
43.684306390458 12.878376417292
42.152851759083 13.118050241919
50.466865465262 9.4505093607355
42.482113968826 12.232233758679
43.531030722696 12.204685872071
42.040879813647 12.922396747171
43.352402846514 13.658955409985
42.033953721221 -88.48081876053
43.765337346033 13.23138293078
42.945033982392 13.331109496009
42.788898233247 12.713703218735
43.053128799469 13.700766316962
51.343225746575 9.2270920463964
43.238291038332 13.228963362181
42.531206314255 12.731067153055
33.503804968153 -117.30954745083
42.825239961441 12.434349776003
43.193618716783 12.590598056389
43.287012022143 13.262517098481
50.820299091665 8.1726050093642
43.711013341209 12.22467348644
42.473124175574 13.521870119761
42.215625079004 12.942578498734
38.49890525853 -121.41787392729
32.792703051529 -84.676228755376
52.42002768904 0.41838949979674
42.621644024582 13.191838877386
42.088522068753 13.412077126772
43.170224885091 12.022959771598
51.668989915247 9.8877736161872
42.765459255693 12.973818976441
46.220486375189 11.857648604714
42.440368135686 12.621107848671
42.71250264475 12.83054433571
42.661324580529 13.270258342994
43.336178384433 11.973824150869
51.162337447825 0.3735958860552
42.648602446864 12.521579961091
43.345201258264 12.441850581899
42.019405732427 13.725647924361
43.010054973911 12.565773376548
42.069317835902 12.798175098302
43.614201219128 12.515680910815
40.925665379302 16.599387745282
53.713604081289 -7.450550588989
43.219542758663 13.260951544766
33.749873502569 -85.183264306739
42.359561614415 13.262285091126
43.262877504019 12.420718594671
42.711207478659 13.200032083432
42.742539774528 12.543689226075
42.761465221088 12.773191356947
52.07789881694 6.5379755556527
50.875045837311 8.7807336490512
43.934629067103 11.520628905472
26.690299715686 -80.694695994857
43.807649385581 13.138330091342
45.423142742097 2.5636131919751
42.997744558865 12.121308198742
42.405128516466 12.407464799682
43.076108476669 11.926868618453
43.33164233825 12.917761274596
42.708986703658 12.494965681592
43.231048417406 13.079479558917
52.589527620044 4.9856041871177
41.833638523183 12.253759801993
43.25859779413 13.129408304661
42.443097748555 12.970492327593
42.482408251393 12.77359323102
45.69436280867 11.900540351074
44.849252111071 11.163516899831
42.201396230723 12.262743310215
49.115438756237 15.837568526779
49.646402922411 15.787708267704
43.227301893883 12.914270476885
43.157088007872 12.980179880757
42.975726224026 12.929201294656
43.395323997103 13.358909968009
41.877205740624 13.817935624562
42.433035660758 11.94002394005
43.752250032405 12.611120822679
43.705897711567 11.981549300266
61.462106418545 14.643112183848
43.542574569391 13.431372186857
43.35587183917 13.223195681939
42.722906925607 12.656396226353
42.970794477973 13.734871971318
43.644901535329 13.614257290335
43.805260464945 12.479792759533
42.61218026311 12.096511391989
41.932532567055 13.745588008683
42.691607424401 12.259542687472
42.638173580954 12.026665263843
45.454234423118 6.9254220714212
43.15857997127 11.953956423327
46.84398807683 11.180519006832
45.809249380703 10.525619145427
42.614374328246 12.192123523092
43.651279392045 12.388472571705
43.03981694164 12.320869011975
43.747775299844 12.805570586515
42.050817649391 12.006779044425
38.114432491124 -78.444905512201
39.514983863984 -78.315981995421
43.048193125098 12.812943782126
41.901365014234 12.989406664406
42.313374112527 12.307848552406
51.213948831527 8.5410188425058
43.167424659344 13.178446374938
41.975720427474 13.119785511477
42.02023140996 13.258895420145
42.180449206021 13.422251477124
39.809529782862 -79.594371765906
43.41816865395 12.176548231031
43.646990260897 12.777475384913
51.697589555847 -1.1177562685813
52.423814224509 -0.03195521661171
42.157730522194 12.373344151964
43.123343335543 13.26160916095
52.35233065968 -8.1764948978911
51.260693444293 -1.0405781418786
42.947234504853 13.461229808399
42.569455181535 13.626656545173
43.293390456279 12.633355466034
42.04956754022 12.107645569906
43.782342438971 13.093303390377
43.307133510407 11.996490811017
43.764376178761 12.399883285372
51.932451178288 9.7673301863332
33.425816842127 -83.751355740033
42.099494042408 13.421784232588
42.969125586568 13.219803279389
43.161369740593 13.49680467534
42.38507827112 12.360694096613
43.148814578165 12.802938101742
43.644905444556 12.873988752216
41.891677711134 13.638758972051
42.990366322005 13.25115369926
42.089260458077 11.962887940932
43.144359560772 13.716086539794
42.211157864079 12.075623520706
42.038149361072 12.109535919109
42.290464934584 13.102742789382
43.777290485717 13.339729425677
46.438752645156 10.560216520149
45.345855977082 2.7557292206938
43.041718814097 13.241576833318
41.867903647438 12.906897810731
43.200399397521 12.110792367326
41.992090026865 12.210802511431
41.879503063822 12.79110831294
50.493635173186 8.4607487900465
42.054442457435 12.561847689379
43.753125511947 12.309464194977
46.523520682717 1.7930013108035
43.265178301982 11.943299532863
43.453738779062 12.228543840942
43.699957880073 12.361926992613
42.876372272578 11.911883763949
43.520743093717 12.762305594425
42.487595979372 12.526207251275
43.612849790444 12.669834151731
43.272340593076 11.983034942778
43.813173602269 12.043792483904
44.12992208678 11.54449688904
50.974078268033 0.061751516979077
51.86675043328 -1.0917620846079
40.552121114395 -74.701117332086
43.178309271682 13.758919094132
52.42530368591 -0.20797278607169
41.926226224737 13.362106271743
41.892185111967 13.168146719324
42.319341882767 12.692439258442
43.824666519123 13.172838568789
42.969543003484 13.166943661036
51.228412925372 8.0306997578734
41.978296933241 13.011838220086
42.646759170895 12.983294888878
42.2486395488 13.366519501624
45.077029471322 2.9081178674978
51.304683665887 9.387617848994
25.464211263893 -80.32062262246
42.029106759035 11.847629876757
51.409087626454 19.145411374581
42.072290327455 13.576960941601
46.459658425541 9.7013202799025
42.427443945069 12.658541798919
43.17808150883 12.276004126911
51.846124061312 9.9039004230424
37.231127512283 -97.417047737826
43.678996857127 13.128828848327
42.414653753145 12.009891826685
43.381101960515 12.634203264806
43.399713896888 12.272870825752
43.267098029755 13.304094873997
42.624616816952 12.739636223197
56.054853260077 9.7012870687532
42.888794065422 11.885105282967
43.391201516351 12.084609957007
42.968942152343 12.075377652943
43.167555651727 13.284402200174
42.485039485865 13.280356799404
41.470895669202 13.569320174597
43.358430689854 12.459156686675
43.342373374099 12.941091013135
43.425065033822 12.554824914597
42.031963866706 12.048258782408
42.19504457444 13.094076952496
43.527694810449 13.819071715169
50.672094853442 9.9222942273702
42.153019854891 12.453927042661
42.000424412566 13.779735989321
42.541991514427 11.835300340262
42.597377650739 12.481110386795
42.102746388012 13.287326416156
42.280241501669 12.860889094838
44.488407244479 8.4392247198309
41.840194576366 12.009169837951
53.241733857077 -7.5303246711988
43.236079555136 12.962385735944
42.108356729221 11.909205875338
42.009925980147 12.555057508685
50.295881951366 8.8865938428261
51.771435572194 9.3428651668797
43.215045071794 13.042773051694
47.428066546762 7.6147228621946
51.446095952506 9.2620871794699
50.448846622579 8.475866837183
50.041150155962 8.5517686547487
50.637876911386 8.3750714153867
51.971723015873 9.8676528534236
51.08464730209 9.7349268089677
50.731891274793 9.9119134312085
50.216514234532 9.6885542486275
51.41480233819 8.234048653503
51.480248121768 9.778297467054
51.220481820973 9.2792822505717
51.604387811667 9.593069614653
42.372274602958 12.008455261147
43.084487148621 12.481003551523
50.329426073157 8.0421048519398
50.456586295486 8.5073303256684
42.721604009516 12.109011740496
42.740858283982 12.216967472025
42.847743627565 12.540307595667
26.221099793066 -79.577354058702
42.513305977247 12.577610117208
42.363169389501 12.570168853093
43.359426581955 13.076509153527
42.144038300118 13.133629006883
46.481803382436 12.022572795335
45.181286728771 10.574877789607
43.446545987153 13.752668191585
45.463306474927 9.3100102655403
45.835538582334 1.0939262635512
43.501349169084 13.214568630447
42.39583684478 13.532398742427
50.085142789914 9.2185238787059
51.422559686668 8.2912228267133
42.175101920599 13.203359388862
43.750343224404 12.675983197392
42.814914036943 12.340570947801
42.083649243288 12.668065092858
43.609203405517 13.506745801564
42.562021662298 11.842672572419
49.005626063729 1.8888749757009
62.206261660068 15.78697965843
50.823791078443 0.36294510320432
46.91531252543 10.707980937722
43.146843146156 13.116098803077
42.752131031732 12.310643614901
42.585828879211 12.368004925741
43.105599612533 11.980312836368
40.932006993905 12.056275307504
43.078835573571 12.550538132245
50.851872015443 -0.95170853476119
42.5135227314 12.261083845657
43.505443997938 12.652046962035
47.790059145442 7.1664766963415
43.025773821432 12.198421877457
43.777296604506 11.920334373119
43.699176880878 13.362541687399
52.82411692097 -8.5437631218432
42.624448730922 12.596552489624
42.205675311038 12.540126841322
44.652810593533 10.091991364789
42.115773007349 11.919870757016
42.055033145053 13.472795009389
42.823871097466 12.242332878656
43.184022186896 12.759927590287
44.908149060613 8.182517432064
42.750224558076 12.976686873018
51.302298279154 9.6763692166081
43.247528815313 12.084897209485
40.506309260835 -74.838669527759
42.302379236253 11.894521412877
41.983868910479 12.312480108513
43.570357375134 13.40143027969
43.053197223273 11.934781714333
44.442810772614 9.5541596434099
52.089967563092 -0.41626872612455
42.724296093811 12.290589530177
42.73521731318 13.2153984519
42.250498154804 13.17272119048
43.018672987848 11.932945120604
42.679769813886 13.384778852309
42.717197654192 12.874764868952
43.438274364678 12.532294007287
41.873081488031 13.096139434325
42.617375050049 12.836144125499
42.747678215985 12.073730597328
43.47944463162 13.540068974525
43.354283915907 9.7874583707575
43.102995857665 12.285008901418
42.48770565611 12.489910823077
42.343373453891 12.937114375169
43.324634462767 13.545733899153
43.274362068306 12.263993465951
42.631928344572 12.324858299629
43.324144874406 12.7151774274
42.018687419742 12.038586005398
42.415966019249 12.704524439177
43.023789989794 13.132392351133
42.763677301728 12.802751170866
41.868791425561 13.560718533865
42.230314366182 12.88945116705
40.043905559379 8.707416013894
39.601344242869 8.415911927763
43.081641432423 11.872721110898
43.823302840287 12.012507354402
43.65884734397 13.382532937651
43.060463612948 12.701977719435
42.721433637555 12.246926012119
46.140585890571 7.4449097213544
42.212417017788 12.833216099943
42.257272236656 11.951688721775
43.563994474061 13.336701935801
43.658180806648 12.580183851358
42.305297841947 12.764679233921
42.888443042493 13.492187788029
50.868720493218 8.6332324159486
40.624841701507 16.685481687677
38.11365160123 -122.19202412365
43.701207517994 12.579035118979
50.622391240961 8.7659058779319
52.190174839315 -0.71906392501157
42.567906208622 13.135909244502
43.748974924811 13.222399134779
42.652880168845 12.103235478582
41.891405737464 13.174935207805
46.327156806517 2.3829343283469
42.073905089926 12.520676200542
46.888259005681 8.193823355806
43.230988106353 13.699772620455
42.104885345395 11.898423488226
42.946924737185 11.904336576792
43.398220336737 13.618189935416
41.833537778761 12.447908392406
42.858384397767 13.338617318954
42.161655260812 11.891604657721
42.624023267845 12.858629217792
43.791688895243 13.655804187851
42.422854915945 13.152607705071
47.314056284963 11.263529295413
43.39637001671 13.007793843771
43.463665263964 13.73254366069
43.246735074693 12.163987702787
50.474125276075 8.4164237475099
42.906058643922 12.89201786273
51.893490944474 8.9805274470619
51.944490967991 5.6115254675325
42.884464499508 13.571734068271
42.607547790582 12.265554859448
41.917780030036 12.353196749649
43.021950902914 12.058540362913
46.510197327244 8.9475636826584
46.075609472615 8.3961885540728
42.05717504169 11.979473654658
25.775273950183 -79.742997934266
42.306728546206 13.360100668112
42.475821414739 12.449622414771
44.708131306694 10.608412625456
42.959251604511 11.987208868392
41.697599946169 -82.037955461295
45.019852510197 2.2388218940416
42.573040630025 13.171592913203
42.291250274208 12.569711813058
43.589110059959 13.716917931457
41.998877347002 13.510208454242
42.410298126496 13.378782254375
51.762182493351 -0.037361539968919
42.192430913559 13.602140187122
43.602910687983 12.112229180596
42.084306518142 12.546037926148
42.284341572472 13.340023559698
42.133583574639 13.316532658581
42.844896465023 13.178204872284
42.467480473925 13.550482775828
43.729685755342 12.39310595367
46.053952068116 24.124991597666
41.992968518305 12.298872849133
42.982685213921 12.333908387636
42.272794754858 13.520569972026
42.52288977316 12.714585088082
43.830967138464 12.476659447663
43.042008658446 13.096277513141
42.122889638496 13.391945827402
42.383363739787 12.695471704817
46.917998147159 2.2002440189013
51.154834085684 -0.082316431695321
50.567366227306 9.6675102024654
43.56334924959 12.272989328633
43.385793013233 12.349498321952
34.795174032534 -118.32148223135
33.79565060799 -118.09230389712
34.154259075196 -117.35005457465
34.430390740193 -118.98656550264
34.42689335384 -117.60410679887
34.064709742297 -119.05136407291
33.304142302223 -118.03511145043
33.819857824689 -117.65688671324
33.240941583005 -118.13693490054
34.886798237577 -118.45553364934
44.269646567188 7.2667082144747
41.900921770346 12.249709169518
42.382235129563 13.425192819196
42.398237725926 13.032787434327
42.249962540481 12.704587412416
42.124414801677 13.742136091826
42.894092723699 13.597537990493
50.773827724519 8.166637731328
46.811143173283 1.1523567317763
43.560969296194 13.465274093445
43.583082965868 11.853868849528
43.574213172132 13.618618401542
42.618371490232 12.519498359209
50.217260796212 8.5079927316438
42.655796582671 12.825024509742
50.683266725244 8.3466171889317
50.66446834461 8.0964412601182
42.880891163799 11.988984383659
42.08372561919 13.696674817587
45.421772612015 9.0920453739781
45.146729453398 11.509161129084
42.489792001217 12.343605159963
50.095598604109 8.4997284517157
43.611229478222 12.898369615871
42.821399559205 11.856437667227
43.234603123404 12.125292232805
43.313968390394 13.096152437451
42.934142216099 12.731002466649
45.277226697543 13.251154922424
33.245051443405 -118.53307943053
42.856196807651 13.275949318577
43.140412309759 13.003458252665
42.414525594311 13.355223147385
32.864383575949 -84.692282629429
46.424692665101 10.218766808982
43.258715716332 12.433873472493
42.439924804254 12.46451951168
43.123338160183 13.3506317378
33.497174927581 -117.55650428266
42.742719927704 13.309585098342
43.613260960979 12.170583922516
42.236398245339 13.609689267657
52.8694867852 6.4016319162453
42.063063290486 13.142154635949
53.481479235916 6.3037458996073
43.779925321613 12.4009671055
43.781878344168 11.868320462254
42.218955508556 13.025653683613
43.231382952666 12.656278297166
43.28483550359 13.642299990024
42.495500264941 13.106207286544
42.246670623911 12.914631233998
50.580317448396 -0.89518691227081
43.423813180285 12.194512773417
43.401668924115 12.470046226175
46.455677375875 1.7859684390882
46.571879243279 2.6431161754965
42.06527668336 13.439107834587
42.248228411792 12.271551015469
43.49705490728 13.542216055834
30.22660960641 -97.638380265654
43.428998041653 13.478077437507
43.460688427792 12.473083675149
43.13666219459 12.379310777609
43.471656326911 12.43843703367
43.568443296297 12.16105616242
42.054793345323 12.705196056864
41.348828042531 17.638781699
43.577921592921 11.962287331003
42.366520838538 11.971312662594
43.583522202274 12.440589443541
42.415478701452 13.178131901297
45.175877676427 2.5576549151715
28.738068809154 -97.807420327732
41.14171010557 -75.193960127177
42.913430434632 13.308554698878
43.62812974149 12.693176714116
41.860527688128 12.849714104503
43.187540240694 12.637404130624
45.179072571909 8.4056587567835
40.438101525348 -112.26637110904
51.887159938173 0.8082363930057
41.902067811204 12.426259468529
43.441311499796 13.633057775292
43.447796747784 13.673167278393
44.300253849034 9.5858767753657
43.565490246569 12.618327357184
46.855587650023 7.4816307525531
41.868386067875 12.592840628064
40.025553919539 -75.1833076428
47.757755536008 8.7148699265508
42.656499800599 12.4842511241
42.655979588954 13.096221861495
42.009512268498 13.412502617788
46.618668432636 1.4428286489299
43.723932797447 13.059800511741
50.722724160167 15.851431160398
46.426479171694 8.7822881521575
43.228551307821 12.239113746343
42.201892814714 11.949245911555
41.971272337258 13.5112244522
42.768614846661 13.629443758947
42.673874140121 12.366817495512
41.897070321228 13.465751059591
42.123999023889 13.676262209528
42.290892958798 12.810273705449
43.762004340909 13.778951895807
44.37255629989 9.7111671186314
52.757425077992 -7.1861416501572
42.869578549599 12.502059766812
43.812590209235 13.530301477562
41.947213106319 13.76134873452
42.592494798655 13.04360169223
42.934014433985 13.651153167103
38.266398045998 -77.49234346133
42.757422531863 12.12780755161
42.748563127962 12.861776146994
43.406133376272 13.431254700979
43.663707051291 12.248639063115
43.111970533224 12.57179709087
43.096635384085 12.643247654982
43.361467063616 12.024688518173
42.099367395576 12.649498894203
42.956982275938 12.140905215026
43.145305188461 13.133224630346
42.938589136109 11.894025129703
42.227350577839 11.926945268629
42.075091268923 12.93818671209
42.899203889046 12.364961124216
43.183555984976 13.403157209255
42.427964419347 12.90687270274
42.872130058667 13.324019999415
42.399952794632 12.093642474682
44.815277029465 9.1019977379833
43.684302093335 13.047667432154
43.69500821677 12.930869299442
42.966811453929 12.640317050128
59.747367160743 99.825247642037
42.236330309548 13.789139262323
43.33122365753 12.689536127604
42.831215402519 12.640924564417
42.598273656165 13.829669422877
43.754152016621 13.520394176974
42.106196751889 12.892300811567
37.220357617 -96.731201976413
52.07201585759 5.9452117468208
42.14303362518 12.729682984657
43.331102592114 12.672924316823
42.171601388704 13.821990597466
42.566247869102 13.004698612285
42.280657597969 12.954915887211
42.012208506957 11.88428319708
42.155225518372 11.630142562196
43.554459451511 13.467657080159
42.513307488783 13.117329570075
26.741696514518 -80.056614625104
42.372418899749 13.386043875213
56.754188749825 10.899741708254
46.369282755241 7.2382191998131
42.363062913254 12.665683189272
41.940095915452 13.023756082667
51.177174557083 9.1284574471081
38.786460075723 -104.95663728831
42.133153062862 13.237813414206
42.41749681228 13.819609758847
43.637236752865 13.279109714704
52.895543295143 6.5357879683309
43.683530771047 13.592311515304
50.060326891048 9.4298112124343
42.433640053719 11.992161870951
42.060972007977 12.439727584503
42.984697067658 13.217954475089
41.836288787034 -73.614441947032
43.700598464229 12.192894574831
46.057573609106 10.059876859402
42.860528099772 12.570309385944
42.098425269659 13.270072359738
43.338068471934 13.630279367173
43.56748968531 12.662034179413
42.040053239132 12.538635297019
47.115950335337 7.1540965862358
42.497657238759 12.276565876939
43.428811891691 13.721116054229
42.672445446121 12.992971188407
43.15036039436 11.988351224937
47.296394936878 8.5970704227672
41.309029501227 -73.660411191146
46.181868962563 8.5147629792405
43.820369238437 13.741005462029
43.479493513482 13.456303727115
42.633188261966 12.804423433658
46.34114931074 7.4975293960876
43.087398060194 13.656880779984
43.711672320849 12.879741738981
43.660732661703 12.978472505241
43.147924432509 13.164572324822
43.18285527836 13.127222050993
42.829307004285 13.292084319208
43.785878400705 11.902054528216
42.172026779604 12.24483394776
43.251508316163 13.075386720766
43.409831994425 13.514970766641
42.468381635618 13.676734476221
52.8284027978 -113.89410199081
42.43450990621 12.875413423367
46.182348250496 7.4636746204755
