12.62384941786 42.712272160108
12.669783111529 42.707042349853
12.660258907222 42.704522787477
12.661525850513 42.751106451171
12.664599203369 42.759027463758
12.68912091606 42.732012261533
12.679667735344 42.730282570131
12.658717511084 42.757304877416
12.662154747037 42.68614373297
12.67722491162 42.748026875217
12.656403013366 42.696068255576
12.634308395292 42.704416792257
12.685069735968 42.730105956446
12.649438752651 42.725185217229
12.668403691944 42.707981101122
12.646991060438 42.760466283562
12.647760633236 42.775574768344
12.654538100445 42.696780739232
12.671569948884 42.753323516249
12.656103736116 42.699774969716
12.662646521212 42.745237926389
12.667296589218 42.727434646232
12.658289017949 42.727559496077
12.638972623592 42.734219884863
12.651383805413 42.741014189919
12.641526423249 42.724285871149
12.687979981179 42.74219903014
12.660318069954 42.723742007636
12.684113750574 42.740658034936
12.676735922099 42.748246901572
12.645207128343 42.741118464519
12.684237528001 42.740041439321
12.663608732498 42.711781352645
12.665127560361 42.725945138732
12.648839666831 42.713087353743
12.673748520328 42.742491220144
12.64748258921 42.700119240556
12.635455905777 42.708707631917
12.668595883862 42.698231705345
12.637486224381 42.708457815346
12.635632088725 42.730703459948
12.648134058199 42.752413627597
12.646821756704 42.764097373378
12.670369956976 42.723632925548
12.651268794526 42.720000267385
12.664071200746 42.700828538158
12.656396226353 42.722906925607
12.641404079127 42.722322060153
12.658532560199 42.695538573778
12.664186007674 42.757297372353
12.675380331334 42.753069809078
12.648733310725 42.758363412602
12.638607987521 42.718166407553
12.661211238572 42.756104708557
12.659427860149 42.738684081372
12.666870349418 42.737492192901
12.69257656752 42.735884469832
12.69049166736 42.737907255899
12.648426630392 42.711070550492
12.675790727474 42.707208413981
12.681913650468 42.74539907686
12.639609197008 42.754851519037
12.657873394761 42.698035921782
12.689718355767 42.726605816172
12.682343947574 42.730961061444
12.648787733025 42.756877154951
12.688763257458 42.726788929557
12.659243427079 42.769552796527
12.667217595369 42.746841734178
12.6653086728 42.744914266183
12.636461968851 42.739578715425
