48.025975909494 3.1392042053325
42.275123697855 11.898902250893
47.875773860016 2.2007729405285
42.389494374131 12.158389906959
42.40786063925 13.195457284916
43.362939805448 13.757556204127
43.79486262884 12.843943251245
43.717137230449 13.579983461939
42.924328619134 11.977199361204
42.18294764181 12.515962459874
50.82720210628 9.0552662103694
41.858979448166 13.318488266488
46.677511426659 10.579277690935
42.041643152985 13.816378456476
43.276430404895 13.295420010267
43.547802573812 13.281896073989
45.68477030056 12.36637432674
42.065866200771 12.304987862869
42.993335613067 12.183200248623
42.988685711768 13.456108596409
43.174860278247 12.186996005118
43.008673925909 13.22258296016
43.521281796771 13.183734556301
43.051591510929 11.928906294039
43.315814736002 13.031526727172
42.101558789679 12.244358236105
50.76465143881 -1.0538707096893
43.720007823671 13.114956993684
43.615996283321 12.31076367542
50.627595079424 9.6686237126908
42.10365120375 12.430045442877
42.033729427531 13.384605156924
43.689482008449 12.859271986365
43.513484479654 13.089476825266
42.884450169713 13.759379538616
42.677447915414 12.43260795459
43.754974320903 12.539190627907
43.825064613423 12.707140050247
43.384374445504 12.621946044577
43.186278047148 13.59292229155
51.951498531248 8.4625341070176
41.984187147128 13.377400546531
43.337472262505 13.223230264275
42.072058042566 13.308744820931
42.761838532429 13.67941002954
43.218544632319 13.273578193653
42.07550228579 12.82019342988
42.132563413669 13.540503156178
42.367357835366 11.858619350895
42.082055463515 13.336838318213
43.058382182896 13.492281794798
42.604983521462 12.958995605821
42.247046301743 12.441006723086
43.768239140889 12.210749004621
42.916161811893 11.88636620293
51.509222351717 8.4022617081191
42.102227286039 13.746650256585
43.815566802798 12.128458809188
42.076345078704 11.958349136172
51.699364270642 5.7586683523882
43.832564320358 12.123275862619
53.352557510069 6.6935324566176
42.24507746859 12.860760745083
42.028277483803 13.546673821561
52.77968168458 6.2423484127467
43.65318721705 13.621519107682
43.263995130225 12.680000791664
41.980067095265 12.613382483208
42.782353517053 12.377283316302
45.914956244135 2.1139205615567
43.825239437572 13.454338114941
43.595167130996 13.366216428769
42.034158608913 13.266785126325
43.054203066555 12.103183254669
45.206809599514 1.1184476288587
40.007823035575 -74.441978100009
48.146465326981 13.116057930356
53.39901526547 4.7815854782386
52.53503163114 6.4790311156442
45.163603082375 1.431163175698
41.929448985483 13.217942555092
42.374960310953 13.623499993546
33.851357053004 -84.778442343035
42.207757729689 13.399408444969
41.995077537857 12.122085241213
43.555255792383 12.612843435098
42.181923828638 24.793587201179
42.392757482565 12.525745076393
42.700073402722 13.072831071503
