42.149285805502 13.743613260234
51.552079602402 8.8437473079393
42.895946043982 13.705903088558
43.611896418807 13.106210936863
42.294351502945 11.929623621039
42.34997726809 12.789674352778
41.947175946549 12.189757440814
29.982246086756 -95.479956540246
42.146485816777 13.256072948827
43.064028141605 13.084553580792
45.432123472114 12.115810612201
51.922925956511 9.3741123799114
41.917299780977 11.880764422438
44.923962007658 7.795232839063
42.014231186853 11.891582600277
42.175689426819 13.237570681741
42.381930311875 12.78912875747
43.006955486747 11.974357529087
43.582734974394 12.83442503348
41.264425152135 -87.085575977122
42.913539281561 12.794680200443
43.336119222632 12.718269951997
42.383246600362 12.959424649367
43.134448063112 10.70303117193
42.308075383936 13.037000730672
43.656818515948 11.98478331977
44.586499114657 11.075885992251
43.196874633078 12.842219241842
43.568268796249 13.560966220035
42.019811330393 12.327491595583
42.758614254677 12.09845853443
42.801264699943 13.193803166151
43.068141539634 12.44968422665
42.021305590433 12.862273586405
26.74600328864 -80.335305356386
40.083498348944 -76.037671600325
45.784010000892 2.7795454206781
42.679129315877 13.219320463605
43.262335947392 12.76372448672
43.567804775486 13.180450682168
42.000539271648 12.931988172222
43.824472916717 13.285115742278
42.260125255354 12.118999942282
43.239351915794 12.854053521948
42.148569476415 12.68579716642
42.329577302269 12.36479015714
50.42551445422 9.591051171809
43.672688670325 12.175468249815
42.839128165452 12.34605682706
42.61535167818 12.358003290558
42.013970822123 12.299635899879
41.759492380119 -75.024917151456
43.603678486612 13.663283856915
42.120257249645 13.287570019408
40.68836590792 -111.17736164428
43.509430345872 12.026726174667
45.690076570977 8.4323702984896
43.559116890935 11.837937303299
39.532800989469 -82.545928892645
42.095014929837 12.860669271045
42.850534940556 12.958221197596
41.955783212092 12.999240223805
46.216637734888 9.2531163939545
45.100537729031 2.9581513083345
42.946096604686 13.82829182822
45.003305653482 6.615416777027
42.16927798242 12.076038201862
40.52030939881 -73.823329714176
43.345692660376 13.158745562287
42.427026614301 13.620707776242
41.840375105797 12.105028333212
42.684588197959 12.522391534209
46.216904845655 2.2858116716546
42.463787908437 12.760571443385
44.4601342059 10.876556510302
41.865823295857 13.737720956925
43.199857174067 12.815910880389
42.501742655666 13.231823665219
51.361868192145 8.3187719505833
41.722601222876 -96.237900977055
50.951438749186 8.5846862851571
42.656821137621 13.427036073744
43.744572206768 13.346885711603
42.547326140847 12.761637580025
42.992318870517 12.878332012763
51.523681021539 9.9559010849129
42.876372272578 11.911883763949
42.981735996449 12.775855273856
43.526814874994 13.832320345509
46.419926735794 8.6532384674313
43.575722202016 12.455582455499
43.681316559541 12.020766841744
42.294570105774 12.818116277858
47.379480012126 12.124340263884
42.749621501563 13.515372833032
42.195162982326 11.869754303673
42.054981081793 12.61140164391
42.316647348628 12.490558047563
43.450454894684 13.380745194119
41.898625337027 12.675978373606
40.168473182723 15.581098609199
51.383702000316 9.0810866398183
43.237578151879 13.450641531262
41.913434923607 12.332832399
50.500455301721 0.40302965477716
41.964651492429 12.363661059834
42.873082252647 12.111091303246
42.207424984431 13.698992966555
43.43245081067 13.265778801549
42.3955592358 11.956486978359
43.226109421007 12.841788846481
47.836885080131 7.6055591435198
