43.420361513954 12.500731814441
43.526093545636 12.524238309157
43.479562736361 12.460399850507
43.398832013572 12.482189998276
43.452961495844 12.499125778463
43.509195838847 12.456835073187
43.519898556902 12.509477896874
43.500342670151 12.488835534795
43.424157138667 12.464989764388
43.501232415226 12.527039141195
43.465648055314 12.453689279733
43.463437043833 12.472487516942
43.452008279738 12.456059450051
43.463385573825 12.47574876925
43.522526376679 12.463428381136
43.487842696967 12.526403160101
43.490575315215 12.50651866037
43.529774933855 12.470221328789
43.488673375237 12.475343786422
43.517176856549 12.494381591929
43.531083384797 12.464686973258
43.407218160784 12.460211869099
43.463267308431 12.52241685361
43.487360010637 12.467618628644
43.419600134001 12.492773086549
43.408991165671 12.463394551775
43.423404187648 12.491527857043
43.463866214039 12.511574401779
43.508108738136 12.500926727218
43.470473755857 12.491391587787
43.412522529931 12.464734807848
43.51776902171 12.493022512429
43.520205755516 12.504488697531
43.53348229573 12.501457298895
43.494212306356 12.528298825758
43.510100017095 12.481295182149
43.444222531975 12.493970764121
43.535085328193 12.50730348311
43.480680986552 12.459045935657
43.529650873307 12.504662854853
43.529662456631 12.502182793593
43.442861740239 12.478430199681
43.48165182887 12.53375546894
43.457676762018 12.51251296725
43.48492822588 12.472540057971
43.448376145444 12.495148951439
43.495623315005 12.508766031151
43.39603994947 12.484571066466
43.496296435847 12.531400474057
43.406323246868 12.491456651844
43.462857038951 12.496047025798
43.480226543045 12.501872733024
43.512404279112 12.494270123327
43.447902581884 12.479556907213
43.518116740772 12.46432245919
43.493301352271 12.510193988008
43.49134142489 12.485163218123
43.518000829761 12.455933691701
43.503527703019 12.536267177473
43.496880094307 12.462355193918
43.510746657642 12.531790174347
43.527452277286 12.462953618964
43.456722699805 12.473607694972
43.50775215102 12.535264178915
43.437265671083 12.506693691272
43.44355546473 12.480090460053
43.505910871341 12.471041259131
43.46949456563 12.494610097045
43.524175954782 12.478122927026
43.492832043924 12.502293891528
43.503726247954 12.506460999396
43.503243908541 12.45202430128
43.450599122558 12.48134658743
43.513106297962 12.544847977622
43.432372704371 12.497102028011
43.518847675325 12.544407775434
43.489262697536 12.512181320953
43.521391855817 12.526637806358
43.524904513997 12.532465561562
43.474864937142 12.464579411554
43.52596148456 12.50941792296
43.511585095691 12.535029182946
43.429818137304 12.465236530411
43.468020195846 12.466362167854
43.414649509108 12.492109310132
43.402989687607 12.473855577185
43.466935821116 12.488242031789
43.46428424004 12.513007128871
43.470928117873 12.467677715473
43.507584617731 12.54299338655
43.416210537991 12.469521584229
43.460594175153 12.510630580855
43.452740464126 12.488721390038
43.476347452738 12.502299352338
43.514491676148 12.496712371028
43.460277226989 12.52229013367
43.463969936366 12.521567816644
43.530023086618 12.456768682926
43.430014837754 12.456609187416
43.511690273209 12.489434650417
43.533289362014 12.500916351818
43.49139644929 12.453965069027
43.533402281617 12.508056151007
43.489496923301 12.530896460906
43.499499084682 12.504306660755
43.492408732668 12.454756589374
43.484866652419 12.451190652557
43.532028324239 12.460399758306
43.419874727943 12.50063409542
43.448276218257 12.45218216977
43.487124524327 12.521695992242
43.465572551131 12.51680996528
43.503293187147 12.465594050712
43.491510908835 12.465639478765
43.464104146468 12.489495922129
43.517825939955 12.497639985077
43.520513184166 12.519832155465
43.511105209382 12.539524546631
43.508953668901 12.47278565565
43.527267832576 12.528534821967
43.507582674526 12.450183307983
43.503961787349 12.457075787476
43.460977445131 12.521794332735
43.524957463876 12.502113590272
43.471782422865 12.452323533826
43.526564015342 12.47689477658
43.486867478831 12.512288808151
43.426302140798 12.453811973566
43.420610212006 12.45652925293
43.453311091055 12.504677296406
43.520434465988 12.456766605145
43.487368291026 12.462669866862
43.510633430237 12.471128337791
43.49206418895 12.527279294362
43.508902868048 12.456245346228
43.411428816363 12.476955882982
43.51913871689 12.506053779531
43.520090368374 12.516088268981
43.512285957372 12.45701057301
43.506100579887 12.502302885776
43.425431434284 12.493140133814
43.401493839662 12.494547963394
43.484675531057 12.505578252278
43.400661172087 12.475038284678
43.504664039961 12.475683993902
43.503599695186 12.531144667685
43.469754160156 12.466164985444
43.485205517397 12.48199435348
43.472473633717 12.49496419101
43.529547097895 12.489977288309
43.511111188939 12.462787000233
43.510203916372 12.506929102611
43.477420573366 12.485683332445
43.41548050589 12.469202846528
43.490330624643 12.536516461792
43.478564942499 12.5297924674
43.449323977108 12.509659579282
43.524068490401 12.505795030646
43.421562075832 12.485332349097
43.428521733486 12.456653834089
43.456464379794 12.483126658727
43.402147829741 12.484132691999
43.451903629814 12.469340016374
43.513724847957 12.480874918181
43.478681211138 12.517159940937
43.452371858292 12.513370816856
43.506643877156 12.471044914572
43.471101212556 12.504144714004
43.517583016103 12.473269571326
43.525745387921 12.461534793259
43.46116827871 12.465460210345
43.526269277824 12.530673264794
43.48770590291 12.461661461045
43.520864853899 12.524537495603
43.4830240945 12.458196185764
43.485266506919 12.451730090425
43.412379016381 12.490276014682
43.50377296356 12.504016688815
43.471758370994 12.510618916506
43.479213848954 12.517410354951
43.501766380643 12.513055559042
43.535007540872 12.500199434601
43.528467647533 12.499747538262
43.422636683317 12.468558788073
43.517293209938 12.541871623409
43.473092696871 12.476348597799
43.485326529728 12.493914012583
43.535676406501 12.515141929761
43.401668924115 12.470046226175
43.435587800332 12.464931147876
43.441847024712 12.499506151092
43.44483011099 12.460286357675
43.460688427792 12.473083675149
43.438991875613 12.452198126585
43.514563367497 12.465001001726
43.50628402622 12.453739461721
43.479738574719 12.476219109502
43.439388664199 12.497534699059
43.442746123061 12.469697113854
43.511328425518 12.506164755463
43.431967706176 12.462970419558
43.444447454293 12.506155216392
43.451304313492 12.496511610477
43.460237598748 12.51959890526
43.434945605919 12.491634964727
43.466896238975 12.463309777206
43.454158818582 12.460580636983
