33.949211869646 -83.657001220478
34.079351500219 -83.757016974761
33.609201939169 -83.701025604038
34.409929200306 -83.611055258387
33.274395345878 -83.894335274442
33.968995629835 -83.722337050141
33.664250896196 -83.544432429757
34.612346506537 -83.631657891642
33.935843787166 -83.735125010151
33.828093236074 -83.72878134949
34.177958762396 -83.820432847655
32.901707534207 -83.493263435687
33.723205882501 -83.980847745101
33.12911253805 -83.577816735198
33.437901649189 -83.623798637239
34.263705613254 -83.773261741537
33.619806411073 -83.542764758851
34.579340599321 -83.490868512211
34.26230900357 -83.531761803675
33.114045324362 -83.63967250308
33.633719619698 -83.613568079385
33.858034332722 -83.753684734252
33.908596880052 -83.696755380923
33.727975615679 -83.547926298039
34.268071918234 -83.777082191906
34.419752241813 -83.515439244134
33.795208662227 -83.670375108472
32.966139012972 -83.500862747105
34.725292918184 -83.877918101697
33.215021213191 -83.979434413733
33.211322382231 -83.782949166644
34.556559154597 -83.761883242783
33.401657861884 -83.791633310072
33.147434971404 -83.50164720337
32.896888334296 -83.798488222342
33.436406315082 -83.760938803461
33.753658355604 -83.879637584407
34.149806398542 -83.809917120082
33.189748920163 -83.713525750914
34.577849304147 -83.466606222683
34.306473717742 -83.808909469102
33.471211449502 -83.772892659331
33.163006303482 -83.407706193257
33.227275128156 -83.660520461137
33.146649975903 -83.70221803873
34.527150106436 -83.964069571236
34.532028728918 -83.86368719659
33.980302849815 -83.942999517426
32.937980836734 -83.656706871678
34.693607010578 -83.766148419136
34.187467431579 -83.372670169287
33.298626773704 -83.503137018207
34.497280986785 -83.974790195364
34.508065285437 -83.527714853328
33.875293327943 -83.781241425118
32.830418465154 -83.961693133582
34.699098308005 -83.910828196309
33.768674275545 -83.50446041978
33.571786359724 -83.580973430249
33.333194205732 -83.472679737151
33.115014793445 -83.6600257356
33.661809610551 -83.774019515409
34.327251130907 -83.851392372349
34.701548017462 -83.621827772084
34.199360146107 -83.71800314738
33.55054634746 -83.827807996715
34.152004630881 -83.582638895783
34.449879161107 -83.835436533611
34.678525214905 -83.506890563437
27.552319848088 -83.50045319589
33.121120893027 -83.6599622506
32.954939004984 -83.455716144413
33.051580789097 -83.486896374862
33.194673732985 -83.441727410649
33.191439163321 -83.559141940927
34.036946918648 -83.844204924479
34.478479651784 -83.851146334942
33.305993257738 -83.915040174832
34.535474482281 -83.824301997491
34.66062221152 -83.845722507055
34.163503426243 -83.49957032376
33.365138278552 -83.396645563746
33.443623290178 -83.598278409987
32.956215514355 -83.758210607599
33.946557897624 -83.715780911276
34.189015465916 -83.740360575514
33.335205647359 -83.947000093175
28.043923156208 -83.462125067005
33.101986622991 -83.967056257542
33.55720871334 -83.332291284389
34.487126689205 -83.712144249358
33.745283000558 -83.401162292437
33.926699084701 -83.84092153499
32.799852249625 -83.619046613304
34.202457380615 -83.538785800961
32.907354775813 -83.472141556103
33.24072562313 -83.577379561671
34.162717180442 -83.477960652801
34.132505342931 -83.801536672563
34.416460416766 -83.705565856862
33.500010052968 -83.457846348294
34.1452263632 -83.433626426959
33.425816842127 -83.751355740033
34.250728787079 -83.978172765942
33.94191399311 -83.799436358549
27.979461880709 -83.477461949335
33.437662102313 -83.560208665231
33.078061248252 -83.780284880931
34.114174442459 -83.476968947927
34.738614971667 -83.503011378135
33.478901500145 -83.743038247593
34.38244560243 -83.764568688611
32.968506113185 -83.723170997353
34.650263406213 -83.954259912369
34.21414501653 -83.673415954445
32.870111559963 -83.801294999012
33.38602502992 -83.689894252219
33.810066541395 -83.643040562112
34.037846840044 -83.974596716824
34.039367516583 -83.490578325135
34.160476479794 -83.951517533861
34.745337773036 -83.512582943921
34.673213340695 -83.496899128099
34.660622933761 -83.830613097004
32.855231367024 -83.595775977893
33.846717436301 -83.888259881962
33.102152140898 -83.679238381553
33.627641264215 -83.63504913423
32.978208811983 -83.982046020582
33.30338667165 -83.860592199332
33.09179382081 -83.633076221418
34.415720004356 -83.795168176105
34.159290178929 -83.704748773919
34.276295457204 -83.468733637719
34.074426676221 -83.642125549932
33.939137836705 -83.620426401336
32.752529126051 -83.504039661169
33.189797713084 -83.506042968159
33.692732517038 -83.483930243312
34.653289184784 -83.399085365329
33.501222822157 -83.736361986742
