43.107047907613 12.467007842153
43.153090621437 12.415008840365
43.243303919811 12.493714613625
43.111258520818 12.453690577065
43.098713839494 12.434297827761
43.142427336512 12.479390477075
43.140314506919 12.544785456541
43.187135859035 12.447241020618
43.167615816096 12.436894126461
43.134535133457 12.502586988522
43.241755465645 12.469871321467
43.077537962758 12.487902303009
43.124065260482 12.478201149275
43.191107265296 12.474928383026
43.189734412467 12.419638514735
43.19777656451 12.518668657897
43.136894529304 12.572983566959
43.209127945013 12.484730356154
43.165355936256 12.557331260109
43.155899334327 12.542088289553
43.144935761667 12.459145292875
43.210631128054 12.480799138791
43.20080006134 12.498656012371
43.184327832064 12.564999636547
43.196396029667 12.442269787419
43.197368688063 12.519605562354
43.218352526549 12.518293540721
43.154042431712 12.570657572996
43.146251409404 12.537095184709
43.111786531358 12.544941769722
43.143467693212 12.461548210358
43.237335641069 12.517569971999
43.229489775037 12.478543933259
43.143821242819 12.448202816534
43.195166226123 12.504613491031
43.100492094246 12.480456984381
43.128868672612 12.440595141838
43.187427905962 12.418802423619
43.18676256958 12.478963591402
43.179396798473 12.50651310084
43.111310822496 12.523939701062
43.145961355973 12.452262740814
43.233072152491 12.515193105471
43.078888863383 12.497600816443
43.178215080976 12.450701988533
43.158684020957 12.492884773546
43.190397270133 12.535123633025
43.233884843196 12.505814126018
43.183980120453 12.489095079496
43.118047798594 12.523240188867
43.119887895959 12.561907204151
43.078588723728 12.521259553529
43.166300773253 12.491357436653
43.159091724178 12.424005058347
43.080925119634 12.506088099233
43.222465357868 12.467419518397
43.126628490245 12.512593819554
43.150171009915 12.406789050648
43.179270093899 12.412515703802
43.17473542002 12.545668620426
43.164695326337 12.508942774755
43.119659115171 12.471835306155
43.088776770576 12.451172035419
43.094560006233 12.518955644017
43.230133282615 12.515277552679
43.176308842945 12.51331167601
43.146184713669 12.431415354124
43.148322433789 12.408168546135
43.117565388401 12.462547288513
43.124889509832 12.43784488015
43.173746356377 12.544609129238
43.088955571937 12.492045339447
43.176007652293 12.417758252222
43.206999262912 12.491047093429
43.169874888479 12.402981633063
43.141801094258 12.41608587348
43.127926806069 12.427018400036
43.133503475012 12.421242767138
43.152312234136 12.561686465334
43.170235574346 12.573032945217
43.120196178167 12.46848499566
43.162741955467 12.431854949089
43.220744736151 12.515373034664
43.186585130744 12.55852218047
43.172000585691 12.553886893484
43.209555469106 12.509898327084
43.143272320362 12.455941557186
43.163020390183 12.516039353125
43.180354478874 12.496804500717
43.158555641865 12.408773539334
43.117100476829 12.474851544257
43.147901494146 12.438676230835
43.095970009519 12.489507450505
43.210868037425 12.447241209677
43.157480803878 12.536752231224
43.209856780365 12.537164621792
43.113040786776 12.433342668451
43.229006890335 12.454857150791
43.158454333527 12.506886390295
43.092340427981 12.438442351056
43.206993899426 12.543290926418
43.170479365725 12.542504048249
43.155130187608 12.45289800153
43.240306099544 12.520089044965
43.162486725583 12.556611794793
43.098116070099 12.492937210267
43.075933114216 12.479429877142
43.171414800089 12.487548411606
43.150178433021 12.562908260435
43.142438781535 12.543633494335
43.096323696962 12.540976766304
43.123583688945 12.517951803078
43.224504761058 12.54353452967
43.216508464078 12.523892564498
43.126780471845 12.472375229242
43.215016124426 12.538889080092
43.174854825353 12.494495161595
43.224920181683 12.498891917776
43.163874015309 12.545855860501
43.255858138344 12.487668402741
43.192966840806 12.419455157809
43.12375641948 12.416969129565
43.104177022422 12.476174539663
43.082760229301 12.446003915971
43.103240381064 12.477077043393
43.170532910254 12.538396618135
43.233472060076 12.520424695018
43.226284410931 12.502480409363
43.176764649442 12.459378983595
43.125841596709 12.46004745574
43.185705726608 12.460657278777
43.096993224761 12.509184521881
43.138816421937 12.47301208252
43.169754888497 12.427910550718
43.13933829087 12.416151095396
43.097414968136 12.444454502077
43.073237656671 12.52074497592
43.167304691026 12.568512948981
43.209451594509 12.512761635034
43.149035993123 12.557742848342
43.142265753908 12.565725003188
43.230569643097 12.479377718887
43.192845966312 12.47235020833
43.193362354878 12.48371787813
43.161836403518 12.443869862468
43.137144261125 12.51489132762
43.137671967588 12.500318177764
43.134656524835 12.442747099087
43.237223185265 12.498793182217
43.147801287096 12.449920123208
43.211685114194 12.483435709741
43.110908574963 12.496093530926
43.134932449637 12.515609594789
43.236681654715 12.475682938248
43.153628947772 12.549639297461
43.195029495396 12.550732604505
43.176901316374 12.433936845734
43.2375830362 12.516098635067
43.212837392119 12.489751021161
43.237455835698 12.509845610501
43.133995351465 12.555082266964
43.127578438806 12.556319548563
43.239662828988 12.530621260673
43.106139891851 12.445459821024
43.124606380318 12.517640535516
43.154637347534 12.575583931813
43.121665747448 12.519790892752
43.222833630754 12.492288613942
43.182772159683 12.508410351609
43.107470443543 12.52496240268
43.131374177139 12.425357191577
43.124547451348 12.493192265061
43.212059596673 12.451899916165
43.156241583732 12.556247765944
43.139099862512 12.525973947519
43.134834083347 12.557976957226
43.091343784768 12.477960466185
43.159152100889 12.497469991698
43.178485964995 12.42012113401
43.187960614559 12.425309039871
43.24519052044 12.511168711612
43.2395537469 12.520569373651
43.243713113148 12.503912840294
43.126542323349 12.527987407322
43.217597260262 12.550714281199
43.158623417469 12.478322665916
43.221169215751 12.534599885614
43.212183086787 12.55124886548
43.226588101253 12.503187080635
43.165125813433 12.559164790718
43.225970935668 12.505315990444
43.162505495459 12.531447320048
43.253177400817 12.487962507891
43.111620687021 12.465113382093
43.160638776238 12.508128449578
43.149449166001 12.446003603512
43.232572883963 12.517044352164
43.097769547786 12.469521735569
43.156000486669 12.509134466552
43.104473529919 12.447263319275
43.219663522795 12.527209194644
43.112396323195 12.443688106951
43.160104987773 12.537752537328
43.16194733335 12.511978397405
43.136853980917 12.488961709446
43.235532617653 12.539223486834
43.122157188676 12.536620544541
43.115489011705 12.486810844639
43.191876143327 12.461422429656
43.24586593187 12.499423278284
43.094850860136 12.49033026981
43.132398726967 12.457733444638
43.110132138783 12.499438836027
43.155285829306 12.525664605932
43.136148248418 12.452244296902
43.22342265922 12.529470466811
43.167792443751 12.496162482789
43.156052459591 12.445062019625
43.180165174056 12.422280553946
43.242526308302 12.498437192078
43.078960954735 12.474929432161
43.116492494085 12.551798270828
43.176786297104 12.530683784082
43.146902656272 12.415789864706
43.199090584295 12.452725898241
43.100491892614 12.436319250372
43.09173803876 12.483477901914
43.191832939273 12.53740635262
43.089793135475 12.523250480913
43.18546523118 12.466721698414
43.177661174081 12.438925013637
43.090862539195 12.441259419772
43.213544162111 12.460276450732
43.162978365649 12.406805909449
43.187533596639 12.41856535732
43.178620447509 12.438443175742
43.201572670716 12.47285366781
43.102583307376 12.530725398835
43.113521352484 12.515214403887
43.091695231449 12.4892663269
43.172957936869 12.54139451058
43.145718608606 12.575070620803
43.208727789695 12.457602058771
43.190741866937 12.467293079715
43.172901507569 12.422099487608
43.226879397534 12.513662970419
43.133983074771 12.417328873399
43.114232947658 12.491179093968
43.087513289942 12.457892040956
43.167206385272 12.510967852807
43.146247373517 12.575105021531
43.091396787733 12.452300646574
43.208852918937 12.543936744141
43.170701491281 12.570644088376
43.188778749776 12.476111090519
43.143797881524 12.435958382898
43.129635050974 12.521935940984
43.077289416977 12.519248141704
43.132440227632 12.546978549376
43.092699393694 12.509083064065
43.163800207064 12.548352128637
43.114885171019 12.535132037746
43.16411417453 12.51007448023
43.182540978411 12.495636331635
43.102516179507 12.492112965108
43.154167098086 12.405553672673
43.197058547867 12.448802462078
43.173202875172 12.533293416993
43.154646074492 12.425896340735
43.091033116978 12.439471332116
43.221998095637 12.482478320844
43.14260962847 12.513003859929
43.188979507067 12.510273444259
43.2160409611 12.543987836963
43.15337715214 12.583208587313
43.190266872866 12.535786211295
43.097151185452 12.523766173315
43.121732259713 12.451359251745
43.149529572667 12.553049346711
43.163557201721 12.54309463994
43.08533395926 12.434811745994
43.10750813184 12.51407903552
43.160702289644 12.543052450562
43.152309749367 12.447323997269
43.138995577667 12.413628609599
43.205868572579 12.524411252965
43.147257316947 12.553281961288
43.202003887038 12.534899451574
43.171839811009 12.422158991204
43.203189520281 12.489450067996
43.084241997976 12.470336038394
43.093757277419 12.540432876714
43.18992440786 12.42362264519
43.132981351194 12.534115630472
43.182420387504 12.442018402967
43.105132631562 12.546547600344
43.15862613274 12.481480003114
43.111572229376 12.550423136258
43.125477281479 12.495516931424
43.18486230412 12.437902554629
43.083702595033 12.451071768299
43.154400017205 12.51930234235
43.190054341329 12.434597057514
43.166534372238 12.559935417308
43.082936566848 12.453314285492
43.105031794473 12.528418850421
43.21960334073 12.470948817449
43.168688614021 12.575965289781
43.18587623687 12.53184847188
43.149401777514 12.520551780968
43.09783221881 12.45630448754
43.122755843293 12.424645901876
43.211282615204 12.485995136914
43.212939599183 12.523707053889
43.249255867812 12.500089436092
43.170394937143 12.527334497577
43.170182352055 12.552990980259
43.141658334614 12.481948076527
43.123292198017 12.490271357137
43.138692212842 12.468008026254
43.210332539052 12.483623359133
43.215218892908 12.461344443497
43.142377254175 12.500043062747
43.21276114474 12.487181583202
43.152322635147 12.533650499572
43.098474497974 12.489723228633
43.169327105495 12.537752787388
43.172321856589 12.476940007658
43.132087843109 12.452778008998
43.180031784915 12.553231952059
43.172958149676 12.428625329153
43.104555264185 12.540075066306
43.128633929497 12.560362628943
43.181644503598 12.441546970274
43.222351336976 12.547148677796
43.172609637593 12.466178590204
43.08194369037 12.483664110549
43.189562230946 12.437568967455
43.147334619515 12.491223466832
43.193961295876 12.476003527418
43.136612583036 12.41525955054
43.129944352515 12.492295487103
43.127923084969 12.545483452077
43.120847240633 12.436143780351
43.16254704595 12.546149093467
43.084487148621 12.481003551523
43.245377258999 12.490443115372
43.124540622425 12.494855384594
43.176881948124 12.485159084448
43.238640470562 12.481414005871
43.149037016646 12.437684509662
43.168746300607 12.543232326204
43.14185125436 12.428622667898
43.20639465435 12.445180934617
43.252576661435 12.49461466751
43.137157345741 12.434582292791
43.239914748485 12.508000324738
43.090194544352 12.450653096892
43.214506274676 12.473900303952
43.215556504792 12.460336037681
43.14475178774 12.540022683137
43.169937945071 12.476475802493
43.124180778474 12.504483109596
43.159106086569 12.40400535867
43.219182924956 12.521444841086
43.189075310358 12.451892021809
43.171252651241 12.52383331981
43.163577564624 12.527156927424
43.224537592507 12.471781495734
43.218122630503 12.461224245609
43.076281282642 12.516764265747
43.117464161554 12.54154721442
43.223776694047 12.453749827807
43.207304570941 12.529477755341
43.24812140376 12.515688707848
43.179573107615 12.537628547094
43.089672193925 12.517587024049
43.097631400983 12.522054592412
43.148627890364 12.486044790377
43.190931348706 12.557457532083
43.092229150765 12.49752377092
43.102636721054 12.488736436951
43.117522888893 12.521857750866
43.147255108316 12.437011124325
43.140419801318 12.483206100077
43.169409583423 12.564716869784
43.141419913707 12.487166318359
43.179495702602 12.538000433046
43.183127769841 12.440352424274
43.096263026419 12.467856151291
43.172833012984 12.446895254074
43.210880169298 12.493246715767
43.100025313508 12.485442846795
43.115848912467 12.429572966171
43.139949150935 12.567211432202
43.09555083287 12.517949225178
43.078883755079 12.467136746977
43.113001547827 12.465060552354
43.1679074877 12.427912772853
43.114302295334 12.489155449222
43.174760491224 12.551154992355
43.161612797625 12.574358329465
43.211097607974 12.449224416862
43.210579742797 12.544182949043
43.094557584794 12.515453988482
43.231333579065 12.47641732894
43.11535509916 12.466236115671
43.115774972905 12.525725490679
43.139455129013 12.532803669841
43.140845703979 12.522952385511
43.142038544727 12.535618122006
43.114884927012 12.460933024765
43.120617089405 12.461782387694
43.210090025913 12.44292380311
43.169463485579 12.539588145718
43.081566319394 12.444099756186
43.166908320138 12.533780412087
43.134226660328 12.52650233571
43.098409306325 12.51698769562
43.220213730477 12.475175178852
43.12750899241 12.44435427966
43.105248967721 12.460935793121
43.10423562217 12.497839027337
43.202190795563 12.502881183079
