41.961674386173 13.133883399041
43.628246587083 12.96137532173
51.990051673255 9.9255596431557
45.488863136195 9.4096828223927
43.163559385207 12.904193963366
41.95865448937 13.235255909749
44.448874406169 10.29403337673
43.048777202654 13.306710826863
42.095801387979 12.90104754872
41.893926709862 12.86898850599
25.130663896023 -81.112900998771
41.994416385907 13.606111672079
43.488426678597 13.496467091395
42.735814182917 12.378834238008
26.434929020888 -79.204644109027
41.92390246036 12.383363445489
50.260100692166 9.2153191758391
42.918198395038 13.111273790782
44.342741580185 10.697126208452
43.144579898654 11.952222181949
43.032546068578 13.667102750722
50.305214965392 8.3477643115203
42.124180670906 12.776887829333
43.142567682167 12.305422008201
42.626873735651 13.255321445549
42.583685716907 13.603971911431
32.458843140772 -97.438977871452
43.429825457965 13.106930868305
42.024454946196 13.808881605907
43.347958097417 12.615453603519
43.641767500754 12.249429203707
42.25406015818 13.382214990643
43.424157138667 12.464989764388
38.032578746338 -97.483853343168
51.392511090447 9.0091370455963
43.122208028178 12.63552443808
44.920509729521 10.503269703176
42.278112910373 13.217337144195
43.506214124407 11.985730996835
43.051589019642 13.010527140021
43.775567298206 12.148036759437
43.678827398794 12.322716543157
50.065969822959 9.8331623570217
42.450241179902 12.244414676116
46.242562030089 2.8474344922451
43.398004458027 12.440842083882
42.849472006734 13.462258597607
43.638973026855 13.706736087218
43.691803646151 12.619276180707
43.110736843271 13.218079362653
42.871308851483 13.620033669595
43.715942897257 13.014038199586
42.104884428973 13.634543577526
52.323322652757 5.0948324186471
43.78461849309 12.619326111239
43.341952415363 13.517534014565
42.164528064527 13.830141494924
42.503839201084 12.623719947724
42.819132717263 12.114530005101
33.736925974079 -119.00394833303
43.716477176995 13.816028778377
42.600652827251 12.884816925474
46.482443958999 13.288494731222
41.975856741434 11.866613213863
42.516747947578 13.662595558775
43.468080517609 12.061286102099
42.278779296192 13.033739727565
42.893086862256 12.030634206755
43.540977787965 12.466113595064
43.661941287437 12.833749245796
42.396208347493 13.211169276972
43.214908031868 13.655562611157
42.539645229273 12.352122089545
43.272818555738 13.305457601487
43.125851675482 13.21043911495
42.796222312768 13.766595305787
43.569832613512 12.434770652782
42.595358862374 12.735106496038
42.414713183632 12.65164138642
42.216512897174 12.382450558444
42.559764766882 12.918680351676
42.125356994649 12.118876654731
42.889097817212 12.522823919341
41.567246702599 16.547440186959
43.787722881806 13.022616036268
45.076241256684 9.1241911799084
41.859181495804 12.861439675515
43.722088896095 12.100323814501
41.959653036205 13.469259865356
43.412874899087 11.89968235695
43.668234919996 13.257877929277
44.602091734138 9.3868696153103
42.437677422763 12.848283859386
43.829111071711 12.394899014123
26.420775267009 -80.943144819482
26.064023197176 -80.113427560639
42.438275007756 12.878608581575
42.337061413276 13.181546146156
43.424873696859 12.511208424604
43.304987985338 12.941995313385
43.100017544881 13.736237560763
40.612430740563 -73.972165093921
42.385599656231 12.749793202986
42.027658792712 13.466596688382
48.716923584497 2.5969728981806
42.830146420223 12.600631772841
51.032120978475 8.6072430082631
50.371802099222 9.4434792350249
43.376459787796 12.528824607643
42.278385964839 13.089125754374
42.222477755168 12.129714217118
43.03041860651 12.376809051457
43.485568815624 12.725054182471
42.674435018897 12.738804600101
43.394217391959 10.728769932796
42.641408297087 13.394598231856
43.17474137024 12.755811727047
42.796144854669 11.90432495994
43.076159199291 12.041757335927
51.234636329224 9.5219101139912
42.355444148369 13.508764502385
42.176532366416 13.665011710352
42.62747237397 11.919430612104
42.651109210074 13.58314073767
43.164334331737 13.118154998479
43.447263022183 13.401144589971
42.500445275822 12.740155083027
43.459280924175 12.407685116144
42.065866200771 12.304987862869
42.20213023119 12.227455128577
42.444046647516 13.500392531299
42.356209389121 12.936921735286
42.323567921002 11.894988765912
41.855670700735 13.572921559502
45.127059250964 8.2453884774076
48.102619769353 13.741992893297
43.601591870024 13.123059032563
46.614124018054 2.9165660556949
46.642696630509 1.2655195916377
42.82388958422 13.374077837644
42.978756930225 12.249350027318
46.193596365605 11.604705487727
43.40305217842 13.300837659438
42.734338163296 13.297901224039
42.266020877897 13.101753101287
42.853698952542 13.031957196108
42.063418932775 12.997989326736
42.872267281598 12.261018819784
43.323014001068 13.223707672799
43.677211930846 12.033502722196
43.093763108896 13.373888040157
50.317874890434 9.1736676144291
42.699756673884 13.130192408885
42.464325127895 11.960618569984
43.549416347218 12.339928799954
43.685973620848 12.468445197453
44.709691059452 9.3932454868166
26.784378224866 -81.001103445698
42.828880839922 12.490025029767
47.682498206025 13.136090645884
42.838512408493 12.446376603791
42.959050266307 -83.320162776748
43.761351869351 13.713263759277
42.564112536893 13.502167822117
41.878022440673 12.398399267552
41.204653719222 -73.672030809314
42.01589975602 13.284098102864
42.142862184992 13.546688744143
41.60487976626 16.185570033864
43.719153288176 12.98839768117
46.261424327391 7.9744109520569
45.092963627608 10.051665611775
43.50091082535 12.70737090509
42.606127159042 13.64896991369
43.24151230384 13.005289351125
43.346593924049 12.827330534753
51.486758535023 8.6164461968543
43.102458701072 12.939145371311
43.197708906719 12.170059131093
43.423692594501 12.972620824826
43.552097713853 13.034517086614
51.090245568236 9.3584747600176
41.847134862045 11.9343238091
42.19053123297 13.349617242531
43.173390957629 11.894511239575
40.036746592211 -76.268862093025
43.253522328706 11.89676458479
42.62669135708 13.687736657324
43.045335112647 12.591495049948
53.334555005603 -0.86303512976408
42.215739310841 12.39036868952
43.641872034262 12.120595673176
43.398715339342 13.602364002563
42.328012804675 12.517218552792
46.203178029136 7.3716195688451
43.537647363535 13.73047725939
41.934597806996 12.08753431548
26.54796326743 -81.032046397507
42.749201039222 13.719647670986
43.490087317086 11.899283478011
53.048368413489 -7.3558231924455
43.830798093172 13.079013243841
42.812780075206 -87.229082648436
42.075207982268 13.306966508903
-38.019238850111 146.02551833791
50.080711827651 9.3870393374874
42.690361672424 13.50710713144
42.412263669287 13.189625805819
42.038145598063 12.152669934182
42.437748297343 12.132747106803
42.673287421334 12.831428538485
42.447484142376 13.283680051253
50.748181217233 8.6349592453963
45.237436373016 11.652242214325
43.002802555006 12.401857500173
42.339564761792 12.480332701246
43.380613812909 12.250598076403
42.866771865595 12.264837377849
43.657230802207 12.320992699529
42.717440729385 13.149354136174
43.195165983513 13.630798886379
42.825858359631 12.617003900773
50.252561893897 8.8665775940132
42.445408081399 12.541276753687
43.504674499179 12.005424510245
42.840429619833 12.695789322602
43.620563966998 12.939715133973
43.459146782525 12.103702153614
43.064372776593 12.938482761841
45.658226210465 2.3006210943221
41.1668435259 -86.92416534664
51.715755560769 9.2512602732756
41.871888947634 12.424999654512
42.054499992681 13.821800493573
45.593323573746 2.7684148139173
41.860897365448 13.156614160259
42.293029050966 13.689186835072
43.811618418832 13.794074351359
45.119554545346 8.4573727584711
39.403054955317 -121.87339041088
42.449700833994 13.766942043701
26.206989491438 -79.54314012692
45.164769507346 11.165197437147
43.14189653992 12.378725744981
43.577606409147 12.577267609361
43.108230410215 12.750108145082
41.900566276138 11.934560489831
43.706420714851 13.167963603611
43.597189879344 11.957029310987
43.401032054539 13.30445737408
43.063234312976 13.144821128431
42.719213400392 12.2014690825
43.676676864141 12.134355262937
42.286134230127 12.744204551815
42.904511987208 12.01487661249
43.173987380331 13.423444832893
42.568737761403 13.056883737958
43.031107681373 12.883316078656
43.34558521369 12.537090591892
42.972638166518 12.550972883867
36.637529335802 -78.529068430757
41.87351252973 13.484855771777
25.807998207291 -79.417965830308
43.320045177995 13.186938704565
50.504880736817 9.1522905613074
42.536617247659 13.174928162815
37.700876139777 -122.97164932064
43.366993072169 13.283797681485
42.189137477537 11.904038455314
27.941808987968 -81.725998835694
42.899266876254 13.629014273022
43.143278069416 13.176190858344
43.735991981244 12.661034726401
42.043566330377 13.803649485041
43.239735220226 12.868985687808
43.29713723871 12.333136176401
43.058833530221 12.726244771747
50.680371229388 9.5661906630575
51.64056025941 9.7762058511266
42.336226861636 12.302672705309
42.734564176192 13.248585845015
42.398054356893 13.246078026617
42.261905617224 13.38526786651
41.836742396411 12.616770475014
51.893867656306 6.4618309180773
43.06181839486 12.344212059579
42.750403196921 12.924248239011
46.764080059605 1.9072115486056
43.632250968682 13.650617529496
43.471342464218 11.880712349865
26.760701239912 -79.518681120179
50.773426234151 9.9250725777471
36.707784136151 -118.9787350485
43.428558513277 12.075995134246
43.821973519338 12.278630710358
45.325798281155 1.592889785577
43.542623622617 11.913087023868
43.648728827338 12.789317983591
43.167185776966 11.847319916772
43.678416388446 12.572967651122
51.52950925102 -0.15959012753776
42.707788190689 13.420765953821
42.232749813831 12.458311796423
42.264897465385 12.335573628722
43.658589598119 13.55910675442
42.196527592019 12.332538725053
43.68085013131 12.451647079781
42.75463098418 12.000833534191
45.51781877946 2.3351406167891
42.835906017051 13.148570864552
42.555891654268 12.298079422835
42.802762417518 12.61770861487
46.749371380058 8.9171259903429
42.713168349004 12.805558136595
51.957815125565 8.9100720840087
47.088466080412 8.092570913533
43.63895702487 12.124415664547
50.07595986178 9.129811287918
42.676632037722 12.178606923308
43.049315368801 12.923081248518
43.32880608522 12.029625639354
43.229728239251 12.240311394113
43.77950585346 12.772064257794
43.367287552176 13.597179326528
51.834709424914 8.3547170345461
52.40955946078 -0.29424306070629
43.005302713276 12.571965221603
42.455874577864 12.930210911657
43.022834453763 12.81240184971
42.34437305964 12.612411906783
43.060761098334 13.222888601603
42.253036030241 13.176602679874
43.306305970229 12.614395887898
41.932523919259 12.132748384577
42.424473802312 13.822918767048
42.550474033037 13.274838573448
34.182841421004 -111.9529829407
42.330251092082 12.781613304131
42.142728260459 13.295732475301
43.587614486754 13.303520549717
42.272379516306 13.133937419941
42.84249968775 12.921120469908
42.889497144117 12.555677323416
43.640886316703 9.3170397407222
43.042715647299 12.718087489141
43.520756374633 11.582241967845
42.317716672254 11.948049548079
41.953602897003 12.619555936504
42.435894636196 12.92787891206
41.452222254024 -74.159145125393
43.481096460263 13.247504524557
43.746590337619 12.30506725579
42.575906992248 13.788962450267
45.036206671054 2.5786619696667
51.929443999394 0.53025854771038
42.112223249468 13.488020641977
50.81332978784 -0.5142896438294
42.784728737934 13.179521004774
43.81711423251 12.535436016312
51.816407662032 -0.011900721640275
42.504361750814 11.988827200157
42.286669056086 11.840020622539
41.977620458707 12.342246015737
41.871707678268 12.315595799759
42.776943287264 12.370276516497
43.23289529194 10.226560418623
45.986612311092 1.2423167090129
46.10632546437 10.09806737532
51.465250557272 0.3571052976172
43.569583179715 12.308678480496
42.801225460529 13.357058838197
42.62760688489 11.924913647105
43.400787274561 12.64739575083
46.985049225849 1.6511434571124
43.650744102754 12.36438784488
42.944615961979 12.910995680818
44.767365758434 9.8372645486575
42.139041912828 12.877557211985
32.460073695427 -97.206181892913
43.165517755882 13.148337430876
42.062308946674 13.598217064814
42.063773416965 12.678296870423
41.62077722564 -74.061876183248
43.526912173523 12.408060504335
43.150997201538 12.722318436376
51.971419056399 9.8395179779453
42.317830638198 13.160280293415
46.514339715016 1.9302006372857
42.537818820953 13.459452850513
37.00505915509 -122.34455572426
41.999644703718 12.435943635405
38.034087735903 -122.08017320781
43.639924736081 13.00738732752
39.363487955061 -77.254583748135
42.389351279677 12.516858028975
42.274045909438 13.319102116099
43.557624119149 13.746598784249
42.997562945375 12.437137491294
43.026904641684 13.200585174023
28.802945348245 -81.469082581367
41.931052509219 13.451422248267
42.653888381412 13.467499989324
43.193789204694 11.975603080364
42.049750641498 12.979892020125
46.248215818893 2.2476139055787
44.48940770074 9.7792667738065
37.044732516652 -96.779759109383
50.342057918823 8.792047893066
43.61410006213 13.802587384753
43.638716489861 12.311192076354
45.727478393227 1.2688091328688
43.165824542852 12.87392191166
50.269996279045 8.1523116622829
40.372332805105 15.125360562245
42.118646964973 12.815363623137
51.025275157776 9.486381319578
43.028978254215 12.250061687685
43.700779862118 12.887538807435
42.072463696877 13.006132935663
42.745477211098 12.996138231382
42.747203175813 11.982996439574
42.134119655555 13.726377542024
46.844338798823 7.4378858131533
42.666034862265 13.264129816233
42.79783663612 13.375692382651
42.097329467136 13.360811045117
33.369760678036 -118.08171716598
42.5046143702 12.71274371527
43.199392863663 13.653669356694
42.39626945762 12.553982115164
43.831668875588 13.559000871426
45.455549705751 12.305380707933
52.885710403037 5.8898015735391
43.10524733651 12.237807658633
42.963099147197 13.257746627695
43.7249460033 12.031232696993
41.944797422732 13.584169537588
46.333648165843 25.724975422362
44.699323530425 10.061638320452
41.835021119975 13.039913170545
44.548944886261 7.6828174177267
43.244479735517 13.007147347579
42.186892618999 13.737028756077
43.297088614359 13.15762591418
41.203822268245 16.792525767068
43.83996587733 9.6253895148032
44.19238168504 10.659607747432
42.289416133582 13.426835244276
42.683417433281 13.188082438071
42.13012703656 11.895508746589
42.531330782257 11.86107330439
50.570517893681 8.0763865444234
45.458848714062 8.6004098981178
50.935599828575 9.4590268700658
42.634977828562 13.592386149167
42.440107384923 13.682265222411
26.250835581782 -81.043838685208
42.578202866774 13.060577426155
50.77723356 8.3922099337877
42.522174041051 12.108839914274
43.42881016269 13.321308678652
41.030395263041 -75.33310714253
52.425483774825 0.60908369789789
42.18534032173 12.37204899053
42.518298323994 13.698449395943
25.404701551128 -80.25176809488
43.226879397534 12.513662970419
42.584507451686 12.867671615404
43.321936854332 12.73522463291
42.094899329888 12.681561976078
53.167081378711 6.3046416540419
40.921894691057 13.175330631328
42.233306178487 12.702980641158
34.164789959579 -118.34789989189
40.848379104945 -75.052161933079
42.893314558518 13.194385309815
53.347510725422 -7.3063620130095
41.895093250526 13.004390780371
-38.645923227373 144.56305715158
42.399107457811 12.364550142274
43.194252439886 13.167263859982
42.903896332695 12.176882997724
43.721607618857 13.658407638177
53.887002966314 -8.7733111664529
45.065534065371 11.058556653305
51.718820802969 0.67513548329712
42.21539835318 12.290352475054
42.597019184214 13.106340010721
41.286565408448 -73.178466586276
42.153019379917 13.381216863369
42.528162361855 13.147503045477
41.931404330757 13.574808653733
41.123558234633 -73.874029262064
45.009619467896 2.4107643218761
41.964248916604 13.009233410961
43.616285456652 12.002015709899
43.637166909726 13.320879485629
41.88701959184 11.914493596162
42.544481257251 12.559485220632
42.945509377863 11.881423993002
50.349111162289 8.4961606927664
30.61554960313 -94.773822429694
50.555841193095 -0.053903828451361
47.814896159254 7.505723798883
50.064367498301 8.1101218048065
43.162716893576 12.795612814296
45.428550415872 1.4324744899908
42.552258848025 13.216638369142
41.966980576521 13.694116909867
45.075278856079 10.20702710685
42.892317046382 13.705354519538
51.704145955715 8.8269504228732
43.157127329243 12.372513733999
41.885159638212 12.050336398694
42.491228327871 13.593920701481
42.680960832502 12.561790406987
43.385918195094 13.094537052857
42.076172927451 13.176225087243
42.357400845924 12.786706166729
41.856960043266 12.446076341202
42.395671884269 13.793848459068
52.104383077523 -0.98979099231534
42.183264455864 12.644739027456
43.164749042694 11.967391519813
43.452205881242 11.921812050029
51.868475703694 -0.28145463410367
42.169562053967 13.409820729147
43.600710517562 12.799781656752
42.369917947061 12.047197273975
42.570600466624 12.730663597479
45.406853452046 9.2483107848341
42.987553592787 12.864810413639
43.018623530429 12.429886018147
51.758454517582 0.07906890845349
43.627124791347 13.431302484812
42.034740149081 12.103461890551
43.649539346199 13.394417096134
43.557386441902 13.807228207054
43.554882540647 11.990005166286
42.293574043707 11.937757765401
42.166312879516 13.771941290617
42.367931973034 11.885322761946
41.906232224289 13.617136102478
43.442483934801 12.163622182891
43.524492101078 11.974534556744
42.230985043233 13.222397785293
52.12850421733 -0.84523275745144
45.164995169784 9.8564710755374
42.491876929317 13.738789822806
50.091683168007 9.2881383180097
41.944500067732 13.011855178539
43.231809883042 13.274473849367
50.57850907281 -0.23931600821638
43.12411961107 12.782182443341
43.268160109554 13.559754019419
43.269420622529 13.276150188558
42.202584653277 12.219543671359
43.088957881617 12.064616149342
42.098307140704 13.776168518151
45.85892231635 9.3410117446193
42.570951234836 13.597799587829
45.430221022773 2.4672452986554
42.768120795867 11.916221138538
43.527507650001 13.62511006122
41.485454867494 13.009659409339
42.873986125886 12.292802645982
42.843789290134 -88.458626517499
41.892500399117 12.314822526816
42.015664427104 12.788196925928
43.779500631068 11.968358283403
43.224183700173 13.369661037072
42.931645808265 13.511050959842
52.505861212037 5.4205456709818
42.697206969253 12.085856879657
42.08406238357 13.094440832333
46.510198110484 9.0600485610147
43.546366655543 12.91146213699
42.95658080373 12.102641786517
43.658125951282 11.863164904485
43.74831847751 10.850848964721
43.488731126084 13.376203940912
42.127978477242 12.06716733012
43.432021680976 11.917946745159
42.368947164814 13.576318522273
50.573227767867 -0.16814633844334
42.322233712937 12.139778847427
42.079548598325 13.705493222806
51.083276662549 9.989323721728
42.239779457583 12.827321500458
43.35027268268 12.567203198845
42.997744558865 12.121308198742
42.446477988498 12.815616797591
41.935324023934 12.398117320818
43.000998931493 12.402858595107
43.437795736121 12.25322359628
43.1639870178 13.527330629794
41.939482334063 13.579529654526
43.456480017165 12.312663023061
41.837915033166 12.94881823498
42.368552714779 12.718390105182
42.685083808252 12.163379128188
43.501942389899 13.412093430505
43.67507238999 12.369501169964
43.239834498747 12.072719977292
45.693088712028 2.4908569410866
43.788368384742 12.041295389685
41.925796641023 13.128575258038
43.203841819078 13.442318667419
42.858571562406 13.716419066191
42.194983147197 13.769862070128
43.660366657053 11.94269235385
39.685010651154 -76.61643969106
38.957716758517 -78.035133043745
43.061349062764 12.0447391584
42.699961163916 11.909154992995
46.830100603788 1.2498759875306
42.878530367596 9.7656878715664
42.190282534452 12.141242407815
50.759075972139 8.2399955108948
43.206653760863 12.268337797054
46.452472862067 2.3780962342294
42.701897156307 13.824786335635
43.057227078873 13.195760865342
33.94191399311 -83.799436358549
42.410232965115 12.810509507943
43.601356651004 13.571672063142
43.263886218103 12.658656232387
43.368429490092 11.872321703898
42.718166407553 12.638607987521
42.52853467575 13.687446634626
41.864158188882 13.245185409342
43.157137175185 13.529078765108
43.756188968104 12.76877540807
43.142086203763 12.037615033371
43.372408713409 12.775159506975
42.049746197693 13.245004270361
30.160458333696 -94.424656441842
51.645212137674 0.61717656790613
42.357000603062 12.084730293197
42.166767178668 12.160771182368
45.537685780571 2.2495332836404
41.882536261309 13.660276443095
45.560048438727 8.7232002646282
43.225502887401 13.110438821444
51.472241762314 8.6021245534542
43.405778769614 11.839469777832
52.884764547639 5.3493149190207
43.129222423385 13.063674729834
41.845728608263 13.619454255637
43.547866864406 13.78354048395
46.167653591103 11.91761446328
42.778499484911 12.97828774295
43.177785035327 12.963943187152
28.225118290265 -82.534540810423
43.061468204533 13.222646211399
43.779744634789 13.710002006849
43.615707311621 12.663649374949
42.510557331869 12.290133305981
51.301938575367 8.7403842773011
42.453631630865 12.942057795351
43.738791722238 12.126678329972
42.291796906542 12.674608465619
42.219015923452 13.313019989225
43.666638612613 12.9324604771
43.744995704754 13.046001454858
45.043891313972 1.8431499120049
43.504024310759 13.525262619169
46.171487314569 11.258376760713
43.362183437407 12.159871283083
50.3431851614 9.0803713594006
43.536787632658 12.62978436643
50.610612678626 8.437409832346
43.173550248248 12.237169954126
42.706309940085 13.628444409777
42.505500158551 13.668645743613
43.051517327827 12.847277982576
42.724628176899 13.123160687819
41.889337272818 12.425959576606
43.516566691716 11.957403557376
45.431602394875 1.9612989122799
43.346893179879 13.204206306603
41.34734769616 -74.005636134785
46.334309852467 8.5606052167996
42.207294682624 13.734408975476
43.769928350027 13.227691949938
42.860601739448 13.482107574366
43.548765379281 12.9965009778
42.135719896378 12.365336355479
43.574106891928 12.575058454005
43.480385967775 13.704951537657
42.148084815682 13.642240029148
43.10215137347 13.498188856311
43.470867003554 12.916530799103
43.125379139637 12.136670408855
43.301196672649 12.720428530949
43.341345061262 13.016601281269
28.857197222708 -98.089026180631
43.194032442867 13.454633502522
47.431878142514 12.980759617652
42.872863981369 12.344678802132
43.618200871471 12.724215085045
43.15666594552 11.854535017116
42.329636359296 12.513233626056
42.156852949039 12.988807967414
42.669378998091 13.663948795157
45.720332779791 1.3344268902831
43.172083121826 12.138627457984
41.873081488031 13.096139434325
44.426368742146 6.820143074391
43.088897377315 13.634094832781
40.673262525349 -74.327759063155
43.116250947659 13.227949470409
45.498229083371 8.0676936107049
42.10257852876 13.371507324007
42.909511591287 12.607907914395
45.169199733261 10.808653040302
43.211106818754 12.631774945034
42.131377563894 11.915575973671
43.127392613409 13.035157403946
50.007487174127 8.3758341024517
42.831858624181 13.826610974908
43.523065793127 12.998503204921
43.152126848324 13.201462494324
42.339549070403 13.615114359027
43.057963660501 12.392167638725
42.266975275852 13.301913122342
43.261493867872 13.280611242319
42.918307463156 12.511511740534
43.095732565103 13.006616043882
34.433926814943 -85.341941920175
42.602021360606 12.581970390224
43.075390960146 12.585417956873
42.072359518668 13.771634112958
53.353424037694 -113.42475942356
51.473172569402 8.6381696954547
42.231573419309 12.122579173263
42.958424979357 13.533239756049
43.720760189819 12.930033178523
43.81470702908 11.92359694418
43.273293193578 13.747542803545
43.578037984494 13.442921265256
42.752677183038 13.129594884429
43.649206683829 12.158041135968
43.236213194337 11.937470633063
42.707208413981 12.675790727474
40.065552628316 -73.843390370778
45.314636027284 8.3681929040808
42.175694233375 12.162078532021
43.00987472574 13.453792166663
42.550793517193 12.908384792951
42.062539209196 12.531552908745
42.006306694844 13.628443758317
42.730407410197 11.908366613068
41.897432332832 12.51888047185
43.338127296596 13.141366552648
42.081218604989 13.157421927993
45.213712953131 1.6500861773501
41.907125651814 13.454511072719
38.497277526416 -96.903400906782
43.555835748837 13.397386106869
46.983024324283 2.7747699086437
-38.083666180765 144.80549913
42.268868078624 12.299033058502
43.457911619219 13.50061261493
46.220494933529 7.2518585739899
42.752735552284 13.26246450297
42.757079624013 13.519065406436
43.590940675994 12.229253466834
42.090628690615 12.789664116145
42.479737943283 12.825140168364
34.023666611132 -117.35559551463
42.413743702443 13.455294337822
42.924808638622 12.352896588574
42.674232296373 -70.804099651695
43.261666050789 13.693155059469
42.015644857688 11.912650209366
43.154230044316 13.013096367967
43.269937819017 13.482844947152
50.08595114019 8.7271318182941
43.414231301499 12.876186041125
43.393059325143 13.583095053038
43.04902560827 11.921417565535
42.20055852609 13.228601355699
59.860454573231 100.17337618171
42.781456058299 13.174573668847
42.701603222055 12.690719723113
42.971448566307 12.166839459078
52.5286724819 6.2142618412451
25.60872479648 -80.219343322707
40.556834636667 -73.481678882969
42.822152533507 12.459865167041
45.295795914622 11.602712041073
43.511210595982 12.43346313782
43.691665618092 13.536926938958
43.644863579278 12.697454259145
43.052847184752 12.153204508684
43.237578151879 13.450641531262
43.541206605074 12.296238017893
45.374855248525 8.2161143486696
43.452020308234 12.703453923924
50.420159870023 8.9045495604652
43.473615717384 13.540062467374
46.380179465951 8.5991129088211
29.538169439104 -81.135941800994
43.008400635819 12.130349230103
53.028429218115 -7.5339530895157
43.61093540334 13.022863655383
50.933222512218 8.5111308067623
42.49581491367 13.628145584684
50.017115193427 8.5250112416805
42.202405226532 12.605167499115
50.413677412744 8.1704043993589
43.492005897005 13.107463155944
42.152665234729 13.631393292303
43.473132290653 12.212836148803
43.770333315626 12.680684828537
41.320911719765 -74.020274476755
43.176191135413 13.688890435143
51.260876995167 8.831781279683
43.713738968949 11.850064591921
41.925258588032 11.885336839096
45.743697346302 -73.006113934005
37.179553214198 -123.04419503044
42.83637330303 12.794543137699
50.11748474609 8.9054452999986
42.620506106254 12.711849404851
43.069792028104 13.358597047349
45.04154701328 11.054709612206
37.973945632934 -121.23024118473
45.662854881335 1.6558330374099
35.534597073926 -120.50429951162
43.714591999426 11.85363655812
43.345639119572 13.206940437319
42.289337876409 13.141359432222
47.597845629602 8.0852927873308
42.496694011866 12.520262703563
42.477713447308 12.846132993182
52.33090043386 0.81887005395669
42.405793844001 11.968407992746
43.791033833211 12.821199389112
42.332970598423 13.125796759581
42.075159151163 12.885582353887
42.701152380903 13.442377998721
41.884815196008 12.653051508916
42.048063960435 13.633081145435
41.852616678876 13.158022565862
50.095055443279 8.0090424064589
42.146554833367 13.777416673872
42.643534795702 13.168970097887
42.749300709718 13.621531096253
51.414582384012 9.1547974982088
50.390908448673 8.3751874819282
43.553215335402 13.459857008189
42.373106334553 13.068608585332
42.871114935687 12.459220577266
45.081384190862 2.4216550893251
43.085565014338 13.572273647234
38.181498553863 -77.301653882588
43.049855481877 12.167656103248
41.950802755075 12.83543605119
43.376522869068 12.630816005485
48.805391639497 5.3260903224726
42.516523671132 12.459101048067
34.272013954193 -117.58448069506
42.394728622138 12.667577217665
50.5392197699 8.7683103330286
42.359199775105 12.911335009596
46.654166160456 8.937822453183
47.21752140914 7.7904194876507
43.296302416521 13.727627763884
31.552890107526 35.043023021563
43.76159609333 12.942397841247
