12.678525456099 43.681020318869
12.679472561797 43.643422373425
12.669193223451 43.707512625844
12.631239530945 43.688711283139
12.668415729035 43.67154593082
12.619276180707 43.691803646151
12.612782547557 43.717568636296
12.671622867564 43.669365687163
12.645157133551 43.657112401306
12.636162030362 43.653118281485
12.684134770524 43.712322587034
12.67104098141 43.712428429982
12.648899896394 43.711067861298
12.622843550829 43.701926133012
12.678952916397 43.713742987606
12.68739905615 43.723580008731
12.670917446593 43.715172585454
12.672868938054 43.70216339256
12.660272724789 43.644847974502
12.683694016062 43.658590162501
12.652102767349 43.719946437406
12.603986834012 43.698270418096
12.64632982886 43.715706133172
12.598316566387 43.715127700362
12.635929338485 43.719578858355
12.62949286619 43.713748680315
12.677928501611 43.682335375681
12.620277070285 43.715946104732
12.620291191929 43.700433892545
12.649597058396 43.66793604694
12.650983985372 43.699934354865
12.621878525087 43.704338312498
12.612017609485 43.691313504119
12.649626263275 43.705894254032
12.644184402511 43.660272472867
12.658965534393 43.654061741056
12.664737115479 43.652934311283
12.667983911332 43.717499890254
12.630094418058 43.662589906281
12.656568941056 43.693231077277
12.629082068184 43.664239822286
12.681548056997 43.684068787717
12.661580089343 43.647643653067
12.620384148166 43.704042056459
12.6636402885 43.654904363537
12.688568825244 43.730121994286
12.676155537237 43.642481218412
12.68187145783 43.72828166316
12.681494247972 43.727546271297
12.672516362144 43.64343777657
12.651693547003 43.661581964561
12.619621082519 43.713321627005
12.678819531446 43.654894114798
12.68363435321 43.659365147215
12.621755066173 43.704295140574
12.638956057692 43.712497735283
12.660632118911 43.692456733313
12.661405475208 43.716323493403
12.668302884192 43.715729306806
12.642411299836 43.699116697416
12.645911279456 43.693177961157
12.655562659121 43.676924515852
12.679367706051 43.653479020902
12.66758793905 43.706377967145
12.657510358236 43.680479705206
12.64817019398 43.654680892685
12.664080027821 43.660025583908
12.660257859018 43.699956193913
12.602075537502 43.707619941678
12.664175433903 43.65342436484
12.601358149967 43.714339351635
12.63783539584 43.651089583382
12.641219362936 43.690677292522
12.663283220822 43.687507336835
12.651705407862 43.680011313746
12.625639605183 43.668463647232
12.650324016202 43.690142080996
12.655256449105 43.719216146862
12.683931991797 43.686437536837
12.674016889054 43.669425855258
12.637399484721 43.720111807699
12.636644814947 43.70941890625
12.670092230996 43.706129690516
12.631653522922 43.688414750962
12.6324212219 43.699172557213
12.671327610368 43.640732608589
12.678781042213 43.687940408351
12.65638347515 43.724830412199
12.671682840081 43.72470375326
12.673659086096 43.68608520866
12.676693047733 43.689118791248
12.623898506942 43.697674592371
12.620158837021 43.701918957172
12.644917260245 43.698948211849
12.666164237406 43.681272949896
12.673721722662 43.649728182561
12.685242108409 43.729275516595
12.604932406754 43.704696287285
12.682994116902 43.673402408938
12.685121267443 43.663770046415
12.648952022052 43.655787853385
12.638359499017 43.650197894636
12.632223198506 43.664304762478
12.657454085863 43.66104284474
12.650984972108 43.663699098727
12.627120664191 43.691567041323
12.641628447774 43.704938159674
12.61980823179 43.693524816417
12.665253443509 43.722840202399
12.618494656246 43.679547375871
12.664248374621 43.723337396406
12.613265811307 43.713328402843
12.669355475211 43.663360194633
12.667454174586 43.661465731313
12.674111658111 43.661677788807
12.649556104417 43.699468990203
12.647288841518 43.670304742975
12.617316567182 43.690190534915
12.61350873283 43.694524217276
12.64413592624 43.649023126203
12.679587586189 43.69553217792
12.663644177704 43.714537747558
12.638656552734 43.717153003329
12.66054991619 43.711132302301
12.685662403577 43.687695158521
12.648058634574 43.640972909371
12.663360797664 43.654655757686
12.679956992494 43.682218689345
12.638061199655 43.665795551478
12.635496508181 43.712276186681
12.645399303497 43.672042856327
