42.935694688922 12.583734083282
42.905443741451 12.50306067129
42.85415672739 12.570479630314
42.915561916288 12.546546247132
42.890529811818 12.48979287666
42.917298716475 12.48121927284
42.949305354149 12.534651894858
42.943767541549 12.527929735637
42.930137462437 12.518937400805
42.899864640061 12.55739980219
42.858812395439 12.579220110376
42.872507043144 12.558508513776
42.945252400818 12.535961951865
42.966220354667 12.55167906992
42.911827649435 12.505633612885
42.928124737448 12.511401879395
42.921278980079 12.528638364083
42.976316347263 12.529240633628
42.940439742052 12.519427118154
42.942637095688 12.503955120011
42.902409655949 12.560837904274
42.874743879735 12.58551764471
42.905996430642 12.486153640566
42.889097817212 12.522823919341
42.910401467679 12.552455264422
42.879284571355 12.589528553949
42.904320000182 12.598012370357
42.886882762859 12.55269881552
42.887715515649 12.500793264036
42.963098325305 12.573049444993
42.943769311527 12.552797003462
42.870338704398 12.585939099375
42.860004577742 12.586318281308
42.94019552599 12.51241880169
42.879623358569 12.587142874781
42.901958402222 12.569815920952
42.951855970545 12.533111999081
42.897610385876 12.569818378247
42.948184296486 12.577330524857
42.875049354471 12.533420151369
42.911116178127 12.540617276722
42.893314837915 12.549541804285
42.887893987788 12.538882785283
42.972882064068 12.529828290257
42.962985235736 12.57720231806
42.900110849154 12.582674865903
42.940910983359 12.513968632351
42.969552037779 12.535028573396
42.925438020365 12.588433530942
42.920920647665 12.566605776368
42.87411426004 12.5657904435
42.874094467107 12.579475468781
42.959435013125 12.593206283934
42.927059553551 12.597956787163
42.973642732491 12.527527300908
42.899258611698 12.570249691892
42.959725813942 12.559888758047
42.961749793034 12.562160435415
42.949374121146 12.56025006464
42.856130305632 12.56525098328
42.911285658347 12.573395842509
42.87112117322 12.510548399554
42.889106270827 12.585817968301
42.886187646972 12.585949526928
42.932050635096 12.595586685296
42.902662347047 12.580102015112
42.925913032131 12.521504449922
42.909320856423 12.485931355288
42.906996071782 12.606355459733
42.895573934978 12.5441265393
42.934071721965 12.57906051987
42.861080243674 12.584152270867
42.913070788122 12.595650853422
42.95459018182 12.522454261578
42.87498519659 12.546794940527
42.86825888693 12.542919245357
42.872610765471 12.568501928641
42.873804873749 12.535308339438
42.942178889172 12.503647902305
42.901585392629 12.547327817694
42.972638166518 12.550972883867
42.946940184101 12.532828291682
42.93906261259 12.507183556702
42.861552090341 12.579569198948
42.90080843258 12.530684783857
42.935933418097 12.500500090674
42.944973587054 12.523537096367
42.941341551946 12.54507772326
42.877012220175 12.555007737875
42.926104542786 12.501525962514
42.874232199471 12.595574059356
42.873206845912 12.5974201414
42.887366776789 12.59724935081
42.913619962036 12.557506515459
42.899620657761 12.518421837857
42.884825633806 12.594027262013
42.881592957734 12.572313911103
42.861186154143 12.498079200994
42.876969551166 12.494073084341
42.902176393171 12.521976884253
42.920570967703 12.50093170048
42.890399088587 12.566907155147
42.889497144117 12.555677323416
42.901580408191 12.527812102145
42.93395913531 12.522402198318
42.971800192267 12.536096884674
42.862388492984 12.534480181327
42.933170733498 12.52075163022
42.896646701704 12.496229508212
42.897237723201 12.551678108329
42.895515933605 12.496404287657
42.954845354427 12.576845357484
42.933309354344 12.562750443634
42.915630102605 12.599766231442
42.888608645151 12.522352645904
42.936752544708 12.507351184521
42.858091854445 12.575703438661
42.895988597973 12.511465236338
42.931467837177 12.582799476864
42.892078103003 12.551862018927
42.909091522896 12.53121398323
42.86570324698 12.574117629612
42.943702459796 12.512276200837
42.863509968346 12.502405586907
42.945858347691 12.542224987218
42.902110635278 12.499191733331
42.974465774381 12.564655687013
42.921576308537 12.598606647292
42.943290129764 12.540618906536
42.974958907822 12.573163226535
42.868812939112 12.514906319585
42.890110935986 12.544823510847
42.923532632165 12.594579857141
42.910820626633 12.52244943919
42.925321783857 12.524958675527
42.919851368277 12.528007403283
42.873870079368 12.561910228155
42.936512987121 12.596310283822
42.919723441808 12.589166093913
42.881196289289 12.590227997692
42.908242283833 12.546970955372
42.865661824081 12.518061904965
42.971564879649 12.526579270871
42.930973556813 12.55186413396
42.857515807684 12.528063730604
42.856726434574 12.581135974234
42.923357325126 12.494144326793
42.870523913724 12.535309765293
42.935569375279 12.586363502607
42.884878619076 12.566803391842
42.943071002601 12.540661012561
42.879462063277 12.514662116561
42.969118286396 12.564701441028
42.923023699302 12.531686227106
42.856136341533 12.572441071559
42.965368924202 12.584267043802
42.905154108978 12.508067745973
42.939836149097 12.589645019097
42.938780757591 12.568053064222
42.941502783907 12.506697668951
42.970371628187 12.530242676649
42.97014555522 12.547932726142
42.893206431967 12.546621533386
42.916036676597 12.510022763421
42.972983007328 12.557341343538
42.914317570142 12.534013661826
42.94984310027 12.565366378338
42.921035981721 12.550314053239
42.914392405171 12.490694538008
42.921163164529 12.555003027245
42.860997730357 12.554060087353
42.895412012907 12.521508621781
42.973536096522 12.549474297834
42.970246310819 12.585174401119
42.893561068428 12.524078613412
42.947995922525 12.558768079897
42.965373388496 12.531492115267
42.890535709418 12.56370604346
42.931147009123 12.567309838539
42.922782605499 12.563808410712
42.924196244669 12.487310395358
42.928672119963 12.499128528193
42.882318706218 12.58874577779
42.947271497917 12.580404522189
42.973944178326 12.540372822241
42.954124731943 12.592441610823
42.892894815159 12.58214463509
42.911227363141 12.526017909204
42.946442048527 12.503240986051
42.937816804267 12.523305740938
42.873512448239 12.503968696831
42.929498493194 12.514920538086
42.904747846513 12.599030946216
42.884621304427 12.586237754501
42.902012215903 12.536866944089
42.867446783889 12.551609588134
42.943301174784 12.595821938776
42.921033542587 12.545248347144
42.912653385176 12.596657590774
42.905978096161 12.523486201451
42.953354565426 12.571007356335
42.877080987171 12.580605907657
42.929679393757 12.583444892722
42.87625584934 12.595061953943
42.914811351318 12.573457894204
42.939551660784 12.496706476222
42.933407416092 12.546096526827
42.91408243075 12.592438858765
42.887536030697 12.557392954176
42.965126177301 12.575537135648
42.918307463156 12.511511740534
42.857605649113 12.547983905111
42.970323889523 12.521207537766
42.884322871421 12.523902946882
42.902355644362 12.497346841983
42.958820838949 12.596584162042
42.961437592286 12.54606986865
42.927722560695 12.489811911497
42.91277293207 12.55799653642
42.876528687739 12.500384262551
42.865008757873 12.557505500318
42.894212771645 12.495740913107
42.97644733918 12.554822596535
42.87935116511 12.501983987888
42.86309759594 12.500687013634
42.881591853186 12.579947386694
42.900888853681 12.560059094618
42.890819040563 12.528048122103
42.896996406346 12.590400812512
42.889690265495 12.546489648796
42.884697279395 12.538413256213
42.92645439644 12.503605061001
42.944902766491 12.579584637948
42.876482520682 12.551314140482
42.921593255348 12.543882753043
42.860528099772 12.570309385944
42.869578549599 12.502059766812
42.925812849761 12.561245570707
42.941525621333 12.498953763649
42.862442961385 12.559401075172
