47.909313313621 8.6840439474602
42.707263568767 12.537569556657
44.18499286975 10.587408138035
42.09726916493 12.425299991141
42.872507043144 12.558508513776
42.46779334895 12.566743888711
42.092340367445 13.538354809668
42.196753454507 13.771451466166
46.154970250165 2.0028406279175
43.010249522075 13.141797168733
42.544951372589 12.506571976259
42.622660868646 12.911533323562
42.925162419663 13.701329512404
45.727950988236 8.2464608245745
41.882719546057 13.255325504719
41.833875691462 12.422327938707
45.404851052796 8.1631433538245
42.454410239821 12.483206985764
41.933181851627 12.742078076018
42.068668006972 12.20943467424
53.146073263395 -114.02522666707
42.766592689236 13.051344865512
42.62669135708 13.687736657324
41.937956451896 13.52448169867
43.389193951355 13.159755978829
26.665443055159 -80.323123549071
42.489867284212 11.926276477506
51.984028825995 8.3539992721537
42.010531894889 13.193912908546
43.050693892918 12.800086824151
46.375699249085 11.667669825448
42.363126589641 12.997614961603
42.823750900509 13.089680423557
42.393758272491 11.909266606418
43.846212507433 9.8774518563517
42.429696123337 13.39109916726
51.408690056954 9.6018772309655
46.426163743716 12.736221792275
42.984540057848 13.832699514869
43.573990225149 13.614100157125
44.673518733782 12.327150561559
38.199562641128 -76.849849250988
41.855372698931 11.960005068688
51.172044764819 8.2187069529755
42.658450309866 12.216384753197
50.216265288282 8.157602109554
51.371499136729 8.8492096959842
41.922603939179 13.376976545165
50.142236587192 8.3839822953492
43.156000486669 12.509134466552
42.67406304121 13.417568771384
43.812031948407 13.663759313854
42.54690380422 13.548834534173
42.695598740476 13.40507482572
42.87879615972 12.878750757279
43.647110483931 12.745945946682
42.551851677055 12.937826236702
42.308446873144 13.530367121368
43.182607291838 13.07275977224
45.062458000175 1.1514573270229
42.204204199952 13.596783803609
43.546962755077 13.275593238101
41.8773799501 12.952937808353
42.434749528523 13.502701772166
41.907232689649 12.915452908241
25.558868816366 -79.683011821599
42.747492553104 13.761304388198
51.315864679551 8.9936139080644
42.982562681673 12.661329227829
43.248001663616 13.524068158385
43.469794173965 13.111032368688
42.555079110712 11.854641496623
41.863563478882 13.100556691245
42.684166030367 13.03986348402
43.121375892389 13.266739300132
43.238291038332 13.228963362181
42.136246370702 12.330922078516
42.893561068428 12.524078613412
42.855465280777 12.626631883286
42.013402543989 12.874404799621
42.867309010547 12.110836354157
41.845178376367 13.511453254873
43.756946689823 13.529002211324
51.936547448829 8.1916933149061
42.081759508758 13.230395012663
50.126729186218 9.5676047311014
34.556301699558 -111.65190604779
42.32266757375 13.585768071297
43.719884867205 12.709988844933
43.478404328406 11.019269253625
42.811793832507 12.815792305796
42.114725518115 12.137727501422
42.628002342616 13.722021438539
43.390795425715 12.638129332421
43.090194544352 12.450653096892
42.0739050401 12.446132869223
43.019326476876 12.457189891256
50.131962127579 8.8465490498797
43.706899530604 11.899515973844
45.150803907379 2.7129578663562
42.006480572769 13.418351100042
51.293443248278 8.3752460295219
43.47093867488 12.374482721751
42.064631637356 11.72799725799
43.053061507222 13.306539536152
43.473092696871 12.476348597799
42.732492667519 12.489787847518
45.981303597792 1.1308140601641
42.354391263984 12.378878815297
42.663523689708 12.309274954886
42.403354273387 13.014931190321
45.514628378008 8.6879470521062
43.566145868791 12.567964643991
42.88374124045 11.877418651675
43.485501333387 12.786698525693
43.387585082759 12.064096635258
