12.915621327218 43.201773508567
12.926926969072 43.24859970682
12.972689727795 43.217773944262
12.934325736006 43.206238915795
12.909017332808 43.184635479576
12.903445945097 43.191517222317
12.92746922745 43.216806245158
12.897128533545 43.21984222078
12.911997342462 43.188089385737
12.941744496108 43.247767092331
12.960368074479 43.216466463293
12.966138805734 43.19865602499
12.959595088849 43.198730233239
12.973819529647 43.21593427158
12.942109473044 43.245663046041
12.942588200321 43.193742890022
12.926413747469 43.187182046116
12.914802118652 43.235089553185
12.95753303962 43.223941546524
12.942809765222 43.201288202427
12.953420398756 43.198181293087
12.950674103571 43.206715392997
12.902309174625 43.238066376784
12.952519631943 43.205813554698
12.906299675327 43.226407907564
12.937956992995 43.18636286642
12.970853595536 43.201759783666
12.939562690279 43.198174177857
12.968588410417 43.221335410265
12.927901996753 43.194993512817
12.919371046575 43.237633287573
12.900748544347 43.234832773115
12.916337477957 43.181479780109
12.906241499331 43.243423943542
12.913489808309 43.191233671846
12.930754953053 43.213733657384
12.900885206622 43.222715251272
12.968641505117 43.201771420076
12.916987065674 43.213769242754
12.905229967996 43.201929635483
12.897970585592 43.215576070017
12.91408402564 43.220868296579
12.926053321907 43.233723748605
12.945612803097 43.178318473149
12.914322956912 43.191300651169
12.917597034463 43.226742128037
12.93122366349 43.229554608126
12.92186834615 43.238774152139
12.905325374077 43.208530854552
12.976437117914 43.211043467864
12.937396442509 43.233544090427
12.918675797043 43.252461924822
12.91907989884 43.220856330947
12.944780755783 43.249368237934
12.906296201493 43.209270101625
12.952822982798 43.247404632295
12.9337684838 43.221166397103
12.940255154383 43.224378508641
12.901346506899 43.22650492407
12.920520779195 43.243771528028
12.952464163302 43.2179554893
12.919856667968 43.199617316129
12.90492689095 43.194933334012
12.912648030071 43.230094598734
12.914749652129 43.197967068871
12.934251147778 43.197246644759
12.927778947154 43.185527855172
12.914270476885 43.227301893883
12.922772024278 43.190812877489
12.959888018204 43.188907893018
12.915816781559 43.250478197027
12.961033822971 43.222585356919
12.935978791202 43.186353063784
12.952406137715 43.179145186313
12.96191968676 43.189151709077
12.946935404088 43.189028023851
12.938414266791 43.199381603508
12.971025902785 43.210265268691
12.912546829766 43.219304945443
12.941866285162 43.186402717713
12.905936252303 43.193550674822
12.912525041475 43.235139001757
12.965443952272 43.201809969822
12.935378288375 43.226513867393
12.953650465235 43.205040938337
12.936519617672 43.218541002489
12.942646923935 43.245916406294
12.936568534459 43.235738353469
12.955208584666 43.183555098357
12.956995003858 43.183805467202
12.94543882133 43.237155139578
12.92187662002 43.2297265028
12.967157829559 43.220813509666
12.909321881809 43.221145535012
12.918058880588 43.20521342766
12.951025210319 43.241278010554
12.949550793969 43.226106713187
12.896664404283 43.225013459693
12.903492252784 43.19879190216
12.919727271872 43.245437026159
12.951990948989 43.245330670052
12.956815705636 43.237593563871
12.939430294551 43.203541146707
