42.918959437853 12.796643552762
51.738464155811 0.66031562841978
45.964818600549 1.4298573385132
43.57297072309 13.516099882108
43.825241618264 12.220800010611
46.039800008475 6.8125911784673
42.08788359637 13.057240315295
43.361385830402 12.397216729094
43.073537707384 12.620803774179
42.600882353096 13.514427794404
42.508178791289 12.447445954426
43.628618498181 12.025355011258
42.013934748275 13.336335974923
43.197124998198 13.791703355888
42.50424580255 13.192407083808
42.417213503021 13.672991637475
43.070747298242 13.528714218444
50.359761129301 8.579801434921
43.181357668353 13.367539331043
42.160825088716 12.844479004335
50.30105716656 9.9126973319392
45.097155458805 2.5824167377234
45.259110459247 1.4943542878583
43.808726628778 8.295415210908
46.778226981302 1.6782281136505
43.164142021378 10.735156043405
43.412086370614 12.990289836207
42.096156605119 12.850882814217
42.413940309295 12.885762411603
30.068473045755 -98.811920833248
43.610764221128 12.381573442103
43.502897639083 13.663010135157
51.973146052553 8.4917466139848
42.164453232758 12.952696101739
42.995784927644 13.228355830197
43.511262401538 -85.615365800498
42.291845723212 13.491047121834
41.71753354476 -82.26340966565
42.707788190689 13.420765953821
42.737957742896 12.017482149444
44.847943398125 9.0149460455472
43.231213356963 13.421728809116
46.550935421396 2.3416282368552
46.151158296853 12.591357777518
46.034607786701 2.1658009938736
37.33906429962 -85.628669102921
42.276682277826 13.502337868115
43.314943466969 13.094550489979
44.515742514243 10.947442308558
26.43225069735 -79.313044480004
42.018673119631 13.707751076088
51.796366422808 8.4220798418029
43.033756922734 -82.370135349601
45.164568947705 2.5194260317457
43.743574965647 12.253752379352
43.612898451583 12.102510979002
43.257087536297 13.671861828173
43.038854256311 12.098724574849
43.77770454242 13.110190566236
43.805617107475 12.792458518798
39.718735385074 -74.500000854302
42.571960745667 11.892018287413
42.229726345406 13.20449577237
45.5852188643 1.4126183881483
41.409757726237 -74.219424376032
43.016658140375 13.191952044255
43.133983074771 12.417328873399
43.82620830176 12.059495450512
43.051584638235 12.29512149903
42.180390544341 12.895112812491
59.380185856244 17.199469330744
51.094160548921 9.5023847257264
42.461717648668 13.04990706411
43.749575211571 13.374321219241
46.579266053617 10.792268568253
42.769691424824 12.721849223956
43.718153775559 13.41302902785
42.729639629729 11.929427313141
25.076565435175 -79.987605302864
42.681438777003 13.612890786332
43.079423963616 13.740572470606
45.183051407888 2.9770112237786
39.626841232181 -76.725022001954
42.491826883302 13.499494933311
42.712742118518 12.24270156924
43.64587361258 13.377761912729
53.063011004386 5.0963219634007
42.801977833662 12.097684168789
43.348480112568 12.255727139442
42.534194784509 13.05640654224
42.06014362681 12.800432881734
42.286308840072 12.934899828853
42.128394526976 12.819361723431
45.082036920421 9.014889103088
43.674672989044 12.251156080652
42.890093761932 12.876611981039
51.222796949196 9.7005936301782
43.812337020811 12.599392148501
44.588557853195 10.582203952215
43.827211775758 12.492163063277
43.668123300054 13.386984436043
33.090440139722 -84.230641732007
46.093228262893 7.774414725031
43.623716881344 12.461715895453
50.008087203376 9.2126406562573
50.505202684787 9.8193997153171
