42.375501690163 13.396391384044
43.057836605284 13.320475286509
45.28523974027 11.282535611967
42.138752362776 12.066224214673
43.018332629494 12.922772005185
40.518493636478 -111.87552170762
35.317065156249 -107.25191712078
43.592195945157 12.90671042211
42.540087527868 12.757896324994
51.000090350397 8.2491177340267
40.543739954288 13.596131188539
46.780956766254 13.81908321677
50.977611633607 0.31434326748301
42.699367102117 13.512215193621
41.854987849435 13.163908156198
42.38293354792 12.140651403547
32.213564535398 -96.104180244935
46.745155297567 2.2238348909765
43.012432391316 13.674368973691
43.494607002726 12.572917525479
42.861015373797 12.718805130927
41.992214122805 12.242115936376
46.619249959611 12.470765983628
42.722571411528 12.2331234055
50.473487104414 7.7739803933185
46.181249297578 11.741470338682
43.605283690454 13.018143784284
43.07105716463 13.113691689986
42.227285455108 13.29932655317
43.655744722439 13.593096793461
50.795004664683 7.2125555460377
44.156150986841 8.5813308848214
42.374671290824 12.010284340035
51.9497655574 8.6818559089125
42.788139500578 13.152612459472
42.876170787924 12.339746489834
43.530480435852 12.618143872201
43.524476841823 13.330285779841
41.960131481292 13.574218804771
42.005828651623 13.00637365135
42.755208286364 13.087529339889
42.391322428098 12.157908144967
51.008921479345 8.9006300884768
43.593152599241 13.007133954695
51.210488556982 8.4547894981014
43.222819207361 12.743738560373
37.082691426427 -96.270252212542
43.130961811252 13.084490415701
43.318033314945 13.670920078976
42.559062253965 13.42969571728
39.901515027614 -75.065382744347
44.967871140206 10.028865849987
50.982342353315 -0.77402820339614
43.578396742988 12.828635171463
41.983688552877 12.91253456192
43.382891913144 13.347013523053
46.067557289276 9.0651229452435
43.177669932238 13.190394383034
43.687387466772 11.989169246533
42.632891850396 13.794303429238
42.659318290513 13.54202847117
42.317235848104 13.640151135943
49.239070196398 15.00603245688
42.197471195479 11.954911757261
43.604160128929 11.96982169152
43.619460213308 12.841243904031
42.846360493866 12.5763043522
43.317484544759 13.676038061139
42.188849914928 13.082100322995
45.518347352519 2.5287437325012
40.772635208828 12.158301016322
43.613559525767 12.007724685619
43.090023661095 12.741230206465
43.414420821918 11.96294199536
43.47027225537 13.27506088946
51.32718810757 0.214253370233
41.953602897003 12.619555936504
28.819232953925 -95.540643541138
41.4099784129 -73.699329778543
41.877387300563 13.628951968473
42.870641294828 13.387698635195
46.725879568479 2.8501089787344
42.978924887732 13.255904178741
43.581836607599 13.450481169157
42.677447915414 12.43260795459
42.620767688689 12.275112099629
43.042544902809 12.85619626795
54.144089812203 -112.89463952552
43.828576321189 12.181593405654
39.584231251383 -112.21228948511
43.222701785745 12.443934529316
42.463929552822 12.79343104355
40.186804488373 -73.586517724063
43.726737236032 12.11923630357
50.481879411955 8.8800491745956
52.289347523725 0.18183406957977
45.282123153255 9.9439665080718
43.115836376399 13.108232431651
45.651531256364 10.027434995574
39.947137240084 15.945099701379
43.577318524766 12.877182005403
42.147262997084 13.055342190946
40.447392799838 -73.2540844231
42.029621327796 12.786586143464
43.677807137241 13.707750720323
42.208715171671 11.929552625853
42.42953141242 12.518305560836
50.800010670815 9.5589695840883
43.673280900679 12.907781169728
42.812566239786 12.912405403777
42.083106731124 13.257082068968
42.52472224765 12.402326169166
33.946557897624 -83.715780911276
43.122921098568 13.766823709389
51.474612774083 9.5376040993899
50.63430781366 9.3936371455871
25.418325228794 -79.788465966182
46.682035863251 8.7011189640971
50.036099931708 8.1980020656241
43.561495509747 11.896901543691
42.078947697358 13.355757868104
51.154989826099 9.7199163784831
41.87920560172 12.109731399061
42.490048925642 13.532226941351
45.300865675928 2.2765509291908
41.905466195173 12.784145804043
42.941572957666 13.509962141772
25.84047014164 -79.158588258433
43.080250694009 13.614263966521
38.429296098092 -77.665478353192
43.167609458888 13.475822143034
51.842608181221 9.7997720156795
42.663009498132 11.915927084145
42.694464402618 11.892666489323
45.182494390396 11.206726690988
43.230085552798 12.007024439076
43.742080721439 13.408297599504
42.429596903489 12.12436780388
50.339396341513 15.82846917367
45.019138948535 2.7469365325509
43.034759958778 12.852507288986
43.513345569167 12.351628586369
42.048071679237 12.403895115689
43.117217348964 11.989245584251
39.91486100214 -76.488885292505
43.500135284171 13.771512600974
43.470290162841 11.974358276939
51.895388170097 9.2997305175754
42.778555144939 12.268591221568
46.144817232222 1.2686716086551
43.398168897928 12.2386395113
42.200023795127 12.175891354783
33.93998873693 -118.70751064455
42.628965427016 13.216281436971
43.809589744944 13.632365969325
50.556602505295 8.2771969257282
35.37856699633 -82.552259599929
43.20949415921 13.628439167362
41.940750229166 13.594578051772
41.994297961723 13.507165513259
42.183077999031 12.204375257832
43.272678251061 11.959785510788
51.030985187754 8.3740006998992
52.059456316083 -0.32028577776173
43.086758819004 12.823770632906
52.811059197556 6.0333117881246
43.183970840289 13.760925015344
43.568521050556 12.507343169093
42.190107556635 12.238894155381
42.250249454889 13.743074904563
45.444625988578 12.610153530301
42.165059749601 12.709893550144
42.605106778746 11.839361373281
42.95579567086 12.705718453392
43.409952322233 13.142502537085
42.832096718195 12.505679990421
37.371552655375 -122.19248547088
43.489028322759 13.081041613187
43.445880575334 12.283214655392
43.345440406068 12.106145048584
42.909275443738 12.445644441289
26.448254089994 -80.308178629679
47.826710038272 8.9117006007171
43.620887240705 13.760688823557
41.968096951495 13.395435847547
42.985374729163 11.846307783803
42.063063290486 13.142154635949
40.980353863587 -74.243109499815
42.900888853681 12.560059094618
42.085964453933 12.371564973805
43.798729864808 13.286897109976
42.423092501922 12.994643603936
42.997734452618 13.780675730121
42.595180611424 12.253645385289
43.018087576639 13.55637502838
41.983271574615 12.951078512704
43.172652978551 12.718084953149
43.553215335402 13.459857008189
43.699704105572 9.6271917053415
43.82482338225 13.123690263912
42.303024872368 13.54958260413
43.480107235967 12.868027106353
51.489096083673 0.34948019415116
43.114243279751 11.930735773396
42.514249819591 12.98773153314
46.624116432678 8.2742877687673
