43.087581216885 12.77766002101
43.681020318869 12.678525456099
45.530951120302 9.3441602670793
43.106335519418 13.166703640116
42.801693922303 12.165942221047
52.725054526108 -8.1991004982028
53.805851315523 -7.9905419624367
43.674896386787 11.91805891365
46.761859884375 2.5418573448164
43.181949084265 11.942002711812
43.541321717941 12.760395662769
41.842864138953 12.365624083397
46.672307916394 8.8297849829913
51.193070652053 9.5133366084254
42.152780199516 12.924567566705
44.656630541785 9.5997637941711
42.424704526304 12.660799256389
42.329092647589 12.413344207433
42.75901754657 12.304325118358
42.426724668812 13.747908932526
41.880355989526 12.191534014529
51.562458649307 0.38513399859664
42.150956506539 14.605975359423
42.943767541549 12.527929735637
43.296485633748 12.607000578499
42.307503948618 12.29595495916
42.989470442307 13.410536307588
42.865461581345 12.134643653026
41.023013047512 14.307053462207
42.187425131087 12.414118031254
42.401378521904 12.907017101511
43.512639338876 13.737793301131
43.012725123697 12.340168282569
42.162193439997 13.475566852615
51.261109104734 -0.0060253637451751
50.599565859232 9.6215713129479
43.678711756935 12.285486228918
43.225317410319 12.241018694959
46.119584803525 1.8476129112987
42.018680567417 12.892367514287
44.143409025273 10.397696274073
43.424157138667 12.464989764388
43.347115841411 13.57606041926
42.866239159327 12.60064182088
42.754622522648 12.827685184718
42.488299228965 12.130003459367
43.269308686868 13.222636334257
42.705307878903 13.110127570646
42.487547010431 13.654193884087
43.143464792608 12.81043055414
43.318788094616 12.420247790155
43.504071809607 13.774266586555
40.160274199902 -74.362938737331
42.933947299597 12.818363433175
43.122404005456 13.761517918579
42.156537845359 12.979288685147
40.968820834753 14.79163405923
43.722974700745 12.211290688373
43.015362098841 13.536933915961
43.607300390793 12.948705641084
43.57988415967 12.431134905422
42.603331850212 12.459941236537
42.913379936925 12.710404910499
42.840972406737 12.829947156308
42.476480701715 12.702377814682
43.730638230581 12.712793217859
43.124716540412 13.648887128892
41.961621793456 12.391848135477
42.391490929032 12.501161114101
50.758903767336 9.3548243489837
40.200963785485 -75.019241148196
43.127566649193 12.836560242754
43.21200208797 13.429402190947
42.228116966446 12.927164191367
50.727186988446 8.6309803852956
42.8435322707 13.047127474608
42.700362409346 12.811988738765
44.983846837277 8.9206337153076
45.970714100253 8.9183803179387
42.680552578869 12.015245106565
41.936944489359 12.894154147682
42.776991704396 13.654801297793
46.184953224931 2.2658378324778
42.040344574528 12.57733361126
43.632772947512 13.750396518407
39.08566058933 8.8545422485647
43.606605667459 13.801810334365
43.692213495605 12.292730913655
50.799994955678 9.6962438396626
42.754993481003 13.285359689188
43.685677769934 13.637524864023
42.607123117732 12.970000369016
43.609391056772 13.34153615841
43.231023897545 11.840892907645
43.355752322078 13.602953068748
42.603316976525 13.655149844336
42.081631340218 13.479128334357
41.558629688229 14.114515230972
41.852092265569 12.937357967246
42.449467962372 13.236338983421
42.419121924073 12.705368865165
43.295190664632 13.336107386919
43.022858614134 12.105801829673
42.684360673991 12.63295363061
43.412874899087 11.89968235695
53.191268444616 -7.4812507431401
38.324046262142 -122.26280960515
43.019329689939 13.820148296591
43.138202962085 12.969177050988
43.644611073979 12.194612679183
43.814126281468 12.749928541386
41.98678741233 11.849711173631
43.475586555209 13.445407891874
42.796332352255 12.331645229541
43.602838365197 12.509181272031
43.221923767713 12.281146156754
25.047590763313 -80.960396469828
42.521565073434 12.829471264907
43.474025097452 12.390082713885
42.444054583781 11.964730792683
43.778300498996 13.092220707395
43.209866225838 13.241930074192
41.883385131102 12.712614531516
42.072590434979 12.037190413606
42.18550578143 12.642007596645
42.870338704398 12.585939099375
42.67787815571 12.999241777251
43.681694692805 12.732972005745
42.674306566696 12.171483095836
42.391869364975 12.288518243159
42.265174759231 11.983808273929
42.90277898542 13.540134297025
42.987506668564 12.73316298508
43.056931217249 13.609761799525
41.922352428067 12.625642720457
42.649908917348 13.569698656264
42.041823585558 13.080379894993
43.021370973469 12.893621807424
47.452545910353 7.2890777472821
33.369582313577 -84.285373123259
43.523540694066 13.759438707868
42.29191774425 13.33058174717
42.698806199126 13.724167281654
42.143438900909 13.57452689047
30.153879393355 -97.217364697207
45.173716521194 -87.60214315667
42.274777772985 12.685299913273
41.081023252759 -75.335083214388
44.931630828481 7.9930639208728
43.062401749709 13.628795351216
43.107274741005 12.64810975487
43.313510813452 12.935549224718
42.31018430989 13.652883755368
42.867021750152 12.062350627551
47.023266187104 13.022093604017
45.043903246824 9.8130617113124
44.133624547901 11.499212456054
43.420599767224 11.849117304149
43.089256530225 12.224955046675
43.738141744762 12.675973171704
41.836012004819 12.06991676619
42.429465031007 13.254607611941
42.244660053537 12.384850025843
42.255958367745 13.162610679496
42.123097958587 12.344911636501
42.546252640705 13.124875776549
45.666992798409 12.588223432721
36.682341822192 -122.31128291304
45.944370524621 12.4259948883
45.912450761494 1.0531175309108
46.229701313763 2.8007702374834
42.60837534147 13.757770936379
43.309217399617 11.87309114119
43.46517794929 12.896579727503
43.073673345204 12.293873432716
42.692444337875 12.601585298146
43.539883334462 12.49188002969
43.233419249895 12.089440223358
43.461363906742 12.388358961061
42.068778399431 13.319881377912
42.281002710725 13.143216071272
43.235077477191 13.745342201921
40.134081757881 -110.75022464174
42.101992144784 13.331226606097
33.967938394925 -117.03627464587
42.452189557952 12.847437620579
43.454270096728 13.528176359168
43.413470749957 12.88986987571
42.923721275743 13.213837032793
43.613676722003 13.694781822031
43.413330288817 12.572070052669
42.414718073541 13.736645322191
46.88570387342 11.209696318188
47.682498206025 13.136090645884
42.528954750194 13.05414931993
42.67259117389 12.161352639183
43.080254284258 11.895989449667
43.306956918143 13.726249444192
43.055382312788 12.230036042759
42.298864603203 13.618010347087
43.519441714773 13.563148580309
50.891826726912 8.7491834539683
40.846111463762 -74.626842807851
43.25238562296 13.531324022252
43.327002830045 11.984236313044
43.634387191701 11.886724542795
43.472784026767 13.525851670453
42.899258611698 12.570249691892
43.32781406067 -83.955007943511
45.920851139778 9.3576054317702
42.348478074834 12.801511946063
43.393946150988 12.934497577129
43.785680999901 12.743515238533
42.823598778745 11.943826755038
43.182789450617 13.41933898044
46.931432251575 13.031799516444
43.709476585386 12.70851646166
47.743799448977 -121.40979308506
42.545776341851 13.762251285281
43.451844310154 12.805095998035
43.311187044418 13.699041060519
42.193801606185 12.805370748439
42.544248762815 12.635696676877
43.735762721291 13.743253172277
41.916097561811 12.722376955565
42.236634912566 12.975781172989
43.651277764559 12.113042132071
51.587372722843 9.1409888738492
41.997444554252 12.667591625691
42.368310609094 11.854654286476
42.110305260939 11.891423665889
41.124935225627 -73.396239045307
42.539772508007 12.444217473031
42.560437066763 12.842435290985
43.536212072047 12.256693836908
43.062361270705 13.31194764206
41.959001747893 13.2974283301
-37.617375597645 144.72136237662
42.556251517311 12.965843538293
41.850609037045 13.283991673649
52.383478677777 5.2413422579371
43.479269224929 13.491417842236
42.10977625109 12.964018496689
41.932175776911 12.536198909199
43.310046130025 13.622000429624
42.6967877479 13.236812556759
43.778541987214 13.536849448263
34.333416062602 -84.547235938417
43.313788053118 11.020637780533
43.561491379797 13.161055414568
50.658869843305 9.9536897032306
46.305500290594 9.3968831547056
45.907217351306 9.0509368174481
45.224782909932 8.8042011150644
46.640598730112 8.4607746084038
50.224840226222 9.1126618180949
45.797561787536 8.2687182504538
43.625516617983 12.406632431527
46.531776725658 8.7342350749458
43.829178462212 12.246198935104
43.430938226393 13.645442761802
43.696971388879 12.205453688861
41.672684135787 13.878373984584
43.765087023755 12.283224674095
39.275116503828 -83.975595043672
42.257144653379 11.833879892658
39.419237076226 -111.30327563966
42.292034037568 12.320153550881
41.844835475502 13.518659390772
42.252621646643 12.380008903064
43.309680846219 12.987931616154
42.556912752149 13.490520335518
41.910089147722 13.210038462307
41.885280472194 13.007156119241
43.405952894805 12.883788384464
43.806390750618 12.913833503592
42.353233186714 13.453019408275
42.67056556545 11.912903603612
42.543692486169 12.2516697912
42.802111799758 12.203955076285
52.092483035565 0.86939966900247
42.209862824648 12.489925476506
42.438698524834 11.88015647555
43.235009289477 13.403948821802
43.029262223316 13.65896598981
42.517829375604 13.011839064796
42.073900678716 12.463209120328
43.513362688272 13.038676920852
42.591413402295 11.916811407526
42.337121139924 12.881763327367
43.065643155533 12.120603679757
51.199196166452 8.2817258235448
43.048720140054 13.534613975128
42.963403016333 13.767550603399
43.599578932228 12.648774627454
42.273226366527 12.759566377757
42.367333721096 12.174260357031
43.768325010228 12.248002040336
43.728461233794 12.422318749347
42.72088416003 13.220456195188
42.195804701765 12.727914214494
42.83511734888 12.755993385241
42.579888792534 11.904919330939
42.173430656185 13.034996458367
43.132811652114 12.324097491973
43.079734358995 13.752477272785
45.969004101731 12.250107458398
43.023275722316 13.298385013055
46.464472451717 13.372488741725
42.872610765471 12.568501928641
29.630675480072 -98.434107169273
42.767944530031 12.180350882106
43.494680118533 13.499487773769
51.276119341737 8.1892053434575
42.34508528532 12.738612362549
42.32181747042 13.735659837155
43.940781415389 10.233339771295
41.966438442008 12.391082112415
43.840189789163 10.490395208139
42.189279507023 12.947951150124
42.654022469045 13.029866376461
43.744154693926 13.302960972464
44.585347020086 -80.158605385043
52.941644096021 6.7430177368191
43.011425595757 12.847993761251
61.529276943546 15.581776476736
42.704934112146 12.698517011825
43.664850819721 11.976494902755
43.022066077249 12.15970997289
42.012721309931 12.031946824899
42.159826106953 13.466769174445
42.362045414004 12.311709718014
42.611824951441 13.322424335576
42.769099827769 12.196591679119
50.51886971645 9.6472139491919
51.45426922918 9.625744694204
42.439711113686 12.168153977121
43.26743937438 13.712013035434
42.349567457286 13.285834498392
42.946047534231 13.639252877647
53.29566542655 5.2645192251143
43.603860387415 13.137928433802
42.142733811954 11.914013735931
51.154816473208 0.55132014837178
42.273265976607 13.039698588236
42.353544529713 13.761715734753
50.416880283699 8.9410231569507
43.019866119635 12.93210673238
42.451313528929 12.302915742783
46.234835658332 1.9386484748398
-37.012392769108 144.58951909372
42.171064243287 13.107529409301
43.603450222709 11.906299406174
43.353249230142 12.581604511769
42.129346837837 13.599764755296
42.644502623793 11.978817718115
51.002460363089 -0.95371354234577
42.108161200375 11.849653500549
41.972876337365 13.181546874916
42.51531569127 13.619863537916
42.656207763916 13.31695613375
41.860707013358 12.910575747469
33.743551438595 -84.004414140622
41.858156343877 12.907423491568
42.043375345454 12.349134841186
61.067981012663 15.520785386451
47.845765009239 13.42181378974
42.3655635614 11.873328594453
43.844597909711 11.6911603759
42.45196429896 12.729526004183
41.908019712711 14.188418964871
42.925936163855 12.381878438139
42.954772086814 13.802630408596
41.318538726898 -87.196701054809
43.247562211143 12.589344946032
42.206929642359 13.57421459007
43.605171243963 11.99892366307
42.760524897746 12.963601994798
42.156432157942 12.607838765556
44.945983408741 10.20902032417
42.307663578704 11.844343800978
43.554236007668 12.554281113017
42.257091798495 12.637236702574
43.593571404758 12.466641420737
42.357938095649 13.129890477366
42.344629372186 13.104073814652
42.1169252266 12.339794139557
43.710475413946 12.362158590652
42.926220422597 13.343653464405
43.750653864255 13.05986037995
42.832976359352 13.3060507464
42.029161487741 13.314267445057
42.964300065306 12.899554022562
42.74034605305 13.143635255373
43.368123862153 13.466248503659
43.008445290408 12.314155241176
45.932515023806 9.2875012242177
42.007364678221 12.155893091672
42.375669685854 13.771638550245
42.113057456984 12.154535068758
41.868152726867 12.533353240033
43.541752236703 13.800551915004
43.274897873551 13.122391069852
33.974701089564 -95.978652546857
43.731240691513 13.255661707046
45.882545801013 12.070178753983
41.862253818152 12.841264642722
45.601635706987 7.8800167806353
42.567448817479 13.812934988112
46.581346038534 2.9900556588499
43.619460213308 12.841243904031
43.561084538515 13.568621552369
43.433920617904 12.236317354385
42.364656806649 13.567393092724
42.67696650453 12.89320578982
46.437231382813 12.572183068896
43.46493068594 13.120302435088
42.518297547271 13.103480018745
34.336142365225 -117.71015196495
43.67561787447 12.505252290308
42.354090165998 12.650452079575
50.648900753422 0.47079668164291
50.507344102723 9.2545772624456
42.234234638642 12.7164832576
51.396833648159 8.4248138602939
51.034841599425 9.4730677709324
45.612004679447 1.2159684110507
42.683714336589 13.352051295991
42.329265485226 12.768018153875
42.093883045548 12.50967777034
42.444980175928 13.829603764636
50.608656932418 8.5402403397207
51.543692524332 8.809763935306
43.517703115737 13.367346008966
43.015704285847 12.896710828385
43.628359255695 12.611232286625
42.202769907307 13.768799332815
43.809600588798 13.752838459237
42.595124956519 13.546317909654
43.00215678804 12.586471951395
42.042788518168 13.501158753199
42.32338614779 13.204901859746
41.949973910113 12.644376494777
43.633072814754 11.84215080826
41.913727650865 12.537979473166
44.145582512324 8.1771587917032
45.1634437559 2.354587796775
41.876065481883 13.689770549878
41.995358558391 12.467238396179
40.171048694056 -74.281884725003
43.196290820949 12.300896125541
43.635991648622 12.518476797065
42.193136659096 12.955799531658
38.366490289207 -89.447711830136
43.086741991403 13.461779237495
42.936090539201 12.988886235763
42.009340972665 13.245560022206
42.835906017051 13.148570864552
42.587977194056 13.527592432952
45.878423156256 7.5323498449439
46.411061887916 8.8852273204295
43.093228395161 12.687921088065
42.703104491228 13.592258327937
43.607731478593 12.084369670194
42.662236651735 13.729209425288
42.419049098373 13.41899442089
29.620153536128 -95.701652578232
50.211375104828 9.6314464954806
46.749371380058 8.9171259903429
46.903174686762 7.7248178511974
45.413317902767 8.7579771342026
42.311253077982 12.546626490351
51.928337907851 9.6763219450025
42.014567940058 13.329690329905
42.342834237678 12.495402940335
42.744941406904 12.788981791299
42.945215623821 12.127393922849
51.487249231891 0.26643019549383
44.437416181496 11.159613928927
42.14410986993 13.433280342947
41.435241588806 -79.078101565875
43.132936188568 11.858036483593
42.195584033728 12.469331142732
42.829651388281 12.329577052675
43.034460103176 12.599700680768
42.224499286278 13.033309728875
42.23622190686 12.801145525578
43.415420344314 12.625279791034
45.087307827916 9.121947546849
42.722188754365 13.610883241359
42.11215077767 12.689535060774
46.673806919564 1.6181222654963
42.315693138801 12.831984478457
42.113459228146 13.103068371838
43.393943005446 13.396738670041
39.948224405886 -74.807450790466
51.814993849404 8.4562248203234
43.679121432232 13.51252627259
43.310529835222 13.367896355415
50.389591238643 8.14385815344
43.119658002707 12.950988819821
41.907529689887 14.959113371002
50.798777877492 -0.78968206089906
42.420003477235 13.012203755815
41.862369227646 13.515851240401
46.412562480854 7.5073287927114
42.866970700171 12.418526974723
41.453425522325 -75.159079028033
42.820430974413 12.62634411858
42.697160653184 11.942834795913
42.582903366363 13.268764422887
43.118930177839 13.44042335613
42.63688519396 12.589808632915
43.379892182269 12.045505659697
43.271200979741 13.123104498334
42.004991680873 12.139035796367
43.626404472474 12.488255899182
41.916769978107 12.983530947952
43.263517230893 12.412754148458
42.980780170777 13.796046300252
46.330930385057 8.6622866211283
51.712597181421 8.7413903454977
52.04933995686 -0.22960732380841
42.238294998781 13.70874848019
42.404830387537 13.302624735212
43.424984417146 7.9876229111956
43.116915926413 13.267089344241
42.80532957234 12.31533220334
42.105012531928 11.946036819364
42.253334009228 12.178319072921
42.232463846112 13.010902591541
42.564594718912 13.016376912622
43.31248316558 12.847020961294
42.257703377075 12.448983470674
42.51704091698 12.608801349836
45.348832636864 7.6991285016756
42.160306477084 11.872088069989
43.524010117896 12.293689929107
42.971809349962 12.952644738833
42.147085615523 12.710847161597
42.693534468645 13.10453560024
43.54880722407 12.552918689138
51.600615078863 9.9549926826521
42.007976036078 12.618728279911
43.271622868868 12.30743779305
41.985469035819 13.550377453489
52.63309001696 6.430117528271
50.65921413999 -0.29196360819133
52.05278485201 -0.84484897505252
42.830605195777 12.339501666084
42.356156887673 12.370216275293
43.352238926756 12.28213780668
42.03576171076 11.993099122792
42.722210989691 13.681499405171
41.853865338573 -74.963212229891
43.059378569063 12.9229408549
41.930194153439 13.713995487317
41.995847478528 12.304823737289
42.825840379051 12.548390328695
43.177736350439 11.978407180879
51.475496164279 9.4032057032004
43.412815745202 12.407985759644
45.970408797346 9.4037266494258
43.188982003477 13.330408791255
42.774914726065 12.040712865109
42.550900465155 13.756119740103
43.252405635015 8.8748043286241
52.50360795716 6.3471291081967
43.052009544846 12.972403377303
46.008727330525 11.604158665452
42.002513213105 12.339315226481
42.326662212318 12.604932817002
41.952466849237 12.243939189841
43.433920485656 13.073550812955
42.621294272908 13.382984175546
33.373525396203 -85.239625816718
42.91551008679 12.096979945964
42.22584878759 12.352538387476
42.566028308874 12.331716308546
41.963574646976 13.490322317246
43.567031949578 12.989576851034
43.242042690649 13.151371053046
51.429871959346 8.2455397212159
51.95642090773 9.059959987672
43.443451732159 13.302671615662
42.891606640973 11.906232084591
52.481002948238 -0.056722693688568
42.745942550148 12.434455539789
43.394882727619 13.651647528958
42.256747953734 13.663665999523
52.04255960255 5.5777911231051
52.880892766817 5.898918944946
43.219063350588 13.345764604113
43.737608117416 13.473077438082
43.657287305082 13.00928280412
44.756115230015 9.5628851778865
33.983505645799 -84.433035349116
43.081441878866 12.853223592927
43.706300372142 13.331222612586
42.196296944861 13.447444254762
43.065991972625 11.925799184931
43.143401033333 12.227458692748
42.900352873814 13.060085815892
43.647110483931 12.745945946682
43.000610435403 11.932590769128
43.79151708206 11.982335843624
42.148634984248 13.639380217383
42.12726467623 13.717970413977
46.464191068741 9.4679097723998
42.479441031127 13.176708948436
43.292256579426 12.779803889256
43.349089791511 10.611121141657
42.657094643778 11.959429814948
36.889205019707 -121.3155538215
51.85968179482 8.9473956222401
50.293781625244 8.7423482955165
43.731592138194 13.244355846331
50.4546881418 9.9277394082992
43.429895473865 12.800919501505
45.002020434012 2.399452811293
43.193187750056 13.642302172113
50.658033419707 8.0820208127061
42.325638018255 13.534420788558
45.375215783753 8.264066892636
41.884461977952 13.371988726974
42.547814862613 12.564125172146
42.006951615239 13.579528151371
41.873793633617 12.072161460816
42.013280356796 13.732324625727
41.890469209261 12.454444807255
43.094955920307 12.592258349358
43.73177363294 12.648550837624
42.493441542396 12.396753241048
42.599168842958 11.949319211764
43.274002782683 12.559813207297
46.133031241192 8.0195019021721
45.098321108915 6.9772619465027
43.48146586005 12.122517264526
43.021174324242 13.354151160177
50.837205775938 9.9777806145036
43.382565316943 13.003921431978
42.350640744621 13.178690323245
42.272567776645 12.418879828166
42.603926597465 11.838335569894
42.692873723683 13.202105676405
43.108348551278 12.842570505053
43.056403494487 12.991366064659
41.042310304696 -88.920611445706
42.894557166817 12.383772625788
43.310354396401 12.423462158753
51.876970498998 5.3201623268287
52.444580283456 5.5196735853188
52.838346894988 6.1601179053123
45.651083762129 2.1726573278069
43.127212241372 13.399071301075
42.981451977988 13.705311505473
42.693833511667 12.814232059689
43.020587304172 13.713813274521
42.365210586884 12.309151557439
30.31424564418 -98.047787910377
43.726668438768 12.643594363094
46.021810824062 1.0422885799977
43.66858170401 13.158699391039
42.841488467942 12.312379890754
39.649628781742 -110.68643587613
42.654192641703 12.20064602664
42.422448876066 12.29809182712
26.793713352996 -79.655367915633
43.578852900129 12.939851992757
50.330309611899 8.8682608734203
43.015003518229 12.277274576632
42.333306294111 12.263813437107
42.532649673791 13.591244382149
50.271314382679 8.8046564375072
42.794681000914 13.216157473745
51.917228053751 8.126888988133
43.396193017923 13.231445049996
42.697616041518 11.875833735764
43.774915996855 12.65926329219
43.207110484248 13.450099749256
41.301594908641 -74.052283743552
43.549485909098 12.836077390649
42.196118523479 12.59486417409
51.830960651315 9.8894815756425
42.227941986301 12.179398615483
41.834001416284 13.093775711553
42.354013653192 12.99011772407
43.765923473896 12.845318734129
43.508905293678 12.275906908475
43.53787581091 12.207250949113
42.29774198278 13.101505985552
43.751412806938 12.083481489275
42.558455851676 12.599210514056
50.163313034532 9.9055509226888
43.274041101951 12.315226906147
42.387155913483 13.761934174135
42.697801569823 13.636752052084
43.234950732105 13.395552030504
42.515911899768 12.190709988696
43.28119378459 12.505682862155
42.111320607903 12.277740339433
42.360389456342 12.258706702527
42.055761440238 13.109063521099
42.805974394014 13.188363276065
43.150538449267 13.782301077539
42.034399714358 12.946218239139
51.717557128387 9.5129267161307
43.030406313052 11.974416031046
42.279347295558 12.711904100029
43.65609831349 12.353294667973
42.640200705121 13.235985294581
43.688696431803 12.900683219054
42.69061374978 12.773423985028
42.389253903383 12.12382825891
41.985783043332 13.19985002477
43.785574724819 12.842923575494
41.97363103182 13.677529974246
32.119637564041 -96.482479283969
46.029993512544 12.549326083131
42.160282033591 12.190512858907
42.098938204415 12.769385312598
42.59451976262 12.843451446802
43.29631504153 12.980139901408
43.54655866725 12.200499333556
46.237941174276 11.690738034009
43.279646543472 12.825901457048
42.028607536607 11.868019656238
40.637050360365 14.00303591222
42.192765592708 13.026121506966
51.809671132504 0.13213859546098
51.474649796251 -0.013681527750414
51.087999819586 0.42047448703576
42.874210617933 11.845903342539
45.424403879523 15.45504312285
42.111754706668 13.231996838132
32.626673344814 -112.78852840674
43.01214255628 12.216175943269
42.416448023385 11.942880277982
42.446789221602 13.202597530674
42.42376570146 11.879208149353
42.915985400305 12.873035851828
43.602835908368 13.164048484624
43.383827739595 13.156786776242
42.504917800217 12.182413471969
50.704069517648 -0.31910522954031
52.687645245896 6.308276434689
42.150359836498 12.09597857955
43.517753410881 12.165832223935
42.830556200759 12.459584394705
42.570347231634 13.5528088429
42.219721374691 11.868038559758
38.837111855739 -75.019275351741
42.018684941374 12.308676514474
42.583856100044 12.081620732381
46.052036472716 7.6708019292777
42.927352238899 12.231210645883
42.645258138743 13.414182672957
43.516508038417 12.062584706167
42.14475127039 11.988094689806
50.740082354164 9.7270774150859
43.424333737916 13.118536802551
51.238345437328 20.242620319241
42.836087167673 13.715838742797
43.893035782407 10.806970592987
43.673049485645 12.778014458168
42.638173580954 12.026665263843
41.807787702015 -73.701946356792
42.505383116449 12.501055624125
45.454234423118 6.9254220714212
42.985676171738 12.779917822138
43.817045151192 12.297844843167
42.440046180731 13.351449819466
42.560236275478 13.410531471696
43.531145226944 12.588732620065
43.377710359368 12.01266750696
41.849770191542 12.29028270968
45.418882759273 6.9724214002129
45.424761652308 8.7568449658606
52.185881088342 -0.34366494345183
42.72917138309 13.82311562396
43.421180141841 12.384554009619
42.462677629901 13.111987248602
41.891353903774 12.909208999925
45.261421225251 8.561681564926
43.244487598208 12.643899855059
42.730484830577 12.249485507745
42.763657790054 12.237890184057
45.901271656671 8.3763949795982
41.917647107021 13.775028717155
42.419169703249 12.140121294737
43.140822610904 12.744941981412
43.098484107826 13.722210681889
43.038622632196 12.178387079026
38.50573993578 -77.404189961423
43.453573685837 13.688336821615
42.743574858079 12.027618559577
42.335107742054 12.946331672832
41.905164560746 12.524187127393
42.174627991961 13.313393248878
42.813347704177 12.102576271234
43.066704242077 12.435046643708
25.138485026085 -80.119157397441
25.054801898551 -79.560742033251
43.616469663876 12.020706459911
43.88775799404 11.793278506025
42.714229183625 13.33742821281
41.911049107069 13.454394689528
26.180576270979 -79.569147488643
42.286013652725 12.612418336634
42.014094004435 13.412791012068
43.283221997008 12.697922529999
43.241219970997 13.212648834222
43.237985107248 13.269833488537
43.144155518706 12.78390866836
42.149476644208 12.133936936585
43.312915886453 11.883031331901
43.002079570222 12.957946996206
50.709615466515 8.5981759427107
43.713269773758 13.788118023348
43.633356308415 11.899804824938
43.088583889014 12.718398816308
43.439697385991 13.43415951658
26.100000706996 -80.068390545277
46.944108704545 1.60068130428
42.353523783804 -83.399115804976
43.432017723786 12.726070385785
41.857853275213 12.362830350831
25.464211263893 -80.32062262246
42.185921234652 13.77230462144
50.107671558441 9.7190358167137
42.467173973337 13.380327548564
51.990516488436 8.2904582467351
43.262688455781 11.868873381016
43.173080912893 11.85846156995
42.163204866677 12.230659574189
42.644903213573 12.676445758306
43.81245956377 13.419997818985
43.338732516572 13.804616225813
43.577675686974 13.360687813911
43.649482240293 13.389305947085
43.181644503598 12.441546970274
42.214850342022 12.964534869422
42.415828243578 12.487608732438
43.485278504682 12.380618581747
42.889228135317 13.783014674591
43.314275508914 13.476642076169
42.9913210408 11.986070291154
42.060405770366 11.866730289027
43.688652370001 13.532093536378
52.766122474459 5.9873182560491
43.605097560049 11.880830496981
42.8635614635 13.270496225131
43.389177011528 12.588501093273
43.731179133885 11.917304090672
46.002056359314 7.6093646458394
42.8536355332 12.029085597989
50.542623286854 9.9327646293364
43.670191291121 13.678759110032
44.742190049657 10.357232705877
39.901160991451 -79.056756857121
42.760324688538 12.557137003449
42.02232306966 12.502174994697
41.840351506549 11.90146302569
42.956802466885 12.918794547191
51.604606278057 8.0590096544749
41.413527852184 17.172532498428
43.731479016494 13.164095591385
42.259605029274 12.127455524249
26.191168750243 -79.351604172933
41.881670114085 13.813120893602
26.917929802966 -80.279139539632
51.787056551914 5.7290515107936
45.121438497597 9.5384792644477
42.077102283073 13.215555871493
43.314872087613 12.473442823402
43.39728384439 11.9572203625
53.246518859987 6.6081337783756
42.671912826 12.994284824952
43.787710261453 12.581118219824
25.697442142135 -79.384456185613
42.201451904721 12.877444080972
42.202902082935 12.241276164207
43.300307371349 12.326712824112
43.482549478546 12.948594654907
51.329911413756 9.7487127365306
51.389424558773 6.8689221890521
50.855826599922 8.9137763250218
42.774128359658 13.672564593012
45.111970149033 1.7285953367728
51.824870482006 9.7972774383599
50.252308457742 9.5746193242141
53.126836938843 -8.8819582331376
38.626079166134 -96.652607187933
43.32272727013 13.830658518186
42.066515848093 12.593990911096
43.390795425715 12.638129332421
42.759372936471 12.155009253975
42.929679393757 12.583444892722
42.776348288554 13.705123414169
42.834766336195 13.515131024905
42.297431897066 12.025818327475
43.3427823062 12.528406361851
42.478554939629 12.573580429246
46.581100526536 7.9273995728825
43.015952765504 12.416909249249
41.833591380566 12.631163764129
43.39300088046 13.406842992386
42.411191294648 13.48270522036
42.695435513156 13.082877073497
51.685075549495 5.677405160818
33.768787692847 -117.52825874757
43.015162103837 12.768144539936
42.028038558584 13.007316622442
43.08435613994 13.475818038229
45.517746516279 2.8952558258992
42.493724287273 12.826335890159
26.479721393177 -80.610065134802
42.1351110652 12.626539632059
43.814733772939 12.445348305856
43.236573820134 13.590703384316
43.411264538512 13.762591818258
42.37596309484 12.995169634484
46.151518606723 7.6959515907084
42.170100208006 13.213432799214
40.921434905961 -73.469318390243
42.789847659802 13.450483018763
42.426359604798 13.296141742422
43.281205650105 12.875296813864
42.240259890577 13.40941985578
42.777522153604 12.882655984688
42.78283205015 13.533633664054
44.983148030921 12.782109465391
51.341975297938 8.5630889844909
42.048240748743 12.354787407629
43.512894335463 12.704481712892
43.560019837043 13.755215160921
45.415282777238 1.90580123612
42.137194789684 12.760791281404
39.226205357857 -77.933809819684
38.464910220507 -77.875854315262
43.76164910002 13.020359966003
42.358647159954 13.013733725557
41.511618297937 -73.86516097614
42.767822756345 12.127986927132
41.951870976015 12.807173126308
42.984933425221 13.379233454552
43.820783866973 13.039870442396
43.147035549019 13.162479372792
45.171686575388 9.7756519807389
46.634688442709 -122.41624163111
42.649916814498 11.846250463692
42.389483276026 13.448314909122
50.907140930373 0.18484555560856
42.249726237866 13.601832566153
43.337413906764 13.170695738967
43.624672144498 12.264665546506
46.513987289981 2.7202123346367
42.273927492238 13.247089135131
41.85368871591 13.229839555116
42.263593558366 11.875775974207
42.223949597808 13.420709965036
42.971971199856 13.541669659124
51.654870665239 6.0239183051856
43.538698318686 12.11822233543
42.749333914739 11.991723405214
42.064631637356 11.72799725799
43.831812145597 13.790278879383
41.811082207603 14.385413758098
43.528467647533 12.499747538262
42.149157125593 12.033686833493
41.28721338766 14.028781263099
49.044553265462 31.244870932887
42.74807985257 12.468306383357
42.116129785386 11.884701347412
51.590996037513 8.1456290563315
42.782183636365 12.287564078966
42.799074443916 12.356291713846
42.445107951989 12.411449355752
42.331640065357 13.784782652198
44.017809788986 8.8535820170765
43.00938795137 11.924265410737
44.359428470633 11.060331381443
52.145656741525 5.5807710060993
42.95691044489 12.633953027278
43.571000161402 13.612662826505
43.478615443932 12.125130552878
42.778778211132 13.719816769364
51.668710886579 -0.82550924361474
43.605176220485 13.412018222947
42.9611462364 13.294169138809
43.574879841702 12.395132976789
43.480383139348 11.922173643935
55.150505779381 9.5066281750363
52.8694867852 6.4016319162453
42.035569023379 12.577129997603
42.619812151261 12.602304534357
43.09555083287 12.517949225178
43.025637818533 12.650978123162
43.391267555969 12.527033281313
41.108665994158 -74.476434339323
42.642757109221 13.35127656739
43.718044298591 12.879036569467
42.785434659492 11.854703568807
42.553381860768 -83.454043779941
42.829299562087 13.529014423291
43.785387862395 11.833453666828
41.897129985572 13.259920240804
42.954829116818 12.299517909691
46.263329108602 12.131979278108
42.329092496249 13.003036939096
43.707494229894 13.597086180766
43.417979898147 12.018972063467
40.114236236755 -74.259454372126
43.415795359044 13.420547850181
42.181238526584 12.766753961245
53.367415030891 4.9127776367416
51.529770833221 8.9729160717562
42.458745239071 12.47587968899
43.138331812426 13.00130741766
43.348738777169 11.908244949744
43.684302093335 13.047667432154
42.150044944228 12.823653678814
45.950988947994 9.1275137117051
50.118147332742 9.7650325176143
41.982333596343 12.069629224536
42.837444343549 12.357226753329
50.93620690747 8.3030730706188
43.601109342951 12.498832891017
43.725535800108 12.031064113638
42.88374124045 11.877418651675
42.798249236701 12.923894765772
43.316544017923 13.12383129083
42.435533255562 13.012207509511
46.480201430938 8.4839919791482
41.879345361108 12.677624595688
43.594621843491 13.142451933672
46.762044245732 2.0621744701928
43.782463868534 12.939241907552
42.118001428974 11.873492090925
42.94145295163 13.775041978257
51.801854324435 8.0435485500114
43.738693442561 12.963582902219
41.907429071587 12.878672655171
41.912425670753 13.285050844927
47.586836565094 7.1529012863305
44.256188874553 7.2552829539684
42.462667127376 13.815261029573
42.496278502299 13.314697443675
50.212801588333 8.6518618728276
42.673874140121 12.366817495512
43.442746123061 12.469697113854
42.001418007094 12.918116847502
52.152221942159 -0.6444913264152
43.601298527162 12.641643966868
41.978695206821 12.083431595996
50.920796114914 9.1612968338473
51.246221911763 3.1570615652749
42.014645656599 12.336061823825
50.266536327669 8.5257659780447
43.235025673304 12.237113149037
42.2921970125 12.704474625061
51.636606835824 5.785573167743
43.191217226552 13.52496374425
45.79778566877 11.590488223818
45.51833522556 13.01435687256
42.197008407787 13.780140777503
43.411083824679 12.088830781697
43.804657429387 13.567321746895
42.817928795639 13.612610913188
43.483604560852 12.08068862703
43.167716623849 12.741903529403
42.444048347179 13.387465808742
43.804488770128 13.501220809085
42.102092325756 13.686098849741
42.659075190641 13.238941975536
42.788960433022 13.05592113412
43.404715554533 12.784256416294
42.290892958798 12.810273705449
43.330702081963 13.789009415467
42.649717541735 12.222881417846
43.821393785936 13.050940268252
41.866371520754 11.893011145265
43.206524073729 12.673873456995
43.704473937745 13.82013153651
52.677129735554 -8.3440335911438
43.156009819918 13.569353286929
42.966202144051 13.066640015278
43.750585921945 12.627718648721
43.225616323422 12.978706073027
46.865863058654 1.9069237662046
42.899204640623 13.603628938854
42.501402284739 13.594226819295
42.513301758356 11.845249540121
43.512055851779 12.591945942322
