42.154881012719 12.474804378357
42.224134825295 12.42649310663
42.239137074111 12.396275697482
42.193858852256 12.403356128581
42.163259127274 12.469937037916
42.235921418891 12.387221257404
42.150308027955 12.46474534716
42.219863293816 12.50819316439
42.187425131087 12.414118031254
42.268581852463 12.49294625108
42.18523027712 12.493492785626
42.174702377627 12.462560316784
42.191699711251 12.510316946802
42.215518545015 12.508850107693
42.177065586309 12.423573054592
42.160124831463 12.480151395558
42.230149522086 12.4001461521
42.197169301679 12.428405084868
42.267564177193 12.417688861705
42.218289488584 12.483312154435
42.289226252276 12.470506981255
42.255442361487 12.507881055844
42.263345775804 12.434864902161
42.261736413607 12.447556856318
42.22027213651 12.450040465917
42.284773076107 12.423345940871
42.231332542969 12.518604052516
42.178545794088 12.484575076275
42.196516912077 12.513367661535
42.194038421958 12.399833260777
42.282385744773 12.410294022623
42.229541373567 12.495746846563
42.224188546776 12.414960031146
42.171532262683 12.454572913935
42.196834249535 12.490618102036
42.200814895446 12.435723076333
42.201154121778 12.478242974506
42.243410932035 12.477365202979
42.256905006385 12.489665469869
42.176464018515 12.411195788279
42.205154482857 12.470222354175
42.224301169286 12.486711396618
42.216462230897 12.413411641241
42.240148391242 12.454573780065
42.221113958986 12.46344568185
42.233531114309 12.505392045039
42.239964831753 12.442327837221
42.195826802049 12.511339489164
42.220212269232 12.425845627892
42.200935369938 12.497658111873
42.227167317771 12.493497101841
42.168508595886 12.423267596154
42.251158605468 12.459566779204
42.269715289732 12.467722667154
42.234245693441 12.423573776367
42.232813004999 12.399238400368
42.175299084848 12.483504944727
42.225084395274 12.442545617226
42.207287572442 12.481703866518
42.198723530045 12.473134767971
42.243873995398 12.416188318497
42.215739310841 12.39036868952
42.159028986564 12.419473989152
42.224739674604 12.385663417834
42.191520410234 12.411143573213
42.270590006986 12.442020104494
42.221979847302 12.481279924757
42.215580826281 12.424938679892
42.209862824648 12.489925476506
42.163683182191 12.488247400398
42.284156749644 12.452311265048
42.211058217686 12.435876552705
42.284881457374 12.448922898385
42.236459282358 12.504029386001
42.182014551119 12.490694547787
42.161232673659 12.480402522499
42.218716615934 12.387948685527
42.237986909823 12.452611390733
42.246555932933 12.389362468587
42.227818355091 12.422797757419
42.204547378351 12.473544065616
42.23175188586 12.506036194298
42.198611081226 12.464978379901
42.204030720633 12.456070188666
42.26701955279 12.503734682477
42.242693510041 12.520986857622
42.228170477912 12.404360280582
42.242708477326 12.408573355271
42.177132742583 12.408765697597
42.166904469585 12.446849432072
42.161480723511 12.424003988723
42.185870998647 12.466172705643
42.237526257188 12.484917492387
42.248043242047 12.401633673556
42.172959244446 12.483314595431
42.286787581785 12.416312278929
42.211883267042 12.45815285179
42.232749813831 12.458311796423
42.221822138069 12.5262671735
42.209614717986 12.498713856816
42.175171919735 12.486629868174
42.238238970881 12.46271992219
42.245087829554 12.521625440366
42.28671776705 12.481887126587
42.250493124265 12.491153498896
42.202825415064 12.465222908887
42.218716442708 12.45589149627
42.268889603351 12.501752188218
42.233819912902 12.465150462492
42.195584033728 12.469331142732
42.193001857138 12.494199843863
42.166613438731 12.433864563461
42.229910442734 12.400495475831
42.152964717335 12.459046374776
42.248661880518 12.457786480199
42.294226743439 12.456962092082
42.23783380598 12.406323375391
42.175464511486 12.414280592678
42.153879990428 12.453926564892
42.249130587231 12.503064102748
42.188148224835 12.500755960376
42.152678175456 12.470339206287
42.234710566364 12.518241616228
42.236331568231 12.424102088655
42.235495969318 12.413235406139
42.253887003893 12.484015125562
42.246272269306 12.435723813009
42.200523917678 12.418046056043
42.257703377075 12.448983470674
42.242104743275 12.48240564695
42.183675039666 12.406376196282
42.192134290578 12.414177132984
42.185223193015 12.409121763638
42.237170349938 12.495750729712
42.263703962932 12.433042413778
42.278206143213 12.419053727977
42.253538771672 12.500672538553
42.269944594854 12.489200218364
42.270648787411 12.457017416368
42.274412079863 12.42951532196
42.221628499807 12.510134659966
42.165834492636 12.441841166693
42.205806855229 12.518361616211
42.209095235101 12.441479315277
42.225509703285 12.429043872968
42.19236162735 12.42542420303
42.281791087392 12.418692800898
42.227408450224 12.44325570133
42.268165401795 12.486716266503
42.183926658346 12.455585991731
42.222994591234 12.526160952901
42.184509827862 12.409953721545
42.270952870751 12.474203937929
42.246730051139 12.472953808735
42.207293601359 12.501446956092
42.254358574422 12.486689828584
42.179383109894 12.475266642645
42.155784468726 12.435234859344
42.226158209737 12.450465970438
42.198896876184 12.46707336675
42.214313062029 12.402105545368
42.165280040452 12.422868225941
42.25811417415 12.454927609069
42.167782999674 12.452556185656
42.273409609831 12.457654171392
42.233104524332 12.39536303116
42.287436916648 12.443459483091
42.240547056443 12.506523424551
42.272567776645 12.418879828166
42.204500269727 12.453206562204
42.277388783322 12.480273036997
42.227392126933 12.51763013078
42.22247777426 12.522763530988
42.18348587641 12.468387738575
42.202903460827 12.461591279836
42.216579310252 12.433333324957
42.221384463956 12.422266987836
42.164638395053 12.479216629883
42.191350501606 12.429157047288
42.211522265457 12.445583802876
42.24366463548 12.421252515384
42.253222922586 12.473178014191
42.262274761827 12.495202441951
42.221747133074 12.471655377427
42.264641092769 12.417084679688
42.209438305932 12.459978123431
42.279065255692 12.430532699672
42.223352983253 12.400965247511
42.210104983884 12.480506931676
42.155184703041 12.474097707085
42.149509706625 12.448432889531
42.270542749816 12.461128183411
42.200439786653 12.485862230198
42.21688563808 12.462658696579
42.235431836583 12.502901176712
42.233947263695 12.406673100987
42.16402784931 12.418283963326
42.233363672755 12.410607101608
42.184934435054 12.432080821822
42.262084426501 12.476601227895
42.182176919294 12.481277671422
42.199803844208 12.485502023497
42.25970971226 12.479919048736
42.258638946015 12.518359880691
42.163137024365 12.420356865723
42.28058992388 12.456471054583
42.248658959891 12.45277924626
42.158433599958 12.439696535228
42.25037337574 12.496630178551
42.169525131218 12.494019611058
42.24454130013 12.486579967445
42.24996452187 12.397875961588
42.247046301743 12.441006723086
42.198606843708 12.471106277088
42.257921714942 12.492474674032
42.213117637326 12.511584875433
42.229892398824 12.442742716283
42.254536016518 12.487012934653
42.207770191716 12.481477842446
42.153019854891 12.453927042661
42.260678009272 12.419659524907
42.176236780929 12.417497592728
42.261087464777 12.46523602284
42.219373569481 12.504847700032
42.169519516274 12.41137018076
42.264897278189 12.457382795169
42.164870482502 12.438978336511
42.230093839706 12.50605335671
42.173910584403 12.474499838203
42.214443509122 12.477311454957
42.264173087342 12.467716000747
42.287788381024 12.430589571817
42.243710253988 12.520667960665
42.209613963615 12.407497064887
42.26025769315 12.518250163907
42.244531975263 12.442372400541
42.23378222309 12.520723823721
42.258712923761 12.400611032939
42.158397855332 12.467540877644
42.20444059011 12.438740345875
42.204564632964 12.474745922498
42.169267604227 12.493353855116
42.171169802647 12.465651400625
42.272221289723 12.439167201745
42.275300840996 12.45196536905
42.25155619406 12.396150236689
42.271032785678 12.463253915547
42.234846432824 12.430225935986
42.224119425877 12.471839212122
42.237535277513 12.50341161366
42.173990994794 12.41975640015
42.175715089413 12.476533888151
42.169675143373 12.43159391807
42.214627560349 12.393461676984
42.199744341543 12.455395301571
42.249826205566 12.465588220633
42.225027346178 12.485044621644
42.258464732349 12.469521971193
42.258060225892 12.407557858831
42.215026395517 12.456703993726
42.19104288902 12.48707418867
42.177175822771 12.495697974479
42.164862683606 12.444102514763
42.18897970637 12.454499881016
42.224360834467 12.423506180508
42.174751050873 12.449865981236
42.258755501036 12.426732115202
42.197531213166 12.465812165528
42.215737972996 12.482303354203
42.192188652808 12.398640542498
42.268995301013 12.475056076665
42.28298059354 12.46392617119
42.196822683905 12.486573990216
42.256514706789 12.514079817365
42.269661851374 12.454230933683
42.159385867512 12.454155759187
42.201875965692 12.51745752737
42.25115369181 12.472826292514
42.181009985146 12.467248964828
42.171953860771 12.479513033072
42.242930231284 12.413278376897
42.255498518376 12.43897996912
42.16190113556 12.422197707215
42.244480225858 12.516438262333
42.182364772646 12.403468082402
42.2544204948 12.460992589829
42.224311517211 12.519439514058
42.216635219875 12.517866734212
42.261554050868 12.487426441411
42.257276656713 12.508373776708
42.187845355474 12.40258312805
