46.720024492249 12.575852472391
43.344194499957 12.921397257115
43.186525955904 11.986026049606
42.305184858083 13.046995730648
47.084104775956 8.5302460028465
43.279712972648 12.834157354427
43.744759362559 12.44113051588
42.276419371051 12.507529957943
42.892970108864 13.692495809746
42.386927211393 12.224623920056
25.204664667215 -80.844276223534
46.600130240035 13.838716123432
43.502467945007 13.722085358932
42.987749457375 11.903491960349
42.338790019687 13.655139339017
50.01652615425 9.463176032744
42.248294777839 12.037117179521
43.012332185664 12.608861554253
43.12345718414 11.994243292622
45.031998343315 2.0045150280951
26.994934868979 -80.475545088792
42.648013986039 11.903325560479
42.10572636507 13.52591805466
42.881772289019 11.923184308209
40.98122945675 -73.84623256518
46.504926435673 14.181674307085
43.318033314945 13.670920078976
42.677104735152 13.163871067208
47.803829621432 8.4676561334485
51.848739721742 8.7647740555763
43.466401096206 13.626241924554
42.113645325954 12.588260739405
51.430109757199 9.7621179850596
45.827854620653 9.9796770107628
46.03228004306 9.6426113773313
45.811639517155 7.4100145864603
45.554996643569 9.1719055551439
42.395974584129 13.575430510855
43.203012657002 13.67829748789
43.202786237583 11.870106940118
42.376164615816 13.307359433431
43.421322596942 13.322194747798
43.697760347157 12.019447425876
45.608967061436 9.3868857888467
43.303577508008 13.00707879013
43.265200949419 12.602973189972
42.116500785184 12.145119618247
43.458154599417 12.274285433497
43.312205413523 11.900997216788
43.534240295915 12.210682369888
45.355431494792 8.535480057509
42.028266154729 13.729521556652
43.601356561131 13.184878951511
42.789253512786 13.276668435578
41.70826757794 -75.2744563313
42.600034294485 12.584708176381
43.561725861675 13.488123753356
43.45363114844 12.215206311671
41.824112195591 -74.314269033538
43.425427968833 13.269240504743
42.280298519565 13.716419904847
42.538773548596 13.530858866207
42.695613948508 13.512451858054
26.671207310462 -79.524104774983
42.228123565332 12.905168414558
43.684470884842 12.196099797376
42.568339069194 13.738025094747
43.69667660107 13.201286703463
51.206748698003 9.9488253248617
45.727607994214 1.3398539863247
42.868498961867 12.315477518998
42.228306456131 11.885413754699
43.082936566848 12.453314285492
42.56762238667 13.812395868757
45.909470153136 9.0068852485632
43.162080104094 13.603390346583
43.389951225573 13.383119192639
50.920295137176 0.34259946003212
-38.421863538875 144.86221206338
42.90451634347 13.18773146683
42.929498493194 12.514920538086
51.209721989562 9.2222093149192
51.727423645895 8.4974050710431
42.977386534225 12.200689915682
42.434278536346 12.531156398624
42.051466611725 12.862904265946
50.178904603784 9.4987570189399
42.935686980831 13.737858782887
43.591553489508 12.579292543058
42.395082094912 13.689412432133
52.57672634445 5.4966875429948
42.049381664532 12.826441402953
42.924731039894 13.593611657917
41.337574643028 -83.179499685124
42.971193775542 13.415137914224
50.585997538914 9.2818887025499
46.226689776977 1.8026917389607
46.698932510195 2.8514719860868
41.982517841751 11.837037102264
42.233764573596 11.975477621435
42.016734999168 11.898498438272
50.848018779349 9.1468307632705
43.267101951089 12.9838088276
43.782463868534 12.939241907552
