46.17646664203 2.6475618326327
42.877386474946 13.821149653693
51.407873657489 -0.67021541473465
42.474253579285 12.927414599793
50.478292594887 9.1645738101399
43.499443863772 12.044451406267
42.861862517272 11.171290179745
43.307074222412 13.278922801057
44.963687962766 8.4738325709332
42.916321004024 -82.74926710976
43.577746940601 13.746878328636
43.695836614231 11.956757652109
45.016659140129 1.7560508333873
43.137386977758 13.593022534921
42.363018123157 13.094607149316
43.494857783215 12.291726387728
43.00660670132 13.442007569823
42.888612033768 13.344731671917
42.230430173816 12.567371097679
43.359852267152 13.608615805234
51.1214706265 9.4668267916268
52.704647561165 4.9527093797003
42.338789887905 12.786266616467
42.168263139303 13.652991700777
34.464746779549 -106.56641876504
52.413659758826 5.8744507902881
42.094420692017 12.329876624222
42.408092914826 13.09442916845
41.954365805723 13.216444317373
43.286239561779 13.328806959732
42.001659506488 13.316581191198
42.012679028352 13.134278786452
