43.790686876902 13.275597536154
43.63504897695 13.732864245203
42.993699634 13.38698712058
43.142427336512 12.479390477075
45.971598404938 9.8544671667062
39.656156490105 -78.031641046956
51.489291497734 9.6560074033476
42.19520689698 12.672402933108
42.387274612874 13.122047540344
43.106625754923 12.153453639801
42.783020526556 12.052717282482
43.32677104388 11.839049091043
52.254674715807 5.0115990691174
42.557569061221 13.421920111155
42.017485643301 12.286834069682
42.231623684651 11.8375824992
40.287789898745 -74.144876941306
42.139885586307 13.001444126967
42.10464929936 12.930675223458
42.556353430013 12.7665767246
44.741141816972 9.614866209689
41.84529835912 13.353422498516
43.18481707118 12.624029417368
48.308541127878 12.900900169018
42.03831916772 13.381853158319
42.985478207483 12.782102185687
42.051287612923 13.59405313462
50.654359104416 8.9554679388904
41.976784727546 11.974647500561
43.673052152022 13.073960449602
45.150629062276 1.8729635020126
46.254217225364 10.206815460861
42.933711644252 13.045942107258
43.539195813976 12.012268337914
42.211987554681 13.531565757271
42.704416792257 12.634308395292
43.613606274435 12.666097416874
42.516991390177 13.153869981039
51.570141685694 -0.26157678634467
42.067658153881 12.705942513771
42.027242425397 12.739037404668
42.711624265535 12.443080940511
42.368310609094 11.854654286476
41.977820054173 13.545297755203
42.098817338768 13.450891763203
46.680488320384 2.7421757242373
43.557976135799 13.73754561077
50.856719466791 9.2950955695915
42.826218696717 11.925149269388
42.633552446346 13.788825558887
42.753683340176 13.64152721627
41.975299802153 13.36228619954
42.313252852 13.456472868799
39.456667447384 -76.958872409478
42.608197772714 13.536372417389
45.621807908463 2.2266877019902
43.609513535003 12.256026426005
42.840187988191 13.012543188435
42.079318503441 11.851540535175
43.404126693704 12.393470831885
38.131331569959 -121.51239018042
42.096573046475 13.475408592504
44.722614006068 11.952734134323
43.112868104204 13.680666836782
42.689225908245 13.776210898916
43.743269723742 13.12964419889
40.552672784552 -73.932133901879
48.674668726758 3.0581494423576
51.732653680599 8.1421248797058
42.601224304944 13.581233894278
43.564100269978 12.602120877545
44.417261563089 7.3400436703791
43.052294568204 12.650216589074
42.233819912902 12.465150462492
42.746887835111 13.62681844303
43.09846729885 13.602672078017
43.542496043857 13.288379307996
42.932068300423 13.088544313858
42.184564928165 13.784788662023
42.733459408758 13.70482186263
44.569768107436 11.996581990831
43.190451571828 12.650572682123
43.446776909051 12.193253824133
43.555411585421 13.730771107029
42.647890154129 13.212661987291
42.738695962254 12.952045455108
42.225509703285 12.429043872968
42.963770949752 12.814966048515
42.549361819678 12.646292999709
43.655993503614 8.4241609263113
50.106246321046 8.992776886091
41.86827824773 13.596301616934
43.366635225439 12.226856697477
43.47449379811 12.054796337197
42.186892618999 13.737028756077
43.046596701765 13.775329518048
43.193187750056 13.642302172113
42.511760423219 12.847802034995
42.908242283833 12.546970955372
43.089058093789 13.060143412606
42.455521868309 13.64938649521
44.151393299134 11.711410235828
42.508301582911 12.041414790361
43.444385842648 12.270904438717
52.902554533632 5.6262786862796
36.754098574899 -121.39184446108
43.541014641796 12.170946580458
42.434466682598 13.475984448344
42.176489173072 11.950973493977
42.937339405987 12.945200944315
43.642346877459 12.996254100018
50.765145016259 9.0110972547024
42.817218719452 12.106218699902
42.582919064736 12.866850540467
42.650389224149 13.7865805993
41.994215773903 13.532159417671
42.926515700748 13.112803986835
41.45415350412 -73.807320904028
51.809495009626 5.6583692989817
42.800864459409 12.428509901033
42.882554377861 13.483971266788
42.05967188026 13.590125739405
41.812274701492 -73.407543537528
41.845408941102 13.680258776399
43.247349416973 12.991131695004
33.627149140468 -118.4127704492
42.52412871717 12.934427746096
41.933658778192 12.692392001738
26.631404009925 -80.544862457149
42.927713677274 11.836196318679
42.398230977563 12.388186794907
50.795533827876 8.1173247872467
43.070449299233 13.184267575494
43.329568728048 13.35949707702
41.910637307892 13.529658912017
43.704710204969 13.463079616198
43.57230892294 13.353901873529
41.840952627773 12.897498537294
42.248658959891 12.45277924626
43.810212042115 12.485679783174
40.287732020772 -74.755086949112
43.080097032304 12.680894244335
51.228521004891 8.2416095171317
43.5531646654 13.438515785841
46.786665865375 13.043096265564
43.577447443093 13.113829440977
43.305713596451 13.121915944464
43.017485256336 12.978932122711
43.755517494306 12.496984302784
51.997728222514 8.9109241915452
46.097695784223 8.0253226962058
51.766278533156 9.4566409338529
41.894331055199 13.319099091163
43.390253779681 12.236390547958
42.044333763462 12.714699860085
42.38292856581 12.848743940188
42.178021838992 13.528176792233
42.639725037238 12.026942130677
42.64163167667 13.191474802437
42.983157694353 13.360204347132
42.680304330646 12.036545891353
46.555041260133 13.00283896157
42.90110635103 11.942275489675
52.756510783339 20.894913462873
42.353141234442 13.693892886741
45.859240685791 12.78517005791
43.480979552272 13.633488877527
50.576892306831 8.0183133636687
43.109942939205 12.697374768901
42.179023129504 13.741533008305
43.402280275918 12.717202283797
43.273741579763 13.746821434606
42.502588145224 12.308263178148
51.356742032504 8.539651045827
40.664518058761 -74.854328410298
29.347172836478 -99.204747222487
42.130171235732 13.598854068501
42.910443350652 13.017423696379
46.681950385534 2.9594139000212
36.449876175061 -78.835129934842
43.255321071623 13.123278981619
42.506217161916 12.701861061038
43.484740390689 13.401843268632
50.193057864529 8.3541364089372
51.870012833443 6.4898585117142
42.420652949002 12.353653162438
42.047301890837 12.234013342429
43.228347471111 13.602255616639
45.106918435128 8.2687444776594
41.630524024865 -73.360412333126
42.216547969232 -71.573735795003
50.290868333676 8.9814287642862
52.168529067034 -0.80420869771121
43.812697673616 13.557973581181
42.689533079385 12.13464879998
36.765945196811 -121.15147818652
43.503302645659 12.99655871328
42.236330309548 13.789139262323
51.475436031574 8.5975283764291
43.684362009507 12.883330025211
43.103110764245 12.020406693716
43.284956906145 12.859046794895
43.381265033235 12.626946680561
43.331233297184 12.72578377592
51.444416739952 0.092286811667633
