43.526455696473 11.876408122909
51.174344618653 -1.0641533514364
51.497602160553 -0.42477915693762
42.516823072714 11.995365578234
43.26720534559 13.371212559946
41.846329538567 11.984291042681
28.579836772138 -82.365233310502
28.718363573689 -83.320197669772
42.864225902087 11.940798147109
41.945155534889 11.903024082979
43.132441064426 12.173573256106
42.580004411575 12.422337397685
43.251914070592 12.007976943186
42.632772514912 12.551791333406
42.141421654814 11.99922354894
34.604533059527 -117.64078540562
51.931883597948 0.73926501936711
42.040586703031 11.886421048982
42.491297081363 13.434114727415
50.770643239967 0.27018508741641
42.752670523151 12.283559092008
42.494368922217 12.242587365344
43.815079690823 13.461787209616
33.30338667165 -83.860592199332
42.504664053931 13.529550349607
