43.343714947062 12.568641796063
45.683510805333 2.0694252653371
42.939190003082 11.846019018856
42.907833149169 13.703588577336
37.593167187923 -122.61595049061
42.350456963477 11.863676577764
42.548477859047 13.01969907948
43.450952153418 13.665502814907
43.593208010606 13.346234050762
43.091099517949 12.858028942674
44.036091072383 11.700346340311
43.801809437967 12.18462867999
39.849772985319 -105.69382323019
33.880240449472 -117.50752118512
43.582187725058 13.441959091223
43.654737721058 12.039580778258
42.949854778124 11.860715324015
43.442080950126 12.360094643387
42.750871501768 13.396081784014
44.542821215367 9.7517500409376
42.472251629232 12.399600766341
42.615820744848 12.081991147775
43.649499169409 13.445593891894
43.289588666677 12.097874743465
42.651330175668 13.271911042424
32.99808558453 -84.526400250069
43.584886658764 13.412862678737
42.508131784645 12.233884054366
25.306900589853 -81.140502143061
42.678939327469 13.242269511003
59.473790450242 99.406001802257
43.031899683679 12.734756566482
42.674317545593 12.437914147267
42.533401059722 12.003387761325
39.703528578895 -77.366853170693
43.184748409423 11.870891127231
32.884842930469 -112.45399736691
42.434881378654 12.562459812783
45.415174693063 2.1986668860534
51.575392882142 8.3441297501997
43.008449520475 12.424887748654
43.794384786784 12.37626216394
43.254955103761 13.260199385837
44.81325882923 9.0617797279552
42.36473352714 12.739030222774
33.73463355812 -112.28109457637
42.461295230084 12.822170108495
42.915147421397 12.094066030411
43.486354116598 13.029764004087
50.557066525592 9.4738253245474
41.935728818169 12.916165494342
43.572146636256 12.284168325052
47.054187773752 7.1166160186364
50.266776768615 9.8580908150683
43.575723350337 13.583203105549
41.890275820247 12.580342067487
43.071302025475 11.974829203719
43.785268504094 13.067289476801
46.029718596993 9.5773137109248
42.79251514228 11.99327159116
43.51651552206 13.547808542658
45.297119042439 8.8455913187683
43.708925396089 13.624392116754
45.377043907706 2.2867636318723
42.49150935958 13.091860631079
46.683390367163 1.8714128257108
42.07128460897 13.156432178897
42.688929340213 12.905034577916
43.445058772569 13.442567979678
43.686257452746 12.548937726018
42.596841443629 13.42238531656
43.114885171019 12.535132037746
41.90796048937 12.15867199572
44.089022991152 8.2839484489215
43.131722985384 12.729770671471
42.349151817334 13.284775325716
51.533802897918 8.4937065409001
43.378657100454 13.577922033902
42.994397859107 13.698049263909
25.847093056333 -79.635771042773
40.949463203045 -74.915489966989
43.055283197714 12.881433260593
51.705907846431 6.5582916125694
43.626872511894 11.93662868579
33.602976563186 -97.141864180182
43.780399554328 13.269842412004
42.559185159674 13.608968786269
42.93614405905 13.021490894289
41.836032036171 12.430949320773
43.768670327409 12.691213229548
42.28054046646 11.959530157039
50.386778626305 9.2265003082466
42.147392869085 12.237295361833
42.586896363474 13.415366739249
40.328908175069 -75.317068473249
51.017984561863 0.77949482745934
50.172894963609 9.1035686177684
43.415650239429 13.721175337567
43.146723792512 13.665619828138
42.646766655469 11.890173936233
42.665915605012 13.486286645537
45.486638620492 10.261846455076
51.073023554205 0.71321647735463
34.570164509562 -118.29281114364
41.843473654654 13.201630622729
40.000584231922 -73.504228841535
51.140512788734 9.9852380664019
43.533707492789 11.906346746698
42.162090859472 12.934916910706
43.923713439327 12.950614452601
46.426479171694 8.7822881521575
42.381264855818 13.742843963107
32.190804006797 -96.968642634703
43.54097481984 11.887975219606
46.25666735892 7.1211809795914
43.479437193146 13.355441175588
