12.772425714795 41.841619500372
12.826981740013 41.904088124144
12.775855566757 41.891939027671
12.814067841442 41.88421553696
12.778299535077 41.848742273121
12.792275928351 41.879762371501
12.787718368616 41.871372156738
12.77484449829 41.861307317347
12.793540807366 41.862810928797
12.82931323949 41.902552417921
12.79639588615 41.836794252918
12.82917299628 41.856789279218
12.821383125552 41.892735232104
12.818580852758 41.876315874942
12.821751339765 41.843867382449
12.801801247451 41.880274950958
12.845814198461 41.883200643669
12.808701067629 41.858984359961
12.775510580195 41.85513005401
12.810867594488 41.891294050932
12.775224658111 41.852337073021
12.840845091681 41.864238169002
12.835139665697 41.847038966553
12.80640533513 41.910163194386
12.781818201219 41.841507150739
12.83720286837 41.842163102183
12.821973397335 41.838829826044
12.806319119805 41.860699894329
12.811221817907 41.911473737544
12.802893098839 41.859038909853
12.793654855266 41.891406489041
12.76344571859 41.835960094762
12.775442893533 41.854180600913
12.787002149426 41.883017191164
12.818889125653 41.920741618595
12.836983896271 41.889464003935
12.808888193152 41.834964276701
12.775981557472 41.837630205733
12.815435726131 41.895271344548
12.832276707458 41.856839262369
12.813526233592 41.841738424211
12.762118893586 41.835779091288
12.799439138195 41.837502810584
12.816601586375 41.829143992571
12.8222057856 41.894141093334
12.775402296717 41.854168394534
12.782777304681 41.877973135059
12.787824422509 41.876347782054
12.812864597355 41.913011482897
12.778067003853 41.84339597816
12.841264642722 41.862253818152
12.787289140202 41.857570395294
12.837280914133 41.865711285691
12.809017840705 41.841323442704
12.768753181057 41.819729954176
12.81447613745 41.865526862401
12.76962322314 41.872377788144
12.787828759678 41.83929972904
12.82441966509 41.861668793441
12.826808856741 41.911239547169
12.814611094007 41.8827959648
12.813601164081 41.893974165404
12.794898551814 41.851186728057
12.764558267225 41.84471387411
12.837376994492 41.889563747186
12.840178706164 41.869210215246
12.782541906847 41.877787653321
12.802046624872 41.842026159115
12.797183532194 41.883692620289
12.783537805932 41.842161834653
12.820729261667 41.912003883141
12.839354757166 41.856599648437
12.810615352753 41.892193191656
12.78693359058 41.8807139699
12.810507304434 41.893732147728
12.788792277609 41.902905981498
12.824894708521 41.895328103537
12.81482781277 41.890293938543
12.815423698565 41.919848772215
12.789780600851 41.889691025454
12.837261583136 41.845529213031
12.79110831294 41.879503063822
12.827808457368 41.901113516626
12.798589069789 41.835733126328
12.806217617286 41.900161925212
12.842026662029 41.842318570655
12.825027676704 41.851849426933
12.798299871778 41.847609788129
12.814259062921 41.887909145529
12.832635345346 41.904159217118
12.801331831536 41.856952153566
12.827751402218 41.848860209293
12.766164894128 41.849934214677
12.811625730645 41.903600322059
12.77377253157 41.864288477651
12.801864997413 41.853224000381
12.820076868341 41.899385294385
12.770442902025 41.844062974625
12.822394829647 41.86081910129
12.831797721273 41.862441908991
12.782042284416 41.867910540157
12.764331598677 41.852204707403
12.796871588957 41.851722615723
12.782534603415 41.873392298314
12.840551273844 41.905447857431
12.776157543911 41.889219578791
12.79801593667 41.844163592388
12.835976803154 41.860001150009
12.784980650912 41.88200791689
12.812761021712 41.833398780263
12.792065291124 41.837923881078
12.837620599141 41.845673615062
12.826608670816 41.897369008019
12.834415193591 41.905331376451
