51.927570307594 8.3974933435197
42.139518275943 12.578633060504
51.973928769107 8.4382526220001
43.401452935043 13.629665964597
42.653885336453 13.593096657488
52.513193163561 5.9120643647211
43.570540635668 12.700183765378
47.554074905393 12.959387169454
43.344158446598 13.739688060612
52.97809400781 -7.4014501848265
46.700080347859 -114.90256631798
42.258166548937 12.036111223549
42.607949466749 11.840842637646
41.96197393956 13.716299934202
62.878441005889 14.129807143998
43.608986660677 13.454027835978
41.934557603197 13.157080601064
42.820977864725 13.063424597545
42.470460288467 11.970837523703
42.811445239399 13.775936092167
46.895985444494 7.5337011038948
47.785732425184 7.5488140022144
52.161025246913 -0.34706184149582
51.922560049883 5.0582519249563
42.278709221782 13.003512437944
42.605032450822 12.040693537372
51.012611806399 9.1527680881101
42.805669588899 13.089121419533
42.651109210074 13.58314073767
42.229181576648 12.89516427598
46.761583544203 2.2830128168142
45.99749738071 1.9928973847967
33.731853657589 -117.52199839478
52.896306058576 6.3265978137854
29.518246750026 -82.04710461275
40.163739586943 -75.375114583251
43.49050018356 13.327191168616
42.539772082393 13.447920889823
43.726721729511 13.339018528994
45.342282890967 2.1455932278864
42.895158760222 13.529782988399
43.734636092456 12.684122802564
42.406016347674 12.917648075131
51.583795030408 9.5793245544561
42.604048034013 12.657340909216
43.816372883442 12.297982521981
43.280420556816 12.213667860841
42.566011921787 13.281186237618
47.170754517508 7.1490272158519
41.899089467686 12.099411913261
51.463033745048 -0.20213043424865
51.516253593618 8.5955630967373
50.974982265371 9.8186423195613
43.31375415028 9.2168552960581
42.022504600728 13.130784214091
42.461768829034 12.863150036851
41.980491679174 12.058620176326
42.745810521204 12.525383307864
50.706822129761 9.8969801207525
43.704841437167 13.310996335166
42.366680300521 12.034559984729
51.216953980139 0.80870350808777
42.919845881856 13.360372693932
42.667514654208 12.000227393604
42.586727941685 -111.42409939023
42.480885136652 13.108883878288
39.22996853146 -105.48891094338
43.063127724504 13.539728522107
42.660207670045 12.837395769955
43.154637347534 12.575583931813
43.365629170281 11.908148762283
42.308619157576 12.224014510992
43.63109552333 12.7297021089
42.983743349104 12.334852602975
42.577489768911 12.109544925929
26.785321012954 -80.300809439221
43.459821184867 12.134343626527
42.196336829216 13.10435200443
43.787653883376 13.673933498896
43.671507133505 12.082995337959
45.589098010487 1.1975795846421
43.395194587037 13.218358253252
42.785085813063 13.293581579038
42.862730681853 12.64855211633
42.467967419658 12.233480838257
42.524792604414 13.219863279846
42.837568886989 13.748501077198
41.854463921813 13.749330524259
42.401512065179 13.23705782801
43.721902049038 12.897245951901
50.562950589491 9.058955657789
42.049573813144 12.053189646498
51.887692691007 6.3221803496462
43.275784426518 13.392649742047
25.550599368994 -80.821541960543
42.710014681683 13.822814261479
50.500331105665 -0.97496753050245
43.752792869135 12.670735325066
42.903803734085 11.992206418904
42.059866145302 13.524130385168
43.001086368247 12.982683259075
55.696243012648 24.637692668306
42.709419268535 13.300245639563
42.699418487374 12.217768616631
42.270903883183 12.69889127684
43.480216265901 12.540857052703
43.198654598204 12.732244064928
41.980373337877 13.09530737537
42.254358574422 12.486689828584
41.359180329221 -74.035332057307
40.614825929759 -75.728919066202
42.538709044728 12.389789754262
42.932283967257 13.631282728015
43.626949418649 12.681690113026
42.578202866774 13.060577426155
42.17503518668 12.782821813984
42.669307372865 12.649305751871
47.27837295822 12.529744724778
43.286920434484 12.650868263885
42.141668696509 12.163513685208
43.552344323414 13.131739826024
43.428046547097 11.850253468796
42.756290193089 13.215926634735
42.551796780246 12.73892956543
42.836783342474 12.866019691765
26.837984793727 -80.888047873266
25.147953479603 -80.686230141333
42.438806029728 13.314983852375
42.645866611016 13.150808374279
43.741373054118 12.905505277193
42.54095559967 13.110180828793
42.147487551995 12.850841488175
41.953177679795 12.28292636868
43.068315754697 13.660367047277
42.892317046382 13.705354519538
41.900333116271 13.623327310508
45.319279809328 7.4759899302995
42.068490724132 12.195035113134
46.819414118221 2.0785237187885
42.081286799221 12.69210048613
41.994215773903 13.532159417671
25.882904914602 -81.081919262965
43.58069951908 12.578692077484
42.64883119459 13.57427489507
46.905654463661 13.694325655345
43.569994297631 12.993401688542
43.169386114094 13.597360714638
42.214844380161 13.042836466379
44.13189638866 12.803854532474
42.764214070891 12.860842836977
43.286616267791 12.213318863073
45.080118818246 2.8664083205473
42.760800938497 12.383044757148
42.960148111454 11.965190847875
42.432671863808 12.306112667709
46.005809738303 1.726109228435
41.936681095037 13.27095050752
43.642770879757 12.515805597678
43.601890486966 13.018150541495
43.569936594747 12.309753860047
42.586961312048 13.050827682994
42.920690637066 13.798767635526
43.001798782985 13.513225700966
42.740097331714 11.901872775958
43.164818613888 12.827229566347
42.38507827112 12.360694096613
42.530320612516 11.911885206568
43.181068139722 11.971140987713
45.3100964787 1.0347354789426
50.892862963207 -0.77509266412122
52.425717146101 0.21852731523502
43.056699482771 12.310956494583
50.243755802626 8.0418828302258
42.730159841373 13.823299701264
51.124562772515 9.1821808671496
43.234253933318 12.681865030307
41.323882599963 -75.290199364717
42.108598160629 13.36037553726
42.203918684856 13.544668116416
42.018102054048 13.600391600582
51.535054881375 8.1549757901369
43.043259836309 12.874634776227
43.040395987726 13.532984710102
43.540857803815 12.018757715851
43.36931689522 11.887910729709
46.805814325973 13.21855813347
43.27573250575 13.060809567154
42.985587934512 12.612317494423
43.120847240633 12.436143780351
43.683581087612 13.776471536989
41.929837838269 12.930264663405
41.923481574733 12.611239185397
51.344729441844 9.9225902212423
43.303690191055 13.178742614213
42.368186027935 12.905634383648
46.836348703309 13.607046270814
46.857591967286 12.34109376645
41.951923139392 12.670200923791
42.76318857484 12.55334790917
43.398458632381 12.426856833264
42.10525964906 13.247151365174
46.34324316054 8.9828695410317
46.495851045028 13.413856874201
47.431878142514 12.980759617652
43.448638220082 13.770155810665
43.227990666066 12.658366686061
42.56631075759 13.563334301397
42.767526512413 12.549463795775
43.387566631396 13.549185979922
-38.411675534868 145.26917692768
52.347436436381 -0.50837546103558
50.428483917577 9.6898235067212
43.384182222387 11.894740391029
47.087865853977 13.844275252144
42.251209683854 13.827051796891
56.270944775674 9.0262374971184
42.36496029208 12.221873453011
46.605855972323 7.639954584483
43.232762837912 12.227891627361
43.123654555142 12.571201023467
40.707916238361 -73.539453464943
52.059456316083 -0.32028577776173
42.378895529278 12.847317325833
43.743811212847 13.39967081018
43.68107844597 12.211044909086
46.555041260133 13.00283896157
43.588854478967 12.253931174194
46.419273178754 1.4324321902508
43.053197223273 11.934781714333
-35.257338727279 149.79284841937
43.077416971849 12.425244389321
42.089136119994 12.531924681541
42.94318397948 12.36865287014
43.650197894636 12.638359499017
43.577377120323 13.671677424441
43.721372115317 13.737432113282
43.375847973126 12.030229964329
42.542587423039 12.268938302674
42.403834012546 13.576376879877
42.862037985542 12.211455635846
42.650679378629 13.327713016129
43.673052075653 13.501763194123
43.040460177271 13.490929092996
51.793642923605 9.4625408660912
42.511521674486 12.210976870384
45.561105636675 2.5648056112997
43.510250697171 12.089194451987
42.389474603084 13.339619075593
43.149474928246 12.249412370983
42.982852889238 13.459446203664
43.501566580286 12.168738571095
42.953961939551 12.413949732882
42.092818659329 12.747353951816
42.189282571075 12.23729483191
33.84037665348 -118.97698262591
50.590817914619 9.4541984277098
51.019499494238 9.4901379242028
42.470571303049 13.823993569179
42.330291850202 13.196659917124
43.52006810697 12.855011758814
43.106152204867 12.323265739422
43.623421442075 12.923658884582
