42.993699634 13.38698712058
43.087219690966 11.901778519129
46.232622489837 12.339787940583
43.792424165102 13.192526484485
51.352114829864 8.7574591621558
41.843113840971 12.005297881575
43.819767041861 13.086847134001
42.69407215097 12.510672940666
42.16099441713 11.908023495205
45.163909546176 2.1304773148757
42.308853220359 12.167073520931
42.814294993812 13.688519755254
43.487180146637 13.070622132679
43.039970230351 12.054079103795
45.113975976577 10.963611170563
42.501152553384 12.145818729508
43.024921240318 13.405715646898
42.055797279394 12.231863129547
43.621400896305 13.754042541515
42.815496742195 13.514836101122
42.814080228498 13.574100324241
42.300122309171 13.811401104953
42.832462552878 12.917647822743
50.610310634184 -0.27157130436113
42.905384894437 12.327961687638
42.219600713004 13.738687309336
42.42719076037 12.247750478002
42.968477005145 12.64580270913
43.074243221953 13.449393962275
42.099063342504 13.484331398052
42.181724547514 13.016529676999
42.556563490351 13.303912507067
60.116257924641 100.21109686522
43.400371140542 13.458670201946
43.345160511038 13.142135738482
42.932365172998 12.423518561511
45.98788366981 10.104257945206
46.906811655921 7.3024738478951
42.104114973987 13.623369040279
43.713283557798 12.228415150788
43.230677867437 12.88456463438
43.194620798454 13.345347782779
41.892971241352 13.074203426074
43.098481459144 12.131328276441
42.429927748384 13.048361086796
46.50857724273 1.7239815130476
26.530608719445 -79.530648313054
41.944205771195 12.167251704825
43.085988001028 12.823701990707
43.800137624538 12.099317970287
45.06370533717 8.2798304276447
42.655096314242 13.340452005801
43.96520758258 7.2258483293354
43.10762473948 12.924663259168
9.3074722189025 -80.59507631771
42.891169080015 13.620050248534
43.56125869118 12.280590784888
46.777822282297 9.6112769119494
40.978686347806 -79.46187841193
42.842871365551 11.966041722806
46.797750881779 2.9704619701814
38.93915228293 -105.70566031824
42.456241082168 13.535599374948
46.823307724893 -122.71498585572
42.414010193878 13.220669037786
42.429751375911 12.760215171988
43.788972298537 13.325058541899
46.700080347859 -114.90256631798
43.636174070035 11.984585076119
42.869088772179 13.165886920509
42.091377148934 12.739622203533
42.210627006952 13.590224205812
43.34420715244 12.731961104915
43.129833296488 12.070927538963
42.929804154194 13.818892212521
43.758087866848 13.793355354964
33.323662164485 -118.52169724328
42.158758252954 11.875598704871
42.024145892854 11.937719020519
39.478480263076 -105.418082943
42.782963161277 12.78105813769
42.897600072409 11.868750173093
43.143467693212 12.461548210358
42.409113778479 12.286663637185
42.281147618464 12.373062836201
42.390125385223 12.17357367753
42.363316526827 12.222777390046
43.735475246227 12.513781435117
40.311335864466 -74.829857894938
42.527636106858 13.158790553084
26.051635467454 -81.14819663099
43.34021457908 13.780628421728
43.645799108637 12.857810158703
43.015950598782 12.462237479401
41.932655220375 12.448257748733
42.031126707828 12.385801820285
43.575311170249 12.910028181949
42.681803645439 13.310528996566
42.322652730331 12.182297077136
42.09751676961 13.047824007502
42.397622378284 13.511391433215
43.275473320075 12.144057554747
41.934301695311 13.800856983217
42.077278737501 13.206881417079
41.939311914604 12.808130226495
50.333424824445 8.3079506206829
43.378941952448 13.21599603084
42.230552406644 12.315994161815
42.382827323129 12.266571337037
43.830686511814 9.7574145685916
43.527310396602 11.594663812378
43.493611078495 13.148509252441
45.817760844793 8.4720697863619
42.625026944405 13.07235898828
42.381219027297 12.500798139044
43.525663754237 11.956560807303
43.42667779395 12.93032321193
42.198255049644 12.355222183
41.940795787138 12.071524934897
43.030122643372 13.028554067516
41.977149049762 13.683416201607
33.736925974079 -119.00394833303
43.759814361951 12.739169279013
41.983934784787 12.174141993383
42.504679684783 12.465984252054
43.805925941957 12.971380427487
43.810626347948 13.324098013979
43.444511999138 12.184878480262
41.861124078234 12.260596797944
51.451699612407 8.5121648071856
41.93953667301 13.17195565217
43.768312727946 12.688702104489
43.372581620895 12.976782660942
43.64005627881 11.077332859918
50.967037942478 0.77608343710475
42.334144304683 12.50888491308
42.376319429568 13.254313356383
42.156827813574 13.135536359242
41.999695756494 13.085253288564
43.736393932815 11.91027102036
45.536540305422 8.7225983430737
46.363277909911 9.408281442946
42.275062313452 13.342006357567
42.126559726508 12.10036886723
42.604342265823 11.861081473951
42.105284003378 -82.611537416492
43.628618498181 12.025355011258
43.706624383457 13.508052720946
42.631883656921 13.497118647463
46.199594880573 8.3193869994578
43.434098153598 12.86970116846
45.741389668009 9.9686766088096
43.312140683344 13.092286366102
43.085567591773 12.03266898034
43.625333046387 13.827739133906
42.003463931404 12.727553298125
41.997855226064 12.289870753575
44.570287535887 9.8237703480659
42.287513561702 12.892438880604
41.8617238835 12.402445942372
42.522471945997 13.783946647695
42.501048873433 13.540849134599
42.251082599767 12.936351736533
43.780279120349 13.651694944919
42.725530080856 12.088421911995
42.144358296036 12.459453942955
26.810610449768 -80.037273619151
42.396850074847 13.116866967716
40.110156427846 -112.03551907313
43.272818555738 13.305457601487
46.218459551255 11.737043533282
43.719155323116 13.808531866806
42.499143813059 12.722207391992
43.348778589812 12.82197207346
42.756579209492 12.431186726539
41.979644618009 13.421501650227
42.687759502666 13.057172357152
45.721101347693 2.2562340596953
45.114827556123 2.4919779815208
40.803448078283 -73.808806890199
41.852625548326 13.757771802974
52.592550998573 5.6339333806368
50.3254548662 9.632034460377
45.179626305671 2.5785678497416
50.623363601334 9.495614308629
42.595358862374 12.735106496038
43.716307083034 13.482002571471
43.59380832158 13.338121118668
46.460440053891 11.269142839878
42.554476532899 12.536801747783
42.561841183159 13.713704803381
42.777580656029 13.395718194284
52.451015354111 0.82542172154199
51.123386543767 8.326099177043
42.668842159544 13.266085220646
43.611302105084 13.189497364794
43.816220475296 12.839784948567
43.955388272954 9.9138583022001
41.918596202491 13.795982324444
42.528008437517 12.703226230921
42.887301726701 13.029573777725
43.068425480329 13.435538374111
42.610155205547 12.457265729784
45.888259882055 2.6397060703671
43.347060917128 13.825486720945
41.845238173329 12.317135573533
43.026360250577 13.187062854521
43.008334204114 12.442743522342
43.108243893438 13.593147540297
42.980603567337 11.971320359975
43.282208823751 13.600755848757
41.859181495804 12.861439675515
43.681132947433 11.896782844766
42.215800968586 12.177358938019
42.020894028743 12.85326585588
42.944414457767 12.70805414708
50.510240769717 9.5242322303933
43.647479608512 12.188200528376
42.714643855002 12.729513276729
42.33445475827 13.703586766845
42.999227998333 13.478543536516
43.476224379391 12.67663001489
47.054844770606 7.7667027068169
51.982912727158 8.6507719655758
43.815066652773 13.535256989105
42.507771950007 11.855012092227
50.666766901578 0.82174511706073
43.353306832909 12.225673413962
43.655552068586 12.01875158542
42.602302199997 12.758923957499
42.958473683337 12.464560562051
46.284136338452 9.1793049220853
42.987985068948 12.465749586239
43.480513696338 12.862550267441
43.412023059771 12.422448320532
43.002990865637 13.357040867397
43.762657668352 12.055505360524
44.415882526064 7.7037740775657
43.026724066619 13.214023440731
43.554005386121 12.433085744958
42.108107398335 12.105149227264
42.026559755244 13.634339465988
41.959653036205 13.469259865356
51.270079165124 -0.21178111262702
43.333360235849 12.196945846659
46.944052698183 12.013454334884
42.36218556315 11.976731590471
34.787608479239 -116.87175102703
50.820018387337 4.8441576421466
43.634783578888 13.348965505322
46.745155297567 2.2238348909765
43.762420816257 11.909915348028
43.32178271253 11.97924241937
43.818042384863 13.198188637497
51.584907385793 8.5561816350353
50.010086910338 8.509418491977
43.754139922466 12.44563947734
44.414557444032 8.5276325688826
44.575624117337 8.1751720968053
44.962918344775 9.2930956313354
46.098321416252 12.087678227987
42.9375811438 12.89408412992
41.840235929883 13.312616320028
42.698862366725 11.898900758915
48.730407493238 8.6619872188604
43.160053653272 12.263517439975
41.968893103774 12.584459439213
42.463744095298 13.03343937084
47.205799243509 8.5541442737701
41.992340836691 12.887725697799
52.037782274437 0.74938795512514
43.424873696859 12.511208424604
47.477472854535 7.5245274889863
46.574563020642 1.6779087207643
43.711614057774 13.003227054164
46.93680275089 1.6785793070116
53.28565129651 -8.108891225005
41.936102201688 13.313809718638
50.58076840573 8.0199889512826
42.842507005617 12.629138860234
46.396126938332 7.7172616674645
43.502467945007 13.722085358932
51.063550622931 0.33359032320958
41.862388751892 13.399469973726
43.379916031577 13.460451880705
41.899639086306 12.910456072053
42.481110416132 13.231584824751
43.606241890998 12.955561740324
43.484981777859 12.363828017567
43.012612453689 12.828774038644
26.083336757983 -79.215179533142
42.879754458519 13.570642011527
43.137508366342 12.863635695497
42.972379703549 11.942592807574
45.069847448762 1.4809205520344
53.476959283919 4.7622348708158
46.159492252469 1.2702974072985
43.129176186479 13.282076630428
50.574455597705 8.0012823203585
50.170383302574 9.1799036088306
41.632877441672 -83.60231304916
43.019027232243 -83.624240078046
43.463267308431 12.52241685361
43.540609499247 13.753070703614
44.707128645644 9.9384635426749
43.348967811276 13.224839902143
42.563624118273 11.993044666964
42.410292324822 12.458515269916
42.895390350344 13.007186958125
42.071751672363 12.358591086419
42.58920730028 12.700913563718
42.280346049613 13.654384131869
43.432961835749 13.20216729876
46.181249297578 11.741470338682
42.754221965931 13.197359897309
42.846790702032 13.24893853408
45.741335655908 2.0048684310191
43.239433171826 13.671933351884
42.964367849291 12.468914917444
40.248789660268 -73.451734573372
43.821687046842 12.998392554486
43.289886494789 12.027796349056
42.462620802926 12.340636700106
42.991361997107 11.842989735253
43.810843973819 12.420288853564
43.262580309672 13.19873267377
43.620028005924 13.031101133617
46.418153710832 8.4373235240497
41.858037943907 12.968512349303
42.796144854669 11.90432495994
42.14834105279 13.001247429776
46.105225592414 9.026655481165
41.885039411453 11.966504655318
42.012253765509 12.304988407693
42.922887167878 12.279632015305
43.673353735692 12.996300218646
42.979177389305 11.965839706366
43.27506766716 12.052056075585
45.158669475074 2.5197053558751
42.318078860344 13.54769721422
52.311685196502 -1.1215128797253
41.949719291178 13.569402307092
43.181357668353 13.367539331043
43.759392430915 12.852972079487
43.320239256306 13.506281013392
43.172024435465 13.083608435061
42.825012328508 12.901530553096
46.84559118368 2.1621899433258
42.207050373895 12.903420499502
43.39012963671 13.113579424638
43.097407142232 13.598077963872
51.774314564082 9.2933856487709
42.643712610327 12.938416477285
42.928411570831 12.180039333284
42.013977236142 13.565470216149
50.314079173987 8.8776460713137
42.361513563621 12.742359882122
45.869006734772 9.2789876566636
46.983985919032 1.5088743597776
34.263705613254 -83.773261741537
42.631593124325 13.764670202886
43.804603767511 12.250908295296
42.031541666052 12.813420806014
42.742912358971 12.427200548105
43.267201004695 13.17595148935
42.058848411359 13.173149080583
44.806593079987 9.7973670084948
43.387924408742 11.872490074447
42.457376447275 12.672219953834
41.887062562598 13.5765543406
50.068719464852 8.9451810805803
43.746288525309 12.812461003129
51.768097842703 5.8761954745865
43.669966522937 13.229951437691
43.331525290095 11.955728603527
46.733893561053 1.6020457579764
43.439527779112 11.977940292574
51.339721308248 9.1379561047712
42.786981334832 12.356509569754
42.328662358398 13.299473815758
42.149765134414 13.18985030392
42.77866598909 13.669070331712
42.862743810708 13.594446792099
43.019626718045 12.90830666104
42.579297950782 12.932645845682
43.32950685051 12.179929175053
42.013384810676 13.096452867678
43.308219752439 13.158519507015
39.876996624378 -75.124572417888
51.544116574593 8.106831454256
42.837973919643 12.218434208661
28.829030604031 -97.464771269599
42.517585189809 13.454874519026
52.002751380439 6.3753245298869
51.09942610031 -0.072073278567783
26.639674704337 -81.00841288669
46.575350525684 10.254968305028
42.980436996103 12.221979263829
46.505112254692 12.517025578007
42.742258696252 11.887850341356
43.436321863197 11.87415571833
42.445775863012 12.744041167101
42.881774967037 13.21723530314
43.18777540011 13.743745956472
43.088653791292 12.05486949305
43.783974069091 13.21764044243
41.881665064919 13.077357729954
42.643472933531 11.965550658764
51.291950023869 9.6879599828683
42.370551010322 12.91718660852
42.203714740113 12.886665602649
41.937123804811 13.717309341655
43.735707905041 13.509446323176
43.83292280551 11.940913939376
43.573764741243 12.674887891263
43.54799498785 12.181416440861
43.520205755516 12.504488697531
43.372120362435 12.788173611664
42.241158689506 12.958408594599
28.910617742477 -95.094398584936
43.679839979729 13.39573855998
41.993507323805 12.516626391356
42.653890480147 12.039911171927
45.99713593714 9.0611078153649
42.748319968485 12.271073466314
43.389905576331 12.06439027009
42.418569936167 12.784370778049
33.003518645376 -117.93060487077
46.285556676395 11.868298806119
42.461727798221 12.614323304342
42.202063311938 13.471603349557
42.329877113632 12.654308253294
42.852054358668 12.332055978215
42.941523287905 12.634810149055
46.88365157921 2.8666931799924
42.400682280979 11.931036033191
43.945238667862 12.289733418424
51.195365793628 8.7987569048064
42.408946653108 12.506036842964
43.605517193512 12.813818553863
41.876062152405 12.481644226483
43.479811873997 13.422074718153
42.651228090607 11.891545483813
42.387170243278 12.71702035552
46.001652619828 9.6890590298404
51.318784309234 9.1281400398017
50.077341534233 9.8593937246405
51.587555368006 -0.50878779758642
43.198596665749 12.216929168097
38.891284577032 -96.172964532475
47.732018419257 -122.62875519815
43.673052152022 13.073960449602
46.225195683367 11.792276539443
52.496408737263 -0.2941136124563
42.245965963365 12.588674484116
42.309738894624 13.441074033029
42.517832561193 13.161830377396
50.832626594153 8.5072757450432
42.265124824043 13.137503258503
43.753488932177 13.576976469542
42.668897556474 13.004656557017
43.719214090036 13.008933322529
44.521386291377 12.963640732898
43.308193245136 13.50146724542
43.087461108869 13.347244212121
42.568747615728 13.454211052274
44.245079310816 11.189059817504
44.766303107243 10.822011170314
42.561079523343 11.906643250469
43.635345036015 12.575714516277
42.585522624958 13.54494991926
40.688764818563 -73.439222681384
43.587303132579 12.211290039242
40.286861229585 -74.068782182751
43.678226457314 13.24983124309
42.225219646595 13.073488200139
42.939860229839 13.290593228459
39.993393303124 -74.86366876513
42.016970086872 12.35622915132
42.241513476375 13.449160104382
50.665536193487 8.9737577112269
26.822673148376 -79.244283952674
41.941095432726 12.533590452084
43.008632014531 12.371101077374
43.436971487702 13.636095710882
43.160715132582 12.935744537963
50.494968369368 8.3843450734319
43.513703317176 12.393585293758
43.728201733797 12.918007132114
43.123757869084 11.939834639889
42.152613662741 13.441430147964
43.554580084793 12.282622127481
42.007446671861 12.329629340384
42.558446178028 12.03319962792
51.435682735143 9.0945430333235
51.224155816587 -0.52485643589629
43.787519030661 13.119713966811
42.241156558174 12.659735074129
43.486279964229 13.820842298151
42.619674294565 13.168786309293
43.934596247799 11.18638138631
42.849179956547 13.513055483605
42.342903524352 12.265976338327
42.238486581148 13.431950618735
43.405123531562 12.371157272913
42.112808205261 12.711902405022
39.990338853708 -74.672457478919
42.19148293428 13.285108400663
42.23524858769 13.440240074641
41.621071615334 -83.336767088986
45.025391436124 10.841576728826
46.922216045634 2.1222567838255
42.380262626533 11.956931356342
46.749900882111 7.8585897797526
34.287434445176 -111.28152173865
42.91021148179 -79.963811185522
42.472192905618 12.432213607932
42.36341434224 13.010658620883
42.237172050999 13.663309183302
43.5587045935 13.007965161024
51.648076015594 5.1257072870506
42.294046079898 13.188379388411
43.489545990962 12.131084239192
43.719153288176 12.98839768117
46.597153489081 10.730683693909
43.45766892587 12.030411840452
43.620870771662 12.002864435803
43.608266731097 13.16666033967
46.8637397433 2.0597678465116
43.616482441156 12.755337599572
42.856543264306 13.705705715693
43.454881409882 12.303216114337
45.687310404072 11.662036384139
42.4642088546 12.632608162089
41.947155143596 13.795990066994
59.615904981092 99.89418273973
43.580166795117 13.753667530044
43.704558206466 12.55196068371
43.694289267407 13.530545844499
42.294270130498 12.22729675531
45.028178317045 9.2178099317769
42.311644319145 13.174980231663
41.894545519536 -79.219218123119
50.91800259143 8.5968940572799
42.163097416613 13.455889227568
49.037756401064 2.8169481173912
42.947833013718 12.264723237748
43.325997925071 12.767191664228
43.44137198035 12.774080402134
43.486289881417 13.181116383162
43.782544592315 12.25717011015
51.369163919412 9.0577606400744
43.020711984982 12.710011392718
42.507415534254 12.226580677215
42.832328317164 12.482301934868
42.302673822431 13.468081245438
42.46772323433 13.74461682783
46.808765484397 1.4124295694811
42.887244281793 13.264952860451
25.93485310017 -80.428316288637
42.238231199925 13.306488610968
43.75130419703 12.694112425083
42.833390379268 13.73952513085
42.748557902311 12.687765310394
42.961333097427 12.909333016702
52.39520130907 0.55456663968255
41.899325751674 12.477720366103
43.457676762018 12.51251296725
51.292134981273 9.5766459314975
43.428990677686 13.339495741476
42.138582503509 12.027243231923
53.221907743356 -7.9404440936355
51.479729274511 8.7298562590637
51.486758535023 8.6164461968543
43.490866708353 12.157134616376
43.898920041674 10.727878089237
42.492703521875 11.866316382732
43.017086990672 13.786404705062
42.189027813372 13.174744836623
42.588516789318 13.221750199919
43.200276285524 12.20275944576
43.603623396553 13.085257579633
43.00827730077 13.437683170886
42.676078786944 13.139472608075
42.615345331216 12.497950899202
43.58315960999 12.88035721049
42.043562675868 13.112210832609
42.502338371495 13.254829994077
42.707981101122 12.668403691944
42.156123597734 13.680242964404
43.437310343833 13.106074035238
39.044385756453 -104.78337474663
40.937575115945 -73.635147572457
43.399289016353 13.158920433933
43.262092554154 12.329444521281
42.022190074002 13.14594542244
43.385840364467 12.868626804051
43.114169018883 12.878637883311
42.95263720164 13.581437816204
42.616347797523 12.417509744625
50.081142553166 8.9100861758506
42.745767963021 11.892311539472
42.139471938454 13.281727277826
41.092926673786 -75.153789663425
51.098665213025 -1.0129881380699
42.998629754895 13.514435824267
42.551499230599 12.328448480635
51.803929970974 8.2705368023694
43.220334335354 13.083940536775
51.631998959525 -1.0894400217568
42.786989370283 13.49401823177
42.782591111412 13.763672395986
42.996547891778 13.711952365356
50.535470975347 9.9066915232254
43.280718163739 12.624038834436
43.381859001437 13.355328089278
43.712621640301 13.128464228554
43.050763838969 12.772005415436
48.113044169807 14.668967273186
42.258935808811 13.755996545684
42.339743079797 13.763364695389
47.663583141129 7.9773073731816
43.406323246868 12.491456651844
43.722562767923 12.037900107951
43.394310109056 12.586116452995
42.232991442679 12.627352556527
41.511614646571 -87.966971254617
43.279640886153 11.878489608375
43.07698607823 13.459088577658
42.8669692664 13.243223332469
42.736901159762 12.433874245956
29.908589169557 -96.074868423726
43.403235511132 13.25418077656
42.847453175994 11.920284014179
42.882486661862 12.276242724304
42.173749000402 13.67304805234
42.651326362834 13.30332035867
41.983040781705 13.23578918133
42.117380062659 13.397623658386
50.080711827651 9.3870393374874
42.603739229333 11.978520404093
46.710708314607 12.343308510118
25.951025143226 -79.759789784137
42.044567522635 13.771478999321
62.439681964666 9.5503027749016
51.865732507485 4.8691746742088
43.042016339529 13.812092934669
41.998155469561 12.646456246586
42.063673277902 13.795029953048
43.791205582598 13.79626366675
42.290243675623 12.383820985178
42.201169759615 12.886355601685
43.130077950272 13.234184999149
46.495061697089 9.8973048149363
38.370753584776 -77.283549997116
42.573936778409 12.232928237076
43.057845479857 12.498958281029
29.806309125305 -99.103962463403
52.783912963366 5.7711656834097
43.524722021338 12.191638868412
41.914455948844 12.975662309686
38.166910295627 -77.423966515966
42.801215349159 12.098009421091
43.197942275201 12.349842242615
43.131083396811 12.995587960836
42.759742423801 12.180691635807
43.828172678069 13.294101699413
42.051887992349 12.400488790332
42.91378663944 12.316231914964
51.570442632339 -0.019777624462623
43.141848548403 12.871890432163
43.206398929121 13.73831421965
30.208943097958 -98.785114272425
45.438984030617 11.219314974507
42.124774516174 12.366586529376
41.541421239668 -75.326459893775
42.298220863726 13.087095222963
42.031784670463 13.121512258969
42.21629191435 12.204322701902
43.231149622833 13.107741230239
42.878031483816 12.804354992159
41.87851608867 12.739147626229
43.278113960905 12.468087093212
42.637638821119 12.609215109448
43.082760229301 12.446003915971
43.244887895552 13.114597231224
42.761540470089 12.753604140039
43.607715572069 13.38292514739
43.5107416285 13.526697879458
42.579343725752 13.636533584297
42.103711356478 13.579695587337
42.381977552747 13.500401906458
42.346755836341 13.612242003278
43.383486943053 12.097754740688
42.979050750855 13.473123607001
43.759849656282 11.964054755871
46.516605610664 12.107190849705
43.024110103058 13.206397913048
43.722860491261 12.563824045755
41.717295911649 -73.718204121106
43.138580476019 13.311713656577
41.550704747381 -74.325978290107
43.176764649442 12.459378983595
45.838441123179 1.0419309335025
43.254955894453 13.611363652934
42.733030388494 12.356032804307
50.981251963871 8.8262513814616
45.286396934344 9.5666120461964
45.651230730441 10.837333532578
50.266780663872 8.4555070025174
43.666914310638 11.865904844325
52.630561750676 -8.4679737540278
42.138819404498 12.97347902554
42.689251336145 13.02375155318
40.614971634729 17.114792247638
42.664379598438 13.325828498402
42.540676666231 12.902967526088
42.774571066638 12.758449843993
42.377590563811 13.292507429764
43.087774758755 13.676750346889
43.80134067817 12.22521415086
42.184136134213 12.203431042493
43.712027833684 12.210198055606
44.671196496476 10.594853773289
46.709617910771 2.0400259061903
46.584192854624 1.9259711876167
42.860179141585 12.621063688149
44.43986827258 10.140976346538
43.247992207898 12.148857876749
42.201582636333 12.233950384091
42.463508611316 13.429827793722
41.848157888694 13.024757460258
43.592558873183 13.091109019302
41.93426738725 12.978936219133
41.899453804802 13.349442568326
42.326001131149 13.129520298529
43.532876787976 12.455060044536
42.231982426381 13.169334310672
45.629743151823 7.8339295318764
41.931269436132 12.699170881298
42.952335263136 12.239296517933
42.606772647543 12.542647227919
42.999530470485 12.291616917279
43.138273073911 13.82471103867
43.138816421937 12.47301208252
43.035156366453 13.209260015401
41.868794979488 13.66431942522
42.896249853513 12.287729818063
43.822860677199 12.140785240189
43.231559158432 13.777817288797
43.17099357779 13.305106500792
46.857855630625 11.891959406918
43.575170260212 13.312260483558
43.263405316653 12.415529748174
45.383347112864 1.1596759106776
42.693583829672 12.835916848332
25.589852418077 -81.007895293925
44.255267639437 8.288292523794
43.516990220902 13.221343991471
43.212876988396 -71.100322512697
42.613983541568 12.628011472837
43.660609315478 11.943602009205
43.317783292086 12.264889749843
46.947338115399 1.9653651150714
43.528588581774 12.548991349802
46.682317589262 1.0762167722342
42.860225470693 12.871616463604
45.012866486822 11.660467279123
42.167672925728 13.379480672267
52.388766748313 6.2173034797736
43.664132095738 12.954071103595
42.273350906707 12.277929691283
46.076725619415 2.4489763180953
42.584217316298 12.933489884706
43.462783627914 13.369789992187
52.628933506612 6.1347156769525
42.748394144137 12.056884579408
45.512590220311 13.69989853901
44.826196485353 8.6647737034898
41.85523706344 12.290763667941
34.241504244658 -84.887564622652
52.196337318605 -7.9609309797925
38.882408030742 -97.203456854542
43.480939416925 12.275071181972
41.930208422698 13.001553416274
43.701462380726 11.515247334754
45.101601765073 1.887755826529
41.983280571191 12.025588413268
42.354077437147 13.601586813874
41.931568138291 12.665677620429
45.278062920937 10.029443539856
42.098359912701 12.67334838245
42.286618265478 12.750392271111
50.867655772654 8.4267767106308
42.734335024738 12.804006691021
43.202184185501 12.984816124677
42.670187435446 13.120726715385
43.830902276503 13.291430090711
42.496507950845 11.88701885563
50.665965481971 8.345269014754
42.747918623403 13.447446942093
42.442961444374 13.527997501927
41.996790523195 13.584749002303
42.796979263351 12.961994851477
45.784010000892 2.7795454206781
43.656515874761 12.629439961945
43.104540553479 13.716259702929
43.326186809862 12.488800516135
47.741799027028 8.8649181732487
42.183733445699 13.001608158949
42.725404161853 13.579932093446
46.375121818099 2.972780499129
42.401753139425 13.729522746417
43.659797520705 11.874276601206
43.061106424363 12.387704612889
42.992378648854 11.887790684557
40.521399468256 -104.05106558036
45.605445798277 9.0659495570748
42.597085047812 12.396552746855
41.923553617657 13.712619397211
42.296298935703 12.482661393717
43.71999192972 12.199427908866
42.862313203936 12.827142744731
36.835511488904 -80.749603165829
37.186257891119 -80.448171735185
37.613873713611 -81.365592504722
43.32436440886 10.534391078045
41.909213702173 12.909436555558
40.195102907308 -73.442815505205
41.88474116052 12.460114626915
43.8034731135 12.024324979665
40.531951933567 -73.727766742469
43.287907951201 12.620459966671
43.637240742651 13.294878525352
42.070493360104 13.376818318116
43.547560324237 11.893616280956
43.43534145806 13.607136506891
33.932180103071 -117.43140086729
43.731663272146 11.841265191737
43.28588564761 10.335916298947
51.822543127612 0.15556946585215
43.267021265958 13.431257261185
43.077930984145 12.673944953698
43.255263195513 12.111933756227
42.503370938147 11.933954425612
37.134648777652 -122.55384631731
42.390783614682 12.96258779569
50.457463159905 8.0023688911471
43.464046285725 12.94923834875
41.901601179478 12.513365811928
42.617947697483 12.55696272133
42.233049731365 12.738445589218
43.137671967588 12.500318177764
42.836867557784 13.606543171523
42.893215008983 12.914498275593
42.382633005934 13.198256289234
43.546131580878 13.13678949195
43.125703868396 12.832970108319
42.305038913316 13.831328832953
43.033857088573 12.299985707898
42.376584885373 12.106871113252
42.345690084803 12.623239342434
42.282378770564 12.368841002422
41.8422650224 12.898436397288
42.876128224619 13.246866072198
41.745645492825 14.534645504518
40.973835594148 13.541196427977
41.091028555013 15.026647211482
43.123278319914 12.955628612079
51.355223626297 -0.34118334550931
40.761039587077 -75.077434068629
46.59206150686 1.4264100168023
42.505632494367 13.076171125342
42.619976129693 13.21604094294
42.673961574547 13.238529591022
42.064548641494 13.246282572994
40.720637943152 -74.267912281002
38.193457710355 -77.965239024664
38.094676007735 -78.00956388699
26.708932767004 -79.793706002359
43.161348196308 13.76949844361
46.311435780429 13.044248959432
43.2025951409 11.952991768251
42.96085181041 12.427429081626
45.562128194311 8.8421470984547
43.625397125571 13.611227726869
42.203441520803 12.08734600485
42.303675117599 12.300540419922
42.148447142073 13.404663712927
42.754672606848 12.374488922963
51.230061744447 8.4519889771249
42.969417450956 13.685428924267
52.579224541036 -5.2630297681323
43.261150248026 12.487539786628
43.157742185613 12.666276226151
46.10679050959 1.2126386366843
42.201231464858 13.682510962583
42.671394098884 12.100910789867
44.89928697769 10.495528478313
43.43316409666 12.763077140696
43.061228693047 12.510671861729
43.824249250288 12.611885183331
46.529158618548 8.4652814434214
51.171014599789 8.6669704488535
45.431249954636 8.5337031013279
42.936647863584 12.333663556436
46.805356303605 2.3945282075529
43.438381983192 11.96561402828
46.044214796899 9.2884072791521
42.395504872985 13.347717158214
44.727030123594 8.7177943388804
44.183486634506 11.80469316435
42.601779756437 12.384432401708
42.237766253894 13.052589189307
40.658613593816 -111.71421998712
43.711084812766 13.387801879287
43.25591581422 13.186295433543
43.100126664222 12.417391274805
42.156795844064 11.935756459823
42.941284603899 11.958878691776
41.878329897729 12.406860886352
41.941445338068 12.132205837489
42.961102623961 12.807054985711
41.887125712788 12.455646906747
42.50277576947 13.15273817731
45.556408318976 8.4599908077437
43.678176259493 12.058792802088
59.184197526977 99.297887483285
47.985155126073 7.4589017263888
43.141907565848 12.826978091091
28.533799719788 -98.871503476487
42.577740278385 13.830856635643
53.378000814558 -7.0214364480971
43.371105672054 12.706209003344
42.499610850841 12.336052309434
43.459147823278 12.116745653638
44.896743486052 8.7449085094221
43.680717812723 13.489376463245
45.415174693063 2.1986668860534
41.868031281937 13.319932285866
46.648642093245 2.8013301160193
50.898610918735 8.0239117425046
42.570606068063 13.667882828374
42.075912995786 13.438028814496
43.70214733749 12.83387146186
42.86714280672 13.088419586948
43.2694020473 13.233781157657
42.007843044611 12.845552043938
17.6283293978 -64.777419393827
40.466086583581 -73.58985017141
43.039088837842 13.044030426577
42.11401226798 13.038206869309
45.707940230709 11.979812694213
50.266952363898 8.4633645152037
43.515332810376 13.770441969305
42.314638444856 11.897183071795
42.627167509716 12.313373374454
42.846145654512 12.376393235951
42.951876156962 13.296604007176
43.277075736933 13.623740335772
43.314448773563 13.451467749894
41.690357004288 12.068395715516
35.921713728525 -78.019244720809
46.559825730305 1.4354645788835
43.828515737259 13.024155803988
50.604760008235 -0.26346423232861
42.759021967093 13.674052038565
43.39604120303 12.384845385062
43.118053405622 12.676733157002
41.872377788144 12.76962322314
42.589212656782 12.780090574559
42.13281356505 12.966863799846
46.085523699476 8.6035147085802
42.225516084708 13.643707413081
43.634930056836 11.922533968448
26.336999800196 -79.204055370202
43.576119454867 13.308855750763
43.629605670774 13.465227848157
42.172791922566 12.193741204794
43.759267089797 13.089613159716
37.158471993627 -121.53603547387
43.521638358741 12.551568551733
40.207454743578 -74.185669709681
42.08685803047 12.626282209377
41.879764807376 13.800154294747
42.066581791319 11.923245441154
45.245190573505 1.3032067824636
42.191949668916 13.302363564422
42.676338545383 13.809726070079
43.109071610102 12.602725676563
43.259298553832 12.265948688756
51.914059995634 9.8675338373834
38.631575231269 -97.714888041706
42.01405121156 12.325691995384
42.427029095344 11.879227450548
51.143456965519 0.31427491279518
41.930151707481 13.646460313206
43.001606239959 12.873970900159
46.279517153804 12.220546484026
42.791873493156 11.997317689956
43.090140574209 12.680298889859
42.216629161156 13.586894796524
43.626576158997 12.294994242648
43.058025287047 12.418209195818
43.192664905096 12.784362763087
42.471887480708 13.21194055409
41.920675127751 12.865404260769
42.16242263243 12.380365967949
42.307670339175 13.156647936535
51.979684543321 9.3159836024586
39.991054597458 -74.026932398467
40.575410633302 -73.756522432453
41.70648305073 -74.50660919947
45.5400851472 10.163424132375
41.948125495572 12.286609484969
51.058630000594 0.35323648259195
51.746043558114 8.1568373158373
42.676936135964 12.40500266545
42.610227863144 12.429887496156
43.306305970229 12.614395887898
42.260176763546 11.90835982233
43.382130940341 10.181737313923
46.433425043937 8.6993684028738
44.065179235612 10.72426666006
42.241141753405 12.678836638445
43.349924206452 12.476346772873
45.455386604206 10.760664962375
48.947747713003 9.9946119699114
42.655616768496 12.895391397616
42.307798488696 13.088888725328
44.280530489038 10.715156824291
51.561325939866 0.0039204502915638
43.764144598883 11.983455915949
43.143216933677 12.823538881665
48.303234069982 7.8015983231558
43.038307898251 12.727864011085
42.611005148225 12.22662058625
43.719405867515 13.400064415971
43.359149332347 12.924364381921
43.791530033963 13.276303570402
43.690374515362 12.971689857085
42.149825756063 13.074438673965
43.805211293441 12.212531737172
42.334339263094 12.434646812491
50.539115043608 8.182832511227
44.717451801064 8.6092812027825
42.947750961405 13.654379207501
41.871314750945 13.594328344632
39.8818108012 -73.477282095123
45.112209161305 8.2211830958567
42.848287365815 11.942764252884
40.960453888587 -74.050604423795
43.718862714602 12.521079230852
50.42041980681 9.3867310427067
43.417918282311 11.967561379081
26.256494229296 -80.909299584339
43.196288590898 13.431236456836
50.469129888094 9.047411102358
43.779917064973 12.96911132802
42.133869664361 12.615582222892
47.049237026856 7.5788527357294
42.893803487969 12.003873586212
43.595296878666 12.871664547323
51.074786199292 9.2666591248785
42.230396040844 11.847500203593
43.787521647677 12.304516668594
42.145062331199 13.699101251431
42.516742958483 12.958457724659
43.738736993998 12.499843220015
44.213059353599 11.465230713533
42.099437392384 13.651400789477
41.933901451053 12.76915377882
42.033188158217 12.097804235361
43.606770683384 13.716256840043
43.080813076406 11.944831014606
43.587897162714 12.401089446361
43.119943863789 13.631449723
45.348857744012 11.369629695925
43.141732948454 11.919078320714
26.015630965111 -79.383732108853
42.792890547234 12.601165696348
43.398172572927 13.524184514568
51.400053217262 8.8406500769037
50.434867683535 9.8114218319819
42.866434961051 13.206654405804
43.148860634395 12.058001801885
43.748146382996 11.999888238052
42.127878579392 13.269585235191
43.789551520177 12.564541606051
45.153745643049 9.9220852742285
45.054786213233 1.2249005018849
43.238658172211 13.46266446845
42.130410147447 12.952807123772
42.962330736223 13.176642181921
43.163552728113 12.226625331338
43.067065015953 12.744455996803
41.46770524224 -74.207639292576
42.605570630008 13.326477972964
42.252522697345 13.014269214617
43.803539644391 12.972218187068
41.45144780516 12.331442623952
42.758320218326 12.335042938767
42.124660755587 12.850119057994
43.428092747681 12.328602844558
42.397941034494 12.647475028733
42.816696602787 13.595345579386
42.105904741283 13.6607919334
46.596187918538 11.360097702434
46.940534170224 2.9269335632804
43.787364389204 13.735649502734
42.363467016448 12.815922769653
43.547544835812 9.3262706912944
44.601926599865 10.668355022426
42.076765625329 11.970963628039
43.224798387974 13.459219237093
43.314943466969 13.094550489979
42.629791262874 12.639919035921
46.320758153834 2.3729835047261
42.462908403253 12.314736318011
45.078836260493 10.603625417691
43.093188286358 13.234372776598
43.073120179641 11.873937733899
41.91978712844 13.692032905639
43.613329571513 12.392878908402
43.278385802788 11.864276028196
42.587720722255 13.46363025648
43.781867409044 12.896400571774
42.482717493329 11.966396802576
41.960265516306 13.000355252086
42.367826953723 13.483298307996
50.857789988098 8.4775870351482
43.190451571828 12.650572682123
43.91420016769 11.112485113515
42.239617786037 13.049330561
43.666499168478 13.415649853396
38.452151033118 -75.783827426019
45.685819163307 2.0760156992246
42.20895311481 13.689599767204
43.792826570961 12.779071716976
44.421312080176 6.1716096684171
41.991145077178 13.35391604267
42.185762785483 11.925737267812
46.757876876163 1.6944468797624
43.555133692268 11.873196878432
42.502824654127 12.219323304139
42.789844374096 13.581116156944
51.139028740646 8.8679027719739
43.451109048676 13.692461891909
42.120729239735 11.897251800607
43.36188799674 11.835709867478
42.749146894922 12.522173770502
42.685385003095 13.414934202312
45.591578929986 10.042676152868
43.344154866594 13.47717281595
41.954661532305 13.776403813074
44.843182722311 11.928803590347
41.869633173996 13.461821632696
43.222715251272 12.900885206622
45.884438582202 9.2244484543914
43.372000293535 13.385904825493
42.568679106708 13.556678251178
38.533976854796 -91.364781902951
41.840186058956 13.615113088703
42.254113314347 13.080622871931
42.158553253488 12.600511074367
43.641638586617 13.364363454007
42.481228799804 13.774318552026
42.336460898808 13.655446632626
42.992212824075 13.383224805085
42.57590632449 12.252449352433
42.035338459574 13.657588904585
46.80013326416 8.7685535956493
43.634191581364 13.701210157362
41.089551923512 12.275858129315
42.908186114837 13.76854763963
38.851127275729 -105.39704950119
42.811080553036 12.019577282045
51.371195981918 8.5800466600713
49.0480551081 9.9736736588989
50.24220208509 9.7058932598242
-0.59816541876558 -0.60899780160235
41.8966547162 12.067242223822
42.758959673254 13.141660890629
42.620632602678 12.846139292182
42.577192636031 13.241215770732
39.951200217138 -74.022104842264
41.959892836867 11.949024644678
43.012562570189 12.983808912816
42.208895409598 12.682755743492
43.17582465672 12.137742753691
42.488533041223 13.360867551717
42.274542098082 12.358418351693
53.656147694986 -8.5220544079887
42.621170020041 11.924067795262
42.401194829236 13.539070453301
43.366385640302 11.85054567172
43.420051043138 12.844841704187
44.70260518778 9.5414546150441
41.96311820811 12.494028691919
52.728703769496 5.5143679346723
43.264224961078 13.51423957318
43.368485068629 13.355444335565
42.630573668832 11.957708336414
43.027019025792 12.786810914908
43.946031662631 11.055281805969
45.164568947705 2.5194260317457
42.178850647632 12.065263186633
42.736240623883 13.269828953927
44.285089670072 -93.467481988841
42.126686965661 13.654847741453
46.385342196508 -73.174494520514
42.323920467575 12.575938499356
40.278136948871 -75.079601806757
51.098183766286 0.54061156950454
40.78162472281 -74.767521250551
41.260883823776 -73.886687783137
42.448455190982 12.579450562887
42.141061143571 13.17065458522
51.854755910977 8.2125100112578
51.654948487717 8.8499193488853
52.23097936098 -0.13681004347596
45.263626780973 10.551684416436
45.447959061944 11.014411512583
43.238580207473 12.312728765587
43.136311996836 13.572919772485
51.881476595011 8.3365119967314
44.858855332208 10.087937511265
43.703205651486 13.343437893497
43.241224535409 12.120551786463
44.643278220898 11.457777876478
41.85912063434 13.7188121992
43.390429003833 12.91604763221
45.453881119149 11.093539684563
42.436616829821 12.562814536322
42.129939331289 12.802334965136
41.899695959848 13.542701206444
42.402204490941 12.568990780327
52.140244996008 0.53826380028775
40.460575291708 13.833427486605
41.843864010595 12.356627395098
43.266620683163 11.959903956859
42.071405503487 12.21918776178
42.428160601982 13.168265774945
40.946499721354 -73.050607663855
43.236262186561 11.846780090542
42.367988779402 11.93236162885
43.162020343918 11.833713218513
43.378938021336 11.89261147377
52.178333895597 -0.19385485644631
42.358767125478 11.943998869503
50.726999509487 9.5348283585789
42.071469185928 11.932480856766
43.622347942864 12.699778895706
43.015404428849 13.716489494202
34.441059049703 -111.86504340166
42.961920321922 13.294759897208
40.565451000878 -81.908259798285
43.425664070282 13.084736005464
43.746378861925 11.979452731032
42.051399090372 12.692877186806
46.609801783045 2.5062041447992
43.416204471822 13.654312274744
43.387107700776 12.658367364995
42.868803742302 12.386222147118
43.620210499813 13.208558241489
43.510025726424 12.756939966605
46.057158907436 8.3893422840113
43.455634325045 13.261512291295
43.441661338549 12.244830543776
42.705783357262 13.242334770173
45.422959177882 10.689032315528
45.267960278468 9.5260339397593
42.303925660601 12.497459604658
47.201373306895 8.2323073501103
41.870222628543 12.524672665433
43.758672747204 13.017556722771
41.84471387411 12.764558267225
43.4238849182 13.657577410202
43.488780269648 12.449924370039
43.058081535671 12.574166018339
40.186804488373 -73.586517724063
42.395858030972 12.957651592792
43.204810740543 11.892366956425
52.276274507761 0.74217746389666
42.54690380422 13.548834534173
42.251872956891 13.610829891477
40.979876161055 -87.583076473387
46.103991685414 11.83117915256
43.091618999437 12.145949880216
42.597086258997 12.526339707231
43.638716489861 12.311192076354
41.934196712905 11.93448171624
28.958852442259 -95.80821434141
41.952989842276 12.833579245433
43.078472545428 13.651038819783
43.568327965035 12.388121156689
42.925972160404 13.418820604898
42.010604178093 12.68892719072
43.083464646772 11.945435044817
50.706292501514 9.7680049374551
43.774147611959 12.374251601947
43.37632439212 13.21049488534
40.701716278227 -74.256787660783
43.660983422169 12.063061247164
42.569401636075 12.772760448427
42.118646964973 12.815363623137
42.830791110115 12.53834224892
50.309864470879 9.4320644552037
42.629807778017 12.907486678545
42.338901464075 12.292608024244
43.317260902544 13.285602118974
42.15290664425 12.24994925237
42.142264959024 13.100729363573
42.768188820599 12.219388668549
43.048971757802 13.320748194291
44.849561228719 8.7065402808141
45.46194031437 1.3248547875904
41.846734755156 13.025217926628
42.228124664758 13.344450608543
44.833914687661 12.616796863578
43.746648135032 13.70025928586
42.687022294259 13.185706693787
42.549783354902 13.752968280482
46.216858744184 9.4303652814731
43.541729699628 13.634681362044
43.785268504094 13.067289476801
43.556011501048 13.047076041387
42.747549430371 12.325352782556
42.651336343352 13.053907086188
43.457238283708 12.884326723837
50.478481638468 8.9682030947731
43.294290233561 12.82145131606
42.47532717675 13.216103521297
43.829835832992 12.271441744322
42.804607719579 12.889700324244
42.723329503447 12.436842598711
42.686328928327 12.766650436824
51.95386165518 8.4413988112665
47.173601863521 8.6249488446046
42.143228530971 12.87492517611
41.846922077654 13.056105998858
43.225986638698 12.878575773408
42.466070487868 13.713032808042
42.82811227109 12.848989596541
42.97435597145 12.175099845613
42.008164152528 11.85976899178
42.577682382252 12.611005736355
42.53091006846 12.626392869126
50.384220448967 8.9928937153858
52.051418527752 5.8200713894656
42.612000815411 12.562934753303
43.702935784938 13.722924131792
43.635381756202 12.03189269876
45.372206518507 8.2886890630628
43.502760805445 13.547039842043
43.43565582227 13.715609653276
42.829117423331 12.447131258665
52.135311599651 5.054013297569
42.903181993844 12.221566047178
50.854840051082 -0.34533931662111
41.853274720674 12.029287339223
41.905147252581 12.396139634047
51.259984787209 9.5030608375105
41.865118998061 12.233521724715
43.4186899436 12.913904305994
51.853604197434 8.7823954703204
43.257639479964 12.569829958312
42.974297887846 10.60566190973
42.699840755549 13.141014126216
50.576285612572 9.0935735707607
44.553321788371 9.9611576648248
33.369760678036 -118.08171716598
42.5046143702 12.71274371527
42.285777112158 12.909811383092
43.359676920255 12.241538794311
42.522752608437 13.591352574824
26.472896573337 -79.372803068703
42.242755870469 12.868100585841
43.568036556064 12.209789997551
41.200764233573 14.702060792245
42.724116679639 13.438866362201
43.782061340673 13.781339615503
42.382338960854 12.01125619144
33.071803143926 -119.06701144887
45.916685467547 1.7000555352774
46.392334197365 7.0918661603201
39.729192740158 34.154932580029
43.711369001659 13.716065560356
44.522762895503 7.2917311674667
43.145999473609 13.503061294345
43.233125349636 13.028324369841
42.254310790123 13.061578270563
42.039813960476 13.425788704525
42.275714139138 13.719230375609
50.826713202441 9.2890289664683
41.204786963542 -73.449331523726
43.805617107475 12.792458518798
45.428008958431 1.1070174724362
43.821857760598 12.257385220054
46.8680741018 2.0564440647403
42.425067641991 13.811673524723
43.144182321238 12.731898723998
42.381497421035 13.825311621591
42.069785854367 12.430601845251
42.73296010577 13.440469431917
41.932098212176 13.248234309858
42.337424363188 11.851728493765
46.365071320145 8.9392941379637
51.276168895548 9.5360576997213
42.559640386423 13.319582332095
43.133872329806 13.537881554376
42.284057175428 12.200921459238
43.212472736024 12.855718582357
43.737921215493 12.736295376803
42.925161292297 13.248344417798
44.943809101427 9.3241560076476
43.308398039245 11.898209695212
42.150886393709 12.475290592071
43.482428989153 13.677450398785
41.853456337423 13.400718851223
41.034956145268 -74.129147667164
43.546211733758 13.341649210726
43.712153719159 12.987435203526
50.772875029488 9.5995110080575
43.112587727214 13.120736895672
46.264713452295 8.7923682556197
42.26709005484 13.078664865868
42.054622395942 12.736253030962
43.010468694407 12.901004724645
41.469740521533 -74.18240609973
40.028134621845 -74.148386394806
42.431858856919 11.982575539047
43.739643239782 12.496523973319
42.723558012754 13.006359786751
43.187533596639 12.41856535732
41.895706712706 12.544309026836
42.745404663864 13.794304207824
42.586053068578 12.315341936127
42.769091326191 12.711193549333
42.170533768002 13.245790858423
45.5852188643 1.4126183881483
43.565911134989 13.609623631767
42.217930741544 15.625901820525
42.554475650936 12.404231004626
52.59048665226 6.3783033926172
41.203822268245 16.792525767068
49.456967116663 6.8525772289408
43.354430838674 12.417258049577
42.956077131909 11.925817714991
42.076577695143 12.345038173436
43.372881435052 13.055527485954
42.467232486006 12.66704158099
45.458848714062 8.6004098981178
43.525208675102 12.548468420093
43.314223470334 12.800858498945
42.640080199896 12.979414347571
42.287613654198 13.23949087145
42.27887561653 12.06092475965
40.52030939881 -73.823329714176
41.086128214566 -74.112429543582
41.904205636098 12.04550860873
41.960861972536 12.87827843331
45.351246908238 -74.218345332199
42.672364094396 -82.541866481764
42.276424866785 13.750094376409
43.591246458998 12.099140222717
45.908021868445 10.861562000265
43.721499198939 13.715194264781
42.797652653345 12.955787747633
42.845416290635 13.047251487194
43.053484607999 11.862678006714
43.744984950773 13.312322076577
26.592834324835 -79.153892867148
43.248898936107 11.872390113733
42.166353232326 12.56476583174
42.241501468367 13.41410295221
42.013140672379 13.122633931305
45.542841117523 9.1397677284851
42.29713917819 13.478248560114
43.737972601216 12.541373778408
51.532487171019 9.2228193665961
42.223010401366 13.169456010319
53.853963117513 -7.7437394213601
42.202591177191 12.063955557118
50.930064552897 8.165565093125
42.927103441661 12.292962081888
41.870411355475 12.211753632993
45.254885663687 11.342094180525
44.681897503057 12.543512227292
43.451725157675 12.431250495127
42.812566239786 12.912405403777
46.511082918153 10.639980150594
42.170891146742 12.069386436657
43.245495284112 13.349326287114
42.309468170793 13.222655766303
30.042714286158 -98.016367444338
42.405475112354 12.167019851605
46.142601240493 1.0841140370276
43.279523405863 12.152446883357
42.436900667605 12.955014042556
43.318626685703 13.223612661133
43.752788774575 12.282506467927
43.763407926615 11.382657873948
26.357219332047 -79.909783100477
43.240482585638 12.566844996816
42.461468708937 13.362221671924
41.844758823163 -71.453693493221
38.79020614973 8.5648303032712
43.140013276686 13.036655975078
47.95172944582 7.6291006822549
43.703822216368 13.661820098621
42.992847198638 13.495852333745
42.779144881677 13.366214865544
32.956215514355 -83.758210607599
43.640868859685 12.109130284355
42.970552976716 13.607185162442
42.344251936483 13.348262012188
42.050688906152 13.438260049319
42.266977104504 13.753019084129
43.304888214148 12.616478876984
43.114232947658 12.491179093968
42.713876709695 13.49848299592
41.075184384082 -74.353420429228
43.572785836932 11.913904480617
42.268388291036 13.486051218832
50.844740534129 9.2815273144662
43.008614131275 13.718283072469
42.221267620226 13.706133895438
42.591767202428 12.969113177627
42.521616790242 12.547760233093
43.594743432775 13.105851783953
43.348299902581 13.549937031509
43.143797881524 12.435958382898
43.180459838 12.151472592352
42.277279778534 13.341002244216
42.173612666884 12.149166120307
44.88240426517 11.264088499667
42.843228607387 13.677025858183
43.374658923792 12.036893166174
45.244667784122 6.8745231378495
34.792140739964 138.95075287265
43.167265975015 13.783305251891
43.319153016603 13.675559636075
42.638781498039 12.556783862227
41.963237305641 13.067875811883
42.481237913727 13.316729013977
43.416924703616 13.309704275967
43.68334625509 13.401448726396
46.006403311089 8.0057472603655
43.681523208174 9.2032634575145
51.014825966449 0.80567914466173
45.09427244456 8.7425702242844
45.623178801205 9.9664568470658
42.79765553672 13.473803565148
46.630209187435 8.1156317678353
42.470743492486 12.096679281975
43.5759593987 13.403390757948
42.029230173246 12.307621460107
43.593866974879 12.223297732542
43.31557238631 13.241989921446
26.399939974939 -79.671411743976
42.092941615329 12.892437997711
42.204615386319 12.041351222473
42.960370017684 11.947629103434
42.872924401387 13.481470561832
45.152170382977 2.178256355309
43.185055514905 13.493140443479
43.40525092904 12.929674087081
42.588078572244 13.698811360516
45.44247084411 2.1348548178258
46.244183339292 1.4317648608385
45.64151754598 10.563474664329
51.580206103427 8.4630165069657
41.929559187952 13.748076169655
61.697360040945 15.791494841125
42.10090097559 12.045626733029
43.297212133343 12.452980170258
51.402618795355 9.470022858805
42.525508667142 13.222288524391
50.828134116869 -0.76189789635683
42.529132775764 13.236977670473
34.467165290635 -85.039449399263
25.558868816366 -79.683011821599
44.060827675001 6.8587408779718
42.656567683305 12.998206729555
43.326175046326 13.270195411199
45.939714076461 9.2287201083399
47.754619759859 7.433544222933
42.158818593809 12.992875915504
43.299709334664 13.778557399206
42.043260155752 13.557042557561
41.963103583086 12.286716479497
40.195033332636 -79.807151110996
42.329734854575 13.67503169585
42.946108985688 13.155002978724
43.327351155259 11.667202566155
43.090620027918 11.874408711176
42.435717195031 13.665126441843
41.931886036404 13.652175014698
43.484336513807 13.17896872583
43.141957939224 13.07139208406
41.871363082862 13.024221389121
43.697559122342 13.617375632125
42.111676287445 13.7216712999
42.352709696348 12.142141290096
42.154708938766 11.842102986708
42.971038786702 12.762716504656
50.982548242427 9.5659963253727
51.857854124558 9.4402235697211
42.776772798422 13.174394035814
42.78133237226 12.177404545607
50.862272540276 -1.109655806897
43.820839499527 12.859419906467
42.403939766553 11.979599373892
43.253769061667 13.724572012559
42.19359822629 13.647889720133
42.094193299366 13.132505023003
42.458371792223 13.682215274185
41.938719470512 12.015636049239
43.189030510482 13.358724088596
42.795087987017 13.715471499022
41.986254890464 13.063729164707
43.731130543992 13.307254322503
42.58160171687 12.633234840668
42.412161139519 13.311356956305
42.164638395053 12.479216629883
42.692860436038 13.632890341653
46.377168160643 11.042515065541
43.220856330947 12.91907989884
45.754837864244 9.9430999945584
43.763241305392 12.037198334971
41.850586015683 12.417438104498
42.351887879612 12.255190280872
43.693414577627 12.349622092394
42.446372763017 12.221630086315
44.469894626187 8.1640337463999
41.923490790636 13.7909956732
43.517643597239 12.801645509827
43.826802083231 13.176126273918
42.744682238339 12.542383848497
42.543057228247 13.054741845047
42.104371058359 12.539829048135
42.753385136276 12.803999357787
43.643780771964 13.703460766817
46.276598855982 2.7165972938373
43.192782924621 13.476953181681
41.863757844041 11.912663113772
43.166830662737 12.827633471635
44.544287434076 11.593097035446
44.419111863461 11.585143967942
45.344607928018 11.8658444044
44.043971300167 11.555013829772
43.855006153183 12.558069612763
42.797873267831 13.824050312335
43.503491003787 12.160888528547
43.501049003986 14.229541158338
43.107927946445 12.27886750471
42.787713840526 13.581678551448
42.582244881255 13.013448640266
42.985847314368 13.443807283178
45.822704892337 9.2836670652422
42.701740706687 12.970082159627
61.621573756738 14.706535752726
46.960308673426 10.598691303629
53.414538325702 6.0227412266064
41.935087171374 13.254430454829
42.75892473981 12.691610397183
51.763996807956 8.3040961093498
42.916473402158 12.348497025386
41.863338220356 13.05865527834
43.439274118973 12.688813307664
42.265780790854 11.917422680632
44.185673037046 12.94715373451
42.544647917892 12.065399447973
43.474330710955 13.52687564612
42.043027749792 12.177948645886
43.769254923246 13.829999582784
46.225058800087 7.9058195837801
42.941572957666 13.509962141772
46.386002448474 9.0473192484804
45.253004638852 11.892101345906
45.618055447199 8.1565409551638
45.610948704842 9.7650134117855
51.710612911617 3.8400024053827
42.575307810502 11.864886729005
43.196826230847 12.256693723286
51.624067503318 9.3926230880397
42.623299809018 12.595706948843
51.068524083155 9.4515697590316
43.820845721227 13.335807287312
43.382220710361 13.173797327661
45.881681021739 8.7539823577525
43.385555143203 12.745513190418
43.728937349643 13.18730601912
43.231751102617 13.259476537492
47.546122027815 7.2084666193502
43.624154601092 12.467012471758
45.254213062233 1.0534295570354
42.260837565784 13.481522159896
42.809317391298 13.198074265031
43.176655785284 11.889642245571
42.680321451614 13.380197448854
42.790799466351 12.008165943461
42.754102190397 13.821074929957
42.537637307114 12.040404519572
42.568339069194 13.738025094747
42.41805418742 12.52865935656
42.221928698135 13.559045296909
42.378250950679 12.319103564305
42.149882822854 12.548098271058
45.713687225577 1.7530601614868
43.20534677303 11.982141806757
43.322904618163 12.406251580665
43.420127461415 12.549959485231
42.032372866328 13.348259311818
43.664020167994 12.529900352273
52.289005300398 -0.82210968198818
42.078376329096 13.747960685656
41.981026504667 12.022898458907
42.133463734844 13.092462454987
25.56494809898 -79.553266959798
42.362943007801 13.323674735319
42.370691378329 13.429404308775
51.448881480819 0.30415723575007
46.243047157139 10.439857269542
42.971098656774 11.949294937772
43.796511293781 12.782953843394
42.791158564313 13.372342936889
42.430045951379 12.03884338638
42.810743906002 13.10173409113
43.271923953349 13.27299308652
43.335331585901 13.066566535324
43.482230294741 12.242585773248
46.99183707032 2.4059950264199
26.953051107431 -80.503108961086
43.639780171534 12.56554171844
45.221386911916 1.0688869022154
47.798325930723 -122.78350294257
42.988517688137 12.93908847402
42.293043449679 13.409239660229
43.765394591172 12.100307265364
42.601886594504 12.493779452769
47.453116153366 12.577007623446
42.449470385674 13.713689486384
50.616746049196 8.8163711637335
43.081266488939 12.126667166209
42.156538199262 12.656030303659
43.447252977403 12.999516553732
44.529953363945 9.663826880636
42.6755564598 12.037082871926
43.344039153955 12.145940667573
43.413114365404 12.59212973371
42.811689921588 12.552981522678
43.514009768869 12.375208276054
42.046824030621 12.55043418966
43.042605467182 13.792459956295
42.348139043615 11.873325279876
42.934072749214 13.259900123954
42.595882481728 12.242513113323
51.919902016837 9.2616632102344
41.913356813117 12.052711476152
42.192721352092 12.905221836618
42.126009051302 13.6822044443
43.467845103942 12.595468515363
43.404489509971 12.778141389053
42.625107128951 12.743670324231
27.002858633625 -80.86694636776
45.165500684253 2.0060460399864
42.182664826153 12.092636013002
52.686889737699 -7.6919747538362
42.724882459627 13.546264925316
42.02648677168 13.399423070925
50.088173942216 8.282725840473
43.791027182171 12.575427437956
42.859884670891 12.303689570329
42.05111499368 13.257504441916
43.054810126359 12.932467372146
46.43278377663 2.0667425487501
42.910387023331 12.723105677296
43.577619660004 13.128631792578
43.479327582067 12.728034268028
43.683342794761 12.944145034528
42.240506505261 12.865281446795
47.331267928859 8.6901258652518
25.428394294526 -80.660894976115
52.225459170866 0.79958669268042
43.315285940357 12.316532889549
42.092469747708 13.816221536073
45.80690072235 2.5357871332838
42.172666919053 12.795278688818
42.646999836756 12.832199991158
40.641492214504 -74.944223352813
43.283468447779 13.211514452592
42.162025663167 13.277559259125
41.991314478701 13.616580804652
46.331103034006 1.0244957232031
42.662765566589 13.374076043916
43.069792194345 12.34901258554
43.520560180566 12.200101594555
43.486049856772 13.159755776266
50.017287097414 8.1464199610736
43.690677292522 12.641219362936
46.782694923125 1.6993428416081
41.949959823394 12.494747375855
42.795212767944 13.19207171548
42.168855757552 13.665364757977
43.105132631562 12.546547600344
43.604455754463 12.073481214288
42.734231222784 13.345561666596
42.889745408173 13.561906688664
45.66839859896 8.3524191028893
42.839892891648 12.12346995816
46.516961050714 14.301149766821
42.775508662137 13.38631974693
43.156414038596 12.325635673185
42.03345013041 12.758195605969
46.38677601304 10.082354056874
42.64745861231 12.571069884401
42.634143714644 13.129246443126
43.381693627418 13.288322501505
42.423876868314 12.902766220713
33.174570670744 -118.04961873293
43.71571752511 12.960719305559
42.768120795867 11.916221138538
42.694464402618 11.892666489323
43.09822332726 11.999580830356
42.862916931001 11.874041858557
41.969130786608 12.102283474127
41.369868761551 -73.847482680319
41.896059930297 12.895388525417
43.34711363278 13.692331256223
42.13356337239 12.951933461706
51.318853249922 8.8338631525793
46.26433254607 9.1384121237967
43.499202133875 12.757192193438
43.365743395132 13.451731603824
42.553649229276 12.926506952369
43.769098104357 12.291362238739
45.604731467764 8.3151625494543
41.862606260883 13.493241665204
42.629264814628 12.040449448901
43.674771937411 12.880046460743
42.971452946782 12.790866396314
40.092393548888 -73.565513679687
43.598264807203 12.442257507465
42.385030990667 12.863687231629
43.654006872186 12.756542443671
42.95323165506 12.959487831222
42.878551642841 12.912347933258
42.245193341882 13.523710352168
42.69250478723 12.048015315129
41.938480478704 12.921510456114
42.277992489432 13.152426543272
42.477851001789 13.109666654447
42.756288740226 12.052774358586
42.702918575494 13.185712275203
48.257411105466 13.953562094597
43.029641672072 13.541012330254
42.228667049331 13.127257397944
51.892593512262 9.6318694919496
42.759328528682 12.053842980926
43.796940565036 12.278340701164
42.693571340637 11.987205151949
43.718153775559 13.41302902785
42.331649722241 12.954132139217
41.945552922781 13.51977914924
43.585360599044 13.811341242332
25.02498268708 -79.375541229251
59.370794381188 99.153787240923
42.006127431081 12.462005919547
45.69329854208 9.2863256934711
42.114346535951 13.61005511957
42.020753245366 13.67275517933
40.05420112581 -74.458648424475
43.365625131601 12.931214672037
42.161612480509 13.151592054962
42.353308406378 11.907112721797
43.478388060128 13.244905774617
46.130292743158 10.175108303465
45.998256468332 11.783663389705
46.514238651734 11.219092057256
43.568944044697 13.534485803256
46.436595834648 10.137042846662
43.290466096408 13.750638627818
42.560005712139 12.81948741426
42.236985383687 13.558753193637
43.343838086999 12.584407429038
50.861218485218 0.31461188113532
42.146186781671 13.272098210322
43.701560095766 13.581546420058
41.941150743042 13.337609478916
64.629962411071 25.07203475529
42.270375573223 12.211344693441
40.035513684322 -75.146177125363
43.470876674408 11.973285043621
42.690832641784 12.346883078754
43.780094094959 12.108108072613
43.094733541431 12.120675059113
50.379225766929 9.0596543094421
42.135827443181 12.675196960438
43.17272915841 12.872966328132
43.276792689842 13.826133181747
43.05016816505 13.756001846307
40.726658952913 -73.499359183377
42.283920142953 11.918315628992
50.339770049946 9.5386833737319
42.960372643548 12.206041764119
42.124340472822 13.803879504022
42.760470040052 12.90427198864
50.91840461824 8.2201363072824
42.473265341724 13.578318942629
42.822340585695 12.548691115153
42.935577963004 12.766474566335
41.974361469978 12.689702548894
42.239779457583 12.827321500458
45.279386206194 1.1619489887552
43.762947752051 13.076218424887
26.690299715686 -80.694695994857
43.709354397726 12.697974075909
53.103683263577 -8.6961511693411
43.734576278729 12.581472004124
43.673479167148 13.277990038191
42.650868648987 12.530566714506
43.418034535308 10.510090536096
44.320303717987 11.043953322314
42.198240853494 12.294212850434
43.149401777514 12.520551780968
42.610828380106 -71.563749067488
42.111793527918 13.189674918649
43.640212258177 12.883138537374
42.209860309612 12.054331715265
42.913546758219 12.823953773765
42.56642191094 13.493304527615
43.738738416593 13.014699557358
42.966577183461 12.249229571919
41.905152555532 13.318128991576
42.951023126485 13.300175973375
43.74188530994 13.496267836793
42.565051975478 13.353771942388
42.309809197371 12.011553093352
43.498671187807 11.880157455302
42.062248366935 12.875227761883
42.97020666302 13.559529725278
43.828769669809 11.981965117169
42.695114799654 11.957508448047
42.529436075862 13.466350805718
43.768670327409 12.691213229548
44.142959217383 -92.663827731684
45.054164213948 12.31988613527
44.953033903429 10.309802069005
42.725484691644 11.157097581267
38.957605950007 -75.300578355303
43.256030705898 13.241688420664
42.08283068851 12.203320026513
42.46373542515 12.531083191548
46.091267260765 8.7897695395117
43.570945214301 13.416737509175
45.821748642866 -73.57420648023
43.155817907863 13.163801420112
43.942457837445 10.587561882512
42.558053429985 13.234676081352
43.355802885909 13.633678594455
43.596120212991 12.226332884874
43.825198878008 13.381453057018
47.271374190818 8.1235521813499
43.031477188727 13.565123350644
39.575046754229 -73.306517303645
45.586473259417 2.0144460676305
43.384302274524 13.52902079866
42.368552714779 12.718390105182
42.032655339724 12.061392849826
45.999065481776 10.743155778939
51.732891968793 9.3748237413237
50.730307539567 -0.54435770011244
42.700828538158 12.664071200746
50.792677833602 8.4235473319066
51.74407642243 0.57213695814668
42.447721047556 12.232637784573
42.550892825982 13.633534228745
51.023126704163 8.4828821883923
43.684406963517 12.388278209806
43.723971881796 12.245627267887
43.401367742776 12.743737039524
45.693088712028 2.4908569410866
50.343173273533 9.1085648662916
42.889644992042 12.176404079991
43.115198068861 12.639153754192
42.960445456675 13.36680124207
42.637703472135 11.92110754222
42.185878847833 12.999470353147
43.714996011816 13.313334334343
42.955371998716 13.066633037809
43.788368384742 12.041295389685
42.390368383316 -87.680588518136
45.612765139419 8.6722769267262
43.463784891883 13.658779851954
61.274704956577 14.010760035836
31.49647916993 34.39918363078
39.828512405534 -77.189741402095
43.066277899366 12.698510153565
42.627779894356 12.817031418375
52.094169765289 -8.1017123447273
43.73653060793 13.712808168846
43.358950777167 13.000726864695
42.848290165371 13.529018063831
42.518784434332 13.559877710699
45.25255516742 1.8032278659769
43.110967943518 13.317730205768
43.830786352919 11.918301421666
41.109175109973 -75.21145398705
41.284173699108 -75.665161246782
45.467600993564 2.9103146446451
43.747775299844 12.805570586515
51.978807385535 9.9521385067851
52.286609207646 -0.92557385006713
42.271734470183 13.698055825542
42.689048001885 12.746891216278
43.472836310285 13.325628808872
43.709343104043 13.78265008788
42.371266275838 12.554294845834
43.22859807139 12.688277257017
42.426127362284 12.608613099276
43.813047575698 12.430775550416
33.612013537069 -111.47863272135
43.449815443482 12.423448671339
42.092519195349 13.081574189536
43.342657651467 12.405065558595
43.567078325717 13.100973605246
42.257142857324 13.173968975534
46.076738268173 1.59008434908
42.270485173592 12.602851009764
43.732082032495 13.258993982945
46.830100603788 1.2498759875306
42.225017025727 13.45355399535
43.61296518783 12.902196758868
45.666487557123 9.5463605189213
42.209373185064 13.240142545796
43.260719218899 13.11929683069
45.037710689491 2.5959388234634
44.511391260131 6.7586220024216
43.746784914654 12.108753845633
46.966472155653 12.661174783579
41.965656140359 12.537757355991
43.789798807742 11.94829933019
42.263687845929 12.778656990651
42.161311589743 13.345703066974
41.901365014234 12.989406664406
46.238109537046 2.766208657886
43.255603322899 13.122806198973
42.762242997907 13.192771273776
45.580100013239 10.176245624468
42.671630694865 13.05706270137
43.387164730314 12.225453471425
43.592901100236 13.763135712039
40.712007372136 14.574427115929
42.61933852344 13.200918185174
42.439475523534 12.781149857597
42.372517122616 12.857315260872
42.41726493531 12.342308775237
46.774732253409 2.19013209417
53.89248726969 -5.955688938356
42.217590690247 12.249232806868
43.206514213817 11.854999600397
51.583204356759 8.1064991024819
45.002756932563 11.703832744737
43.476897335854 12.132103672334
45.235178233259 9.9089726145887
51.601756354608 9.1053569126433
45.953561409355 2.455673244994
52.657687057116 -7.2228976205098
26.167187698712 -79.854014887216
43.167615252646 12.597617779692
43.699664462239 13.028986116906
52.098791109677 0.67495203649856
41.872376904784 13.424160884446
45.949544757581 2.1656330251906
42.79995575214 12.11644252956
43.293390456279 12.633355466034
42.851663575925 13.515326281339
42.187485586029 13.227598494046
42.547398462236 12.763976307031
50.567057991199 8.2613086152176
41.982735256677 13.493967794133
42.179323768348 11.957234618255
43.681972645096 13.576295073899
43.338738276336 13.795517768637
46.787857448118 2.8335635060601
43.501579616008 13.766702708701
43.621288169951 12.317235579883
43.405917106406 13.547080641423
43.250501773923 13.805568258209
43.527279889943 12.620586430964
42.958652914503 13.570544590063
41.962112952958 12.794656657074
42.401513969734 13.24750432246
43.192407373915 11.968868612318
44.987892049385 9.1267555814827
42.914858753774 13.113823927547
42.420670011298 12.029748516192
43.511111188939 12.462787000233
42.964659064081 13.168096267718
43.574999455186 12.546568217963
43.588202941992 13.343321492611
46.205142180065 1.6056727425222
42.589762647001 13.262622472508
42.508356202651 12.766275043046
50.215836426344 8.2747047451673
46.585824454942 7.7799474232737
42.42219644341 12.320828357416
43.487842770542 12.74343263348
44.887226060793 11.916620729944
42.687263680963 13.416315768129
43.106443008479 13.165878515323
43.52865393859 11.886836347604
43.312777865845 12.288823601945
42.573763040183 13.182427978249
43.832572920191 13.783195565375
42.996918266659 12.217941051937
44.823897213756 8.5105510284032
41.598355930729 -73.444611112926
42.210375138677 13.143688445999
44.632504569519 11.143553224554
42.558228588013 13.427203817513
61.350730012383 16.245299530402
45.447811081145 11.490125042333
42.192585043254 11.888495107616
44.059766467081 11.045514827245
42.300578584124 12.236146459487
53.803705508729 -8.70098233535
43.69430358882 12.691379812423
43.157137175185 13.529078765108
43.756188968104 12.76877540807
43.005478630797 13.44023950374
51.067299878856 -1.0915053508371
44.358945380132 20.369770068847
42.117526642123 12.339314683054
43.240011704753 12.762055459808
42.602720888168 12.862374030011
43.382990356268 13.093115929113
42.519075990917 12.625869971547
43.591894218529 12.064330306886
52.61241524062 12.97278638872
42.583088381974 12.728745043638
43.814837773731 12.795744411108
43.372408713409 12.775159506975
44.503770861755 10.671711818514
43.387703723476 11.997971307506
54.174648566167 -7.0225255120363
51.645212137674 0.61717656790613
41.874582326002 13.516509305947
46.02236842458 10.378025461539
45.264995530369 9.4998151731234
43.560116456172 13.267801410199
42.058007746517 13.183612972604
40.71687016994 -74.973373718594
51.483441606622 -0.42251048308448
43.377699970465 13.045879019001
42.797288222631 12.053971317177
45.722890536197 8.6962061902025
41.966087237937 13.733024404281
42.702682623522 11.889022218033
43.419653386094 13.572203389656
38.777175399653 12.391424151485
46.229715457293 2.9980095098717
42.678179385012 12.489441214844
43.823815441164 13.714356219284
43.064781144313 13.711786157338
42.203795118373 12.64908357742
46.224615275874 11.32670767688
41.845728608263 13.619454255637
42.183084284527 12.70143961429
44.820185904892 11.385583396573
46.459658425541 9.7013202799025
43.4959927879 13.105844918243
46.741093673157 2.8573718200705
42.85590064521 13.716539112274
42.667059239797 12.965487682266
42.370619103972 13.146426433321
43.479620408045 12.636876107511
45.187267656853 11.62433913677
41.935578558119 12.005418680632
46.782986152816 1.5197224358654
43.670022805089 13.544715361479
43.973892624687 11.207823710101
51.561704780237 9.661846581689
42.740286692877 12.923178805489
43.595652066004 13.503410840662
42.758438980115 12.600993183742
40.095207319313 13.512944424715
51.431313571954 -0.99526347550808
51.487960475491 -0.81342493366609
51.810138829663 0.0034915236260282
41.068444072836 -73.356648734829
42.58087855141 13.376822462502
41.851849426933 12.825027676704
43.366630406776 12.379888402962
46.384952137892 2.0040251910705
43.105545912939 12.880096281844
42.364387118914 13.677396207453
42.730778473325 13.608675928625
50.49299779371 8.5347743735345
50.412658554694 8.989165126341
43.558454716394 12.756516978984
37.794047076625 -97.312676222209
44.414502857327 13.409733849794
46.33739855389 1.4777116954689
43.49734980126 11.873908639848
42.936095638658 13.459204191577
42.279124381172 11.915031025633
43.666638612613 12.9324604771
46.876646196412 2.6164457349183
43.299341872961 12.724346559853
43.238699794879 12.836319857222
26.92770118075 -80.65177443402
45.61984897706 10.145596702744
42.916410853603 9.5493240082378
43.79912549576 12.42798078641
43.821619452381 13.236141268761
50.602010785882 8.6428070928169
43.230867422314 13.445832920489
42.597377650739 12.481110386795
26.267308247849 -80.492627587674
51.293232142829 0.80958068729359
50.881047950071 9.9228000864027
42.260900207006 12.88672335303
43.78288613438 12.077229776011
42.438735424766 13.46903548367
51.547955411509 0.67680581126679
43.265533526573 12.78853018807
42.101575632648 11.966155374428
42.86078771991 13.359314073531
43.68972290714 13.777060937985
52.453764251877 0.40637970636431
51.613803043549 -0.066578677006331
42.828755142108 13.69787960767
41.87652607957 13.243535652425
42.76574747209 12.691374354873
42.708747266677 13.192306288629
46.632035502993 1.9153287610576
43.809589744944 13.632365969325
42.180747057882 12.022854112586
43.441412711277 12.295289307526
42.511920906397 13.322185314897
51.907165179452 9.9497031057019
43.09252505849 11.88928367893
37.645546603317 -97.48688061558
42.441173207707 12.540735017781
43.984273094069 11.706118811812
43.518531255221 12.392215573898
43.198783447148 12.094727062685
43.205921494985 12.254788782122
43.458189552419 13.750230380704
46.171487314569 11.258376760713
42.263157791602 12.550556022951
42.712574171255 13.368721297669
51.011054627137 9.5530749417623
34.641564006324 -84.104010890194
51.544228139587 8.757396961915
42.519971964213 11.905582779995
28.721063520284 -82.254760948312
42.181714248602 11.962561057209
43.008441469191 12.953355256002
43.239023488613 12.362221548058
42.197525033375 12.827825717569
26.221099793066 -79.577354058702
43.712808880842 12.946925443128
43.173550248248 12.237169954126
45.520351937749 1.1831840035427
43.626064258009 12.653962237155
42.282628519148 13.504306385084
43.322139326188 12.447251043512
42.723082395163 13.20395124203
46.238327081892 7.800846653432
43.456192807528 13.74004161115
42.384182075238 12.205918555731
42.351060445605 12.627900900633
43.390253779681 12.236390547958
42.016587035759 11.897853735342
42.181877169864 12.98031460169
41.969960861381 12.680369414261
42.189809025375 13.119844335208
42.39583684478 13.532398742427
41.973392901485 12.063431585258
42.681852311234 12.238772057595
42.081922310929 12.020006660402
51.612891566759 9.9303589700397
43.554645338841 13.037305950691
50.66394310103 9.214770400531
51.422559686668 8.2912228267133
42.207958105492 -72.448990565556
42.701787003198 13.351647177896
42.953588588628 12.808660338565
42.154113043658 12.223060880447
41.982745934756 12.465652116812
42.409882223445 11.970026617411
44.34673288094 10.578484534651
43.623479013643 12.200041823203
42.017311442207 12.87708355995
50.43416246792 9.7677595805227
43.615946502733 13.57167045568
43.585883855182 13.719273107948
43.271012089362 13.266259892523
51.052554976918 -0.43888126339245
43.813237463989 12.688450953799
33.476901863181 -117.11362102903
52.472661897674 -6.0453805936424
51.476959167038 -0.15821969475048
42.547805085589 12.869874681772
42.468496671186 12.690435047138
42.700308375408 12.561665970183
42.623963931887 11.868392215536
25.294148941644 -79.155848070861
42.205623391667 12.602900030859
42.836865639725 13.802393809821
43.257796920046 12.643658753805
43.369793916314 12.235425810926
43.26267739586 13.643720430643
44.780997412506 11.190850174327
42.305871338281 12.284573865742
43.594463771507 11.947097781111
41.973883902663 12.743392138178
44.877599818505 12.245400000874
46.433777353742 11.091151585985
46.432582724831 11.909830791345
43.788004284647 12.306306743227
42.2304894823 12.920379836096
51.57056767846 8.9556074933874
42.474158233739 11.982449722489
42.834901420809 13.575169052286
43.103238040185 12.949061960911
42.100371929419 12.596837095284
41.748650997446 -74.0501932969
45.809182269873 9.1895744451296
42.467018651083 13.072638277951
42.173980181207 11.849240139543
42.719870682696 12.184046526081
51.709516923274 8.4285509141295
43.655392196821 11.835252473541
43.383705577547 13.401907509867
41.900450981662 13.567619241128
42.350154775845 12.336825587033
42.408391145735 12.422435969798
43.069844348875 13.681397237222
43.09378011438 13.002373240445
43.527115060283 11.919917679376
42.382699759876 12.861712601924
43.636452597883 12.905388148478
45.308598143192 1.3391788319401
43.825481370031 13.38601674439
43.831255155558 12.776239441625
42.398111485151 12.739446953304
42.098542342961 12.960141921884
42.948936755766 12.454696711386
42.780820947059 12.286617960004
46.242125846781 12.874095523146
33.050185842775 -118.98856562168
40.601029368083 -74.242978271807
43.294947025524 13.318435212767
42.903501034225 12.210624367118
50.701465158584 8.3359185896515
51.728484065611 8.1739606560087
46.377749057663 2.122745988482
43.283273029294 13.326417867733
45.109088394048 11.379956814614
42.62865791734 12.578086884051
42.546922131252 13.616106583579
43.24667737926 12.970661358915
46.37398896896 2.130230507874
43.29700595203 13.095625891881
43.461645995503 12.295519805672
43.660427880802 12.748920654782
42.984105623806 12.697970770645
47.145468200159 8.0614986135911
43.020592970339 13.265619400568
43.68107844597 12.211044909086
42.733788747703 13.604157608305
42.529432489804 13.438857296241
42.872863981369 12.344678802132
42.298737582445 12.838171099258
46.392577133653 11.561400774846
46.419273178754 1.4324321902508
41.892076470394 11.943252751133
42.762545329895 12.889205958664
42.286260553324 11.920758665523
42.502900982065 13.693808785052
41.184081657561 -74.893307560671
44.830007296118 9.4345551208521
50.292542000437 9.5834851356146
42.367999947357 12.603134666406
41.938311662983 12.482291789971
41.913124890513 13.009273227795
42.617375050049 12.836144125499
50.843736276423 8.7730428533503
42.772528265518 12.003324774582
43.305520194746 12.739620192342
41.938783442594 12.545433369275
43.078542446775 12.615107433247
44.426368742146 6.820143074391
42.022265879003 13.109413596408
50.102435453843 8.330615545777
43.216682524077 13.784075257755
42.156058259402 13.141910696489
51.165128404584 0.16807502231471
42.98232828827 13.670382180584
42.439271785544 13.82466969307
38.67080255261 -121.47024572773
42.432438041772 13.298509872213
42.342724260123 12.558288228048
43.593449593353 12.173566215308
42.692623573233 12.153930543549
42.459282963306 13.403710837219
43.109116854218 13.406908101613
43.164766368088 11.97244586517
42.922115638371 12.269303655864
43.578226764511 13.125310081137
42.453727616695 12.34573657922
42.145234285011 13.003149200719
43.098840883069 12.768785456574
43.551548289413 12.437557272372
52.026618347283 0.64668004938247
43.175944618518 11.898912463777
41.011952550089 -76.32561264904
43.781769616449 12.758011798283
42.306435439899 13.637007290815
42.737202440753 13.809948278058
43.363120071314 12.263573389644
42.955504082609 13.497164270627
42.685611792715 12.706011799514
42.96037864825 13.640336342009
39.556930529404 -110.77557003334
43.759792054447 13.609689722608
40.238304577625 -79.510063040551
42.868634202943 13.607857324487
42.734048403231 13.344262249949
42.049330217342 12.26853176966
42.340755877265 13.54643810568
41.860000751868 12.365814334439
43.278688640019 11.842210577748
42.498854437631 12.326059372337
43.435281656441 13.129769797053
43.576730106316 12.437733674181
51.118286046953 0.80370480832351
41.961076327602 12.877489218452
43.381817145472 12.585359159219
42.882960177459 13.826373052723
43.299743185912 12.918066466676
45.135366873669 9.5460427808091
42.534481973657 12.436426145249
43.400971577245 12.700839931493
43.667466300406 12.418755604636
42.531259221293 13.006657384826
41.248255351677 -112.56629520411
44.446212893981 10.826014329156
46.422584684322 9.4192416993059
42.230671129318 12.532770202764
45.093911866142 10.110678384689
42.601175674073 12.067999162298
42.143577635842 13.389767608808
50.474874691814 3.8223066114924
42.997626376358 12.912350006382
51.236129348276 8.5494604695353
45.519059012911 8.9904966579706
42.127211003645 12.771630416539
41.88940132546 12.711794245409
43.116250947659 13.227949470409
42.36894473639 12.120716311115
43.78449820626 12.995067474917
42.98208859471 12.494211056521
43.575722202016 12.455582455499
42.889636443432 11.947118812237
43.817393573403 13.019515306253
42.115242787711 13.670745001508
42.838290774209 12.645870072623
42.427496448379 13.122445059087
42.269457880554 12.746117311433
42.864046785473 13.715592583996
25.630276977361 -80.558375837817
46.273017749783 2.8514080968925
43.003620424796 13.237401207575
43.064213950238 12.242283744871
43.41130685781 12.749821730794
43.036844369528 12.36837032084
43.293221932993 12.29042226604
32.925684947526 -84.492064612588
41.91100227272 12.667625023384
41.918670253811 12.535839354424
43.036128004585 12.733969581211
42.052476544444 12.800149667005
42.266021200135 12.588996293784
43.398183653803 12.069208830648
27.003905164063 -80.812783836575
42.467426870257 13.259889300123
51.348359706974 9.968998115961
41.919390254172 12.849649351507
42.695416018246 12.754222312849
46.245531099914 8.7729671376189
43.236738072588 8.4729415898108
42.888443042493 13.492187788029
42.523641902287 13.089672891952
42.191694728209 11.92444602678
43.223137036556 13.804016159311
46.276527394229 8.3680630963147
42.812505310335 12.974294996364
42.12769267623 12.355081097409
42.247460830627 13.075814959184
42.351642171571 12.815125386631
26.092441672951 -80.092615324857
42.532991719236 13.218955065247
41.443372004092 -75.092910494364
42.050407572228 12.358255375365
43.463325766618 12.531568936806
43.03992327167 12.947351174891
42.807164285729 13.229841323232
42.814611978764 12.38122506087
43.830680889951 13.070039914043
43.000897087178 13.765634401148
42.717866992468 12.287747601202
43.526269277824 12.530673264794
43.21468715149 12.250851853888
42.935745802699 12.206880760496
43.49044934266 13.031481697725
42.421074059078 12.526991307536
42.658718757193 12.800790660012
42.941158398048 11.987910193407
42.713743721488 12.291201197233
43.568044521666 13.542213979451
51.864907856502 8.8725238683971
42.817220320861 13.201927875749
41.84267142503 12.452001034048
51.988480549067 0.59949386747996
43.395732534789 13.143506035762
42.363195389234 13.815567961363
50.003126123922 9.366858482066
47.523410888938 -123.12563347543
50.622391240961 8.7659058779319
42.412685814061 13.739322406605
41.927950004569 12.441726431477
43.624132043528 12.420545703017
46.543913107153 8.6225960937434
44.123290243339 13.261421314025
42.388461400957 12.803716438286
46.207284909234 10.649830453284
41.984117581057 12.595953169577
43.248771275996 12.693933986472
42.258712923761 12.400611032939
42.269045406902 -76.128413757263
-0.57228336556455 0.1864050697472
43.362238077171 12.887713859758
41.856409753292 -73.660710365019
47.582944477968 13.257831521241
34.080841881766 -84.924580398819
50.606589011199 9.0208661127933
55.311512684595 10.852478260571
52.421981735584 0.2026322698652
-35.579686408002 148.41618061511
42.251142894987 13.028929594939
43.375366292158 13.685239168224
43.790567988453 12.435231083762
42.817577339179 13.36359860348
42.895634053713 13.177073896035
41.898427167415 12.665629438921
42.34260121751 12.065451582945
43.635107990205 13.516755628661
43.341635611088 12.515549002011
33.47456762081 -84.684253971318
43.777128786232 13.237410075628
42.401810982007 13.631630754879
43.660172554783 11.153646137358
39.758931610795 -77.839524074342
42.887082887316 12.346715255823
42.872433710339 13.405676912261
42.020634849586 13.550003943776
43.258118950437 13.638020593525
51.75449036842 8.3125844119641
43.733195304302 12.676745140796
46.102271823726 1.1273734458384
41.916766128485 13.406425527507
43.80156745382 12.94959820667
42.140652793546 12.721077968723
43.468317131285 12.554223643895
49.047494102224 2.2898555020033
42.009513880617 13.028680066147
42.989120916945 12.519843952993
42.693591729317 -70.928606643514
42.916165357903 12.226109492719
43.567991779471 13.177715520013
42.62254621725 13.093427628809
42.608723031661 12.782186251985
43.531279920869 13.7777011552
43.590823836455 13.159385743181
42.938716616008 13.68899473163
42.395138873458 13.15536634773
26.613555342693 -79.474822212973
42.25036426368 12.565191793074
43.689470235135 13.189374362693
43.097631400983 12.522054592412
53.364568521206 5.4448861920717
47.25260475895 8.1830517487522
42.076883327738 11.988445847311
43.37967227652 11.976729541096
42.925504157306 13.127140866673
43.101457328604 13.001850874185
42.678703663742 12.254355842853
43.780575419229 11.914922922831
40.316397276075 -74.179440698336
42.529013917583 13.731250061084
42.898669968799 13.046820743518
43.348305291679 12.829840787628
41.957224098967 13.120606799221
42.317128176038 13.333676751414
42.071815497762 12.453985141357
45.945444169499 11.144749480833
52.214397436341 6.0347486782282
42.256324872049 11.898600857213
42.734455687357 12.0072081364
51.867184784667 8.0221250252901
42.118000779377 13.288322368792
42.01516564426 11.980258712557
42.343492776802 12.498470582321
45.660995611323 9.3880702586789
44.528343281347 11.330983687907
41.935017995061 12.850548062891
42.215736365067 12.28232089585
43.471758370994 12.510618916506
43.240909183997 12.08913579636
42.113161922041 13.719286257757
43.60380196229 12.180336524837
42.607547790582 12.265554859448
43.072336238235 11.551252768261
42.852618318469 13.653129486227
44.042696270504 10.816428140281
43.241591649101 10.610986203801
43.81205866712 13.038967392447
41.940792887465 11.985718167401
42.940860898227 12.323847946883
43.823518589078 13.347481772952
43.212954802559 11.946461967654
42.420601201926 13.581192035054
42.006306694844 13.628443758317
42.711893522533 13.785969977188
42.812176081285 12.634558751099
42.063320950655 13.52168147106
43.812387199075 12.481955205336
52.876012232306 4.6188984349481
44.708131306694 10.608412625456
42.98381910521 12.109788531975
41.870047710331 12.459161295325
43.247753519236 12.788304300901
43.663360194633 12.669355475211
51.538566769817 8.5927673459951
42.959948889473 -70.893359022883
42.798240383548 11.946277056351
44.590739703572 10.047560164913
43.073726811967 13.410023377489
41.912112691885 13.068604265393
41.896010457511 13.733076431685
43.417911036156 12.827082674891
37.658376549028 12.430710346804
45.651985123591 2.8691979147816
46.129206896354 2.2201345298533
51.293443248278 8.3752460295219
43.224377203393 13.239834989088
43.099470449213 13.751241705751
42.750175872257 13.515512817335
42.21966159682 13.567500954779
42.416796748276 13.573397279539
46.819751851642 2.4108948299712
42.714165252521 13.291900176246
42.621157195264 13.424755455679
42.717911525519 12.894021115237
42.687047089325 12.473498565386
42.000245833325 12.671262258997
42.772768882018 12.209214111443
42.998976642752 11.918415958045
42.933544155666 13.665840561367
42.481292187947 13.192907563522
42.665385220065 13.106217194885
42.728025994158 12.819837477461
42.426910949625 12.637770918982
45.225727870234 2.6493655264607
42.196651285161 13.082934593841
45.521077351913 9.1784583253686
51.865078126716 0.61855515069727
42.340766529732 12.178603457391
42.907421798423 13.299214336716
41.923134427037 11.979405183822
43.652946891588 12.0398526397
42.137742998164 13.120728183615
41.994815548435 13.071804290692
43.704312387085 12.776010722982
43.13451402084 13.372236388464
50.786160311096 9.369120585904
43.030419515015 12.746584384139
43.786038367094 11.901869445758
51.114393730235 9.4323030479403
42.771825785663 12.831492367143
43.129821977194 13.175118276952
41.938550860148 12.761002866461
43.400254844895 11.849754036821
26.874163553043 -79.364835397786
55.172167557372 9.6383374592468
42.510978997013 12.256514917734
42.72011639586 13.595572910104
25.614389335074 -80.26932462438
42.788417408165 13.137573041573
41.956755120308 12.68264730262
38.445061503442 -91.378428919561
41.913322086892 12.912901512328
41.907125651814 13.454511072719
44.482793428578 7.2363925074141
42.919389006665 13.427216212951
42.694887404675 13.162562139895
42.233299784492 12.557611647343
45.796027119272 8.5312204789516
43.743138841255 12.599993624559
42.506323570177 13.264770344044
43.261330915921 11.995619986996
42.289410875335 13.751538956909
61.005684564824 14.864135583334
42.621303332349 12.351284149753
41.961672938898 12.713271051998
43.761469238813 11.985372543815
31.421869181991 35.021526450418
42.446895621015 13.001846910476
43.679593308235 11.862610002471
42.962270705033 12.851145917501
42.828524737679 12.004845982697
40.334204499451 -74.768419373338
43.406088264869 13.576490543607
38.333234712117 -90.891700532673
42.474753495548 12.956500045956
42.094895181777 11.942945196753
42.087867500788 12.005712516164
51.552339889599 0.21715766662134
41.936885926753 -70.918256755037
42.652943313913 13.644678943646
51.837551958318 8.0237814337126
41.418267682374 -74.946346538629
51.679925429951 9.12694384117
41.99249122992 12.143697536173
42.173990994794 12.41975640015
41.980784051598 13.634627314601
43.720164654667 12.989701306929
44.85079653021 11.530635856246
42.85470024352 12.950138768179
42.097827248808 12.307482660447
42.072302000652 12.478912231291
43.042008658446 13.096277513141
41.871660212482 12.405774790538
43.386516519092 11.851917886127
41.22893701581 16.562134300716
42.063949469993 13.365202054572
43.088771313491 11.942511285184
44.357563302251 11.160155505037
43.080442593957 12.066766658384
42.091533143814 15.424035551478
42.26960029654 12.929508135177
42.816331956937 12.643955363282
42.836253955905 13.263106921366
42.286959905798 12.981794096542
42.860185074576 12.698104956068
42.257810653328 12.335389164454
43.084067350314 12.112392497322
43.158155491205 13.600332639481
43.351040950695 11.868199713022
42.079006238551 11.675954679619
41.939559586923 12.649814490809
43.627477797061 11.858088672582
51.873421969299 8.7402128445637
51.851353007765 8.1446302761997
41.688915960371 12.129012225188
42.498473625883 12.432907136845
42.412687276703 12.08747015108
46.37290147975 11.969806741162
43.450650788609 12.100676526849
51.605270101505 8.3651221638383
43.722551172025 12.591900449077
41.94935742812 12.926879420863
42.804186608572 13.326114045629
42.583575767292 12.017780664872
32.333054400365 -96.463858493046
42.783125675203 13.723631049864
42.910570019835 12.740045599539
43.019054060832 12.247093736796
41.871189564893 13.555603812728
42.971368014354 13.567016383452
43.725650218209 12.916998331883
59.860454573231 100.17337618171
43.769328213676 12.104124564281
51.49943146971 9.7648470209748
49.213378375894 2.8867569674886
42.794310549665 12.141538688069
26.258517076365 -81.138664930933
43.365697015734 12.247029667391
43.078053818142 13.556562603266
42.896303398042 12.28362238795
42.516345473268 13.693652214361
43.41887992223 13.174559802385
43.790026126818 13.731111790415
42.624439034457 13.081410015526
43.248532108634 12.554226621799
42.529947995942 13.714333497341
43.372169314147 13.525329362401
52.463575703075 5.4064488372097
42.579871017311 11.844470329997
43.554184091556 13.095856593522
26.153850188068 -80.804938764962
50.655933203248 -0.71507562688788
26.929916550821 -80.864269691266
43.693460697186 12.715546605066
52.054643067324 0.418443034081
43.802948559098 12.659610188429
42.56791937566 11.893188291666
43.289701427023 13.575661912384
43.56564394739 13.726005057698
52.554431855238 6.6119548915243
43.443382378895 13.722194513198
43.783542725178 12.428267725032
43.557792380267 13.347890859653
43.046840828421 13.513065878096
42.589048722123 13.370211862687
43.739103040557 13.259722571962
44.546779828892 9.5938717597136
42.468368849025 13.572859099423
52.022492710279 -0.56663208998582
41.868580151775 12.490636394609
43.426132388167 13.295960528469
41.851489160627 12.51062610585
42.880181531853 12.449704881988
51.373455295513 9.5904400914863
43.695473639639 12.294935063617
42.375733391112 12.053606163756
42.296601097259 13.02320375157
42.335342842797 11.861057108224
43.454873077804 11.90885936001
43.152630417234 12.954787243158
42.65246190396 13.040817111771
42.745887603048 12.238530222459
42.053595168562 13.240252539183
44.179881271946 9.0916916632776
29.794532682402 -95.361954427785
43.695861147857 9.2852455244075
49.837864716483 -0.7582072388629
43.65837193872 13.166172875655
43.72125031276 13.529725293431
45.620546592223 2.8457684180912
43.019921599918 13.738799473636
54.29454018367 -6.529688793825
47.210922284319 -121.75847183341
43.769694378979 12.469022795797
43.795458125342 12.799961293044
46.962746466493 1.1536184452258
51.433845432677 8.376985516109
43.152425218931 13.513064075521
41.577425505208 16.662392218764
44.812784169082 9.5301695172327
42.430603800563 12.62598083153
42.967511661822 13.425247006803
42.422157559296 12.520905038605
43.676040220876 13.567513374897
45.078764556944 2.1649268363439
42.038684994487 13.374723369917
43.616781538195 12.244786515036
46.029259728747 2.1635025526227
42.028212452807 12.473198620844
26.149818454456 -80.849096603897
41.938964145716 12.704886841937
42.201535304192 13.591125428042
42.348732089342 13.053958261897
42.829238430538 13.678304070012
42.916056640894 12.090431701455
43.420597998177 13.105425539962
42.173200938487 12.067645695579
43.227536253758 13.778438322164
42.54589920146 12.963765380443
40.033312240783 -74.347157615064
43.323153224014 13.260068928499
46.34330835675 1.4431402033396
43.316169944294 12.084126513046
42.164862683606 12.444102514763
44.559104393194 6.9011725938674
43.69553217792 12.679587586189
42.467649294302 12.694292859519
43.26457874631 12.580894232553
45.726876331461 8.5365092605522
45.451399811383 7.8608005286012
42.80706041765 12.275424402822
42.666498047165 12.993943995349
44.821600602298 10.170662678483
45.097611714575 10.17848150962
43.36657980709 13.127576384308
43.284757604045 12.71780290397
43.241030992608 13.495162269352
43.505554353609 13.760351722504
41.405595353214 -73.575578949814
43.666047343384 13.009805785052
42.403987039555 13.233823908157
42.094831415052 12.421312447855
40.156650559736 -73.704642755439
26.35764592249 -79.668216298455
43.475512953718 12.820910440695
46.040099231172 12.410132036503
25.365011461698 -79.152714715686
43.562922824457 12.818641339831
43.453795338282 13.01780402803
50.451102573635 9.1880145930629
41.842215414572 12.882082865074
43.791982293519 13.406903976319
52.461798792221 6.4293354249929
51.829383957819 -0.63146960769848
43.489507653534 13.160955722074
41.933245195531 12.827399190922
43.990277012198 10.974589707413
42.292543752276 13.557393786778
44.721562161656 11.832726540851
43.604218417615 13.807871341171
43.284596349066 12.864495826196
50.323358390165 9.2218476399881
42.196518175416 12.375386893945
25.888905254124 -80.681350247596
43.799059101308 12.217352027196
-0.90423318785812 -0.89428732120166
46.266018275295 7.5526166123117
51.415105353303 9.0354518676342
43.403093246486 12.653612630301
34.22254251622 -112.29615175701
42.551979503407 12.509308003147
43.759562133255 12.10288154201
45.720810159471 9.7699301038729
42.837384858114 12.520435313958
42.971383864068 11.947888587598
45.728224827479 7.6867403877627
43.356633500383 13.664060992519
50.918704978153 8.4611688360857
40.993203049522 -3.2785856231482
43.61188628136 12.138036939866
50.634185766765 0.56357878028783
43.327138735155 13.511984422597
42.49289960253 12.868452292827
42.654559532972 13.76344048968
51.708945837435 6.2930852228511
42.823589464123 12.873149472716
46.728078315374 2.4266431012315
40.901840097882 -111.21276799399
34.815650051087 -118.76100154518
43.550019140167 12.251630928971
43.361279243327 13.058904029012
42.562808837093 12.238950247077
43.28322964596 13.60838550965
43.167970957799 12.695851071151
43.430660410074 12.254790180037
42.107819755167 12.029573100188
51.260876995167 8.831781279683
50.877773585207 9.9531080405941
32.67818670592 -96.60848941017
42.655428145407 13.24954560925
43.587565047961 12.5985088221
51.711516588093 -1.0193384071483
43.793002986739 12.688033678445
50.5392197699 8.7683103330286
43.714470103271 12.500438794748
43.766475838056 13.048849640924
50.999939985108 8.2783263205915
42.069725294185 12.678178250195
42.138886370316 13.787241733089
43.330747596163 12.242639683321
42.383647391772 13.305934343185
42.567254400166 12.891787065164
43.128686290315 13.741287341242
42.695113705816 11.975244099749
43.66342596603 11.877544769981
43.415900110947 13.240604019857
45.417514799986 7.0295234930163
42.840367989561 12.944549929346
42.276267520302 13.237170164139
42.8751718341 13.596830628646
42.815211451547 12.605093471077
45.507820268398 1.7629908373407
51.022472377411 9.4048817127034
43.323491465472 12.566433096124
42.024212084277 13.289985369116
42.795799439699 12.941999360913
51.040038110241 9.1599039594456
43.399291496465 11.937419915564
42.097529932457 12.869166564622
42.236330309548 13.789139262323
42.572311337859 13.157728816011
42.143797922502 12.805966973701
49.333833523091 7.8475406926569
42.663185868276 12.116261884645
51.381643270087 -0.88292633695198
53.009169914997 6.2720288543599
42.496236313387 13.638303214537
43.825205840576 13.13446137364
42.308913686943 12.48040169921
43.360687984808 12.504981535743
42.914622300286 12.810839409407
41.931099257421 13.241332767665
43.19889474299 12.774134117094
51.06020823217 8.6259102777699
43.475162001103 13.418588639919
45.542297252266 9.8576372048155
42.189514088554 12.194803851303
42.914441656768 12.133455999744
42.901168185727 13.495674253228
50.84982373931 8.3676223025506
51.470639881664 -0.86755939711703
42.907842114546 13.200623697716
43.809138221133 13.33147082961
42.694665311249 13.058314717889
43.572846250896 12.464346362515
36.69286756614 -121.94602824109
42.826380787357 13.147389340304
51.985624189715 0.78009050789759
-37.685982158261 145.08556973489
41.988347265419 12.739383838039
43.634974116776 12.080095438345
44.86534280973 9.3760412278218
43.67717086278 12.745652432456
45.016501520465 7.3190316314688
42.257759717434 13.460629087643
42.006716080965 13.181997693715
43.112468947264 13.724812913113
41.953901171218 12.963764627934
38.11416870035 -96.94074156086
43.098409306325 12.51698769562
42.495452579363 13.10186429934
44.261789840184 12.066857450233
43.639605013972 13.425123805865
42.617541344214 12.85046916683
40.89352155165 -112.59563419656
42.740049235423 13.77671337911
41.985435029972 13.36043218449
43.569702344302 13.404058508318
42.621232713883 12.382636662306
43.388241912906 12.804711478692
40.759546810801 -74.345435418015
42.024867697186 12.796221581214
26.601360478701 -80.581743962678
41.320911719765 -74.020274476755
42.455528610153 12.421310241551
41.462938054832 -73.657630066825
40.48857789478 -74.484002214748
47.75829330122 8.0772047569403
51.946352396834 -0.56739550255117
42.36557125133 12.0883619907
42.514249819591 12.98773153314
42.433640053719 11.992161870951
43.361979362744 13.465688338741
42.254891283019 13.186416787669
43.088053673102 12.590112269686
36.745055509995 -121.38137700442
43.739619453803 13.21985767375
42.792162137496 13.78746167516
43.610348373025 12.177905569423
42.509613580329 13.827856355753
42.592494798655 13.04360169223
