41.952405049464 13.328676442324
41.88421553696 12.814067841442
41.932880379249 12.25726967319
42.978693983994 13.665199932042
40.875881054922 -75.23799957467
42.938060431733 12.794078270364
43.793195567484 13.272381961959
37.739395216784 -86.120133273777
42.671383515334 13.156538128015
42.810375591207 12.91526592847
50.670538400146 8.5454243414781
43.593202487397 13.176528884667
43.962038076218 12.602078223677
43.27506766716 12.052056075585
42.903676772932 13.291069711249
42.644603556343 11.925935537541
47.621816230296 7.5148757954663
42.12685321 11.922883885898
42.555200447608 13.142039826693
42.018757885817 12.308575777036
42.314572740048 11.915276071038
43.712865313868 12.879932725302
42.355556523614 13.283578640934
42.693176652183 13.398633749897
33.775146201654 -84.216404383079
42.261903111966 12.608031923255
25.903059995205 -80.669828312593
42.957705787384 13.601728678517
43.144109830814 13.184145453027
41.859648665369 12.644199286443
42.777997538365 12.212641399008
42.643676554639 11.888785385496
26.103576627125 -80.139547898774
51.710349391545 8.7462339181203
42.850882788606 12.243711433508
42.467737974372 13.047470944045
42.681871473662 12.150291937029
45.939650863847 1.7381338252398
42.645993762506 12.908741387517
44.826196485353 8.6647737034898
43.404700685968 12.880768172408
51.665189436481 9.7021279617688
43.004871592415 13.121927131511
52.51127455281 0.48355877955811
42.893548625027 13.189746624899
50.550949380524 8.4499034045497
46.257603698321 10.423595238115
43.015704285847 12.896710828385
50.432360246513 8.2915194236168
43.26662037443 12.169457495778
43.636296165959 11.908071726073
42.26370170494 12.606307707565
51.702362537245 8.403323985824
43.333003979352 13.827146283291
42.064306271313 13.823482057018
42.177119399524 12.324984243312
43.792229394353 13.27649320677
43.373253471413 13.119062163478
44.27828465853 13.286239843411
43.76969263368 12.472652756384
42.298746755041 13.80682025517
52.60464991308 5.4948028050106
45.669146247545 9.0155317473298
42.851921906647 12.116385627613
41.94021450029 11.924434667905
43.08948982327 12.71385983739
42.903896332695 12.176882997724
42.586723065298 12.805686840718
42.615230606711 13.001976144522
42.778661456343 13.057900117293
44.469894626187 8.1640337463999
41.985710384804 13.435547367428
52.392282177178 0.046708216861225
51.461045841435 8.1401046235767
43.443865108066 11.901713509088
43.294102614438 13.086465708973
50.093817750501 8.4334919813245
43.104355672444 13.399771009779
42.094049424231 -83.997138723006
42.90551369635 13.690838712145
42.068261387811 13.306074243668
43.266430999297 13.709460441374
43.19724779308 12.360163291174
37.884285670831 -122.66841910383
30.361065241973 -95.675997923187
42.037233085876 12.045335644898
42.139651593838 13.082297127288
43.550124602669 12.961689947176
43.733497251188 12.154930620082
42.269108655078 12.19267261505
42.711061627025 13.676807557103
51.114036917274 8.3978616531928
42.216095710295 13.251622480478
51.566173761881 8.6353872225785
43.816148675914 13.291306730051
43.269995235053 12.574477000451
42.376038947804 13.410245629705
43.006739208965 12.094673987077
42.599691964521 13.823769695996
42.063295410996 12.843209971156
42.91175293967 12.165287726191
42.143859093165 13.662169175552
43.545415811516 13.00802126669
43.096040767683 13.607076479891
42.88618531168 13.418642935093
42.794013979304 12.355026068352
42.079001498932 13.742791382963
42.618144354626 13.334024232989
43.288818104814 12.752022622524
26.305326608135 -80.280995140724
42.894457375603 13.734828293687
43.475884161666 12.903499130136
43.65608258159 12.225929296702
42.135718119415 12.417136801156
42.840298876113 13.106033720612
42.170955244087 13.683751232796
42.950068250296 13.411027571399
43.277382334379 11.853154957713
