43.290702972252 12.353124189376
43.767643005034 11.834827580899
43.31723719759 13.222958902953
41.983291046707 12.099670481936
42.083954771109 12.715470434521
43.380152338848 13.415649740706
40.848795763764 -73.556659351494
42.507242254704 12.042545782909
42.462615858534 12.672402195967
50.742103862456 8.3311470199056
46.096565507863 1.1215931964673
43.384491528584 12.549722055716
43.255861658743 12.061990040404
45.107024240357 2.0560225728229
43.061058722952 11.855646422552
53.225281979761 4.9218686042223
52.727037089051 5.4880185228484
51.508209393829 6.1839563131491
42.221399594222 12.348079335593
53.498246013186 5.6120117622716
25.210810515645 -80.778743807864
43.616590211476 13.359261314107
51.666819262396 -0.81330485312422
47.52917256324 7.4346777081651
42.681987188629 12.764494361267
40.988441490496 -74.903825167554
53.409305320545 6.5879104700116
42.177065586309 12.423573054592
43.75957340738 12.441492807812
40.379298045927 -74.395529281579
42.615988864406 12.695795627656
52.316494437315 -0.61761307517421
42.007809002908 13.784016461963
42.511802580001 12.066296353988
44.642171748256 9.535629077759
51.019908111552 9.7676957644372
45.784363314409 2.4558586154393
53.405016974502 5.9716184661824
51.082118815082 -0.89207605319194
41.950968622694 13.338375031661
46.332123234091 1.7513510215801
51.592758043247 0.23286342533439
43.257623667038 12.330039723951
53.288758788625 5.9678224526429
43.381386035321 12.532697678813
42.305935296859 11.999775329626
42.021660191969 13.705064777169
25.522092227584 -80.689518960324
51.742792702859 6.5546041800662
42.943939645304 13.189790097175
50.53455677863 0.22197442041337
42.881195393357 12.997667614856
50.065969822959 9.8331623570217
45.659578440182 9.1328201543693
53.177674965783 6.4505829623437
53.233205784919 5.0866797567982
41.968121572404 13.597963353918
52.200716596423 6.696966253662
51.297770761092 8.1155933039801
43.508783926514 13.170818185534
42.332473199059 12.531633600396
42.490089440968 12.955431757029
42.355614549667 13.359798120989
25.197813905851 -79.932615905313
52.324175395455 4.8009073799713
50.250032937599 8.7685636236674
42.723796220389 13.245448514489
42.578101448074 13.333146067047
52.24931980425 6.4638652632543
53.490214302666 6.4588419151068
42.361871815476 12.024289945638
51.549281102861 9.3016394853134
43.55543146031 12.895106845508
50.925365940633 9.5035925658902
52.944386506194 6.7395113110493
41.856319661672 12.495981765697
43.060200430502 12.229080474132
42.853574767662 12.789673764182
53.325711626478 6.0416631178426
41.996597513576 13.024867522563
25.385948972474 -80.576640050005
52.041838835712 6.7145194546154
42.725461501056 11.99221091533
53.123468793753 6.5091894444819
43.201510237645 13.39633882532
52.121169349934 5.9563416969992
43.072230129557 11.992985361273
53.312630012544 5.611713763262
52.344163872695 4.8862320446112
52.776662500238 5.1062082389166
52.483809196848 5.9017769965119
28.870139608862 -95.511646742449
42.243117737252 13.458321166925
50.242628834789 9.4784029128395
51.573335965198 6.7199956974806
42.658531949717 13.354127581417
50.25310840516 9.2283506706489
51.949134405911 4.8943171953523
42.525426708428 12.135909337635
42.831384334656 12.878430645877
43.265014601084 13.271567677761
52.0958640974 6.4668951331251
52.263604524435 6.5726145025448
52.937353791873 5.4896734090241
53.107238108109 4.9595286497891
42.355099001154 13.054260640917
52.437757233594 4.8111381139891
52.527540460242 6.1143613803966
42.179792598926 11.991563886887
51.356048675187 0.19044483456782
52.064693048394 6.2964271677408
52.767961199054 5.3247482052887
43.43208215827 13.087350560414
52.188498763688 6.0410002396866
50.835475073585 9.5557718540336
43.688629264354 11.908016339388
42.406368522649 13.203853279934
46.017060447027 2.0218726140549
52.60143350116 5.2527629777336
50.823289175668 0.47406387578886
42.107938814514 13.318430031353
52.903926344311 5.0631384189767
42.961376889146 12.986005576342
51.700874560373 9.9592166119065
42.540069029008 12.287724549571
50.791904271018 9.8601073417161
43.351287950946 12.410772721495
51.295126438511 0.16508571945834
52.419663216416 6.6968523682779
43.328837951354 13.030892573798
42.349138775558 12.402992148627
52.036654759448 5.5522011438395
46.854144810631 8.9349483563262
46.755378348639 2.120994919036
51.617557775284 5.5952220046172
30.27437668773 -97.448459923969
52.586555528495 6.2138918677642
44.194220160853 7.5145334354459
52.288119129272 5.0328372871889
51.62516833382 6.4873707507445
43.255179198133 13.373827615017
51.643182314301 8.6155618455333
42.425231379676 12.968455472036
53.117097974577 5.7240884858063
42.409464814446 13.407571365802
42.881770298782 13.550909167899
43.469867186395 12.351151299847
42.702669937512 12.405059833755
25.430302623377 -80.993616525822
42.541681156767 12.477956377679
52.695674372928 5.9657741390242
42.184675072892 12.040991993661
42.458020394437 12.807158341563
51.476406970749 9.6876220240666
51.466088417203 8.2945082859576
42.241743401292 12.315713465382
52.254674715807 5.0115990691174
50.187100615905 9.9341312022573
43.789600016938 12.430057647859
43.186229883335 13.507956855722
42.02706474302 13.801384383275
42.887549923702 13.539116297189
42.536509453124 13.462892059939
43.178307290759 13.197168333103
41.836794252918 12.79639588615
42.084383906857 11.942587227089
43.14876294797 13.6114015247
43.770341507073 12.8671463979
43.011900136274 11.867918758613
43.374134776843 12.576613749667
43.311008159703 12.47194971308
42.304767651181 11.996006340273
42.815862142882 12.801817536283
42.055644917814 13.809790585588
43.565294555207 12.584567793938
39.990967128651 -75.031642103425
43.832996086626 13.827406150695
43.283350292746 12.327297841838
43.454700608505 13.449457114793
42.422865930697 13.757766966616
51.000090350397 8.2491177340267
45.066101034484 10.450121103551
43.608192131227 12.116675771848
42.5961714972 11.959950898311
25.815300329485 -81.096257008932
26.337940460677 -79.900503402805
26.33996181437 -80.786375368655
25.204181710802 -79.221791184886
26.095953492941 -79.86646173776
42.260026800123 13.7136849555
28.987746319165 -81.745095759781
27.015711419275 -80.693540756258
25.587721903134 -79.552253837298
42.256905006385 12.489665469869
25.558559746259 -80.027652074871
43.349133443737 12.371282090627
52.286919679393 -0.50967590772531
42.899970401519 13.10318106187
42.985304763089 13.136085917326
42.628796702565 13.697672714825
43.780928592117 12.315648136828
42.798232275454 13.05629009246
45.374758882157 2.447760496497
42.092934233201 13.160993431325
42.224074003878 11.881370363257
41.841200297645 12.377867804106
42.849038128692 13.654307355033
42.877066154928 12.322233843788
43.564702684344 12.454044766957
43.221803813831 13.382765951766
43.375320796585 12.354800207261
42.933711644252 13.045942107258
43.028865236823 13.800742601438
52.234506292145 0.63572666446014
43.042616611387 13.754805798549
41.933181851627 12.742078076018
43.524476841823 13.330285779841
46.91003384856 2.9705360298839
43.538228913948 13.327955615415
43.384551710649 13.060617567089
43.198911445329 12.776748998008
43.202283821184 12.067406034615
43.412989535582 11.926997272285
45.319254640638 1.1087604938581
42.014520000694 13.013441880727
43.446848594347 11.871533700692
46.753720950221 2.0900753885927
42.618149644073 13.196288714763
42.485645769411 13.184799007247
42.043429151219 12.145941419616
43.274934285935 11.946865075264
43.728919342521 13.621038522882
25.239062408545 -80.002164820485
51.871057519629 9.7505690160909
43.545250459383 13.123291721646
42.053428627596 12.72564478627
42.528699641849 12.819056539733
43.633551377653 12.668049347453
42.604816379328 13.474982773196
42.970848004807 11.926056548008
46.004974302372 1.6987500608427
43.407987023449 12.879147075547
42.752233586645 13.131184674882
52.289555417509 -7.6600439039339
41.94794874638 12.014515135931
42.477885387616 12.964776798622
43.261685868868 11.856719355519
42.114905418437 12.526034215265
42.149096608718 13.152322464249
43.580054569349 11.91448833745
42.670254200099 11.907786099218
51.539097316349 9.6707756890314
41.834764097761 13.453616579295
41.840610331337 12.497944336637
42.143400690606 13.039270766119
43.056213764987 12.563172775138
42.371035368376 11.91128829399
43.443695339602 12.290825803921
43.446905573128 12.776238714727
43.23061834568 13.461408598584
42.049141920681 13.544232953614
42.738810783617 13.758858477605
42.407629010944 12.207640117618
42.898559764467 13.050803205509
42.698933580305 13.693758506672
43.759620263616 12.714636477996
43.758726487311 12.399064826986
42.211583423548 12.092527373758
42.783198968893 13.070390679927
41.985255038846 12.267992413749
42.645336749819 13.730939496204
42.630762750598 13.790016130933
43.140951509208 13.502180564006
41.964316043542 12.355678579025
43.650852859344 13.347246356026
41.942354390392 11.913774223048
42.026785035651 13.209974974513
43.050821876664 12.559780191912
42.915915498026 13.209506528571
41.999894385713 13.247107456574
42.847636671687 11.928715046949
42.736654027264 13.04688457823
41.915262495149 12.059202120688
42.624257646347 11.933650153214
42.913181256949 11.886169650094
41.257865862261 -74.488187229154
37.860341098095 -97.090817637318
42.235495969318 12.413235406139
45.054607917114 1.9842739412488
43.618139626767 13.829412749444
42.139041912828 12.877557211985
41.857738713689 12.567729157215
41.890571901545 13.183735980293
50.708127295695 -0.45477222118748
45.95178090965 1.4468092734212
43.068134652038 12.025108652222
41.696782898156 12.038952914362
43.38847380012 12.406198673626
43.028259112999 13.822646142388
41.915160678309 12.321824617389
42.89368741584 13.159040483741
43.087463243926 12.218597151462
42.631476132514 12.611112284314
42.520152048937 13.283746401467
42.417805103335 12.439630424364
43.234837682582 13.703648937749
41.925739219399 13.316306768154
42.936150229062 12.897183791242
43.671374726443 12.800751542135
43.573261359063 12.681559594686
43.607605889278 13.709230329727
41.837020212264 12.71886562871
43.357601030917 12.573997814962
42.548509102591 12.174796386259
43.092293764529 12.957945610398
43.667227019422 13.292331453104
42.847751650444 13.390844322944
42.381147571107 13.770930217959
43.121193031392 12.105424427963
42.381160975632 13.324160728776
42.248104517019 12.064562068372
43.485699252938 12.412141823888
42.167790865159 12.257335711877
42.130666093051 12.012130097978
42.288440074461 12.969966278884
42.675603328143 12.183921693465
43.666911190707 12.169085403538
42.30837371403 12.49741328207
42.550122189147 12.201334001146
41.947349221908 13.476647758168
43.015411963715 12.537160561226
43.5398476066 12.72867531412
42.637775461042 12.005465535005
42.203023553476 13.00405996202
43.624091754048 12.201513637903
43.78133215328 13.391206044907
41.879620264715 12.142392702022
42.80114079865 12.424278852748
42.417137308261 11.859947860662
43.757376330813 13.474619139228
42.291437417425 11.89677530571
43.047589069276 13.034876902625
43.59493262304 11.993568046036
42.044200260234 12.356990366896
43.045528669884 13.203662326675
42.385485633011 12.012375102871
42.106444872521 12.954955547582
42.737734734911 12.781513658271
42.058730700102 11.976750725425
43.449704925294 12.075935417843
43.761991932898 13.823049032999
43.377278577267 12.769034317142
43.600657665937 13.590939670166
42.350875856074 12.654067585105
42.806875662344 12.474138508327
43.624856022033 13.254489698121
41.980298089807 13.812644582176
43.540134014369 12.622851130864
43.544364847983 11.844159325068
42.385725392695 12.188734256306
41.88636961809 12.417501059576
42.603155894973 13.206824328402
43.506218951452 13.201580895226
43.414160516793 12.948548186567
42.635861623884 12.377691139198
42.431726883853 11.858037884302
41.861250768372 13.577672031532
41.877549109944 13.483714616638
42.04522550669 12.105145176011
42.616527188412 13.763123770155
42.833985389154 13.305231976952
43.533773111915 12.127392764284
43.013199237668 11.878094741573
42.613075316259 12.457554829541
42.247337320956 13.501053111882
43.3826985445 12.175339655588
42.953303081914 13.277735535206
43.30498711688 13.62402042638
43.164387532607 13.047374778936
43.317840239668 11.98262656947
42.726728438293 12.40393230759
42.007308896655 12.244251421787
42.02962075317 13.197644425203
42.602196679752 11.901517351599
42.212282067285 13.010538942206
43.165572850132 12.910203801447
42.370455216344 13.344812268107
42.533175975819 13.294640272083
42.603028521709 12.665509295049
42.994104236383 13.545735590435
43.637894941812 12.300839326971
43.029822867864 12.867445658386
42.478443530166 13.508832823277
42.370337841294 12.891229422733
42.722273219268 13.366105316864
42.283629976366 13.627134445902
43.604264057078 11.840112747105
42.268272803777 11.888324758938
43.351054033915 13.484095957377
42.941454059438 11.963160029151
41.902781829679 13.693655724516
42.322192060467 12.347705017493
43.430242592225 13.21063384705
42.431654170843 12.232419328893
43.023449078234 13.05461716284
42.15201012194 11.887184223129
42.178727095585 12.670086312906
41.931337902777 12.834900640827
43.249373912483 12.802332931593
43.192424861359 13.467827316147
43.45916220383 13.699827783622
42.389178430398 11.873739378955
43.193672887626 12.668165573717
43.01613235104 13.718452679815
43.466935821116 12.488242031789
42.343485834258 13.265012844144
42.687106986405 11.916111844574
42.24941488276 11.953481268603
43.059618117802 12.15391802052
43.653053570864 12.881708654541
43.578514775552 13.115738841314
42.805783095234 13.358648158332
41.996715946608 12.042004293337
42.061051459101 11.952996332198
43.591425894125 12.117083863896
43.216981339856 12.820797696182
42.449102718148 11.976904195278
42.651884570577 13.432086043282
43.50711703885 12.003748126351
42.765808225056 13.7661577588
42.134697311642 12.487178572701
42.472898208777 13.548944472612
43.429820839537 13.515148064382
42.066688162327 12.100190984619
42.169271576318 12.510686716324
42.196106672865 13.576906281347
43.314867894333 13.695374947386
42.413754126271 12.981906753046
43.403043460775 11.884694168777
42.455761947437 13.238104675563
42.307367202524 11.909088836962
42.425424006987 13.520861017316
43.402225992851 13.326358291028
43.362896569263 13.605464899284
42.638964819575 13.313379936087
42.347172929157 13.215402169274
43.242526308302 12.498437192078
42.881774972625 13.795688760858
41.975023016809 12.295343807591
43.235030393712 13.828045258239
43.346056508548 12.404786469624
42.64056211835 12.944011527109
43.020456817032 13.32635758462
43.82007195608 13.833214771412
42.866549520712 12.190995553153
43.390303928608 12.405834257813
43.796634638143 13.61296951848
42.462973509686 13.396014445201
42.857372332319 12.899093690302
42.782525204507 13.832979450877
43.639924736081 13.00738732752
43.022370587134 12.65390951219
42.120850371274 12.559005906155
42.375312230746 12.674186899196
43.602065087597 13.374890397964
43.354201555904 13.541678230086
43.762957897879 13.021546488193
43.459039788928 12.146670444492
42.170458994441 12.740478052658
43.521443676467 13.191177917754
41.904022361128 13.26374877864
41.90528889976 13.448374036929
43.568346336304 11.959303332495
42.55458701523 12.060878807263
43.584700145121 12.741711244353
42.276446556822 12.815139544131
42.539848403346 13.667519801162
51.027899685794 8.308193548726
43.416727239481 13.579104378179
42.804894128279 13.520800564702
43.395493279416 13.422571441376
43.105864137016 13.305295346934
42.681389637164 12.265539829764
41.909681737868 12.256488352689
42.551851677055 12.937826236702
42.592304761818 13.746480706516
43.50010060265 13.100127274238
43.275131547973 13.36293476839
45.465101753578 2.347688704891
42.344731389726 11.992690378352
42.385607349421 11.885591116236
25.356636393964 -79.809329876863
43.257280314016 12.060438146864
42.42606430709 13.589879366865
42.876726764684 13.000544831644
42.370797742818 12.572612200686
42.855885092589 12.180647081335
42.12281535108 12.718976489624
42.773297788956 12.328205094381
42.599916603717 11.855670660688
42.885171339815 12.203185351681
42.65087047438 12.158696235718
42.541436009848 13.125673804046
43.707677004744 12.968159102375
42.309927955435 12.225201033182
41.854893597728 12.728220514382
42.687643786768 12.732149642323
25.550892277395 -80.448195298686
25.675546174235 -79.399871728379
26.230724794881 -79.79304408719
26.275543800201 -80.105279783111
25.72082736701 -79.60387965068
26.580756661736 -80.045242302416
26.632279290164 -79.750854240424
26.746117676939 -80.198349360744
26.837025392708 -79.452987915857
25.097455098322 -80.512556749444
26.197721015271 -80.643099318368
26.859409173868 -81.003059466181
25.801452671534 -79.575038795903
26.215379732744 -80.258271356974
25.40166524349 -79.291329652948
25.029262635853 -80.328300352637
25.414819103376 -80.161276418135
26.142253477641 -81.139619541229
51.923564400255 0.29970159762991
26.808405889558 -80.567645079065
25.220209078017 -80.532363154517
26.40249506634 -80.707472207629
25.26189568789 -79.270528919465
25.659315329335 -80.853969910855
25.065320848501 -80.732275821419
45.258335147173 2.97677043964
42.680138450454 13.678635408042
43.708445393831 12.799612494579
42.351290675996 13.651636507687
26.796754422486 -80.505355888557
46.203340103013 2.2303205859989
43.713152706976 12.346883380502
40.028792621813 -74.502506440992
25.646319199172 -79.341311589783
26.961977663415 -80.627445209408
26.533054278463 -80.661246391131
26.756829535924 -80.23248778741
25.63436800083 -79.614003863747
26.97374338514 -80.801433207184
25.51632616505 -80.639646419897
25.540197293974 -80.552891417008
25.583320473575 -79.641800206263
25.844216029536 -79.774716525043
25.087827122794 -80.297181803215
26.633359698857 -80.036315991835
25.608198812963 -80.544100342847
43.153555123228 12.155958150607
41.842143534165 13.318136220501
41.824112195591 -74.314269033538
42.087647766868 13.054667540407
42.9302001465 12.843937915233
41.863320496356 12.016652416467
42.211881194849 13.5516043853
42.737908605851 13.648060505601
26.717261062786 -80.93036216056
43.547397048023 12.382886283765
43.479907339683 13.115559736807
45.653990127593 9.5729927664264
42.338613620207 12.524245207463
45.071291645088 10.160430225062
43.095016087471 11.857727947134
42.452893711858 11.869343161543
51.063860674186 0.52811095883051
43.404296084051 12.813042509304
43.747836891 12.838115957511
43.668174774252 12.092514218361
43.344736528764 13.643720326335
43.30933305498 12.095725599276
42.332843210259 12.537327643289
42.674364890307 12.147910239265
42.007585097827 -82.939066189054
50.788944498072 9.4599637475144
42.723198162284 12.809083454243
43.625930476315 12.671269039957
42.049451484855 12.339320013013
48.505288618072 -122.48243454439
42.85703240051 12.089775244768
42.46152905864 12.601721682421
43.754340296983 12.603863684763
43.109593724438 12.22545033799
42.202584653277 12.219543671359
42.075016305372 12.380664636579
41.84481323319 12.245489950893
41.847038683431 11.856485143258
43.718383585458 13.021468926252
43.130433298729 13.378005990024
52.336111360153 5.4010137904673
42.397982915604 13.641997163038
48.174931853311 -121.14345370604
42.13827878711 13.004766232823
42.021542564997 12.253174682752
47.239368100448 -122.0522961914
42.004274156899 13.290718152344
42.3527685103 13.038740651721
42.546548419442 12.713996999785
43.127087653695 13.463853596947
42.682578683238 13.315161485393
42.025573769617 12.88451048682
43.183138954094 12.165756801707
43.391746321431 12.13399397823
42.480647230766 13.633308433778
41.964359018025 13.083067052592
43.424719359479 13.665502768806
42.750759478563 12.487900190769
42.613486809031 11.980954453827
42.650258139565 12.729581523116
43.601311962421 13.153219539764
43.508891312198 12.697995907042
43.029579750763 13.303633992723
41.850367621936 12.58941232396
43.770324958868 13.408769154201
42.208496416571 12.028203246218
51.494045806115 -0.53037739202397
43.078602915222 12.775628102394
10.139089438079 -83.320360656881
42.138697361659 13.054684527265
34.17747544406 -84.538924399673
43.792360192089 13.399653588163
43.406750144647 12.434949675333
42.446484190641 12.767417076422
43.13192322905 11.850113347124
43.49557367458 12.700057668958
42.941408046049 13.059980180163
42.036950618998 12.143812517258
42.463322956817 12.436017407328
42.545027245577 12.747620871194
42.973001036801 12.989339983572
51.71358569442 0.084115684020391
42.67483590018 12.779088017915
51.138376180147 9.9426915561513
43.296174666072 13.387752991371
51.796389815768 9.5102453182965
43.558701645864 13.373766214782
42.947271497917 12.580404522189
40.925418561442 -74.395488646663
42.528604814584 13.202720934641
42.913204476684 13.780698320747
42.44250097521 11.996797128134
45.67843797462 2.1881928407532
42.672284650485 13.780443752569
42.309584754219 13.290478455059
42.999219869284 12.443224078737
42.82780839916 13.148020301104
43.028379722067 12.767598048697
43.632177795599 12.600935711361
42.963219752539 13.281800131466
51.888940792246 4.88601065154
43.236520706341 13.259049986631
42.432566850669 12.693357349717
42.219122464426 13.124781773505
43.034450611137 13.800625808931
43.643830412388 12.894752404625
42.096500303662 12.147154410925
42.108825613816 13.464681431423
44.193274738634 12.253900172095
42.015287832851 13.433808096908
43.505909336056 12.15112876715
39.213798157951 -104.69985064313
42.978648932662 11.887789554863
42.916353488789 13.759202651588
42.964599452917 13.489684908434
43.28308799459 12.064140912662
38.927749326745 -75.835783174568
43.072894854526 12.641940025467
43.416742818179 13.175806707805
42.261786732034 13.508731969424
40.113969464526 -73.70754282176
42.411149905276 12.710671250595
41.959252461793 13.826140896823
43.380733038031 12.104548628977
46.011281681718 7.8524223970493
50.859689352503 8.910905941348
46.402140507662 1.9652458093899
43.47969320534 13.463682101811
43.007425129438 13.128474261227
53.4384499015 5.1497634432277
43.666444747109 13.7258873497
43.727677749364 12.381625389413
46.092451998076 1.8230245433855
46.720626162701 7.7447796700265
43.229842077137 11.854932974977
43.270015385614 12.539770681218
40.43463490575 -76.300260316704
46.35262223177 10.18051659436
41.869888093749 12.725368309659
42.952102300244 12.490099933713
41.866238493431 11.966921134392
42.503896629693 12.882081720013
52.071782002957 5.4091205432355
25.051864474553 -80.313710229427
42.917247073707 12.284999926263
