42.564336853386 12.021585351353
33.557942976217 -117.61797478387
43.615160852512 11.836488838252
43.082454029996 13.495700239921
42.581603214902 12.876300702766
41.877423471854 12.073646610448
43.069310035144 13.277148123981
43.272037961202 13.669664177911
51.74656995281 8.6842133652811
43.239417639693 13.229009836574
42.432097362577 13.738928777065
46.0610703901 9.5749245748017
42.155060074851 12.095092434501
42.51971372057 12.46826107172
25.841133678186 -79.548708331667
43.108994137102 12.858985368583
43.003331644949 12.58851577697
46.325906504563 1.9728434374429
41.920513446892 11.96038791491
41.053362665397 13.38803007546
45.667064577931 10.88346812149
43.185942105125 13.286422167128
43.22057268455 13.832339404559
42.021660191969 13.705064777169
51.617557775284 5.5952220046172
43.588098892771 12.652812369027
52.361937138653 0.73344720882525
46.384179284044 8.0791159286532
41.913544739112 12.494796837466
42.284641479761 12.953721106052
42.210935725018 12.289167704682
43.106203475572 13.04842218761
43.704280670616 13.63961617308
47.810178767336 8.0376605163504
43.51521705769 12.16492129453
42.74503361424 12.537334190021
43.753725165873 13.749203802922
42.323667125017 13.092763002095
42.452432477613 12.610951872382
43.085153344614 12.602085471455
43.25549384174 12.261626352699
42.139342843294 12.227505225606
42.875954319686 13.40758170162
43.460587166485 12.285879923651
41.931095445983 12.78847128052
45.361862531566 2.2921246189122
44.754592582541 11.011398419161
42.179686448641 13.503070076717
43.49889072708 13.197427157426
42.772833070633 11.90408291805
42.690138751518 12.521090760159
42.351704509648 12.887775887704
50.827742791189 8.0490002776724
43.329089792154 11.842972686462
42.631712346187 12.127214727538
43.037716147528 13.006008356833
43.673353735692 12.996300218646
46.761764171762 14.986729407485
42.420168748342 13.015049347682
43.659543383263 12.411382463042
43.39012963671 13.113579424638
51.035479771688 -0.28787349881505
43.242215280555 13.527941707323
43.729828189283 9.8966605970365
43.101813792319 13.178674467944
43.549245402494 13.673106055576
42.336709985687 13.777190971571
43.779131595429 12.402386166364
44.140898355211 11.830328230483
43.616061275667 12.581672533707
42.774035654412 13.610041498977
42.465574625186 12.019098424383
46.401997093087 13.858074681555
42.538893258937 13.322434173602
42.25804254939 12.23311994424
42.998941990102 12.434458419904
42.718388351502 13.355869428441
42.914611715805 13.001836096424
51.160393278655 8.6740454573529
42.882961648483 13.354245796986
43.133164188908 12.405441309535
42.80407555392 10.816709622467
42.519061868342 12.347831165601
42.336770366589 13.666815811634
50.242379021944 8.5759297109097
43.516800105368 13.288578780989
42.608367240826 12.677466525101
42.412263669287 13.189625805819
42.82204277621 12.740124246471
43.267079283163 12.81078019359
45.441834357307 2.9028893638881
42.400499150364 12.065092970203
51.397296359249 -0.62432747508135
42.575845536134 13.620090432775
43.047726205593 12.016190511203
43.136500623627 12.177200600143
42.104436668637 12.847034944171
50.774473843525 8.7938200187841
43.743310998561 12.422028155284
43.753725555166 11.951805309391
42.857137207362 12.748260074199
43.809912409566 13.401912767648
42.641816814284 12.268935157598
43.103586647729 12.951861791311
43.08670147468 12.176229311256
43.632770966123 13.057107969235
34.149806398542 -83.809917120082
42.824062183904 13.23521363236
42.719651687315 13.257401535428
45.016050649349 2.8286227573774
43.244423957676 13.14780798284
42.109423096829 13.301781756965
43.649729584202 12.744979411732
42.548414875564 13.294772171574
42.582364303352 12.439685191719
44.713046030683 10.784358295465
43.267367503518 -82.394115663059
42.794312942233 11.982694167657
42.521622034519 11.926330301432
42.106800588384 12.638780288251
43.384731663591 12.353905658889
39.00157061486 -74.768681931643
43.708104987514 13.507712452464
43.75040244255 12.015465030941
41.928060479915 11.992736668809
42.511027161291 12.473018141705
43.821686774896 12.486275721123
42.893548625027 13.189746624899
43.68512793385 12.113954213522
43.613497803294 12.078467486018
43.822757119717 13.100185177357
43.108533130565 12.744027518569
42.005299224542 13.053073990204
42.004458476812 12.189335828291
47.296948680515 11.056210539961
42.237766253894 13.052589189307
43.386620116621 13.552561476639
42.740992176247 13.332612874628
41.847456038414 12.309099701864
42.082362068411 13.042529001407
51.848739721742 8.7647740555763
43.106139891851 12.445459821024
41.956342476421 13.668764611573
39.060588829543 -104.78420342763
50.357867542821 9.7326421908721
42.764811922242 12.015047258725
42.990614689438 12.763073320877
43.626593852728 12.25365816676
25.837510613632 -80.55159158406
41.910688480342 13.579044283193
44.33732024578 12.487516314324
41.853402133052 11.872727919797
43.073884673006 12.420244936582
43.185809816341 12.687335848684
42.173497733762 12.386909988444
51.585678829619 9.2305369871811
43.665368450205 12.176581594731
51.075959084125 8.7979174870057
42.656679408486 13.399773115965
43.764366294029 11.808026463195
42.73944912608 11.853861818974
43.661991132753 12.764932333403
42.257817790053 13.383069753381
42.137981417208 12.024938905644
43.212183086787 12.55124886548
43.097048275705 13.686267551375
46.822367352816 1.2437031936104
42.563027561925 12.590343397407
43.807437732142 12.013726346692
43.81711423251 12.535436016312
42.537228049516 11.898387982484
43.269233864413 13.730837490305
41.943125105457 13.822745598791
51.94413732758 -0.32831138579096
44.81351254688 8.736354657978
45.696939982913 10.986270341063
43.622290617166 12.87587395167
50.023375581961 8.3349065963807
41.858637555458 13.546383072432
40.68836590792 -111.17736164428
42.581544510381 13.450638547305
41.930194153439 13.713995487317
43.636465268527 13.048603524032
42.262692629969 13.764140465674
42.24709485904 12.991196860111
41.957690870391 11.920223300329
42.812171396267 12.232872242703
43.343191321654 12.786039659209
43.725842242022 12.77498064694
52.253704532866 6.1561833868763
43.330393967394 12.617409061483
42.244906750643 12.211176936168
42.933708954593 12.38292220767
42.585826165802 11.897313415512
42.849882784251 12.722984366011
42.172712676329 13.573644999237
42.827882177603 13.563942474131
41.984663222465 12.788436653481
42.024170894208 13.465035572886
42.595421989281 12.523818336226
42.063018812848 12.973989130472
42.376164615816 13.307359433431
42.237150394955 12.706915430609
39.014654908034 -90.109019034931
43.608510849836 11.998345698716
43.197644233351 12.870834605264
51.663565312821 8.0330642224443
43.290999501169 13.393125285599
43.5187645017 13.63170082107
42.87879615972 12.878750757279
43.056518249727 12.160412874168
40.53236509137 18.023148287846
29.931136719393 -98.826260349194
42.719464912901 12.260063181308
42.188030783661 13.39062711058
50.301452732785 8.7552722197749
43.063123874882 12.549766057448
43.150640326643 12.047008960551
42.34056592285 12.699471381374
42.955262321048 12.826746110279
50.083271805236 8.9186556003609
43.728401966288 13.640757541026
43.042951458175 13.684428210244
43.104172913893 13.632520673181
42.599916603717 11.855670660688
40.744917312503 -74.552711373034
42.242053263489 12.716850843635
44.066690559085 10.875186557495
38.220325088741 -122.54116349756
43.240430072549 13.451848310184
42.616165766335 12.112284487652
53.347510725422 -7.3063620130095
42.073552533108 13.720704872052
42.046291060788 12.902358342403
43.045098111075 12.669535031409
43.189155177788 11.879696434794
42.211882643521 13.33754547191
46.033161827469 8.5532956517527
41.123558234633 -73.874029262064
43.305355359963 12.485867110328
42.424354918054 11.983292706324
42.739396129169 13.128406754776
40.498813556426 -74.412001481603
42.751186834553 13.689009299844
43.169943196334 12.124838912007
50.046145441032 9.0542476750232
42.509740027392 12.004349404038
50.391857575342 9.8327343197692
43.021187379987 13.279117330128
42.817218719452 12.106218699902
43.801698327925 12.021644156457
42.380572379884 11.813144708708
43.089181426044 13.369484282757
42.129280164453 13.180271093839
46.019510980705 1.8672419483155
43.763902101577 12.470471563058
42.138031938664 12.085725710323
47.214129926271 7.7582855414405
26.93263656874 -79.696055174939
42.100547252291 13.697913638196
42.885180531503 12.778785193723
26.953051107431 -80.503108961086
43.639780171534 12.56554171844
43.174333958523 13.184563935376
43.494857783215 12.291726387728
42.624755916498 11.918483620958
41.91522251254 11.961636572148
34.191635111007 -105.99005786109
41.839884818944 12.20403479191
42.661930787706 13.746897806317
43.064069430886 -71.031865377711
43.138146134644 13.623663211553
42.048782513986 13.039877612183
42.067655274697 12.407798424574
43.682576936543 12.713404810409
43.637822563147 13.184274004413
50.726889688394 8.7247537452377
43.352722828462 13.639304715527
42.966446571057 12.020350272332
43.53055678847 13.773426810195
42.259606086325 12.948365390763
42.405831425661 11.85713787512
43.755335215386 12.886287148079
43.271442548519 12.34282941203
42.935752045354 12.85530708679
45.073821493925 1.8778785969493
51.22227795479 9.6264988508199
41.836032036171 12.430949320773
50.655077346091 16.201237863256
52.353028640083 -0.64145957620416
51.984056591648 0.627060512589
41.838519933114 12.739342001632
45.952507786242 9.5347784272069
42.775218313011 13.827982773945
41.996260909383 12.288497613433
42.841613635834 13.18552183976
42.882318706218 12.58874577779
42.528295757516 12.49157738664
40.798696768994 -75.270883778368
42.689048001885 12.746891216278
42.842632398888 13.533052331572
39.679307513429 -78.109744635421
42.526559828581 13.133147971788
52.218679420985 0.2638195018069
27.028192055615 -80.538957494396
42.700018199508 12.052060132426
44.216510368493 12.107200395391
34.257825675676 -117.5260201949
44.169385966947 10.640464196559
42.581413763401 12.430419978907
45.858143081357 24.583900048669
42.587123549372 13.022363027589
42.614503271719 12.531811518398
51.120876991246 9.2006705441515
43.372408713409 12.775159506975
42.908186988883 13.664975984353
42.296310394696 12.364552020752
51.114036917274 8.3978616531928
43.630987161154 12.362229752544
43.589922070799 11.985473778113
32.909962982642 -112.65108415329
43.428406588954 11.937065782948
40.681947076231 -74.000521731695
32.880100615117 -117.49175947532
45.45718437662 13.128713484222
45.144806543433 2.587060646893
42.564421005831 13.662092568216
42.260671717723 12.212603922588
42.541991514427 11.835300340262
52.933202086684 6.0533605889899
43.60802606058 13.702387578202
50.676366522758 8.9311910052463
50.504767527108 8.9068072246885
43.536929679374 13.71832418943
43.710421591418 11.894325542235
42.359076061474 12.716475630999
43.136439401275 13.690241065219
42.304984389502 13.459404728145
53.246518859987 6.6081337783756
43.479269804677 13.255964080478
43.198715295756 12.176172967638
43.472130194547 13.106746579591
43.26013749759 13.247450226123
44.299042282977 11.403888897579
42.418871051848 13.155366536789
42.751361706665 13.645738955909
42.074424895514 12.933002074705
50.525165224925 0.69310573096532
50.252308457742 9.5746193242141
43.05225088871 13.640317793789
42.75569018526 13.57671362144
43.051360156432 13.818410536676
47.779882156907 14.304592069634
45.079889108464 1.8057762318318
41.991130299883 12.092515022092
43.380265305017 12.104311244166
42.24507746859 12.860760745083
43.374613093873 11.854464428453
42.750928532703 12.098045473985
41.936620794694 13.625288318689
42.482071988064 12.706019287813
43.350986090673 13.20004135242
41.847094387697 13.733746018623
43.654845025716 13.537229992255
43.330527371902 12.145710654646
33.413298406633 -97.310269945778
42.278577690629 13.298689144824
43.264418391655 12.864518574863
42.153454633056 12.524422765975
51.220038493034 0.26077267534602
51.613075129042 9.7318316417429
52.91939432566 5.1799310759781
42.267556568288 13.576369397632
42.987631983605 12.335920201326
46.325432177319 8.6792239480089
43.349490212926 13.760930525049
43.794836353902 13.82424727309
43.005598675949 12.442266128719
33.220189859441 -118.65368591401
34.154259075196 -117.35005457465
33.681582795487 -119.15726438434
34.83354511355 -118.98593228339
34.2004337551 -118.36321525973
42.161658135339 13.792229134514
42.398237725926 13.032787434327
42.248005552354 11.996136941966
42.385066487561 12.869634866209
43.648419536042 13.741472901677
43.296955546523 11.878851665148
37.03194848077 -97.939331610193
42.780687567231 12.880177675246
62.55789841365 15.312407645077
42.712794255353 12.608075442562
39.487891833802 -77.356555413828
43.027203139417 12.244597081696
46.232037211341 11.650777710369
42.181923828638 24.793587201179
43.225754359863 12.856783139939
43.194851235184 11.48180662898
50.622195943316 0.35513468377532
41.271560850235 15.047086147497
50.212801588333 8.6518618728276
43.060499362231 13.252155819581
43.583980376659 13.149595956874
50.222914787579 9.8728900127452
42.880832213408 13.651325632211
43.832219075354 13.374892488783
38.321549062941 -76.726166278421
42.935971860299 13.136662280272
52.838018683176 -7.1966698515213
43.291796573129 13.493552155112
43.388241912906 12.804711478692
42.500271087301 12.872242266739
42.382712590707 13.469498105121
43.553215335402 13.459857008189
43.107700605017 13.061107543812
46.958927277922 7.6039460960794
52.969375430825 5.0532609989416
42.61741486502 12.574417691501
46.227250890938 9.4947998024965
47.078293811101 7.2141787378183
43.340928273455 13.77701268104
41.962987264622 13.467059378285
-38.566027703027 145.40352158004
43.182301063196 13.060983275113
43.241755114071 12.885698630442
