46.442527835929 8.3565017638525
46.701229090198 8.1403939529045
46.663935988054 8.4544842873954
46.883246233632 8.226365166356
46.672869929426 8.1408280884572
46.456379707209 8.2590690247501
46.743296050347 8.0974976933084
46.586884473258 8.2821815411012
46.560767541435 8.1020381097226
46.548629136546 8.0455485158812
46.673943046329 8.1765143737088
46.403498749437 8.2817142458082
46.927647033207 8.3107543584475
46.649643080146 8.1746639693969
46.543516085271 8.4776913809952
46.461871859833 8.3876911985631
46.685123207832 8.2718984327614
46.67173907192 8.3962581913901
46.72079476281 8.2314728563475
46.990514115892 8.4754888361671
46.587949696736 8.0149146411637
46.724805226887 8.0585875525412
46.795475810205 8.4387755461218
46.735260259237 8.1922815144957
46.878849002476 8.1921208986044
46.466096091792 8.3213004738657
46.728839278682 8.1286572672046
46.596167389581 8.182410666804
46.67618394954 8.4840196503718
46.470220134813 8.3340227530962
46.640598730112 8.4607746084038
46.731759162495 8.36624974076
46.795485790724 8.1893622736397
46.608809804352 8.2563445102363
46.636565519793 8.2915950642394
46.678743753994 8.3417298089907
46.9612601972 8.4420087265046
46.633532171994 8.2248637856566
46.841550336146 8.2512417557888
46.529158618548 8.4652814434214
46.399404362056 8.2849540690356
46.667687017782 8.3980993439435
46.920194819532 8.2240680364073
46.849209648021 8.2220292860745
46.940914956825 8.2829547609589
46.699409645376 8.2692850000548
46.888373634726 8.3257428814311
46.608847230025 8.0957192858195
46.748615068266 8.1862812243338
46.655201867528 8.324794795981
46.678359443451 8.3328515721382
46.837680700625 8.5084179162553
46.647153733087 8.5881827068903
46.504943942421 8.1336925249238
46.924552312551 8.2985390775365
46.454205326482 8.3049221924995
46.691844228046 8.4135096461575
46.944296335776 8.4220158375902
46.880092123933 8.149036300438
46.843607443778 8.2606515638813
46.682497893778 8.513109950122
46.774068399693 8.0537116257724
46.700317703327 8.406809415413
46.676374049241 8.0235392367577
46.549286615825 8.4224866877415
46.568623454109 8.2132849596503
46.630209187435 8.1156317678353
46.565693325161 8.1175481714856
46.771861118624 8.3232890480772
46.637817760295 8.3440052584484
46.868418779163 8.119688033182
46.675661865936 8.1798009714949
46.655789979573 8.2283437146006
46.9266802156 8.3549419037788
46.733737820635 8.4152902399261
46.828496665244 8.4479134371262
46.711401661724 8.4656197966382
46.698088746843 8.4114342105628
46.49603082123 8.2613030547562
46.882652348318 8.1283136467116
46.899703322387 8.3167195990902
46.631504393011 8.3395954493152
46.770845473172 8.0253279213912
46.978575882311 8.4737146646415
46.817320011471 8.2470233883928
46.745363670932 8.5004681988156
46.957098037916 8.4223185425728
46.648510395386 8.5843747461142
46.875754068548 8.4242125872635
46.850526808787 8.1650534079713
46.680018806916 8.3332753211858
46.888259005681 8.193823355806
46.631807816975 8.5799169384781
46.704809562631 8.2981344188089
46.958822047319 8.4369562847712
46.805252673945 8.4194585370922
46.611940604454 8.3836800886242
46.418563538426 8.2608328751572
46.7171142859 8.5289840705362
46.518154847677 8.3818999055689
46.524156762065 8.1205313900116
46.963082849497 8.2808329492252
46.711128140665 8.3946949059119
46.472296609621 8.1796082296337
46.508632662012 8.1487390185468
46.894741527222 8.3074634309427
46.759552266337 8.438006861805
46.825010525447 8.3967785976812
46.704500017084 8.2535758597094
46.896801363629 8.505434720081
46.594679361952 8.1574889766786
46.73216861474 8.2414377598285
46.759479789883 8.2424290404853
46.912340531551 8.1774783549725
46.80970906923 8.051568063
46.881392244194 8.3545318261509
46.711359400633 8.1775827296905
46.906523352445 8.2936858661909
46.522253494022 8.235128300374
46.744919307877 8.0225914553844
46.767117931865 8.1841411353946
46.651903521107 8.5511921232339
46.624116432678 8.2742877687673
46.534121071237 8.4061263834155
46.836437010596 8.1591418372277
46.645793283193 8.527451866552
46.918603068645 8.4522285077033
46.609005624712 8.5170823878223
46.606590805858 8.0742306090306
46.941379018101 8.4586516546359
47.012121803133 8.3582875259958
46.766880734715 8.5080521369856
46.844397293797 8.1797810067329
46.941212133011 8.3657797669833
46.806969419498 8.2920535245408
46.73360499215 8.1747447136672
46.555285369305 8.0396240879966
46.549104274506 8.3318788480628
