42.88141920321 13.741707288561
43.484325822689 13.202890746877
42.093519111694 12.203656783909
43.079777901119 12.341704612312
42.848405545993 11.967511398724
45.789796705914 10.370852287731
37.418438217798 -97.236529116629
37.884490713889 -96.64398523357
42.834829608854 13.475170553904
47.052484623369 10.47003654103
43.201755795277 12.316901850683
42.611940552786 11.86315778173
51.393276929107 9.4754997885206
46.387758490999 12.228304917264
45.519418187404 11.030529943009
47.071678130644 10.723563067652
42.727080914086 13.575461756727
46.546433495335 10.868313861183
46.748371773471 10.469268310268
47.172959635769 11.389183931865
43.085318909087 12.736124533127
43.205029395991 13.526495760573
42.509315833242 13.010359613251
43.727723972766 13.251976853841
42.294152752654 11.891652871825
46.662399871306 11.793177720228
43.795675342363 13.298673849713
42.819590683032 12.109186317378
47.319696794136 11.736404479058
46.233345192223 12.248863640057
43.064372776593 12.938482761841
50.15843519017 8.7937106898957
43.204079553135 13.429299398081
43.277210799196 13.369964532282
42.447539095531 13.377763488061
42.390661646815 12.800390593636
45.714449156597 12.117435542621
46.085328280223 12.322348643875
47.15189644534 11.305392202297
47.101328593449 11.873681475049
46.870232900733 11.202531388289
46.577137277453 12.364181489553
41.916164439619 12.047972288957
43.556668373571 12.390200081018
51.57665551015 9.8169001652007
38.140700191791 -97.71038734294
38.583499749928 -96.84751490869
42.087285143851 13.081814903825
42.731722056762 12.024172213426
43.177651839435 12.245426131548
42.938016458872 13.627649582304
43.35109886918 13.336951745852
46.207086476594 8.9596381140685
50.842856630144 9.5287420794036
43.390966684761 13.470042808687
42.069371127111 12.245725778533
42.836558357757 12.414459467148
42.024696006006 13.379017956752
51.597779936436 8.6081695098468
50.728181667034 9.2874296755937
42.649978497389 12.930318728078
43.11502720423 12.998380661962
43.769130695059 13.44195432518
37.094655945941 -97.100934649865
43.412389601328 13.16178626763
46.462552557729 12.213352091125
42.793715427089 12.74368711132
38.27325470572 -97.038744840323
42.181425153849 13.316651808732
37.363528688142 -96.701514308202
38.113618475438 -97.140326262051
37.185793924698 -96.141635835237
38.174190144136 -97.338079233811
42.080731210357 12.589386687909
42.103230957942 12.390842091495
47.49376969966 10.664761515809
42.937816804267 12.523305740938
50.301825830853 9.2750361362822
38.573720413527 -96.332486957932
37.231127512283 -97.417047737826
37.412671619753 -97.455112940844
38.287956406962 -96.242233719324
43.651093541969 13.231501609216
37.284568172546 -97.602489686386
38.181804957419 -97.61625674256
42.035824291911 13.047076740811
42.742380607309 12.743861798564
40.346140453905 -73.743055698008
37.12604990654 -96.736243730288
37.03782339489 -96.889538831492
37.92079826301 -97.377480129421
38.550875335257 -96.505327028458
37.827072166292 -96.11417916795
37.797519719134 -96.244747515882
37.490837873654 -97.420984371761
37.101006820845 -96.868877108613
37.605980818908 -96.710182496212
38.547193369617 -97.333798693648
51.604219429709 -0.48772151609776
37.667626006374 -97.610639649728
38.925974001142 -96.459835219411
43.252963613252 12.717049312672
42.39940447381 12.032726015001
37.120938980543 -97.357434049415
37.96839683548 -97.766955155305
38.466635539414 -97.188141493214
38.840303679388 -96.929213936873
42.012078236815 12.873163218106
42.58411138534 13.807225632878
43.001851749628 13.27893804541
43.674492173232 12.242754283961
42.649255210391 12.061461263386
43.572970333331 12.247628793722
45.533880624426 12.204001185744
36.488030173029 -121.3224853895
41.830275483218 -70.666155388641
45.699948111132 11.187542848076
46.616577910269 10.793760767741
46.222593441898 11.599161139202
46.779191610489 11.400014809219
46.721288666584 11.719104545128
38.447706405748 -96.557567155248
37.314212795028 -97.485584035276
42.266564671561 12.815387030533
42.735164263183 13.526374873971
51.587873050518 0.69553925217388
50.378749298108 9.7083224904297
43.120236076957 12.04772131289
42.874152769763 13.144351208205
