42.285306363055 12.879827801569
42.191700338962 12.84334463621
42.897377551972 12.38465447837
43.428519740456 12.43838708684
42.666199239768 13.687990854836
42.951201695947 13.75348417405
42.804065993917 12.685676687737
53.233205784919 5.0866797567982
42.546387136724 13.328601962129
42.630048089975 13.727310787315
45.660531013485 9.8520383059312
42.794008511044 12.706779903151
43.91131521371 8.6019684487264
43.280611553847 13.386730304655
45.071624348251 12.098138248382
41.259237177465 13.328885916585
51.002931759927 -1.0146338167249
42.003200327069 13.63938551428
46.169193547763 2.533684152427
46.664007608622 2.5834832841454
43.711800641733 12.313193013127
42.947173821271 12.815307644597
50.921602903596 0.69761367495527
42.49503803418 12.85546520208
42.932775238984 13.734698192114
50.227561237862 9.672146786783
41.837206318454 12.11127492653
48.274806153877 13.081957231102
43.607496478899 12.681458424184
43.229557328985 13.506519784011
51.877890506702 9.4755034625882
41.88970302508 12.387043262102
50.283321268057 9.2585651596349
43.760223888236 12.966751016682
43.760874244294 12.210332381192
43.773653509942 13.702256599789
42.178451846923 12.735817192486
42.129109981551 13.638014836089
44.291853417641 9.3886849996814
42.853698952542 13.031957196108
42.681371387433 12.168084710936
42.696850568867 12.798172473369
43.551602342444 12.794185189921
50.891826726912 8.7491834539683
51.617816774928 9.3341427633232
43.694289267407 13.530545844499
42.302673822431 13.468081245438
26.97536500913 -79.857421361119
42.476465788913 13.461887470217
42.881772289019 11.923184308209
43.246335944762 13.175950085847
43.543757327641 13.362517574526
43.007252485516 12.173079817657
42.75843807161 13.695831483575
42.918176456337 12.695138998209
42.391501345409 11.869944088587
43.103240381064 12.477077043393
43.743310998561 12.422028155284
43.282448724065 13.501527021428
38.793691011473 -75.223468972313
42.421006855306 12.124944273927
43.08670147468 12.176229311256
34.048968067455 -85.290551825003
27.646892517078 -81.12792201699
43.589516687037 11.864630752201
43.073237656671 12.52074497592
46.893419903567 11.604683271167
41.325434252537 -72.999873624901
51.370789336679 8.7950717139966
41.990544684714 13.364916035631
44.599702868752 10.464733902998
41.999001558425 12.809076430208
42.499721152962 11.955005357508
38.125389227876 -77.50257845056
42.106800808176 12.941983708174
50.75406138634 8.8677688827122
51.5679551659 8.0914851669648
44.742875533434 10.27565676648
43.24818269829 13.338426788982
43.571730277788 12.245916257282
42.425543953418 13.622777736125
42.370146276623 12.497008665252
43.041001613292 13.765647855965
50.794489699786 9.2250636509736
42.867482306861 13.475158913303
42.614918264868 12.824764614864
40.413215590985 -73.791492638678
43.711852296608 12.089429867982
41.897789855927 13.722427908689
42.329083002347 11.871138398031
42.071092788184 13.780577569653
42.820852000204 13.675257390235
42.687212969052 12.390542076638
43.48579699664 12.235797208865
25.720120530894 -79.896039163921
47.000924179797 7.0818459955425
41.849657403722 13.143983446615
43.290355282526 13.571656410404
43.036534879395 12.995785027296
41.925800248967 12.692807275214
50.989327577403 8.7696016299397
42.944136943197 12.961399627852
42.134119655555 13.726377542024
46.008581365626 10.791864038325
43.368009179092 12.326815395324
42.754165810905 13.602307658013
43.320705094079 12.519354114106
42.49150935958 13.091860631079
32.872495390519 -117.30299471792
41.962517576761 13.662456618486
43.119310258499 13.81924820685
42.367402340478 12.451183345866
42.433227146267 11.856961867726
41.958342441359 12.591829167976
43.63556373803 12.669672984963
39.868895758965 -75.099098093985
42.491228327871 13.593920701481
43.759633920065 12.105923603359
43.641353546496 12.08157695277
42.611130338933 13.163326064222
43.711066579798 13.025707133613
42.043780636549 13.614328025216
41.840429995621 12.121805708933
43.316652897914 12.640220650325
43.424760307404 13.44090313813
43.622729641696 13.439459752517
42.231625640428 12.296292700498
41.924551516292 12.619375551895
42.98471952464 13.759325467425
42.727610796584 12.884804613856
43.74214509399 12.606007277337
42.801181900258 -88.394171672316
42.405831425661 11.85713787512
51.786144642991 8.2210782390186
43.580163473555 13.49462470484
50.666040591042 0.57142353917539
41.872376904784 13.424160884446
43.681972645096 13.576295073899
43.162805297509 11.872684986758
42.758363412602 12.648733310725
43.165814616816 12.652170148072
52.457621622345 -0.34975396397512
42.90343406049 12.633004058003
50.062092983193 8.8885411195869
43.804237806634 13.52567893107
43.535085381745 13.286142153354
42.74017134811 12.964839655911
41.864398603751 12.671441661528
42.03450203225 13.674180693794
42.688630808021 12.860248644792
43.155242414307 12.18826655775
42.105623084656 13.686563691931
43.343192739127 12.385012551411
42.66842739131 13.026286643963
42.298870464016 13.083408777196
43.30112915316 13.361504074375
41.892076470394 11.943252751133
41.953842351213 12.507126068022
51.165128404584 0.16807502231471
51.547013442287 8.6836997324991
43.203176454291 13.358352422902
43.731112526626 12.847155487115
42.987018302098 12.172318223965
46.631807816975 8.5799169384781
43.627356620819 13.519129560126
53.364568521206 5.4448861920717
42.062539209196 12.531552908745
41.988581000377 12.079839995189
42.842506191641 13.109407465511
42.031641022804 13.029936451034
46.917998147159 2.2002440189013
34.36125813925 -118.32113044054
42.918354460021 13.606356608519
42.767664839892 12.638658452166
43.58875191055 13.373301259437
43.32314242626 13.161837464761
43.758080642579 12.550489898117
42.691809101373 13.654088083515
52.607335794301 5.5281008704463
42.589872706977 13.04331925888
42.685427214359 11.889085399422
41.921822290387 11.85227767513
47.319146291036 7.9722468699199
43.416150829038 12.770868453577
43.73238385179 13.739454552431
43.096635384085 12.643247654982
42.198732556423 13.464979864894
42.492108344816 12.078543593233
41.979426530201 11.837399379296
41.948534834661 12.447738947111
43.431967706176 12.462970419558
43.817208795744 12.762184419114
43.613509999895 11.840720440208
42.398000107819 13.266858917341
