12.152384115941 43.400440180416
12.153615110646 43.38562883317
12.173670810284 43.378245113615
12.170213407006 43.378963491611
12.175046491074 43.375376819829
12.167253533477 43.348493402541
12.128450537647 43.370850830533
12.146544629332 43.355339418352
12.160005109946 43.331184618816
12.130949370179 43.325686151334
12.138930038169 43.336706932812
12.162193197388 43.323070966344
12.16226833044 43.36769113057
12.148461007138 43.343441940559
12.179929175053 43.32950685051
12.130195859901 43.352168432622
12.136061701077 43.380388328072
12.167952780711 43.320811575449
12.160413004088 43.346225830443
12.142328074755 43.319752863313
12.155174094811 43.399899538348
12.180586398219 43.366519183578
12.128812890581 43.371154814687
12.150894518102 43.347344285991
12.137669929388 43.322495478842
12.179278783605 43.35450138729
12.153325047902 43.380967306172
12.123052853238 43.328737176198
12.163679185886 43.349201061015
12.165401512855 43.36514321175
12.153380108624 43.322199417449
12.13594186035 43.351771328783
12.170947971854 43.38562486108
12.147570827134 43.351945333368
12.139940779277 43.361041425916
12.141238929325 43.36479191734
12.163571061664 43.350449432337
12.130123213946 43.326645718595
12.150059632582 43.355980168283
12.133458969732 43.375928932066
12.157858484054 43.332070930105
12.146420328036 43.380095481139
12.156843002514 43.328441914811
12.164740466145 43.382650788141
12.175339655588 43.3826985445
12.129756090778 43.323601745706
12.16968699089 43.372767175277
12.16308589429 43.357110490278
12.15988411438 43.394055790938
12.156252714433 43.324214769234
12.130769676145 43.335512952125
12.136796584438 43.387623121232
12.155414810498 43.333264493094
12.160704651943 43.347893109262
12.169636421937 43.340206474711
12.162548617557 43.369373295649
12.136254568669 43.359190410657
12.136917754161 43.336761394228
12.152492073457 43.393043730612
12.178806691535 43.334994556094
12.145940667573 43.344039153955
12.132337935817 43.334318783777
12.14368983041 43.361990326739
12.127219444687 43.370865405265
12.143801959785 43.324092857712
12.126674714113 43.331697226677
12.175151772434 43.325150741437
12.14111852608 43.393641737028
12.160401256385 43.354315987043
12.147154642824 43.377534732885
12.159871283083 43.362183437407
12.172562305451 43.318255634682
12.159814442138 43.332951035527
12.127088387577 43.33082727081
12.185981232315 43.353793764207
12.159584473914 43.35460745329
12.144417828503 43.327589677355
12.165061888849 43.370670821711
12.165879141638 43.365378124365
12.140721348201 43.371577425123
12.145710654646 43.330527371902
12.151011871731 43.356863835082
12.144049574243 43.37221698203
12.165291886875 43.372459870492
12.134652895005 43.323620557957
12.147082983606 43.315776762721
12.137624486435 43.322555023882
12.167367996747 43.396669032258
12.168134877092 43.388409179372
12.119359915221 43.346938423995
12.162727280151 43.36061355118
12.161343138202 43.363705908188
12.163457492929 43.318504134362
