12.498775056351 42.751482834013
12.446658331664 42.84863634682
12.433736796248 42.860608132047
12.431788466162 42.743431544299
12.449863947227 42.774904142516
12.443984493375 42.824707217454
12.48979287666 42.890529811818
12.440894539229 42.852089923759
12.451059221055 42.900294844501
12.533184821987 42.800013857822
12.472591740786 42.772836761464
12.421245543038 42.875295199417
12.384728642381 42.867153718095
12.457920280985 42.866424517665
12.492121394974 42.744813807211
12.421076292855 42.815307317702
12.51045701958 42.746541611753
12.436081499085 42.874218188189
12.519416054974 42.804557041661
12.487776611248 42.783183522908
12.47068450298 42.846092237109
12.438569780664 42.903625681507
12.459456627026 42.883799034603
12.416329628071 42.825729034315
12.434532025587 42.841981993936
12.389992477831 42.811458575591
12.524422894497 42.802346058584
12.480266244861 42.745757142916
12.473623194042 42.766769355541
12.407322085208 42.74100742386
12.457444191213 42.77717184919
12.431186726539 42.756579209492
12.429226272029 42.794794079773
12.442912556458 42.804242911213
12.455578263151 42.826495537009
12.429954048467 42.753570386581
12.474986521304 42.865950132679
12.413282166914 42.823826290606
12.500793264036 42.887715515649
12.401089257768 42.877031319738
12.428510287997 42.808939729749
12.410618565723 42.77705209694
12.403352372557 42.773720307657
12.428996031393 42.86665612036
12.486225302579 42.844952413295
12.448676371246 42.876487611756
12.388758974818 42.839410894497
12.506566148974 42.754272752814
12.452266751555 42.802891716756
12.45665697218 42.831843906491
12.412497001913 42.841507166571
12.442661861185 42.77604213954
12.423289359765 42.734590316554
12.420353064996 42.888433320417
12.45153799583 42.864581212825
12.454819671577 42.797465301511
12.427200548105 42.742912358971
12.433797361087 42.78467515429
12.470986675246 42.726793775229
12.454441482434 42.756104070601
12.480877633451 42.837326651384
12.423389704185 42.793704462163
12.427506802824 42.750035790165
12.434815838691 42.867555919528
12.452779031125 42.873694078493
12.466168973367 42.809549347896
12.489026475481 42.828351193514
12.413747607478 42.787054523747
12.471541949323 42.898540864207
12.394432714879 42.799783199953
12.405725296331 42.808718775797
12.490025029767 42.828880839922
12.446376603791 42.838512408493
12.392507896497 42.863518550018
12.454161172965 42.891229664412
12.403938725334 42.802893752161
12.474792129602 42.790967762394
12.476759455875 42.882358823403
12.466706461511 42.780495874968
12.490514669817 42.754390239157
12.405729565048 42.763022028752
12.474559142962 42.768897503062
12.482301934868 42.832328317164
12.519955439291 42.783785759857
12.501351647333 42.811628280606
12.501029526603 42.786285100892
12.405416145199 42.830201624369
12.521937581206 42.787771599131
12.506880671509 42.81961089506
12.412315335803 42.804196514119
12.445589093254 42.737085618443
12.459260946375 42.879464711493
12.484977621832 42.746233156319
12.455274078762 42.850955148179
12.451545116257 42.76288396018
12.433874245956 42.736901159762
12.45783574172 42.729554966131
12.514538422488 42.784680493097
12.48413520657 42.88035906941
12.487294371488 42.785871712412
12.397861723063 42.763902498786
12.373605001447 42.822621239753
12.462845751321 42.748548537862
12.485621637353 42.883065458987
12.52591187161 42.800075272026
12.474501126222 42.785626827195
12.440188838395 42.865229237783
12.515334477909 42.778427605435
12.3872206106 42.859338690017
12.486416318701 42.86720488682
12.488198112013 42.813821492185
12.441889263916 42.838817826418
12.478241227811 42.762778262518
12.415373367472 42.740285342925
12.458790652223 42.829721083341
12.423799144788 42.749563338139
12.424176469198 42.783709434247
12.468136427697 42.902019476959
12.460807530911 42.777644007384
12.43788046857 42.823350066842
12.428229917527 42.81369593407
12.524234524727 42.805214370066
12.46783957794 42.870519279929
12.466757805791 42.825486708838
12.446258520936 42.786288400102
12.532469504782 42.789567193871
12.522650020927 42.833335190024
12.367767865031 42.831327163557
12.454387598904 42.771240253382
12.456548309187 42.849654389962
12.39019456852 42.821610266281
12.527747646707 42.784568695738
12.444174720668 42.868573063479
12.459208972521 42.737429935384
12.490758926392 42.881189209375
12.530567013461 42.790681312716
12.384834385212 42.799133964276
12.480500686018 42.869114582506
12.477553874032 42.816023607208
12.478198841924 42.871373280378
12.456250380492 42.759744963052
12.3980026331 42.881526676438
12.494196194941 42.852993832854
12.471352336703 42.855423330749
12.458848919023 42.803769641485
12.464380748807 42.87451861795
12.496104038573 42.726832791125
12.411012097009 42.811260417968
12.435413361751 42.79056359587
12.439048357533 42.76688050144
12.401011180806 42.775161336558
12.450580569681 42.845587361087
12.515669459738 42.748452965074
12.43314943578 42.847031739025
12.529191680986 42.763794128694
12.47426269507 42.79675023716
12.426129356712 42.84315494629
12.473128341845 42.754152253642
12.416622625879 42.842044611875
12.376393235951 42.846145654512
12.378009494125 42.811259302709
12.500806991265 42.792182792834
12.473480593189 42.763262421735
12.498079200994 42.861186154143
12.480220158829 42.85249319435
12.504312870814 42.781651824166
12.498054310932 42.842691900156
12.49491264184 42.810323114905
12.470950797906 42.840127859677
12.507472642955 42.80358122515
12.424587807371 42.809251495104
12.526106346665 42.806683337713
12.378072319749 42.823884150418
12.411919787739 42.794086874388
12.494073084341 42.876969551166
12.492769297928 42.727504800434
12.413114811507 42.871889994907
12.432989443409 42.747956397381
12.434876821693 42.82375816436
12.400436562228 42.827201775681
12.491700086061 42.813245647055
12.35978872115 42.830832132546
12.381399218192 42.861433139027
12.443023251131 42.783319793096
12.418526974723 42.866970700171
12.38294226929 42.825428706999
12.465773340553 42.741112753649
12.440366538002 42.848887855603
12.470159755328 42.826624288164
12.496229508212 42.896646701704
12.496404287657 42.895515933605
12.46187929367 42.856482241257
12.429040639416 42.897257176667
12.42904233908 42.807218559483
12.479160127474 42.740044950408
12.509863303767 42.75986374533
12.434951151013 42.880167074001
12.408696628853 42.903133199526
12.448279997098 42.861718225715
12.52235615699 42.765822327608
12.424278852748 42.80114079865
12.474138508327 42.806875662344
12.35663495604 42.833175881243
12.505277774553 42.755043882318
12.510257396174 42.790137891581
12.517112730333 42.828468478226
12.386222147118 42.868803742302
12.502405586907 42.863509968346
12.515317830518 42.749918682871
12.426435019109 42.87005286753
12.485745383208 42.811386404492
12.451827595707 42.880105337559
12.427270761911 42.848340483798
12.437865407431 42.898687262993
12.434455539789 42.745942550148
12.47207703512 42.850169932421
12.45666289446 42.868809898344
12.462891279025 42.806935037417
12.380776961788 42.846323584275
12.397346576882 42.887550892743
12.447131258665 42.829117423331
12.439463101087 42.800911674204
12.487294340288 42.747916185201
12.396332498845 42.803543182485
12.405134347477 42.770275874909
12.410789924886 42.781416486402
12.479385105206 42.750218008084
12.471650186701 42.742788001331
12.43487206636 42.814775419822
12.414162895856 42.76747326125
12.442624260433 42.794027874637
12.448389774884 42.848826912182
12.384139833706 42.82732581481
12.430953489838 42.743731067883
12.378231877658 42.799786955977
12.486291759895 42.789722534751
12.431713856979 42.813424366926
12.451716316164 42.767535061488
12.489735846657 42.837565231548
12.500997240909 42.747918411993
12.377282801281 42.812520485771
12.436129126922 42.823595590828
12.455116452882 42.75731641045
12.461177294378 42.844121767156
12.419781570539 42.809962821126
12.495383602819 42.743145006145
12.398119008841 42.794858145453
12.475683423002 42.736063178527
12.405839464837 42.861666536381
12.441000956337 42.88285592195
12.457356277622 42.751233806739
12.424573087352 42.826980290875
12.4483862936 42.806496648514
12.438642785178 42.830373335106
12.455710881623 42.745634756885
12.417260890111 42.82752313133
12.450989737872 42.86292226748
12.432382290474 42.834346740916
12.436613648423 42.775863869032
12.471587520333 42.729876441776
12.497296354986 42.732330023207
12.519141629135 42.757675341239
12.490519691508 42.803829126455
12.387931809497 42.807578382014
12.439688873703 42.748250178897
12.487237256734 42.780509338167
12.402030803006 42.764077813276
12.481478008221 42.839245215936
12.464344194396 42.867188559804
12.38506420908 42.809354360613
12.434574776087 42.817828919209
12.386091627381 42.790083323529
12.402582391839 42.837078353801
12.453035011654 42.788199735728
12.447425816437 42.725720137717
12.488318052391 42.831808714139
12.414459467148 42.836558357757
12.454683168558 42.809296111508
12.524660499566 42.816101674392
12.502168944826 42.781752778137
12.422630666042 42.803489889413
12.389908213371 42.784509221013
12.492708977097 42.806861756766
12.428509901033 42.800864459409
12.45535847242 42.868387705606
12.413817925592 42.780342548073
12.505671488843 42.833817614652
12.460642625348 42.758737104854
12.393183200359 42.791997632867
12.434349776003 42.825239961441
12.371741529283 42.814891950162
12.468669365865 42.75249038767
12.423993204473 42.832942593786
12.488156729882 42.863940646017
12.534240339221 42.800331223684
12.487369626543 42.770271669522
12.45641103969 42.85983548728
12.473734381385 42.733263368615
12.504966386384 42.786402063366
12.503171724523 42.833154871072
12.426918692175 42.791278536355
12.459584394705 42.830556200759
12.402345385145 42.782525022434
12.474577464871 42.730064274173
12.413389721168 42.893130790413
12.403179694642 42.806817812776
12.431189176383 42.899811407526
12.393109052646 42.811452059474
12.452600102172 42.743690034276
12.510314320473 42.75783145046
12.413751612631 42.823703621453
12.37846955863 42.816329899179
12.487900190769 42.750759478563
12.450757160548 42.89450135638
12.438093600088 42.748906091225
12.456953836839 42.877979023812
12.435644581672 42.827510418777
12.390777408814 42.86504825573
12.488236659455 42.738575858895
12.422259499071 42.737790604021
12.48015040789 42.749622246155
12.42227305354 42.842100648623
12.488678896117 42.835302190799
12.503968696831 42.873512448239
12.476594225746 42.833170058149
12.42745494492 42.869987081231
12.496473355471 42.810482679333
12.409105957697 42.859353824008
12.378886796732 42.84119774489
12.522090848799 42.796093206313
12.42543092811 42.889854432519
12.500737136018 42.856842633757
12.468862409011 42.843520146277
12.464101013965 42.734289745232
12.484727457878 42.737543676413
12.53518298435 42.784556107051
12.476361587421 42.879519091418
12.471106487567 42.783023236239
12.43649074318 42.777834232814
12.430050100421 42.852035614614
12.396561639589 42.877922367734
12.391733197699 42.846006789194
12.4311869915 42.735634358498
12.481342800207 42.757906805632
12.526984406902 42.787298570309
12.446310219584 42.739997983344
12.482898426488 42.843819223758
12.376094132858 42.81215161451
12.379067627911 42.850962026928
12.364252148852 42.836272566524
12.407445430966 42.767483757722
12.403819558885 42.865542929112
12.515553122647 42.770762303758
12.498723889023 42.817284542537
12.460099433784 42.774666737681
12.50776346333 42.765391978347
12.434174122978 42.76135443142
12.441790671315 42.765514197671
12.5157268022 42.762177321504
12.519961946441 42.789614674093
12.435757619087 42.776053829035
12.454161878442 42.883727817763
12.468435243477 42.855187795079
12.508535676428 42.838221338523
12.38122506087 42.814611978764
12.456838735147 42.890057540468
12.462074094688 42.856308965898
12.449686771489 42.882664581261
12.464102750881 42.742858648201
12.407221310517 42.770387201484
12.478362336533 42.799129928855
12.492012004152 42.739997764018
12.505930873894 42.775134986951
12.428383636509 42.846021494777
12.505679990421 42.832096718195
12.417034403171 42.849456847131
12.479398946988 42.868202195462
12.477652076875 42.747414325267
12.420890189924 42.784854830164
12.446531049205 42.763486915645
12.37478302951 42.81875433813
12.447497342943 42.835732239243
12.377653807599 42.817105489253
12.466904539853 42.827400501292
12.445891451319 42.856896199706
12.434343602266 42.807114890242
12.451831130542 42.848457470952
12.427985327539 42.794971539564
12.438096792662 42.737310487676
12.51716914706 42.846132360814
12.441680938488 42.837921800156
12.458250425525 42.840906869567
12.499066561248 42.799780527523
12.468306383357 42.74807985257
12.503132424107 42.853335129981
12.5081941786 42.796984760483
12.43451336002 42.758806771042
12.43839447735 42.736470891992
12.500384262551 42.876528687739
12.512403332888 42.833399383295
12.532643889812 42.788484058265
12.459865167041 42.822152533507
12.393714462611 42.880751344806
12.464438622589 42.825317030247
12.495740913107 42.894212771645
12.407380520111 42.896291102721
12.426536591478 42.839465210626
12.482543201431 42.888511433235
12.514262177776 42.793704922702
12.477711285708 42.873733660634
12.449704881988 42.880181531853
12.501983987888 42.87935116511
12.500687013634 42.86309759594
12.509193157104 42.776282844051
12.439880861661 42.773955694781
12.470337294282 42.884748611567
12.511682599577 42.771101161752
12.477138273195 42.768915933005
12.472174830044 42.847869391038
12.460527669408 42.819495603379
12.520435313958 42.837384858114
12.427733676728 42.768491038966
12.512761543765 42.778950146783
12.471524181085 42.808819556541
12.459220577266 42.871114935687
12.428284839947 42.793765440974
12.415488068695 42.817412316269
12.47600812303 42.794774495922
12.489615269254 42.854405606119
12.489787847518 42.732492667519
12.502059766812 42.869578549599
12.455350660021 42.756721547712
12.419753895823 42.769142855338
12.41769200585 42.794067456778
12.479083766474 42.853408396662
12.418823552068 42.87166467957
12.423706097747 42.90449309207
12.444742826042 42.859180056445
12.455829920015 42.880886322784
12.485813577441 42.878569744492
