12.922663748249 42.482610148623
12.846678945651 42.478145754208
12.928301163005 42.432923020086
12.885407892023 42.451130672123
12.944379845164 42.458622765496
12.920932980704 42.451472270068
12.856602453115 42.419645336673
12.856779407198 42.504300955473
12.922879298668 42.493476619263
12.823829520433 42.503064631274
12.870188370773 42.451726550933
12.822229726644 42.497238414615
12.886005391335 42.503428050572
12.887972937866 42.495931287548
12.868327530061 42.467117269296
12.879034919629 42.463129326938
12.86659971248 42.444214243204
12.876971496698 42.48222854013
12.917304445972 42.448193055342
12.90789670821 42.449863201703
12.930554880284 42.493256387551
12.90141189515 42.476887282693
12.873436177111 42.43623997992
12.85546520208 42.49503803418
12.844363047224 42.437445448471
12.894441718207 42.480978876597
12.848283859386 42.437677422763
12.83148853801 42.471701901181
12.872203286233 42.459333518289
12.878608581575 42.438275007756
12.835895754807 42.474322212171
12.926227555131 42.439534041791
12.84679579916 42.469221067854
12.911825194469 42.487302811133
12.947934595399 42.478189177124
12.852072218385 42.424597689169
12.899692668554 42.525006323387
12.887908845643 42.512123807127
12.885471512531 42.501340377399
12.86203393848 42.490447741717
12.921640744417 42.436198843402
12.854293447407 42.426441840116
12.909923288019 42.446305973218
12.870823040565 42.433515741247
12.847437620579 42.452189557952
12.888845697946 42.470686364228
12.945203573904 42.485456681126
12.927414599793 42.474253579285
12.823718953817 42.485745510334
12.887492245963 42.460942016684
12.827824306149 42.495387675492
12.895178390639 42.52067433324
12.886595460554 42.460477551215
12.838744342739 42.456489541801
12.823955133031 42.496220166116
12.868453612977 42.468960503356
12.945500712372 42.494084835304
12.880657827913 42.51646042781
12.850602966685 42.440295071567
12.932277571865 42.483539168038
12.929787620425 42.515452877414
12.912369273118 42.513601409066
12.913604787997 42.492307932832
12.834821512401 42.493559879967
12.889929131109 42.49431077742
12.880750596489 42.434935419578
12.839842079154 42.482472554561
12.930809033092 42.497596070423
12.857310078527 42.483070291825
12.940444957458 42.447670209451
12.911356878447 42.500909858172
12.925139131476 42.427392988686
12.889635055761 42.520436981491
12.842499854922 42.477842322329
12.821392915149 42.503765807743
12.863150036851 42.461768829034
12.90236010074 42.429573586897
12.902416456466 42.452084486604
12.904332773271 42.454697069479
12.897971328321 42.472828916515
12.922662110984 42.44457483035
12.86727317372 42.443208824139
12.920927475191 42.432788661438
12.870882376058 42.487706959961
12.844829148562 42.431547168864
12.881373980048 42.475353162512
12.946986391205 42.464101879163
12.936159478026 42.50144723968
12.867849947378 42.440649562742
12.833585862014 42.470749750508
12.932236975048 42.483551374417
12.92454835678 42.477845334691
12.832339500951 42.457241253696
12.845254781139 42.463903334694
12.864774342584 42.426972509582
12.881188082474 42.479859567957
12.930210911657 42.455874577864
12.859474283599 42.499212222893
12.868930186571 42.51407936614
12.893557060016 42.458487617552
12.821491513805 42.498771423262
12.92787891206 42.435894636196
12.866974124178 42.431140127814
12.899985303145 42.490438346069
12.924390860353 42.513015021364
12.911056184189 42.444944476937
12.903447143244 42.480163799843
12.862187581559 42.486352497959
12.850231019731 42.454882537248
12.929481276299 42.452239908975
12.827347618003 42.505625050306
12.934017214449 42.434163716379
12.836483994909 42.492406203662
12.883211256903 42.484791451381
12.871854227463 42.480039289931
12.879643212503 42.444215283957
12.862882901196 42.4800920681
12.926268742872 42.466901476733
12.861263585699 42.454444406787
12.918561308628 42.471180333065
12.850584757931 42.427981348463
12.853637882461 42.506449918985
12.922582675222 42.515015433803
12.877977446617 42.424837950836
12.847802034995 42.511760423219
12.855189229781 42.512819822206
12.900343053949 42.432749426215
12.889858501933 42.49288674469
12.862374078905 42.453686106717
12.877017811836 42.480815226923
12.85423642951 42.508001980629
12.900876440083 42.422254230579
12.931690346904 42.514066380709
12.827576038368 42.49498038671
12.877908901276 42.500264899128
12.905269965041 42.492818143935
12.903552278852 42.502774736633
12.934803153379 42.419279718522
12.895704154829 42.514001068919
12.907766681143 42.470159004682
12.826813018821 42.511933610103
12.864226849707 42.464702650676
12.901957649713 42.509127038323
12.904672319977 42.513357780668
12.833216560948 42.474744957182
12.837154954151 42.460580601127
12.916537617781 42.49748247468
12.849456676699 42.467251033295
12.882790629718 42.452674658735
12.870048181114 42.477118262333
12.882242280956 42.442080307513
12.927247010624 42.444469486591
12.895863669431 42.441529069788
12.944084897632 42.486102737734
12.936688428736 42.439107218517
12.849294259629 42.443854392268
12.929012853175 42.506589810621
12.855960600498 42.474632373787
12.877029703894 42.461289048896
12.938424535088 42.482780627221
12.942288641812 42.497883805327
12.935152710872 42.478419176081
12.859163714063 42.486871700982
12.902766220713 42.423876868314
12.881667168311 42.438857993336
12.892916079582 42.5121208865
12.923722343505 42.528769874281
12.937465979244 42.450057059291
12.842273686494 42.48879572448
12.866905435879 42.456602103776
12.832221397142 42.494427155955
12.92504283831 42.423625242649
12.827561803568 42.505987680308
12.932483181347 42.423877204521
12.819191479992 42.496290483764
12.905801993772 42.476955214293
12.925929513281 42.470215182991
12.900583707237 42.442025435384
12.91486830961 42.50389164153
12.85060953344 42.48135709042
12.873870530128 42.516459457838
12.853034527925 42.472851035426
12.832093971724 42.489915390748
12.921635055899 42.461045416773
12.946398575321 42.467249450512
12.909018447601 42.483971503344
12.864155954173 42.503734760708
12.911399795654 42.513847023509
12.912054396215 42.487658300685
12.935377900014 42.509562396703
12.853925178246 42.459346411519
12.830142457911 42.494490297762
12.897723136443 42.470448877902
12.913973572179 42.489570330146
12.853348093526 42.467193615861
12.942057795351 42.453631630865
12.871237880977 42.475682334751
12.842516843177 42.467490923364
12.869045539719 42.44982197345
12.88315866372 42.422270702881
12.929264709342 42.454163227928
12.861435573039 42.506766491827
12.914489294383 42.520373846668
12.847208714994 42.434823392183
12.835892001112 42.458792433843
12.886121609216 42.43195552308
12.909314448924 42.473008574694
12.826335890159 42.493724287273
12.836902066545 42.51407424014
12.894509997191 42.446008071066
12.841688168648 42.487308567638
12.877327282877 42.441470505431
12.854168144473 42.475710425768
12.894332449389 42.456774798456
12.916235475317 42.427213953562
12.87464878751 42.458506458208
12.891780794569 42.509181705096
12.845884566145 42.477834024244
12.882370925475 42.521634658131
12.864984789356 42.422802834524
12.895388724255 42.489985152397
12.899315671504 42.504186216066
12.825140168364 42.479737943283
12.87024295233 42.45349952043
12.938791332293 42.479389809782
12.911123437787 42.478303088119
12.927416253357 42.462610637074
12.876651751307 42.438748670502
12.906162102218 42.461522499335
12.845472826106 42.499728622169
12.864648539531 42.457796859789
12.92245739923 42.470534568243
12.875413423367 42.43450990621
12.868452292827 42.49289960253
12.834187001865 42.512057401499
12.882081720013 42.503896629693
12.940931982354 42.464821120962
12.927600793528 42.452736497623
12.912112338449 42.445773958457
12.87903448051 42.430175030825
12.901045659066 42.48421227491
12.861673057502 42.460630003598
12.902659376593 42.494681294793
12.925935020191 42.427497797866
12.910099948736 42.425170280724
12.936208705875 42.478961945755
12.914786715507 42.4388675976
12.828767641854 42.498837138779
12.886827277454 42.518172730023
12.835954212063 42.46260483866
12.833406758904 42.507956192621
12.873982788957 42.455403234111
12.85399549636 42.466058387193
12.90687270274 42.427964419347
12.93275729333 42.505085434555
12.8764080037 42.432673830296
12.853343497449 42.476463072245
12.846132993182 42.477713447308
12.905688197329 42.453371898503
12.872242266739 42.500271087301
12.851965344463 42.471956649105
12.868161365349 42.495453210334
