33.621527025805 -85.165348547029
43.641275103524 13.386921390161
42.771889288359 12.895400761133
50.801275052736 0.33086062745232
43.400371140542 13.458670201946
42.63555948468 13.135829884643
43.278048546204 13.164647919224
43.499616195236 12.995246828553
44.557824570342 8.8025395350775
45.477757814239 12.002718559372
32.712856351078 -111.29938478783
42.457486694913 13.765348210843
42.556545454358 13.025522868182
47.180507290261 8.7628202064721
42.028487568755 11.919198120462
42.685861428609 12.999280318638
52.185090736761 13.195787312461
43.849288464316 9.7777383394668
42.707040773124 13.383767541232
43.418816015806 13.191590610536
46.797086057624 2.6018677598805
45.848204697877 1.2358499128538
42.560829048793 13.620821077221
46.495074501957 2.2139430875955
42.406204006845 12.819884680149
41.931151064102 13.136250687848
41.918892950268 12.893572422182
41.262271099054 12.572410109997
42.161784110687 12.87440276375
39.904892741193 -4.6133424609962
43.701190000282 11.899087276749
43.290787819464 13.550777800659
42.028865923674 12.847619887391
45.565120069736 8.6303318925599
42.49968852361 13.695947622294
43.290541293721 13.130356927018
42.576547701201 12.298797189884
52.281554666246 -1.0849733856483
42.329164738475 13.362122196428
42.518297547271 13.103480018745
42.335747785112 13.624209077409
42.3728258635 12.467428268638
42.025042235884 13.008164385358
33.342665859005 -111.8738487069
41.862794368019 12.882956716199
51.585678829619 9.2305369871811
42.248661880518 12.457786480199
42.39984165339 13.223004807377
42.040453304576 12.124713888005
26.725402903598 -79.858182293572
42.166076074453 12.325565324338
43.259741340282 11.603321634796
53.117593128056 5.1216710602733
42.55369120026 12.50401396749
43.108774796666 13.614636292988
42.280828177149 13.558514435125
42.979594418325 13.076923152023
50.684539959386 -0.15192125284202
33.553680568439 -118.59024206931
43.676032381002 12.99731219655
43.502284480514 12.123051802706
43.305006808299 12.962467636451
51.426603917231 8.255760267496
40.381633647893 13.85694383157
45.806219694089 9.2780454259474
34.496622328691 -111.98349197488
42.268032917899 12.065225018705
28.128827059229 -83.071039272523
41.901166650442 12.851013254792
43.207487595851 13.143987399148
42.85703240051 12.089775244768
42.040879813647 12.922396747171
41.026898882577 -79.697669164845
42.244532779925 12.926929688068
40.961786410905 -74.742583801516
43.628313405287 12.216466227202
42.796267536861 12.586913582232
51.529987526839 8.3893548019181
42.758917194234 12.253291325317
50.613063857245 8.7281318482608
43.619621903945 13.444345279359
43.224238807927 12.720476736205
36.511172921552 -122.1407063261
50.705294622437 8.0911872154526
43.337465411696 12.627308897987
42.532154670254 12.828105974418
42.15737305591 11.995662685968
44.594475657982 9.0044714316746
50.454129670958 8.8821759754243
43.624449928137 13.780205805705
47.915863694118 7.9538811766328
43.615920732571 13.138936824717
43.378406998433 12.947288220745
42.368186027935 12.905634383648
43.519770514949 12.192008047009
43.489725834473 12.790387678815
34.282272653171 -118.08168662786
46.388315713239 9.1203685386667
25.546141283358 -80.671603394329
42.586959359996 12.209364420853
42.382235129563 13.425192819196
43.089016980088 12.209309535685
42.046396192206 12.787595163953
44.272824271106 9.2943798848169
42.02202328903 11.894150915993
42.022843353948 13.730657069374
26.596231423579 -80.458898193226
42.596066851933 12.26204821342
47.528326840386 7.2085964112583
42.303269088431 12.110009079406
43.8203283422 13.566299576597
45.097611714575 10.17848150962
25.231334523854 -79.849808176253
42.589387629477 13.431076842582
53.007845884381 -113.30260734926
