42.522943699997 12.955383416265
42.630630492547 12.250919870704
25.815300329485 -81.096257008932
26.337940460677 -79.900503402805
26.33996181437 -80.786375368655
25.204181710802 -79.221791184886
26.095953492941 -79.86646173776
43.725826102668 12.923420099061
42.354601639043 12.126192770512
44.722043807419 8.6396006246748
0.55904665615365 -0.39962028497812
46.048015545145 2.0706154671826
43.074679386392 13.107884987794
44.643806401337 11.150433223017
45.104677015827 11.735263690413
43.807644807665 12.676265144125
43.014863779796 13.740632693183
51.932845211324 0.71713227667247
51.593915224818 9.0152261555266
43.401864681135 11.956977661234
43.792765593081 13.145708723548
34.66062221152 -83.845722507055
42.687643786768 12.732149642323
25.550892277395 -80.448195298686
25.675546174235 -79.399871728379
26.230724794881 -79.79304408719
26.275543800201 -80.105279783111
25.72082736701 -79.60387965068
26.580756661736 -80.045242302416
26.632279290164 -79.750854240424
26.746117676939 -80.198349360744
26.837025392708 -79.452987915857
25.097455098322 -80.512556749444
26.197721015271 -80.643099318368
26.859409173868 -81.003059466181
25.801452671534 -79.575038795903
26.215379732744 -80.258271356974
25.40166524349 -79.291329652948
25.029262635853 -80.328300352637
25.414819103376 -80.161276418135
26.142253477641 -81.139619541229
51.923564400255 0.29970159762991
26.808405889558 -80.567645079065
25.220209078017 -80.532363154517
26.40249506634 -80.707472207629
25.26189568789 -79.270528919465
25.659315329335 -80.853969910855
25.065320848501 -80.732275821419
45.258335147173 2.97677043964
42.680138450454 13.678635408042
43.708445393831 12.799612494579
42.351290675996 13.651636507687
26.796754422486 -80.505355888557
46.203340103013 2.2303205859989
43.713152706976 12.346883380502
40.028792621813 -74.502506440992
25.646319199172 -79.341311589783
26.961977663415 -80.627445209408
26.533054278463 -80.661246391131
26.756829535924 -80.23248778741
25.63436800083 -79.614003863747
26.97374338514 -80.801433207184
25.51632616505 -80.639646419897
25.540197293974 -80.552891417008
25.583320473575 -79.641800206263
25.844216029536 -79.774716525043
25.087827122794 -80.297181803215
26.633359698857 -80.036315991835
25.608198812963 -80.544100342847
50.996781724038 9.3037261098175
46.952619822674 2.6121141708512
41.88742428363 12.328497389505
42.456467695768 13.80253729124
43.306239509187 12.213670833157
42.268579087832 12.553098045102
42.51823951889 13.684949479406
43.33009930345 11.888217023077
41.994888823498 13.680075446481
42.446484190641 12.767417076422
43.34026944143 12.629923702998
43.398239841891 13.34152188822
43.171480760545 13.375204279749
42.703514213557 13.17552922397
42.359914501386 13.427212225028
43.505909336056 12.15112876715
39.213798157951 -104.69985064313
41.880221776164 12.238697603011
42.978648932662 11.887789554863
43.25555407689 13.344021118427
38.927749326745 -75.835783174568
43.200401763546 12.767290811898
43.100309724522 13.252945778565
43.511328425518 12.506164755463
