43.059122268858 -82.908022037872
41.629531830165 -83.045744695929
42.743892229297 -82.825241359542
42.90708130526 -82.958458204942
42.425378301167 -83.08298826056
40.848453886732 -82.978794739283
42.51862897075 -82.873907141536
42.089946943631 -82.840542100969
42.408677251988 -83.057542330354
42.021566914193 -83.068252205156
42.550461292311 -82.914491064548
41.68961099453 -82.93466759677
43.240943363302 -82.981254982029
42.141933088045 -82.928483353636
42.165918502822 -82.939968969387
41.838434122216 -82.984587449315
42.094279726799 -82.844881030866
43.273427586918 -82.826865667604
43.478140461037 -82.851551000128
42.81604544649 -82.832551105543
41.908578628885 -82.972084806961
43.096596957483 -82.907294123132
40.176061658732 -83.008773254877
42.753420405695 -82.824757784731
42.442761414213 -82.797578962633
39.846383875084 -82.964948251389
42.533811681475 -82.881245336182
42.746698382446 -83.051057768285
42.291764080448 -82.81553999533
42.401305940909 -82.941672718333
42.850928590817 -82.952638565748
41.403321135765 -82.793820071611
42.908508513334 -83.064248514133
43.161739412093 -82.820917732206
41.546062944965 -82.890275024034
41.465504952246 -82.837929761635
42.996473201337 -82.855483540008
41.48351863028 -83.025945267859
42.822724145077 -82.786037710603
42.374889708087 -82.885631578197
42.144965456654 -83.006435702765
42.007585097827 -82.939066189054
41.550519742582 -82.906814453822
39.681021679971 -83.002421015586
43.259730588088 -83.084730400951
43.20934390079 -83.022794399163
39.190093504208 -82.969928676244
42.461034292358 -82.993624902069
42.180182821455 -82.897645601697
43.195597709036 -82.961275562833
42.559795012746 -82.910495982671
42.940473200979 -82.900504561302
42.044133690926 -82.875179678351
43.227493711176 -82.814717543432
42.543487633154 -83.045216531721
42.268255174539 -82.764972340879
40.053329111311 -82.886718023378
41.440747317639 -82.932981322211
41.377189158426 -82.988028597288
43.292235181126 -82.970013538103
41.911030992612 -83.026477647234
42.69236499641 -82.765278581162
42.755612006085 -82.958658295406
41.830472188711 -82.835305439439
42.074350069565 -82.95526567027
