42.858740457289 13.340640804444
42.770030680492 13.615350224851
42.45783275203 12.471585959437
42.441721210017 12.629804387537
43.195740833991 13.662581438528
43.672638690433 12.257807443991
43.14065474327 13.46979692416
42.836662504767 13.204609904555
42.505316470075 13.116859002114
42.816400156758 13.261268764877
42.881661299582 12.691912655596
46.495548520002 1.4207677289009
41.851961753283 13.427854216878
42.698806199126 13.724167281654
42.288984916329 12.038734963203
43.783498152079 13.441251211095
42.330279732298 12.46207923326
43.118156527711 12.238935488408
43.285706325588 12.363600390222
43.509258884263 12.979363841947
44.733257833025 11.373213121005
42.834946924299 13.184750826205
42.868631008972 12.27643154949
43.05129673383 12.163396774423
52.162315749406 6.5199099931726
44.167700005682 9.4791443712889
50.773426234151 9.9250725777471
42.256607945218 13.604275852744
42.23622190686 12.801145525578
43.637644514294 13.790212947799
43.17211718588 11.886349209087
46.484866305713 -72.645306279389
43.329633712943 12.983983608442
50.185146771923 8.5005638699516
42.72986438208 13.760649811386
33.045532590453 -118.33335092251
42.002555022038 12.328085872518
46.418559179371 2.4139323166636
43.213309726333 12.765103763347
41.859391445715 13.20812629501
42.89665548361 12.82508291624
34.029148587545 -84.015237709887
43.59202741023 12.961198918524
42.729583809513 12.100149227374
42.734456912512 12.083128741071
42.791687506175 12.278582156787
34.773392365986 -118.26602841113
43.744339878573 12.284512465042
43.267800343834 13.648474702469
43.505274320743 13.406847219193
39.214781715036 -84.655262015086
43.272340593076 11.983034942778
42.078485291509 13.563224125471
42.287690312757 13.094193378994
42.1759521301 12.603748073638
43.811459578973 12.201288011505
41.933960461514 12.902781566581
44.84951310068 12.015263425385
38.95251826228 -86.315590742143
43.745347668785 12.493421778799
42.554466092773 13.207008422004
42.274292105492 13.02743524782
42.365634908625 12.967985474045
42.015766168973 13.318609461823
42.9039048217 12.243005147804
42.526989936164 12.279932675569
42.076152145453 12.090427871391
43.778855036862 13.314146666489
41.985945892069 12.204330462613
43.0589608192 12.926281950889
42.53073972863 11.840414522628
52.147278243046 -1.0066781561434
