49.28358699609 8.9079452063437
42.307024641126 12.792930257431
43.392281884531 12.852740723127
43.387749422077 12.274056301601
42.53577563799 13.075564197321
43.657402462187 12.625384967155
52.900597017445 6.0014190889203
43.389907251315 13.743633680879
45.960072324127 1.8157809212877
42.798347995544 12.995171998646
50.8378747652 0.43944035765224
43.379916031577 13.460451880705
43.538537381023 13.641879716742
42.493130917912 12.998343327569
43.674895259887 13.427093779888
43.168812438945 13.56695543584
42.01654703918 11.854154542507
42.124175368421 11.956094243099
42.234796772841 12.714347196165
42.887894205718 13.687402065719
42.775986682075 13.585279261056
41.881430866628 13.297913089554
43.102986438269 13.635212538615
42.066209965437 13.351808995659
42.299829436161 12.47872413207
42.96578104422 11.879466790671
42.619856065914 12.404953163792
43.759040653149 12.32568942959
42.331939130731 12.447798838603
42.063367201532 13.79394972736
42.182973160049 12.786752705384
43.369969008218 12.106319463417
45.212780165725 8.3953796829075
51.575961689034 -0.15446938586629
43.640451109356 13.429273023491
42.191886999289 12.745632551979
63.930241307211 26.115424888262
41.933434374602 -111.45583122068
51.594998025845 4.7551509896317
50.982636309919 -0.3091204312719
45.866231013002 9.530738623755
43.609443960551 12.316952896473
46.537603883418 8.5070047060736
42.167322346574 13.313275500833
42.706429771032 12.314867411908
42.723106685452 13.798308330049
43.440477790537 12.264064622256
42.801225460529 13.357058838197
43.218051037874 13.05967547144
42.002569646597 13.262739703203
53.990991127207 -7.5852974683909
33.161305388085 -84.875590892358
44.426947336654 10.72288220947
43.802579894125 13.277041290571
42.764613680453 12.61634116185
43.158269066924 12.736663665987
43.754513816815 12.546330108583
43.208727789695 12.457602058771
42.660013801747 11.833404373787
50.717055034692 9.528685195152
43.785739023625 12.477423659303
43.289570381555 13.474398238826
42.849408674936 13.796919974425
42.509147086439 13.805564721977
43.715105227083 12.743510143733
42.942755363876 12.668060306792
43.415075682318 12.108400684387
43.557386441902 13.807228207054
44.414611837345 6.9922433369524
47.540354460729 7.157187569494
50.57850907281 -0.23931600821638
42.903854983369 13.328743253543
43.154712457303 11.924969803528
43.642721542478 13.590602845715
41.89309410422 12.311646995766
43.664200856215 13.086943899808
42.075259842035 13.206576580765
49.232579624971 15.225928901101
42.110730293279 12.007551340876
42.848290165371 13.529018063831
43.789798807742 11.94829933019
42.460398262602 12.709279614386
43.210265268691 12.971025902785
43.68912248627 13.742255868291
46.836348703309 13.607046270814
51.478967452878 -1.1154895849645
40.32788900486 -73.511131054541
42.965126177301 12.575537135648
42.250249454889 13.743074904563
43.111692887338 13.00400042769
42.204979228091 12.878119138755
42.89171180778 11.886006679354
42.063720926227 12.344204008295
43.752067702728 13.434531720579
33.256089794415 -117.80668273631
52.276456671663 0.53567234167162
43.243059339602 12.349256625117
42.742442496488 13.761467245783
43.280776563252 12.206952223672
42.944005449297 12.477354027574
46.391183375097 1.7146927927223
43.757967783512 12.443437640317
