50.936869788886 9.1039848523699
50.913117279724 8.9561850060505
50.901864552359 8.9918915629349
51.058709483621 9.0045149922392
50.948349003656 9.0533699123437
50.952572442569 9.0947538200276
50.82720210628 9.0552662103694
51.026296434936 8.9935700036555
50.870869439966 9.098986432468
51.012611806399 9.1527680881101
51.085775324183 8.9432350918386
50.984408332959 9.0297294138138
50.937266503431 9.0638297396078
50.994399469809 9.1602739031242
51.038776505757 9.1189323827247
50.948923252034 9.0999474293086
51.025920629048 9.1445002998898
50.998372929636 9.1063155541692
51.005039046987 9.0522377887053
51.046214930735 9.0668013533888
51.003665680999 9.1528851232272
50.949936144496 9.0493120583935
50.956495101543 9.0242551616506
50.863200583897 9.1267046845177
51.154512988941 9.0248577762511
51.169388529458 9.0363354589959
50.87301148282 9.0104522914674
50.942751964528 9.0748461061506
50.892167858264 9.0872053541649
51.031583524789 9.0292024291256
50.979293527072 9.0962580023782
51.065268762906 9.0537212840532
50.910484291571 9.0277751106898
51.036157883255 9.075736482663
50.97179637848 9.0115141314508
50.947752993995 8.9692920981763
50.960787562635 8.9914706633387
51.095848440237 9.0222852351248
50.868604374523 8.975767671585
51.009087118324 8.9886230472422
51.009261615113 8.9648099466994
50.934120022661 8.9970822758028
51.10037325793 8.9733856865081
50.873921459482 9.1263744417235
51.143184831898 9.0434897504949
50.962627273967 9.0920227226298
51.060331785148 9.0323421722429
51.07690308852 8.9215088635318
51.019253149172 9.106378850111
50.829701033342 9.0112857823313
51.053230770423 9.129619341404
50.872058060892 9.1070883223354
51.160644694306 9.0246887076761
51.079406298734 8.9929530946505
51.101134414832 9.0120550650228
50.914829808248 9.1226194059116
51.087922549382 8.9706567055409
51.150283680367 9.0324221393244
51.051389231836 9.0588320535882
50.957804667278 9.1172559913794
50.97790541266 9.0604367382175
50.866469068856 8.9759523859136
50.85550862544 8.9928317046691
50.947103181364 9.0156257408744
50.997250806539 9.1074534557329
50.910374713554 9.1054675961404
51.162713619025 9.0497286087134
51.077263534105 8.9650588575588
51.048893795371 9.0221115467242
50.911911818158 9.0998213016893
50.968507286612 9.0559099014177
50.84082613552 9.0032021012172
50.913582339843 9.0709563205349
50.962440450658 8.9473742390738
50.930181765896 9.0631680260707
50.96903686224 9.0486551448929
51.132239023285 9.0299748326791
50.944408743151 9.1207225942615
50.824993516237 9.0775661031145
51.062815539102 8.9509662566478
51.107392361438 8.9622106030407
50.903963794421 9.0838336870465
51.062527588132 8.973020346357
51.030749714016 9.1234422163681
51.029428847613 9.0574003877386
50.932499367247 9.0446638181082
50.993264259302 8.9690524316249
50.995456490198 9.0626829332033
51.108162326323 9.0604928764796
50.920796114914 9.1612968338473
50.791784012128 9.0200464669708
50.944993990913 9.1132063814966
50.987383779132 9.1309996853261
