42.993699634 13.38698712058
42.971262117855 13.427076957874
43.48314220576 13.716064023208
42.403215917967 12.670206864698
43.980214831273 9.6710625832533
43.628144242649 12.474916147776
42.398526942564 12.175574828508
43.279885904549 13.420711045836
45.845353067615 9.9425401742558
42.232595636173 13.580715677061
42.238416750116 12.970198356088
46.581818836546 2.726339907258
42.661223024924 12.451663302023
42.650458551802 12.22591815529
51.687152091268 8.918185386303
50.199077423755 9.1546267546502
45.757084041118 11.112956235888
42.660983005867 12.008756152845
41.972093201716 12.04754980425
40.675526658539 -73.914353096484
43.628793869481 11.973575777849
42.562995184962 13.767128408799
41.866717189975 11.892367792287
43.036477149502 11.936562233596
43.537758151806 11.99171887107
42.696907916452 12.071395668721
51.643772212623 9.0598445530328
42.18225490685 13.631177475525
42.074718250018 13.546454371694
42.060142815628 13.004994063661
43.003038908843 13.373719174144
43.657756354987 12.997910288183
42.004755578958 12.192002507503
43.431359671278 12.272149418163
43.333197166388 13.383162086098
43.749794219991 13.832227348759
45.270168535095 9.9271348926831
40.508279311692 -75.23218606521
42.181167746999 13.380568223738
42.64425755464 13.658001843702
42.847636671687 11.928715046949
51.424942486419 0.70815622368742
38.639039318163 15.210487254293
42.256607945218 13.604275852744
43.697614362344 12.116030308493
42.381280277123 12.060685974129
43.457558654017 13.56719134078
43.131288407853 11.109221302978
43.311371809969 12.272441705837
42.339022511795 12.277560264022
43.346115496192 11.855473434041
42.577664670359 12.439695922884
50.874626602919 9.5583938553736
43.578739146992 12.172248984323
46.744723109875 2.8980546080964
43.827380506262 12.300780539562
42.671520361079 13.620585343179
42.718639089616 13.044617011719
43.609520721554 12.23334201252
44.259169172339 13.564631969393
42.970552976716 13.607185162442
51.928299446557 9.3127102601867
43.66066378481 12.961152673236
42.36597347884 13.262209069593
42.43285956256 12.557757415158
43.213716347822 13.408094095277
50.254355847488 9.6461298920429
42.514741323683 12.419640214399
43.006177894329 13.08056920633
43.780102632858 12.36276246766
43.690677292522 12.641219362936
42.880303575623 12.105423803977
43.803522097808 13.496823164421
29.718796333464 -94.81990950474
49.513784493675 16.466715143512
42.104490257869 12.451300147686
42.837682772373 13.550733886937
43.429518324078 12.280905779137
25.28891305125 -79.712881979208
42.358887775524 13.070919964982
51.110193409775 -0.76551399467304
33.833899444537 -118.79011381856
45.920861861166 15.472526688349
42.088362841463 13.18027922475
51.142837521221 8.6265701011878
46.11596296137 10.637798685202
42.511944613679 12.064746841839
43.541552060557 12.993873871415
42.964483473454 13.162018818877
37.314212795028 -97.485584035276
42.572152820238 12.204258216195
60.791011960148 100.40488359584
43.562736423504 13.192129467724
43.277967602631 13.608623933351
43.540375610155 12.792993328924
43.697512844923 13.391989964264
42.948369143528 11.863100366159
43.019225766912 12.529244978248
42.968875328551 13.524010438271
36.254167693178 14.793162684887
42.883626756691 12.705709225382
42.46260483866 12.835954212063
53.348975721676 6.1254836299342
43.252342016575 13.806691143593
50.484555622323 8.0699669518834
45.662854881335 1.6558330374099
41.643256347199 -73.438846064733
50.529981225743 0.66293506117209
42.753663095552 13.246866740422
43.361822939202 13.686508650767
50.892697823184 8.8856402900469
42.701423170393 12.55263186274
42.678531090135 13.184992226414
43.355986563376 -70.241342918334
42.491059602954 12.459750232522
51.480979171806 8.6804163896853
