43.626635466549 13.287379247291
43.607850546321 13.268507384841
43.581715998066 13.242587572098
43.616419700748 13.298914719068
43.61273008895 13.287559130384
43.56388567137 13.269426708722
43.628377052803 13.298092757046
43.580102610693 13.242638816725
43.575893123458 13.287693281813
43.607960474516 13.262616553953
43.617012149031 13.275248989612
43.552455820421 13.276657249463
43.614393024081 13.302779683074
43.595476849769 13.253715058928
43.597077613064 13.264227253063
43.562514478624 13.256931307401
43.574824562585 13.289098759803
43.581295373676 13.263162460322
43.552991831954 13.267681932688
43.606595027564 13.29488905116
43.595123933926 13.263299327953
43.56310988665 13.28744701591
43.581121539057 13.286084099361
43.614497047225 13.266197408694
43.612437171236 13.283456705664
43.5804826229 13.285408810401
43.579773130652 13.286024755021
43.617962894339 13.29267877356
43.602083134766 13.253407674515
43.568866808719 13.282331013273
43.583523112176 13.250848588206
43.565311973267 13.252997701195
43.618024113897 13.30261037934
43.563919217609 13.251684542418
43.57932964043 13.27505066121
43.615762853837 13.304169189348
43.616959174472 13.273394246734
43.568266087032 13.274114803094
43.619079023909 13.270945484431
43.560826288353 13.289770810089
43.616226844798 13.266266286052
43.551490029598 13.273292559813
43.608248567047 13.272158239185
43.560116456172 13.267801410199
43.562022014338 13.285240408653
43.615946884109 13.301118944933
43.616339711315 13.263818638543
43.599800552542 13.271185197083
43.621518724443 13.286727559442
43.574652041132 13.248582962572
43.579106994264 13.243943557278
43.594568681735 13.262406357242
43.609748029455 13.289162192649
43.564772570324 13.27226197129
43.555779088568 13.27393821083
43.618007411558 13.305225260253
43.580221318465 13.250205637093
43.555607264676 13.277029052061
43.57857909688 13.298877268724
43.565486558532 13.268990548939
43.573640497689 13.262919842409
43.561209217462 13.285245732558
43.619551575121 13.292202016961
43.605212839157 13.280602225254
43.612360176936 13.299413961984
43.568693809497 13.284044581153
43.598093967719 13.298317468419
43.576004814646 13.283868360952
43.594741521701 13.274769244399
