41.877023547386 12.898311155356
41.84389029345 13.054134228313
41.899747194697 12.966022966435
41.993805644121 13.044453146909
41.890704568446 13.067893992231
42.001008898507 12.968041178776
41.953351027332 12.995121668112
41.992259561567 13.098654841605
41.978295064542 12.872982038613
41.971271868337 12.969777112368
41.954901715275 13.032195237501
41.893926709862 12.86898850599
42.013695255881 13.01000473418
41.839653561769 12.890450655453
41.970554846346 12.935195442746
41.851782157038 12.921985273234
42.003568032313 13.008818356345
41.851796806276 12.874708077367
41.93801534082 12.861179749438
42.019883397997 13.024864215436
42.022263164198 12.974718471067
42.005466340133 13.03474074699
41.980417731696 12.940274746616
41.887063623374 12.933472950467
41.968240480876 12.897609843846
41.844232188952 13.03701269351
41.911870508435 12.899150704008
41.840185282699 12.888605923361
41.988804169015 12.970254604246
42.035812539086 12.929311686184
42.037180018184 12.930676726613
41.959826773501 12.983579226317
41.946930953763 12.874864865523
41.859160948035 13.097879280868
41.862968025686 12.890237849641
41.967445536988 12.87034489909
41.95830684202 13.007136588941
41.892971241352 13.074203426074
41.907229050506 12.883267247085
41.978052366536 13.052784375426
41.849164179011 12.916882383154
41.948132287242 12.901350446952
41.882716169547 13.035827330817
41.986084015589 12.986626087703
41.891416241851 12.945510274261
41.946039658036 12.857495775867
41.980359078397 13.045455895406
41.996597513576 13.024867522563
41.992518310453 12.942832997994
41.858701871198 12.94169810274
41.904621819942 12.986014012727
41.884467876949 13.051288529344
41.923080867607 12.900511466873
42.026070142198 12.916163702477
41.995706437175 13.053200217475
41.842568209808 12.959954263179
41.994646198253 12.901846149236
42.032417707181 12.916950065625
41.940392387558 12.991716761159
42.030476106832 12.959191345146
41.854114481201 13.073233342785
41.999695756494 13.085253288564
41.956552617718 12.953420304227
42.041527160018 12.958640402185
41.895209009266 13.025636270675
41.937714127816 13.079440156522
41.936944489359 12.894154147682
41.861547788096 12.857193853661
41.919380430116 12.902365807885
41.975484060599 12.911820253803
41.883200643669 12.845814198461
41.96388334502 12.933655296908
41.979888786108 12.976902145437
42.00106752666 12.965900589717
41.626524622052 12.964468005374
41.976663827441 12.979425897833
41.883794724442 12.973223680173
41.862923175054 13.083840646841
41.880994082394 13.033200133628
41.896188171553 12.914685050007
41.871117504275 12.896781179561
41.918122280838 12.932949362312
41.948527199213 13.043973236386
41.852092265569 12.937357967246
42.00346526599 12.95174588356
41.881013005006 12.863641147925
41.859181495804 12.861439675515
41.952118830754 13.030158639455
41.925216106218 12.842137673817
41.926569554942 13.077059467846
41.929481296788 13.073898877073
41.897245931412 12.935086508738
41.995609922819 12.96978413454
41.89081901402 13.025702046263
41.979460900661 13.025057773604
41.920151520504 12.952828386332
41.997428963912 12.884155407515
42.004871126753 13.082461011655
41.857438333753 12.996028261744
41.906281824201 12.869632033126
41.901831827102 12.908313420114
41.905933815032 12.846374099558
41.974779991442 13.022123593868
41.871894457339 12.886491035545
41.97120686109 12.908077474662
41.908504117724 12.953302663285
41.886888082573 12.865007067989
41.992198023962 12.948895749168
41.984696357991 12.912234655096
41.992340836691 12.887725697799
41.98338740786 12.926277900101
41.873721670673 12.969920307826
41.889636078819 12.941206928336
41.858523915943 12.896663742578
41.884397113197 13.059725917459
41.896066550138 12.954192282166
41.996794061755 13.029096902383
41.900950025742 12.966981879441
41.939298124977 13.086990057087
41.913183420714 12.992806374651
41.899639086306 12.910456072053
41.919431751112 12.99119676139
41.95865561953 12.993044086284
41.864238169002 12.840845091681
41.90902389025 13.079563896695
41.919256493433 12.947755687867
41.987859257978 12.950736742465
41.945796584706 13.056755356072
42.017422881472 13.042851866264
41.841486794356 13.059190477293
41.854819024866 12.925923884833
41.893611552631 12.986314860187
42.003082333155 12.999523111174
41.842620253511 12.90213801849
42.021481417616 13.034999760836
41.936279008156 12.862567427991
41.886174214041 13.056524092845
41.983396303853 13.028373213053
41.938943035428 13.095800840361
41.921163842998 12.904445702652
41.858037943907 12.968512349303
41.984459019746 13.092095464066
41.951331749557 12.987340897337
41.872555643747 13.091097799659
41.984651706195 12.939201915164
41.924843301051 13.074560575709
41.924331338131 12.928054393257
41.937656413756 12.872902620546
42.020043603175 13.027307016809
41.891413834848 12.864337186287
41.923963606343 13.056275475352
41.860189891376 13.071224403156
41.977036585576 13.032319598402
41.986557533048 13.024459158103
41.976436370528 12.927422308816
41.884261841853 12.86641699025
41.884748893292 12.889975467667
41.895927483188 12.925394509905
41.997388482114 12.990229845529
41.971253140837 13.025002866085
41.895050620632 12.894281922811
41.876952117738 13.005785588199
42.045341809322 12.946563763074
41.903128828829 13.022376140611
41.886410327131 12.952583888545
41.95686724689 12.999945704381
42.01081603023 12.992494863941
41.837571927292 13.107880136069
42.024282041969 12.973459256822
41.917822505796 12.962519983299
41.875167494603 12.870417077521
41.841074252448 12.937226788133
42.007562219655 12.944834178775
41.911938033047 12.867567639757
41.989642823131 12.939959914417
41.938536459107 12.843233249098
41.986660232317 13.022973123504
41.887890697426 12.984893804896
41.876664418225 12.997434080598
41.866311974782 13.036709873975
42.012266532545 12.990074071118
41.902897010067 13.084834088632
41.926571987556 12.923654207945
41.847622301845 13.053319356916
41.972626167823 12.885159968832
41.923067181356 12.927642782672
41.881665064919 13.077357729954
42.034027203954 12.915221246407
41.955247526057 13.045350994957
41.882178985946 13.107464770392
41.643618686098 12.966593759862
41.849997012361 13.108939482902
41.910092359854 12.862375850746
41.978212851576 13.001016502756
41.838114102317 13.082691589896
42.010171662111 13.037593733092
41.972706054346 12.919915067947
42.002683427673 12.924971437533
41.976611185829 12.931762118347
41.866358957515 12.894313395067
42.025048923246 12.993988861348
41.981028050196 13.069782693924
42.00119363705 12.902115657435
41.324360775007 12.88918029505
41.845790658561 12.946108602449
41.945273119952 12.893616309827
41.908072387778 12.977437201432
41.894996502409 12.952944345306
41.995708717518 12.91265168039
41.976316366008 12.974099874296
42.010660306577 13.070378972737
42.014520000694 13.013441880727
41.849046037017 13.106036609575
42.027436998241 12.915089278463
41.848099614444 13.058179060511
41.858741184652 12.86393411593
41.877675352582 13.063197851697
41.944066019258 12.962636881512
41.980360271421 13.045642672615
41.875516993888 12.972752952957
41.892969712586 12.912761900089
42.005828651623 13.00637365135
41.912241641412 13.018925024226
41.912477860673 12.924369123284
42.005286062625 12.968655856798
41.850476261645 13.048138299069
41.616997298746 12.987723701905
41.861965208737 12.857751166868
41.935218871681 13.030792330218
41.792697329583 13.027715141709
41.953349777497 13.04254504437
41.954247438814 12.938350216944
41.986568900306 13.055512795272
41.9513418423 13.037320682352
42.00856238513 12.953486548736
41.975486202175 12.969532583381
41.835490067434 12.989599077979
41.911874547581 12.940376350184
41.946037352547 13.101084872683
41.872065583671 12.93318851524
41.918013562897 13.060347147335
41.862328616859 13.057892994072
41.90973290147 12.958714993207
41.935612156047 13.078229001781
41.978810631216 13.048545781101
41.907007296082 13.019510056854
41.921763438716 12.954601222649
41.87916514693 13.03375132665
41.866793893237 13.001307053513
42.027076969888 13.013681108159
41.989182042905 12.94900776399
41.864805262494 12.965537428395
41.889464003935 12.836983896271
41.974584285645 13.066035463061
42.001557183474 13.035534406118
41.859109003984 13.00660886292
41.980321224325 12.883791841533
41.918892950268 12.893572422182
41.835548830629 12.841499927401
41.935275075948 12.863083348101
41.988578804319 12.918968887983
41.952882246113 13.086445393568
41.85626462668 12.951956528494
41.863641939549 12.904019084735
41.854459846346 12.96805235325
41.85917917262 13.103464721771
41.853585627814 13.065378689259
41.628363579478 13.007640395129
41.914455948844 12.975662309686
41.909213001353 12.873807711023
41.954554662108 12.961858246013
41.348967234906 13.010312836899
41.887776903311 13.005720138573
41.890703531884 12.871010398919
41.920641294199 13.006477378798
41.885280472194 13.007156119241
42.00203875501 12.995783752315
41.847279486196 12.989110262615
41.930972956575 13.104073050501
41.952105909119 13.072241824175
41.844294995018 12.877836883964
41.838830487749 12.929429651226
41.851913258385 13.036187022497
41.970785415273 12.920160870983
41.902128207007 12.920756150952
41.877069752627 13.061282649686
42.017803852941 13.032238297666
41.836444062591 12.969945842873
41.908790557158 12.902908886293
41.887145528073 12.8834542371
41.683843616275 12.942608809004
41.916638717503 12.855252743652
41.983688552877 12.91253456192
41.957057040651 12.959792100827
41.917599743215 12.878074123023
41.848157888694 13.024757460258
41.93426738725 12.978936219133
41.90056544307 13.053142498293
41.840718415978 12.932649753046
41.880512564408 12.946105150967
41.923835758105 13.01908575793
41.964314380665 13.032362880221
41.949076925402 13.002012160629
41.895819019964 13.101622180616
41.892962996819 12.950742500832
42.012451196582 12.970194652684
41.945738905571 12.984883709359
41.866776327562 12.86975139003
41.953296987339 12.955435682554
42.031588080375 12.955683812034
41.852923963171 12.950080348177
41.894402931416 13.066885829024
41.978865273774 12.878333909401
41.362792381676 13.059133638772
42.03672527386 12.946914664466
41.930208422698 13.001553416274
41.894994983422 13.029209268314
41.982734886477 13.06650936795
42.009507377657 12.953891485463
41.860707013358 12.910575747469
41.858156343877 12.907423491568
41.955259619281 13.00899291693
41.936095062169 13.051177529663
41.862733888397 12.879342962487
42.005054987525 12.965266140183
41.874222774021 13.051943865184
41.958523777781 13.023925484656
41.910264526939 12.922116830464
41.909213702173 12.909436555558
41.873973800297 12.966517007449
41.897953380804 12.991979037429
41.910098777597 13.008579661629
41.844414757048 13.068717707467
41.8422650224 12.898436397288
41.921103136133 13.091272562806
41.882254455205 12.909678195582
41.839127551245 12.844399387897
41.834641986471 12.870876938066
42.028985916206 12.927295580028
41.996489896924 13.065396348997
41.928355276572 12.914785748795
41.938412451643 12.882366926841
41.951275230502 12.986989996201
41.888210141535 12.93068980471
41.909026142188 12.962820436344
41.913428973853 12.992086706235
41.984189488939 12.873863974548
41.875479008034 13.0362829436
41.869691945573 12.946042295541
41.404822914724 12.945819874546
41.862253818152 12.841264642722
42.005299224542 13.053073990204
41.888856144591 13.056416764903
41.849656706627 13.056052296935
42.025895404662 12.945013273037
41.89277681752 12.99458453713
41.928715694218 12.850603031412
42.034933527503 12.945091379802
41.931041016232 12.935571409753
42.002129732653 13.063500857497
41.834820610881 12.896109736497
42.000539271648 12.931988172222
41.921109416506 13.041123875923
41.993985295314 13.028863089659
41.901954520935 12.937280094243
41.544371940589 13.116879134305
41.987910834156 12.956859793515
41.610771235037 12.884179447535
41.97875426897 12.987809265513
41.849116026375 12.844940903545
41.949949316678 13.058966498405
41.986740741894 13.060167687063
41.952589703723 13.071090574896
41.935088836113 13.00683784301
42.025042235884 13.008164385358
42.003145595104 13.064852709468
41.985416098512 13.029209144914
41.868375737645 13.108051539936
41.844781008963 12.967587344354
41.95287216734 13.090331964258
41.99839351142 13.086685060119
41.94413802912 12.959078422284
41.987332393896 13.013451141333
41.862794368019 12.882956716199
41.947108728342 12.956561025233
41.977760521706 12.993822918292
41.895817707265 12.906646956202
41.879866804893 13.026114991899
41.876949324236 13.100976659053
41.99760930149 12.981865627238
41.888786379217 13.047836374069
41.99971011935 12.933715800745
42.004827456106 12.959308654072
41.84654549318 12.849217470686
41.947527551089 12.896838239367
41.860898272091 13.052540645514
41.891936407861 12.922340526696
41.883746642586 12.907538402804
41.955249030609 13.046757504387
41.876489451119 12.874413205739
41.942045494908 13.081514969993
41.945022995113 12.969601741999
41.988871197698 13.026415912468
42.033087702039 12.952756313606
41.979001115087 13.069390149375
41.913373539205 12.90807620946
41.920675127751 12.865404260769
41.960497245314 12.917138566502
41.98763045577 12.911403099055
41.337839778344 13.073453369862
41.942893796595 12.851325530045
42.005787596596 13.035465293601
41.992853128835 13.037015663032
41.846004160536 12.922547265872
42.040155584964 12.963659869045
41.913183015752 13.067943833355
41.906539014518 12.970787104692
41.885757207838 12.987335332219
41.887359603277 12.936875696286
41.965974101336 13.022493879808
41.926885738956 12.918910257967
41.984111785902 13.058420272127
41.957684012597 12.90338268408
42.020581657563 12.980005749513
41.860354741526 12.984230476445
41.852969103445 12.939973325927
41.904688016488 13.100202732787
41.876050414481 12.857981498308
41.922526673399 13.04754977631
41.864874822511 12.982282390365
41.875711974185 12.864715010817
41.971802399967 12.915443297923
41.838289332056 13.018399952009
41.916769978107 12.983530947952
42.00809023718 13.063018549284
41.935160073908 13.092932125152
41.935728818169 12.916165494342
41.864883329677 12.918430802861
41.924906227724 12.847097637082
41.87178390609 12.878160740213
41.674350153643 13.01984214532
41.955326563679 12.873493879064
42.035271543306 12.969783531721
41.998883062528 13.015396785019
41.390365867731 12.894790988644
41.970419386409 13.014690713519
41.954493814613 12.873097125403
41.983234973172 12.952764353714
41.960265516306 13.000355252086
42.00131215297 13.088117552052
41.977569807331 13.084183680885
42.039858886546 12.923064228132
41.99792769367 13.071525042465
41.953600418753 13.091152561426
41.986783903573 12.954122485127
41.924790323698 12.865642047446
41.923304780837 12.955082825385
41.84245000821 12.985945371925
41.840544471464 12.952646115794
42.010414427172 12.916349903662
41.975911259195 12.881902136806
41.993805598486 12.935156384939
41.850171176668 13.00310711658
41.880872716627 12.858461675189
41.89618122249 12.853097510477
41.973216077321 13.05284665483
41.942589366337 12.864164218264
41.986080379706 13.033675909545
42.000061554855 13.101928576896
41.929125311772 13.029876259656
41.896820859957 13.100388387752
41.882134381182 12.849115428
41.837094888036 12.890338792436
41.931337902777 12.834900640827
41.955783212092 12.999240223805
42.006233993476 12.965617610147
41.956268047449 13.011132474549
41.847323351955 12.997929388212
42.018873348862 12.905765184178
41.868388326798 12.983949089436
41.932470865072 13.028668130782
41.870881094093 12.921830219201
41.889563747186 12.837376994492
41.992986336834 13.074263852611
41.950246202757 13.089833517622
41.906282489165 13.033670564684
41.84454378434 13.052227846392
42.004882416246 13.080325268733
41.924662881982 12.99596328104
41.950602973809 13.098069749374
41.834162807967 12.937934324137
42.010960460667 12.969048803213
42.005345122912 12.899447870881
41.869210215246 12.840178706164
41.913192946444 12.893073892192
41.91753574785 12.984760850216
41.962751429997 12.911402272972
41.957701082808 12.991144931892
41.900995424458 12.953402437735
42.044450166677 12.924846840077
41.981021420111 12.904810276325
41.846734755156 13.025217926628
42.001713699683 13.080334877654
41.974642690746 13.070495394578
41.307211215425 13.010554378669
41.956339204685 12.853264105459
41.856892144728 12.876950602011
41.9656626829 13.022919232523
41.983751818551 12.925561855068
42.021709561845 12.93722805054
41.875645946674 13.002309194788
41.847631272344 13.109368566961
41.846922077654 13.056105998858
41.892669002497 13.070211112553
41.94545010896 12.879561067058
41.953358755446 12.993989644125
41.980373337877 13.09530737537
41.945092264558 13.065926505304
41.970621400986 12.89682508071
42.029632825905 12.948949025475
41.925626202007 12.93210247903
41.969048168982 12.998688886428
42.013459422653 13.059734264438
41.925450533149 13.036528335922
41.857153122733 13.049736917063
41.999579849208 13.024562215931
41.968216942164 13.001262692756
41.978348261688 12.996064563301
41.838045976536 12.929559146974
41.837509316803 13.021184925486
41.835021119975 13.039913170545
41.927223445835 13.084193070945
42.002195360161 12.916866688506
41.871964469979 13.048505922357
41.849762709297 12.925497174715
41.861835132775 13.097339926354
42.01981065891 13.016598906862
41.986780055348 12.982403700253
41.915104225259 12.933907554941
41.830487122354 12.904968721094
41.940209996414 12.975652252799
41.844820823588 13.0799343333
41.960861972536 12.87827843331
41.873979762159 12.888215410492
41.978653368086 12.990357491204
41.914675334915 12.840609996061
41.891536418785 12.936221862203
41.833869263939 12.860361801416
41.93800122616 12.90307615695
41.847618790293 12.979779744532
41.846446694756 12.958652229981
41.906648382988 13.085099283666
41.877143246551 12.846793378187
41.887621778032 13.057546483401
41.943704150146 13.030105241144
41.953116734511 12.917848020775
41.912231721895 13.036888049954
41.960546946156 13.033486319277
41.918609646716 13.073328139106
41.840774919785 13.005898673111
41.848571064832 12.992253698426
41.941916758654 12.886887241589
41.962884007491 13.050815608397
41.962286581754 13.034567341246
41.883741523106 13.033981248773
41.872503884098 12.910863277016
41.920089256468 13.002018797233
41.900207351868 12.954535652418
41.868435169996 12.940150827628
41.994713688288 13.042196091305
41.895093250526 13.004390780371
42.019580628287 12.973950385125
41.963338471953 13.088788344587
41.969530112583 12.860245506235
41.936587724826 13.044388881926
41.909612869357 13.059751292739
41.955191273708 12.941696477582
41.83756836638 12.977346066862
41.89648288346 13.095484909667
41.905387480255 12.898624128636
41.963237305641 13.067875811883
41.977034957624 12.888426946911
41.924271746524 13.081878650527
41.935928662299 12.895930396831
41.903373667946 13.031823921519
41.870285045316 12.948342412707
41.8773799501 12.952937808353
41.907232689649 12.915452908241
41.964248916604 13.009233410961
41.89878684466 13.08187099133
41.860661398576 12.957688887605
41.920998695291 13.044086252846
41.981687693869 13.059081576347
41.999931384365 13.043688329444
41.917120058072 13.058245008859
42.020292548959 13.005001163133
41.946566114198 13.021883790412
41.986975962777 12.982629565069
41.972393336248 13.042307128239
41.871363082862 13.024221389121
41.981331705128 13.067361264076
41.906172607071 13.005538707623
42.037015065589 12.955984044821
41.986254890464 13.063729164707
41.969526511624 13.04196121734
41.950863053555 13.007249392593
41.989828102773 13.027124570716
41.94471905706 12.946998362891
41.993806947041 13.00172192233
41.975190859297 13.022435657711
41.888604657228 13.011970303979
41.901241824937 12.916646574606
42.005307600857 12.95134087093
41.936632833901 12.847313665269
41.985003878842 12.883096060682
41.919335141296 12.873027247804
41.872089709582 12.960384817797
42.005310372473 13.038425842805
41.905458930857 12.871949229351
42.028625201468 12.912587132751
41.926170883687 12.839000358192
41.914914658275 12.915158332773
41.901828583771 13.069007837267
41.898609672181 12.921814762506
41.863338220356 13.05865527834
41.991500107589 13.050404353577
41.971611749389 12.985127084903
41.967685546732 13.058193512775
41.936752914443 13.066347398847
41.859466437206 12.968110355089
41.979726410948 12.940552091219
42.023925164747 12.955838721712
41.856599648437 12.839354757166
41.86802431611 12.99370511949
41.834001416284 13.093775711553
42.008980315204 13.05170363332
41.974412461752 13.062944621829
41.843530743797 12.931879846834
42.011001381118 12.954377934336
41.999753584641 13.065032729465
41.88345404711 12.887491432453
41.920039227216 13.027363534585
41.532699084763 12.972853316724
41.886777930861 12.99725454582
41.928711679752 12.837874613648
42.003990030405 12.992918222229
41.991776829137 13.062111336322
42.034399714358 12.946218239139
41.919969338442 12.87629700169
41.901166650442 12.851013254792
41.969241435646 12.94971131114
41.859642031558 12.909730601103
41.989231961795 13.098118816569
41.863563478882 13.100556691245
41.913064393661 12.872557635381
41.944500067732 13.011855178539
41.877301174646 13.069020199643
41.866531785536 12.939194773782
41.845364008514 13.024512286796
41.984600447251 12.88598384358
41.988564271961 12.950261259915
42.040879813647 12.922396747171
41.956509969664 12.97328518425
41.980544036266 13.025232158634
41.86581669604 13.02279231002
41.894044482587 12.9893002771
41.485454867494 13.009659409339
41.896059930297 12.895388525417
41.938480478704 12.921510456114
41.921040023196 12.933850758699
41.96294660401 13.083644463275
41.959373948166 12.932592226182
41.846803327972 12.90207375211
41.85618410674 13.083822286282
41.860248059922 12.896880711402
41.857037513006 12.936399220946
41.876361273193 12.965977493679
41.852916890242 12.877544454729
41.9160346994 13.019471219305
41.856850685972 12.949304564388
41.930561345991 12.906533075008
41.890655991126 12.95841529919
41.996317234375 12.961861953608
41.993685630634 12.883977920715
41.886830693079 12.976631196226
41.895033737151 13.05986662959
41.838275603896 12.883932200693
41.998517848572 12.918797377014
41.972286501907 13.099351874154
41.921114359035 12.899040524356
41.86905179355 13.048007316465
41.969611623797 12.959657773843
41.918597260008 13.073665451314
41.837915033166 12.94881823498
41.834607002735 12.910286769716
41.981328692765 12.985312762219
41.914684861414 12.840540163166
41.862380519001 12.987564344906
41.983755648615 13.027254377525
41.952626249286 12.853939311066
41.955605540425 12.847692884455
41.960145198277 12.865593471523
41.88125348274 12.856012677728
42.00023991803 12.919860523643
41.912597081139 13.09369755729
41.871299594136 13.01779461655
41.900159382702 13.056705644402
41.986901209705 12.875297975689
41.855904687616 13.070522016899
41.891353903774 12.909208999925
41.842740702856 12.943243542681
41.937099526162 12.832092449943
42.030057404691 12.950627001932
42.011422819484 13.046899148306
41.840952627773 12.897498537294
42.025765849776 12.99381710032
41.926392350333 12.9931106209
42.000230192694 13.08656589367
41.964359018025 13.083067052592
41.856203719462 12.975261272406
41.941585522605 12.872500391173
41.942763724824 12.907074196242
41.901365014234 12.989406664406
41.934603356747 12.911706594265
41.899022851113 13.100084271815
41.906065195776 13.037902962921
41.914131300971 12.964648809754
41.998578093966 13.085918566739
41.891425488487 12.999651115409
42.034925601017 12.981321152778
41.95418038126 13.037531773598
41.85232271389 12.990610524563
41.980611826771 12.885572064636
42.047251222698 12.927776727347
41.835012174621 12.880823400768
42.002026367955 13.03248614868
41.933906771699 12.946678897362
41.841065929684 12.912114270943
41.988994110857 13.101084371165
41.925732285236 13.045510008042
41.867903647438 12.906897810731
41.958827747965 12.970421481885
42.013456056387 12.946404751386
41.884625044619 13.07472338859
41.848228054071 13.042377836112
41.939798791886 13.077161016465
41.844173316792 12.964954269589
41.999061481582 13.048794154587
41.941639520222 12.882125097759
41.533111584761 12.93321793877
41.848471130661 12.922353738904
41.984584577861 13.03212726958
41.985432928442 12.990470074599
41.875483486299 13.03737437077
41.87916763263 12.885038218428
42.015415640576 12.914785382785
41.983210301971 12.956317966805
41.929616980243 12.856265297579
41.978296933241 13.011838220086
41.882614327095 13.00778318199
41.887185538622 12.89362139997
41.899146876738 12.930976856489
41.933839165596 12.997374886667
41.939428777427 13.003619576361
41.965018598368 12.961505122486
41.84834818863 13.003028145082
41.892060762242 12.887554682294
41.942826667795 13.075788672604
41.892126622581 12.97202644172
41.841685806348 13.09698279162
41.938829794053 12.981272648101
42.03266408624 12.930932457082
41.980371695489 13.029086156317
42.03808913151 12.917658094299
41.842318570655 12.842026662029
41.885701536169 12.856059000316
42.030099656002 13.000957619886
41.876969645229 12.923439879421
42.016971978388 13.003875411138
41.857614816121 13.09508651874
41.886585786907 12.908624907934
41.835421204977 12.929247477546
41.994648143202 12.906641758956
41.913497067969 13.089788742892
41.866192148491 12.998043814228
41.901722733838 13.055168448528
41.876054651999 12.864109395495
42.01040829907 12.95364186773
42.025717289686 13.017440245982
41.971217796214 13.006198508689
41.833524146992 12.855901710643
42.000066843836 13.095730846813
41.979427428928 12.961269504394
41.999529568499 13.080312550592
41.844590727188 12.859342921946
41.856721839356 12.929132625914
41.846551609641 13.100370210198
41.942952573294 12.888630523316
41.953049783128 13.026413880788
41.902199650624 12.867148073815
41.97840410053 12.905274951807
41.933960461514 12.902781566581
41.966387942904 13.022490861391
41.936682472928 13.050635391891
42.030115211418 12.981144697418
41.990652490424 12.920045223071
41.963411530484 12.862130986949
41.900504709196 12.86916107075
42.016767981957 12.946567381263
41.888988967489 12.87541574888
42.010474647887 13.054973864974
41.887660018603 13.042846378446
41.963295856029 13.032545842732
41.957585546655 13.094836709155
41.950982830951 12.857383207373
41.89527683097 13.072944371085
41.922842007581 12.94586392771
41.92313627385 13.008327040381
41.952998787629 12.992669015209
41.929837838269 12.930264663405
41.903722363619 13.073446850138
41.930503464758 12.922061482429
41.97923690594 12.989599340146
41.935101248315 12.867094886914
41.842932917591 13.038129382806
41.897970685243 12.916233849228
41.963294312827 12.948775749185
41.962882595606 12.873389258477
42.028038558584 13.007316622442
41.973765701064 12.949198970569
41.945808232292 12.902060531055
41.913124890513 13.009273227795
41.873081488031 13.096139434325
41.961076327602 12.877489218452
41.900164771334 12.901421251682
41.990050398295 13.043971938588
41.835008630473 13.014928958407
41.87054438466 13.002605203561
41.918965285162 13.076637839024
41.960267017598 12.922526278518
41.962710045282 13.069247920585
41.971491331708 12.999451966977
41.935974425627 12.888262839026
41.907067719359 12.939196175888
41.928304093412 12.890769504912
41.966389019513 12.907124674391
41.898325403195 12.8745780042
41.93462049122 12.847254078319
42.007791549458 12.951853855977
41.919390254172 12.849649351507
41.886187447203 13.015660640346
41.837857825161 13.03593396958
42.021598054593 12.975976813129
42.031595043874 12.939599919126
41.950031108221 12.972630303827
41.871888909916 12.896161185085
41.991242867911 12.892254825187
41.936631144482 13.066409048676
41.850884722497 12.967277274938
41.876660305039 12.870716749186
41.919746738376 12.885163079449
41.894732822636 12.962404836904
42.004631176614 13.057775515645
41.943006765092 13.046997574201
41.836970069856 12.936761627431
41.833950924165 12.867681863211
41.8961781454 13.054801560519
41.972383297057 12.86548170676
41.939683327444 12.92403341968
41.858974582005 12.888374362576
41.947573983107 13.000906907975
41.894382593659 12.97978298181
41.969466871123 13.007253229642
41.898919837058 13.021115091195
41.922364911049 12.907470525686
41.929568621318 13.055563965394
42.009513880617 13.028680066147
41.919788929152 13.035406156015
41.944791746787 12.898269214641
41.940439690829 12.988583813903
41.944724767464 12.899102363244
41.958353012802 12.903904405864
41.859332779844 12.864827723666
42.011851465822 13.065997694205
41.985492257881 12.892420541932
41.875881178268 12.899401945502
41.935017995061 12.850548062891
41.977863674528 12.874531232249
42.01012111644 12.938345521215
41.366803529983 13.117321342562
41.938840644427 13.019271124184
41.973291510725 12.983469767044
42.037247344424 12.934191411351
41.912112691885 13.068604265393
41.856715024403 12.984662101152
41.994815548435 13.071804290692
41.857252079948 13.085916400948
41.913322086892 12.912901512328
41.939020238809 13.051291220401
41.843292662356 13.046050532298
41.944302061568 12.852440474973
41.905447857431 12.840551273844
41.899393531934 12.943050879048
41.625446807093 13.013526296526
41.891227177315 12.997487645616
41.853979623364 13.074368544444
41.843454315275 13.097509996566
41.911513563225 13.0860472378
41.590099846499 12.933490175956
41.89819996522 12.99779685775
41.929805169336 13.095329635376
41.887676905344 12.956497154665
41.893214884185 13.004228946776
41.933786570085 12.927470081007
42.010878761325 13.010902945444
41.8736124341 12.973174172462
41.965859220834 12.920979951493
41.874166889544 13.033436714708
41.900228776478 13.032440973482
41.971387924168 13.069913767332
42.012605422669 12.917837212311
41.94935742812 12.926879420863
41.891960727953 13.098279173553
41.898017305389 12.879036107997
41.921710641108 12.972096471124
41.904456074326 13.020174538747
41.303155469058 12.975517718387
42.03683337899 12.92324607585
41.943530269893 12.897886840134
41.896163963685 13.038139460647
42.024445266961 12.953345949761
41.847747339817 12.921060518346
41.895867498564 13.097111960008
41.856190068601 13.005520689325
41.92900773742 12.874466739557
41.371755546737 12.951536359054
41.815995708744 12.86040406989
41.85518699321 12.976506426009
41.93234460241 13.105309785879
41.850292854894 12.915989730955
41.98032125925 13.018457730796
41.850474569898 12.924922623192
42.008853493749 12.973691060217
41.919084464183 12.952829417772
41.912959180753 12.915024066791
41.910756017992 12.864403150934
41.940137972117 13.056882144465
41.883683422547 13.003807871625
41.883813561373 13.006617712812
41.898089616067 12.902066508283
42.016351297526 12.984767013709
41.910279600395 13.043914636173
41.846681235773 12.926284797011
41.873503245375 13.085275770226
41.97007200402 12.94156993925
41.879932757432 13.066104698978
42.024224730706 12.986734977007
42.010842354994 12.898255554467
41.943841026159 12.944196227002
41.853339454578 12.911693938522
41.842215414572 12.882082865074
42.013556967517 13.050025186546
42.003857615427 12.946816824838
41.913617054447 12.879455681389
42.01262050311 13.066568195872
41.979057364643 12.962271395608
41.868028673769 13.06308367574
41.869869097096 13.025298990808
41.940739136183 13.087767198278
41.858983524099 12.968228649354
41.846918966105 12.991606371494
41.856730558398 13.01558743327
41.99679605851 12.995061344486
41.907429071587 12.878672655171
41.87232434932 13.042006298475
41.893862073747 12.971671718181
41.91181822352 13.093541206857
42.001418007094 12.918116847502
41.927815961639 13.034879519641
41.847858818198 13.037654620634
42.005123262317 13.026306377291
41.908078767337 12.909739640055
41.860527688128 12.849714104503
41.872480597309 12.852572740474
41.90641574699 12.996375422944
41.959537987134 12.984425244867
41.905331376451 12.834415193591
41.996681719572 12.915099805668
41.713406443136 12.920121915878
42.020399114148 12.976797963968
41.848876567974 12.916351128352
41.945037930734 13.026584838085
41.846804067442 13.020066180762
41.862317819571 13.024586669667
42.013502747313 12.915463212393
41.92379422205 12.926712552072
41.902186842145 12.945548739746
41.963483058386 13.000183255898
41.902793645835 12.922281591672
41.855954373675 12.988527141061
41.983271574615 12.951078512704
41.867131328169 12.9846581421
42.001610982719 13.080256861693
41.940319641486 12.956518274733
41.843755283807 12.936588364645
41.852278886781 13.064154983083
41.947822943327 12.900929621861
41.952923570293 13.028512204566
42.014399855891 12.946622910906
41.834827790447 12.84649214516
41.960547296799 12.985531847473
41.856315123803 13.006363689458
41.882071816329 12.871716979387
41.926156376009 12.898789958537
41.946397996969 12.977999329578
41.978177567489 12.882299686748
41.953901171218 12.963764627934
41.982088731149 12.953639130573
41.620126596966 13.047979676119
41.927820454339 12.958299514373
41.842676347069 12.860178292685
41.90413820974 12.898201157313
41.978994701069 12.870884033347
41.843808955461 13.022664771447
41.966090610722 13.004824883328
41.848928268018 12.93342253332
41.894437749376 12.854928576341
41.940095915452 13.023756082667
42.03372514205 12.926869438482
42.02944579724 12.917716634908
41.835073599536 12.862727223853
41.92902530682 12.953720097895
41.841982466582 12.923677060273
42.03111773826 12.961673393383
41.914928081892 13.075339529719
42.034644528795 12.927168791635
41.997493967434 12.998157350367
41.88434038308 12.913842034973
41.877783422788 12.904863373819
41.686008393644 12.969035675667
