43.371449543823 13.223885411056
41.86034793868 12.046822540039
43.846187878564 10.293572279363
42.585295259315 13.711539854182
43.231274743227 12.144411429851
43.666324089613 12.969601573895
50.336514008388 9.6885656824748
43.443220450305 12.763316603288
43.245317796846 12.076762268842
41.539213307903 -74.633149292196
42.318430459762 12.251991436024
42.689230742741 13.150894396564
46.551207336994 13.223471164935
29.021560280497 -80.849271181704
40.709030040332 12.68291166773
43.22985117709 12.343477081223
25.513883698488 -79.309309934685
42.229422313289 11.914074401818
42.686269897235 -72.014722462552
42.960200360979 12.767672243907
26.294682445125 -80.684345814993
45.07137198682 9.5680759896631
42.334971748004 12.766930056183
39.558986976999 -83.382984059752
50.295090183753 9.8668882878809
43.807632881614 12.490557278756
51.526366809628 8.3849546091561
50.075066866854 8.9061688673246
43.616764649126 11.988824679532
42.2273415794 12.090727190085
42.307432253544 12.211941284713
40.844547717951 -111.72695881428
46.113209196885 2.0791092585209
46.823259012691 1.3985219553106
42.800075272026 12.52591187161
40.493767248848 -75.401431998556
43.045503574466 13.36918371516
43.70820474846 13.505755303684
43.541741778882 11.941694204224
43.187840574995 13.035650050305
43.678418061102 13.577367359131
43.223902936684 13.633366937134
43.116809542832 12.127976479089
41.894402931416 13.066885829024
46.141347446105 9.5256185480047
42.9196171942 11.908597779439
40.83047498571 13.198281008309
43.703825487173 12.083355983779
42.371441521876 12.222409068731
33.861023045707 -112.84448163307
42.488556312646 11.906694903016
42.245267406707 12.622707182852
42.830660110282 12.327781813393
43.388721869995 12.860127682753
43.019040498447 12.285173406513
43.442267508939 13.553644729591
42.279886143433 13.76700363672
45.945966287957 2.2638657555281
42.347646174204 13.202841303427
42.36008488592 12.652993783214
41.999644703718 12.435943635405
42.802478452608 12.559121030664
43.592484910338 12.248532912365
46.393811413736 1.845882849696
43.554961868841 12.738568249058
43.644780334872 13.484910539598
44.840728476432 8.4867860754657
42.205089855124 12.735219328562
45.256931104118 12.421599294695
42.148804206491 12.122506585516
42.730063396401 12.525846815003
43.586725826669 13.824770529694
43.594512389805 13.185348882447
42.868999258109 13.656872159663
40.949463203045 -74.915489966989
43.433575764521 12.78146917458
41.871299594136 13.01779461655
43.184266117369 11.960938625045
43.158283116391 13.556542401482
42.75783145046 12.510314320473
43.792336010764 13.773853101683
52.183223312107 -0.34016638968613
46.086941346706 13.014865766879
42.659851339974 13.262874166625
40.926377677309 -75.284977655572
43.368650429143 13.607854067186
43.303565678349 12.245491198865
43.098223344024 13.402379542798
50.758708450831 9.4331453304892
53.700891730702 -7.8479211851246
25.254893636898 -81.126044361255
43.541096431942 13.18737624969
42.037178933193 12.25287689981
42.950014978645 13.488063993181
40.140425909102 -111.78068659896
42.911058695966 12.838338754551
42.852078677107 13.32504622702
42.689779952045 12.550721840279
42.106914453279 12.65335041969
43.073206061399 -70.680846422048
30.467051746838 -96.028342541529
50.57491894745 9.1641548560765
25.273700442741 -80.962667558134
34.662656894889 -111.17880569743
41.248462693556 13.354000565107
42.265828711126 12.208124917584
42.749682000743 12.994399484731
43.540976462227 11.954196438659
43.324691205923 12.583691915324
41.947924950623 13.364596768007
41.997493967434 12.998157350367
42.927582556835 13.551556116714
42.418876373891 11.856614151458
42.571656961747 12.453629541909
42.710829276012 12.579642647237
50.505124817372 8.563204772567
