45.05171214857 9.2019818877833
44.923984011064 8.4641001475831
45.377070118432 8.8304841034978
45.179183777018 8.8884582178404
44.921007526818 8.9228992638961
44.765460321568 9.0096011938595
44.907705710993 8.4229545336301
45.26428815965 8.5800170086021
44.343996795965 8.7537717571057
44.931963355063 8.4134585952659
44.978502207451 9.2114665147902
45.320624568113 9.0633548419752
45.106368249425 8.9919940622253
45.235067906925 8.8011906461074
44.860606667099 8.395041405242
45.082336417975 8.8777917695617
44.793287462624 8.4250420944183
44.620373456122 8.7660568602668
45.232213005092 8.9259828824205
44.861346572599 9.0617740375277
44.686446966155 8.4268540092193
44.76859636876 9.137574002397
44.832012658886 8.4817046089478
45.199892406936 8.9142046781788
45.131571645307 8.9389663560264
45.265257918863 8.7549891437217
45.153892048541 8.5723354169249
44.871122045473 8.6460594608175
45.159929675171 8.8168490401292
44.964386310084 8.5980426772744
45.330886311846 9.0210211289446
44.797789847545 8.6431919047344
44.96415679621 8.5761637718073
45.252233437936 8.6455226815983
44.779841619001 8.9996032306922
45.157701001602 9.1866538862636
44.557824570342 8.8025395350775
44.995034968969 9.1150334158517
44.856816107832 8.8986881469836
44.791178590081 8.728225230299
44.550631982091 8.7401241418627
44.983846837277 8.9206337153076
45.274947972768 8.5946884757139
44.917426101688 8.6950195600954
45.130183085257 8.7848083448758
45.12352260101 8.7307385198682
44.768968816248 8.7178327611986
44.909737369909 8.9313462498022
44.95082156996 8.4791552820844
44.841281216914 8.4933637840665
44.609672485946 8.7176752984118
45.102712629273 9.2211352013383
44.342112811139 8.9041475646473
45.076241256684 9.1241911799084
44.779938929542 8.3271527797809
44.736183892019 8.7327882230224
44.775112568459 8.3381973932465
44.535875849952 8.5900033599628
44.788020334902 9.0101258199011
44.661366205065 8.9475372686738
44.718164306583 9.0498154431836
44.655739959143 8.679908098199
44.777462843211 8.8008099823007
45.264800107044 8.8056701267375
44.995629013791 9.023862154325
44.715716783081 8.5142984345855
45.042445476678 9.0852121619904
44.710900834955 8.8400269716466
45.07254146262 8.492024394284
45.017797489475 9.1206162083734
45.146408923944 8.7780316561103
45.061579739867 8.5688681341818
45.267617394781 8.7974847634987
44.651134339024 9.0400476904772
44.853304561436 8.9061729130807
44.859450834763 9.0447491903066
44.968349873211 9.0793896195173
44.866079633739 8.9472619330475
44.886106802491 8.6825678040658
44.581704152579 8.8357218565586
45.273387783309 9.0386945460893
45.225252136719 9.1842448048197
44.725247702762 8.7840328358272
44.698553180207 9.0104830467191
44.787381700562 8.9328199151846
44.722043807419 8.6396006246748
45.314484704504 8.9199815138825
44.920839877718 8.7559236172637
44.901882753012 9.1656916533647
45.028178317045 9.2178099317769
44.645120628504 8.6634299322327
45.212601725858 9.1419175423621
44.719671766169 8.8384744800806
45.174975078099 9.1619103046678
44.648994624011 8.5089164771647
45.303246259064 8.8792579793042
44.765990007534 9.0513348509075
44.769160865836 8.6230703560998
45.170269187524 9.2156180659405
45.222350337644 9.0661810775618
45.024047734018 8.6544808110243
45.258282502861 9.0420258313846
44.99452564816 8.5424066734908
44.615857336517 8.9727725081019
45.224782909932 8.8042011150644
45.124152946905 8.6672851118107
44.931664562424 8.7802150847554
44.810378556845 8.5791424001703
44.694220695034 8.7657625687172
45.027231058049 8.8638719806302
44.945205737136 9.153701650679
44.768044853501 8.7274308805947
44.831981945376 8.708707426844
45.154141771728 9.0749092434672
44.872050716508 8.7778385082156
45.055300273541 8.71339043023
44.826196485353 8.6647737034898
45.030748603065 8.8761358461907
44.640991307765 8.7928353489599
45.239486307646 8.6010686639026
45.089523183249 8.9712718093634
44.863306554462 8.4266644803931
45.109572978767 8.9525391661341
45.098539787204 8.5602292789171
44.750689623247 8.7233568017502
44.568714657623 9.0137466091727
45.130251413086 8.5439609523602
44.686701428956 8.6247489634085
44.76542641121 8.5893589919383
44.693163100115 9.0475068770803
44.687808437291 8.5287616727798
45.309414189125 8.6421381841865
44.727030123594 8.7177943388804
45.143553382176 8.9166365166715
45.224886095184 8.7420084448261
45.219480120677 8.8137403654953
45.234190862504 8.9411387816729
44.551640728305 8.5782938860256
44.896743486052 8.7449085094221
44.941952942657 8.6566929536414
44.667858009563 9.0397038275561
45.310551868456 8.8612692077929
45.08822264529 9.1873713706561
44.922241397494 9.0869398609441
45.045635543182 8.7847678789099
45.08538165539 9.0581652385686
45.053158097019 9.1836342027335
44.847943398125 9.0149460455472
45.039802712502 9.1333415641605
45.173267409149 9.2345650363176
45.04638247476 8.5988211128855
44.723208681549 8.9421592810387
45.10946327409 8.8798683057423
45.229141191314 9.2275413649751
45.158065730244 8.8590271402891
45.203734680828 8.8552255601902
45.146402231046 9.1604822112995
45.139302026801 8.7069351084795
44.690780088324 8.663005311097
44.81325882923 9.0617797279552
45.045305639086 9.1737312868115
45.167873742628 8.7411829266423
45.01531654723 8.7156891922307
44.717451801064 8.6092812027825
44.78048773279 9.105482244217
44.476306961468 8.667178708742
45.087307827916 9.121947546849
44.574851380859 8.8128304785666
44.963687962766 8.4738325709332
45.038759759694 8.9457934921565
44.647456893093 8.5849451301549
44.932668579737 8.7872508583531
44.761972825423 9.0843772247826
45.26782601847 9.0690798338149
44.81351254688 8.736354657978
44.806455700265 8.3767459922617
44.503537321742 9.0185384028235
44.798200189438 8.6132926683469
44.735708017061 9.0810496686614
45.048432334812 8.9107106848227
45.331785776132 8.6225435566728
44.462071024797 8.7562755726983
45.059844307557 8.6867492952788
44.866853865058 8.3787657578144
44.53670213685 8.6871054283261
44.96949905717 9.0711145081888
45.05102710943 8.9337283686426
45.097386030086 8.5892281993242
44.789864542659 8.8444852556542
45.148753993257 8.7400182472007
45.183968543624 9.2433770038412
45.32674867957 9.1135888274357
45.147267036672 8.9283930616143
45.133279691044 8.9894150438692
45.322735287863 8.8751178778149
44.943299569326 8.3897095848083
44.840728476432 8.4867860754657
44.849561228719 8.7065402808141
44.627497986389 8.4771385095697
44.664645111523 8.8658929831655
45.198514360121 8.5803055975937
45.174101438452 9.2530201543392
44.607390778448 8.8740000288347
44.519171846735 8.688413896546
45.276717714258 9.0204782227615
45.153139149401 8.850495993742
44.809108424426 8.4494490844195
44.867518277803 9.0260686787898
44.73073703564 8.6210550224762
45.297119042439 8.8455913187683
44.668136120645 8.5367566640194
45.149091420692 9.1921722751074
44.927897450921 8.4868783912072
45.057204380218 9.0376668970276
45.119565993533 9.1452421654227
45.186573566516 9.2499638575362
45.239440742854 8.7498183839022
45.168652452167 8.9120099466816
45.01297124073 8.6615195270238
44.443874749725 8.6634041332259
45.29699098568 9.1225040408422
44.84197158445 8.9767442644465
44.638751186753 9.0189293294302
44.994169075479 9.0857406542315
44.842337045908 8.3318762103034
44.442624389263 8.6378604440428
44.968614439957 8.6034411471353
44.904857960436 9.1589250237978
45.09427244456 8.7425702242844
45.019894946867 8.5618085935534
44.779212952626 8.3420781376757
45.121981797422 8.5418060001158
44.537077022061 9.0304863678433
45.22917879842 9.1573841042618
45.207385513588 9.0814597245685
44.87856894619 8.3696316103542
45.047923264142 8.4629849842111
44.825411623288 8.3074977312737
44.958472221696 8.4246531247719
44.79716385705 9.0891016679322
44.473384874909 8.9787566787674
44.828388681553 9.165484051672
44.474909715601 8.6586552937788
45.11914442674 9.1019859446687
45.04990571975 9.1046067925657
45.322149490182 8.9460398277016
45.166980768443 8.5857824733392
44.576410881538 8.7803496113887
44.696015054358 8.5124255730363
44.644660379081 8.9236822832696
44.992156210049 8.6361761931754
44.740334548426 8.4017599498861
45.042902781739 9.0705113029879
45.261795409704 8.7933252818619
44.621826392862 8.6001912164247
44.830895987701 9.0061525615637
44.95362607297 8.9066608922121
44.993084638402 9.0023400282498
44.681431792577 8.4596908140484
45.194591052062 8.5926840464573
44.885086666299 8.941096706009
45.213864894709 8.8769764119186
45.254086377243 9.1709354806556
45.041428643114 9.112216269205
45.09523474765 9.2023676101595
44.958890647864 8.830736826328
45.089509598743 9.1571973323157
45.261421225251 8.561681564926
45.182365615888 9.2320717414547
45.183588352165 8.9831245347779
44.986652325858 8.9149110640003
44.858153410164 9.1579574276708
44.987892049385 9.1267555814827
45.353390900839 8.7087846536463
44.877827297769 8.866410240981
44.750986018593 9.0893808181814
44.823897213756 8.5105510284032
45.058235744603 8.8009870007173
44.621427686106 9.0598830504854
45.35491827426 8.9712818017119
44.800089230642 8.3894954723467
45.152166664697 8.9914267460776
44.844735245639 8.3427341681638
44.322634067981 8.8472969549718
44.507976256107 8.9217222478807
45.02359380786 8.7501366407145
44.966874647637 8.7735649656404
44.962922461709 8.4890662318045
44.871628079366 8.4539451841749
45.038396313667 8.9554593645062
44.594475657982 9.0044714316746
44.595866342844 9.0572407177916
44.934359145295 8.8024741751829
44.770434757148 8.3552245016932
44.833982031275 8.4376307469036
44.620363485383 8.4956371387912
44.713967472673 9.1128686352227
44.837061994193 8.729833632768
44.698121822555 8.6584655938709
45.25993626626 9.1557666795565
44.780835257879 8.6222076228248
45.206441451917 9.0259031594851
44.608707483953 8.5393237232857
45.042044995649 9.0568454723116
44.98882367487 8.7760285659349
44.964984429544 8.5082033667286
44.584777981806 8.5121793206372
45.265410468199 8.5917235733437
45.101432147015 9.059704566777
45.084260398699 8.6282468858562
45.180735095514 8.6000035731122
44.819775482719 8.5116320429214
44.597432776495 8.9928971955752
44.689376961898 8.4420803691014
44.853013310073 8.6548575395974
44.932585463337 9.0552354526708
44.782681577321 8.6164472892236
44.908826447075 8.4270257422826
44.590390261046 9.0287569851493
45.292591180814 9.1473932413139
44.810895326997 9.1148304239473
44.611042949681 8.8525755425229
44.887772212612 8.8211323376843
44.971579606191 8.673959827085
44.630662686976 9.0303677951127
45.082036920421 9.014889103088
44.83814325458 9.1563136047923
44.942984164226 9.0844439675493
45.006937025048 8.8888692755223
45.11259445323 8.703937905889
45.343758813661 8.8349516321602
44.95304344688 8.4568919254732
45.080826385941 8.9862187636952
45.136583304862 9.0247663792315
45.112779410634 8.5926238545182
45.352366895835 8.640373034212
44.815702589634 8.6085528084117
44.787062595963 8.848128179858
44.76751146634 8.4314280794637
44.610876712464 8.6550724613992
44.68450639571 9.0620752826622
45.367470323719 8.6343339523205
45.219417996269 9.1394557293222
44.67434361285 8.4431456838935
45.118779719187 8.7535854232049
44.815277029465 9.1019977379833
44.690667834895 8.5797496705432
