43.698282059628 12.159283254856
42.858740457289 13.340640804444
42.143584522507 13.077418759522
42.153260077442 13.287752389597
46.232622489837 12.339787940583
34.355525656615 -118.74117775414
42.952169974799 12.103349087363
43.217166236724 12.032024206164
42.365434075431 13.374482587641
46.633235359394 1.1796783326099
42.326061324855 12.769264027856
43.140314506919 12.544785456541
43.059122268858 -82.908022037872
42.152780199516 12.924567566705
42.611879259654 12.07025564933
43.326361226091 13.44557523564
42.110068633293 13.22837243661
42.163509920802 13.232413756325
45.346898748049 9.8003705469172
43.446120850505 13.172075972528
51.709876260585 8.5320366888922
42.092168218986 13.217102304223
51.146741210784 -0.57517813690247
42.544655368938 12.865052473224
43.59963343695 12.413748046131
43.345160511038 13.142135738482
42.28517798862 13.480338685925
52.152204894764 6.7023948067578
47.002903908492 7.7255115535695
43.778490960982 12.889100296392
47.007598166358 7.0662108213018
47.02031922481 8.0877980520426
43.154752699286 13.105743740756
41.378152885374 -84.40712282456
42.78067765889 13.741233785537
41.87964619972 13.527096664334
42.995418182593 13.828707823471
44.858653636912 8.316918703712
42.563577017099 13.589288226159
45.034604160157 8.248428359464
26.296522379043 -80.475915161458
42.783020526556 12.052717282482
52.324175395455 4.8009073799713
42.504496577452 13.489669403776
43.693929034629 13.686865019953
43.600040652624 13.601667483173
43.760930707588 12.727368869713
43.332674897452 13.335341083994
40.686762094077 -112.3346760357
26.309080122631 -80.076182383889
42.709161434674 12.682286218147
43.563523525656 12.598087807951
43.49133217546 13.446350894166
42.541145481442 13.20938526618
42.150170708166 12.02332423258
41.928306359785 11.970245387878
33.968995629835 -83.722337050141
43.511797315235 12.766536392649
43.479989758937 13.514834348373
43.188981630483 12.968640488579
43.12726936963 11.948603719004
42.013934748275 13.336335974923
42.346409113794 12.516524569859
43.665088725141 13.082991864592
41.992621898669 12.830890601909
42.960207929372 13.782598446974
42.674241280518 13.224552364214
42.528008437517 12.703226230921
42.303324032737 13.149892332123
43.792576863355 11.997198972871
42.257752146713 12.664611280761
43.758265366686 13.104364190786
42.073886805269 13.108713029024
50.265475086526 8.169663278465
43.191830997 12.181520697766
42.422149909412 13.04847857733
50.010086910338 8.509418491977
51.958263957854 8.8975924117945
50.266196691555 8.7299925138848
45.241618875201 9.4521127783493
42.331364192244 12.555374327395
43.78918891858 13.125649285117
43.289762931101 12.711417926362
43.810516105273 8.3473326927038
43.533099193395 12.428989410621
42.39536510801 12.172536187441
42.567917053873 13.620823390161
46.016555834267 6.7098349259071
42.493832811499 12.234013807624
42.013497314443 13.566837478714
40.447820862482 2.7387984239876
52.751417291468 5.7397451307577
43.025596689 12.72611586832
41.923530774642 13.298816760231
41.897762995955 11.883675979489
42.367640422849 12.838170392384
43.637953166702 13.456176730106
43.232776123694 12.323258114685
43.599758081904 13.367217599606
43.310121729204 13.518829896377
42.467538401258 13.512713342233
51.247022383496 9.2865241832503
51.530494985651 0.53488320085448
43.438513850553 12.966445717966
50.439076764248 8.3110346539463
41.739139493119 -73.603247981931
50.391021312862 8.715050893703
42.636390472614 13.612141395759
43.713753734603 13.748259639737
43.108395232425 13.111218493039
43.323070966344 12.162193197388
43.719153272344 12.150487115698
43.822828105124 11.945990278381
42.000967277235 12.719516796882
42.9459712333 13.514976679143
43.206473575556 13.508829145485
42.184399525742 12.875599326529
43.663883736687 13.669378310309
43.089256530225 12.224955046675
43.276312964187 13.202174727454
43.591120483184 12.148504381624
43.668179984537 13.350397315526
41.979889397521 12.39881368654
41.916514391062 12.668828700536
42.534121406069 12.017075645766
43.324846373345 -83.738904256459
42.911818592323 13.750987002531
26.00843001016 -80.458282008325
43.195642916598 12.243958153897
42.0997156576 13.615340077626
51.524886216281 8.3592452133816
42.211150756225 13.383774696583
41.913615821376 13.191518684494
43.048085786911 13.472724701053
43.636869742853 13.034460254516
43.673052152022 13.073960449602
42.407518187283 12.266364349197
42.0107692485 13.673305090851
42.903491052309 11.854651004029
43.808641611065 12.387747907747
50.800217265869 -0.060349118975149
43.147901494146 12.438676230835
49.021884384099 3.4309280849243
43.387984136321 12.309631679372
43.80263518535 11.987207954299
42.149227457677 13.560005387107
42.083422123514 11.953427297528
45.566628428719 8.1262627682515
46.526883521153 12.381710687737
43.795916896239 13.290130718767
43.166242280608 13.450598323949
43.309227315874 12.890707367536
50.280925923158 8.094586766369
43.741404437361 12.894737185882
43.923926172857 12.506381170571
43.296966444283 11.048191127341
43.186602262888 13.51484139476
43.817806877132 12.573226980687
42.207287572442 12.481703866518
42.538893258937 13.322434173602
42.709956006499 12.556328547002
42.870470942424 12.616399991168
42.336062946069 13.454580418067
43.721060490592 13.465766613144
43.506507779263 12.757309941483
51.484417268766 9.6146561594748
42.244010048587 13.591774316336
42.70100560074 13.205503029866
42.488007889377 13.759134948162
42.551499230599 12.328448480635
42.551960900238 13.091928316344
43.399656376543 13.319986577781
43.781432198094 12.958615451799
42.508195498285 12.760208954944
42.024510216932 13.194193529077
43.457958548098 13.747363895081
42.524606993687 12.010534006663
-37.2394433018 145.75255573592
51.386670710233 8.8458269107369
42.612667680093 12.330116606958
43.525497821891 12.737374378733
43.162303606145 13.400952057655
43.70751569688 12.17748041927
42.438742897699 13.550611362139
42.929863149754 13.604347646539
42.353233186714 13.453019408275
43.072297525181 13.26923038732
46.096534894638 12.733238631617
42.342661597481 13.753848833404
43.545257382835 11.839474165758
41.853284973604 12.228306675457
43.106155180908 12.665261716447
42.86720488682 12.486416318701
43.572678464753 13.769505468111
42.137131978377 12.579470820084
42.255973629794 13.011604287222
41.923376622129 13.568203673984
43.563698601727 11.94126625731
43.12763445879 12.297330349378
43.555021298863 12.228356477466
42.792896893731 12.329680299561
43.258218172148 12.351295225041
42.681497746486 13.193551488332
42.1616473618 12.616104385192
42.9189068307 12.015183450682
26.022528590162 -79.561699079887
43.805973275495 12.14213039595
43.231681332587 12.713920953106
49.944853511634 3.9757123067862
41.908790557158 12.902908886293
42.184136134213 12.203431042493
42.880642597063 13.727069311204
43.653783608088 13.328305586415
42.583446184 13.721428239144
40.161925873481 -74.536909164311
43.13969301115 12.949793690348
42.735885076123 11.954776729923
43.282682595927 12.152507107331
41.880454331136 12.262398605378
43.765822655899 13.256496797922
33.163006303482 -83.407706193257
43.47450225126 13.4172718257
43.540715263498 13.536278296533
50.498349535977 8.2640526035168
42.685022539799 13.324620232624
45.98874315116 9.3210512593487
50.070536469142 8.6845244693963
43.130235213402 13.175996709252
43.223902936684 13.633366937134
42.368946760154 12.882656418685
42.806507079912 12.364992529135
45.101601765073 1.887755826529
42.640319717436 13.202705028582
41.982024465235 13.483780768946
42.08926085063 11.849243345621
46.094728039759 8.390157523586
41.911511491964 13.166128898603
42.474382983763 13.365316342754
42.766774953255 12.977225536957
42.643256190088 12.307446057607
50.942751964528 9.0748461061506
42.113993655033 11.931463260193
43.228419030678 13.408772941424
43.188901072477 12.340694914752
42.989758554397 12.944665094833
42.626873972673 12.364012719323
42.543895627646 12.975617269529
42.198611081226 12.464978379901
50.21453457522 9.4457582572688
53.338987871464 6.649736833712
42.271196160147 12.959602783436
42.08187526936 11.941110649605
42.275890094843 12.079072977474
55.675315080971 10.704203710913
43.289711760513 13.530718597386
42.810629290927 13.02368092121
26.092344564877 -80.579320875542
43.393199309727 12.011592869138
45.594245736324 8.5730376210869
42.414127595124 12.933693235055
41.855627239301 -73.495266514727
43.47963395227 12.937829824622
43.077109441218 13.449923465259
43.403509663161 13.416958819824
46.568478636031 13.105592704681
42.271029636411 13.793407296687
42.96519015823 13.120078159107
41.907055997267 13.139937103812
42.059867811904 11.916213379224
42.129901690956 13.326756223278
42.482430616639 13.264580040849
43.757200208401 13.252387630892
53.127565162781 -7.8795918644777
50.756407142503 9.075980197208
46.26398101387 10.832678944425
42.447424298847 13.599447693976
43.421915537895 13.465508873812
42.828352004231 13.170284367267
42.985782874297 11.948067120739
43.668064930343 12.278283733559
42.945980512999 13.800018796159
43.141068856784 13.287868218186
42.010292995281 12.246622638447
43.541509867453 12.180171992735
50.506700869187 -0.43785532077208
42.658014658235 13.394531121217
47.693561463262 13.873411953178
46.397139765973 1.71903094124
51.896805796724 9.7343084028616
43.070740446502 13.081699479896
42.427255805802 11.972149468035
43.095781664895 13.482535647474
25.914403034928 -80.765122789763
45.549518201221 10.480191267668
42.811454929345 12.06049737898
43.281483872946 12.725181195312
41.988871197698 13.026415912468
51.219296422423 9.5288780911494
42.271807128711 13.462358482884
42.143462047534 13.225691658105
50.902434943431 0.017954037947563
41.574739466854 14.165231691916
42.617115283693 13.402033061929
43.489152406591 11.974227453591
41.947040535972 12.053267713216
42.991920999734 13.229848940519
42.215142648788 12.128589511464
42.824653749294 12.012074318741
43.59634953674 11.943343807938
43.750056733748 13.471066329869
50.197163312322 9.2581583667817
25.979753583643 -80.120052789669
45.337396644632 11.420903138735
43.762831390746 12.779033942066
42.974774946468 12.102520336931
42.825793051101 12.573754609851
51.940973035498 9.5045958191643
25.995719260983 -80.497199180111
43.69430977094 13.270895576252
45.090221740138 11.060663469537
43.228789239784 13.318026945164
50.798777877492 -0.78968206089906
43.04457637765 13.217700331129
42.460100303174 12.545544963605
43.41179226267 11.890999082446
42.518714428676 12.241803998261
51.83127602764 6.3546627488009
41.976189675285 13.227598066569
43.067766663671 13.035948998798
43.189441178103 13.797163123191
43.114524617866 13.78978889521
43.146735543009 12.890165832795
42.576485724012 13.389715724827
42.605570630008 13.326477972964
42.484037762289 13.397143556477
43.733205459909 11.969123526483
41.954493814613 12.873097125403
42.866656069603 12.899985061002
40.124061608957 -80.369826352173
42.513064336292 11.988586865381
41.939920266152 12.063005162453
43.429818137304 12.465236530411
42.040395152795 12.685730569405
42.484314930872 13.132573921782
42.889690470851 13.12827492234
42.830605195777 12.339501666084
43.110365518907 12.39077724397
42.983282350948 13.763014696449
41.975014945967 13.184200289766
42.010522651046 12.316054661461
30.308671364536 -96.100758514157
42.330228732142 13.486153782593
50.59320357097 8.4174295395694
51.599077462498 8.6106827811388
42.895988597973 12.511465236338
43.819240589563 13.369304522134
43.343191321654 12.786039659209
43.59753674904 13.813345169117
47.316630588314 13.116718304652
43.593906759116 12.16082993299
43.280784276466 13.251570579734
45.946640148732 9.8014006258949
42.368011485512 11.846449277779
42.27434705818 13.253056472772
42.276446556822 12.815139544131
43.251811390881 13.181724124228
50.730631910605 9.1245862511567
43.463392849783 13.468790967722
40.048823815071 -82.56389256393
50.742097728998 -0.84882950780858
41.992450317851 12.496706853873
26.623908208025 -79.262310361887
41.943712787697 13.135672973553
42.692224502441 12.532567426366
43.646760592094 12.529965475935
41.872941950746 -110.94741135284
43.058081535671 12.574166018339
41.961218353364 13.115181129035
33.366696601013 -84.861391398433
43.303023568982 12.723851616852
42.112569932899 12.99936141914
41.91753574785 12.984760850216
43.301553734274 12.649084961365
46.414926230635 8.6847486471221
42.841442912299 12.654193936707
42.111693684085 12.065155940647
43.219063350588 13.345764604113
42.918295441644 13.375549555486
45.724441028 9.7783148041825
-37.117476777694 144.08081459414
43.657287305082 13.00928280412
50.106246321046 8.992776886091
44.661041262683 10.55077665746
43.199850508592 13.018789638329
42.968813446357 13.335806304766
46.51868757164 2.9523404869029
43.189930216053 12.752791135478
42.702270050881 13.337108110256
42.221464569339 12.210272316009
42.099899032686 11.974541760525
43.260417896 12.808481578181
42.069745220763 12.443208472565
43.440647242817 13.477489523367
42.477067070325 12.321350088048
42.35715953 12.011059038833
43.549590331314 12.139220445037
43.717786633299 11.854952264996
42.930673621118 11.961971664339
42.033666216339 12.684943348975
44.149833614824 9.9309088839106
46.14206237306 1.7963934022916
51.853680687888 9.8777605024529
41.749676861835 -73.751393621803
43.365393940085 13.050157352861
26.476467973292 -81.017930072085
42.399047002403 12.20812887943
43.197832670176 13.609873559631
42.209736901454 12.304331377777
42.433086987808 12.561184232406
43.106324980572 13.203482383978
45.836780082919 8.0226224281465
42.637783857846 11.894861332579
42.51824897228 12.330287615012
52.844554810945 5.7341058645323
42.943949660747 12.362062519606
46.920245526321 8.8112415507488
43.819475722902 13.717738473212
46.862188520311 8.0400771605969
42.884502010853 13.598257941028
51.038825158979 8.54988684298
42.016963232338 13.546612316087
50.91840555096 9.3096740419556
33.653349430644 -84.34833123309
43.136736855927 12.399586631192
41.86463511405 13.689484848052
52.297453326544 0.85152742766847
43.056776389527 13.610582078181
43.167206385272 12.510967852807
-38.884220827317 145.41734658171
46.047274985699 8.2233963158812
33.271019336274 -117.86083801761
41.92086887358 13.464042686163
33.094178612893 -84.370569394981
43.697747071154 12.161787387546
43.807415383799 13.426721328158
26.275543800201 -80.105279783111
43.156368763746 12.350163468809
39.245686690609 -105.76635198665
51.796685055735 9.4932972129869
52.370993593182 -0.018525065914036
42.553164428844 13.049280590887
51.368456537076 9.0560946613811
42.119460943697 13.008335393413
41.850943098262 12.407982140525
43.583205654578 12.329751193232
43.728031337621 12.450643579706
43.580350730394 12.749691495576
42.298759743731 13.823295577834
43.686150551648 13.76998652742
43.316702360647 10.240940102374
46.171094420911 2.1494366424854
29.209231020989 -98.882498926456
43.698164521597 12.743926259591
42.982567911049 13.174631619928
46.244183339292 1.4317648608385
42.791264723445 13.045090998565
41.872970923278 12.764195004855
43.622170958047 13.136605954814
42.091221266955 11.938890126061
42.293390359421 12.993215399812
43.480322641565 13.618066372193
50.982548242427 9.5659963253727
51.857854124558 9.4402235697211
43.660195312791 13.210920274843
46.692778992789 1.5098933593882
43.102528536295 12.005366798048
43.682284460276 12.019684075408
46.395312140973 10.570761258237
42.447362383591 12.539765214354
50.213182349789 9.6610670111426
43.234244136735 13.692748013762
42.474744957182 12.833216560948
43.060347595767 12.982395351412
50.003142967356 9.5135235555999
42.789685509556 12.785218708604
43.335449094596 12.302271112961
43.219078505069 12.555058064684
41.901828583771 13.069007837267
43.571142193217 13.084962161784
43.107803022095 13.350693963652
42.846955746362 13.187190116491
42.610830333855 12.494035972068
19.157468741251 -67.144566906916
43.36907301164 11.962921679024
50.396476153469 9.8263004030223
51.220593317049 8.838875902276
42.1469610027 12.672588897738
50.382805421195 8.6707114571103
43.664020167994 12.529900352273
42.065853728499 12.196870236305
42.605576306885 11.917297280376
43.325033989907 13.074129396639
43.404489509971 12.778141389053
41.949426435397 12.587621091228
43.068291961268 12.061055915945
42.301550211546 11.934147735582
42.288638672016 13.076390040629
41.989231961795 13.098118816569
43.602477884222 13.204096823115
51.809495009626 5.6583692989817
51.204911282847 8.354847955217
43.822564282393 12.337551729932
43.489335047796 12.354499729071
45.203995775061 2.6447733694896
42.594943045005 12.620268386167
43.322081839371 12.050272893671
43.798135301025 13.734391305027
42.490882331755 12.733795374995
42.909029223935 13.220861495131
42.428322463051 13.422333939219
42.183066609887 13.613447147728
42.460591772807 12.55252038855
42.616470081574 13.03131049549
42.785572691742 12.548940542431
44.207434769726 10.654491697228
42.438857993336 12.881667168311
52.674621616571 6.371816928788
42.632062564454 12.119223745151
43.701743246404 12.562985626798
42.367341861787 12.948727324136
40.190325901022 14.959385607256
42.917296657321 12.141318441921
43.749222522971 13.574346102131
42.01416937218 12.776357747531
50.481145116259 9.4796203265337
42.742431958107 13.593150713778
42.137927321337 13.386509685978
46.592117219973 1.8508232039636
43.383827739595 13.156786776242
41.838235454114 12.46303630737
42.607549362654 12.337127630777
43.076862666813 11.878276276832
51.503610394431 -0.064087750471233
43.319735732565 13.512121714445
42.260896292658 13.593370484486
42.028681844973 13.524499609866
45.453307567375 2.0320525299907
39.995080962123 9.5991682234449
45.266621969627 12.882344472817
45.733785219951 10.74315604702
40.805950211422 -75.314741316064
26.339190030146 -79.453666386215
45.905777018033 8.2008708080281
42.213081556493 13.097453821517
43.707381665591 12.69904166681
43.306966864202 13.24186639408
51.700825162093 8.8324251914548
41.901995765486 12.294291322278
50.740082354164 9.7270774150859
36.874722379119 -122.5907652564
42.419169703249 12.140121294737
42.478208774479 12.486479409752
42.966313600545 13.767769870261
52.018161603957 -0.22986826363013
43.733677024945 13.242950188389
42.365395585732 13.76189934919
41.942774381483 13.664792539882
45.25255516742 1.8032278659769
41.911049107069 13.454394689528
43.616937133792 12.339794145611
39.052620903322 -77.874625978427
40.013756838342 -76.532686540133
43.449508848365 13.711135562861
43.156670981646 13.393243751227
50.055553149458 9.2741701017479
42.356869057939 13.823180057978
42.472177160679 13.790079088805
43.579748578661 12.956144906581
44.986652325858 8.9149110640003
43.186839615103 12.025764151975
43.072242990191 12.182352423308
51.152013146389 8.6224141412519
43.42096286801 13.802400694158
43.053487789397 13.470090587398
42.346103223689 13.533879947187
42.370978477605 12.676635267083
43.775156981694 12.406983534085
42.345860916838 13.221940243741
43.048567147038 13.794319537859
42.925393832834 13.194373987727
43.361400761831 13.028560081531
41.874582326002 13.516509305947
42.096445072974 11.844716114406
43.320703569039 13.360989717024
42.610457897026 13.358596508579
43.796639738065 12.451774737563
43.529781671509 12.249964685317
51.065115846025 -0.81014479180804
42.666690019291 12.046582541937
42.459705362797 12.664362676306
43.764695012388 12.874880459122
43.105480412091 13.511740487794
41.936033346681 13.148853507915
45.845573365616 25.999735566787
42.0635474199 12.101266288267
43.043259836309 12.874634776227
43.315346390642 13.059572703719
43.577447443093 13.113829440977
51.074870061397 0.13422970195498
50.173529527231 9.5865991029826
43.595696135257 12.976605133629
42.03808913151 12.917658094299
51.566173761881 8.6353872225785
49.79629591249 30.283279431839
43.676679575686 12.18981490528
43.358430689854 12.459156686675
43.298326394287 10.07621792547
41.979542351805 12.573755288319
43.545599708609 12.28143638667
42.23905926211 13.234723025598
42.396372803692 13.405144119379
43.328082108113 13.023152323937
43.186586627379 12.870528911667
34.036342272365 -112.46311370492
50.020564395478 8.7332554290692
50.414822857089 9.1529519130257
51.101557064849 9.1808585995719
43.069135163033 13.233877780046
50.941369904644 9.7847034045424
43.144161160658 12.072067525758
41.900345774342 12.63496778518
43.174919164376 12.312920784744
51.455997194842 8.843844983654
41.856957329857 13.691215169028
43.566779800044 12.679311427625
43.191526305972 13.811079253841
43.415122935297 12.311348856593
42.769927213348 13.522648907531
43.637244094481 13.103877579863
42.753211610857 12.168012323889
42.512060153558 12.220740924247
42.610579521235 12.136737452439
52.999549549771 5.2905245756453
43.669370107685 11.983400024487
42.905588568631 12.409419112585
41.903858424141 13.405140156602
43.06877543736 13.634848243408
43.503000103192 12.428686842543
41.079127932156 -75.175916543444
46.60561285429 1.1869326574667
42.869160984603 12.278216777986
-37.05195954817 144.35717145573
43.265653448324 11.861949678467
43.244224262326 -82.212703802929
43.054915760225 12.885094284979
43.13238091682 13.283083443683
45.028536747223 24.777471566004
41.838229166755 12.43982079834
43.377392058923 12.010063827529
44.797616958803 10.488709755258
43.096499185493 10.891259367853
44.102131790529 7.7227860706476
50.656486931097 8.3268678571688
42.955739412457 13.354544818122
45.030315169613 2.9150838590763
50.615446737323 9.6285330940171
42.332951407124 13.192659503891
42.467426870257 13.259889300123
50.606067916893 0.63461652375973
42.511944613679 12.064746841839
51.304140566524 8.7400801613648
42.3606780923 12.772847150833
42.176666454981 12.964302521203
40.62615368521 -73.588720143834
38.68447679155 12.797160135653
43.569952773682 13.505757386121
45.024486643274 2.3441128429696
42.60462892924 13.485448652194
26.038235692308 -80.327222084123
43.455123551889 13.487067179537
42.04718097909 13.008504759545
42.350205038858 13.272460027746
43.217946656171 13.812160875582
39.413779389583 -77.221729297036
42.068896973559 13.063659754632
43.24812140376 12.515688707848
42.329806443013 11.953428493812
42.538178078636 12.610699602242
42.382280238172 12.306944609318
51.029345760834 0.27129352705614
42.964599452917 13.489684908434
43.409106345593 13.680489295966
42.844298949879 12.939197815947
43.498300922356 12.705483824364
43.570591159452 13.684891980016
45.593913114117 11.747061625841
43.644144442253 12.107506335784
43.785454220991 12.172492113066
42.343897163583 12.75522314189
43.292743167532 12.683461569123
42.186100294921 13.678167717868
41.99376256207 13.657536576364
43.400134318716 13.154216443747
43.6215227892 12.18651973886
50.247097933314 8.2403481068277
52.382897486856 -0.57103634843651
42.849105711977 13.259651725322
42.902434404449 12.722011459417
41.845786163998 12.117760239711
44.298376932166 11.519662712273
47.021191558159 12.400842869257
51.994260915087 8.4399091733805
42.911952359116 12.107515415248
43.134881573347 12.80819096456
43.726777163694 13.123470244076
42.125959353135 12.48241818814
33.79565060799 -118.09230389712
34.96836570108 -117.49095299333
34.412061424831 -119.06576406662
33.508093779391 -117.33208980968
42.73010283605 13.416248611389
43.744026186312 13.082642679162
50.315975601932 8.8336729467072
42.961862006694 13.686012940356
50.901333919215 8.2623199332796
50.371982821437 9.8909764484926
42.03683337899 12.92324607585
51.949863581196 4.8644682742257
43.824178080479 13.345326167713
37.412089423047 -121.6235732343
43.338861332919 13.234488058034
42.534843033915 13.643843499799
43.454147038748 13.694592705341
41.856190068601 13.005520689325
52.976738356741 5.7215970442498
42.27321316922 13.819487387717
43.59915352829 12.934542759312
42.461522499335 12.906162102218
43.653176019293 13.532327628963
42.053616074426 12.851253851734
51.696016438629 9.809957240154
41.836144378819 13.218109987799
43.70613915741 12.506859280426
43.776834261986 12.238661443015
42.336640462457 13.368960746291
44.812784169082 9.5301695172327
43.323153224014 13.260068928499
40.759546810801 -74.345435418015
44.256188874553 7.2552829539684
42.722207238789 12.448217101625
25.29391447001 -80.576588928778
53.069462921736 6.3635256162908
42.971792334233 12.236271800604
41.871354076041 13.228119654243
42.23139519071 13.711668106614
42.734154084595 12.974780946514
43.639015271647 11.851723564741
26.393578075504 -80.500842208086
43.565239711949 12.447566355342
42.492461151694 12.289116898707
43.791515292058 13.053006534045
42.80706041765 12.275424402822
45.069768704784 11.74774810406
43.139455129013 12.532803669841
43.815740223285 9.5165232630291
42.526104229303 13.652764940494
42.295823620791 12.881967768505
43.161612797625 12.574358329465
42.260849841082 12.652711082109
43.467834730871 12.731237192534
43.293392160134 12.336588650188
43.436732900553 11.994712898061
39.973607842972 -77.978145697103
43.769607453986 13.03866451936
33.368444946945 -117.61440298019
46.335775323165 12.322587157181
42.404777429742 13.569119104936
44.989665196901 8.1954471281033
43.002666836021 11.74417568501
43.445243585152 12.243598184217
42.199378864954 12.36468219683
42.231581257785 13.36843301282
43.496452252167 12.277496524771
42.658760071594 13.570169701993
25.044508168478 -79.595022059132
42.809412218563 12.823703209343
42.455709539121 13.290009036351
52.509252276742 5.9263866302447
41.976153854291 13.771950979632
42.870290968993 13.010460556511
42.359009382969 12.689053622882
42.854405606119 12.489615269254
42.889635688129 12.301411180453
44.002935523497 8.4224220491352
43.797631788926 13.02867670966
44.575983839774 11.160014005848
43.372581200869 13.329697755806
42.009346650007 13.536846980724
42.769033270336 13.297605411775
42.764200908043 13.039500279857
43.326485827273 13.19538879592
42.196896550824 12.062831564391
41.940319641486 12.956518274733
46.814930097579 8.768648348641
43.436011837554 12.445056734835
39.82473577382 -78.175154209643
46.512201539479 8.5974042492907
42.426475507892 13.540672908344
43.715107088797 11.855433147354
43.045324754943 12.386516718395
43.240425220824 12.706966353465
43.191217226552 13.52496374425
