43.087581216885 12.77766002101
42.546786622886 12.291068178758
42.570471437469 12.188022583832
44.749768717831 11.377018543823
50.206270920209 8.5474346734339
46.489463329823 12.165318366564
46.786155397161 11.774260789682
42.220443924081 12.187002149519
43.422576250261 13.355433779955
43.413939891131 13.659903835834
46.427864602757 11.048036701906
9.4406800411831 -79.637472755107
43.615827630582 13.131264420774
42.591483797243 12.747320586253
43.074210289456 12.833940901272
45.221761678239 10.829281458459
46.928349104399 11.100840290289
46.793341912887 11.140059836439
44.693722703608 11.811483270773
43.262335321543 13.116088248864
42.718323917949 13.239614798354
45.871570011797 11.653335947754
44.516001241324 12.242501992135
50.384062707603 8.9617735822507
42.294829599718 12.434399150535
45.88695172702 10.582791584839
42.870539519897 13.488722064781
42.382283243084 13.54630850283
43.469214751159 12.15689196121
42.389052725134 13.418769868772
47.417300028455 8.4455664662856
47.357251448046 13.583905088775
48.185777863828 14.185086237607
47.896019871086 14.035679776492
51.257130862333 9.3632138904013
47.464660400529 14.181548238605
42.419645336673 12.856602453115
43.549238416177 12.454929456348
43.38256583895 13.457781940467
42.150956506539 14.605975359423
51.496333984424 8.1627859040921
51.207880139448 8.8473582406749
43.806460692012 13.626537030876
42.537621374048 13.323154587004
48.295257978998 13.97837910453
44.448648452769 11.524809112307
43.140846834605 13.517397226096
47.615079280064 13.03429571147
42.88141920321 13.741707288561
42.865461581345 12.134643653026
41.023013047512 14.307053462207
42.968477005145 12.64580270913
42.542266712798 13.10311165878
42.908858142332 -71.995568599802
46.29459739099 11.107965057182
46.31899722848 11.27861329402
42.147196065724 12.158816839198
42.34997726809 12.789674352778
42.158555395996 12.860725678925
43.071031787021 13.567313463712
51.840602998315 -0.88909319788175
42.399646088222 13.542504657334
45.488990927133 12.349297370831
43.20080006134 12.498656012371
43.565135252946 13.136246217034
41.862252671694 11.979300948803
43.433455164767 13.439530779368
43.804611787596 12.775583105544
42.04175956365 13.684720546347
51.833086432346 8.5846218190084
44.832012658886 8.4817046089478
42.334922864279 13.34205584898
42.150468415672 12.025115497909
42.210924988732 12.553924275841
50.65356810142 9.8129660607376
42.116921517608 13.025288420762
45.432123472114 12.115810612201
43.658118286963 13.822980047142
46.016566387176 11.892527532155
42.933947299597 12.818363433175
62.010587347676 14.328882021983
42.60440158362 12.67068630304
43.149237552283 12.08383401955
43.278048546204 13.164647919224
45.528402477937 10.735991333654
42.260652373222 11.869808879176
43.097448300637 11.838041426094
47.000224881994 10.927712370307
42.82798277022 12.027190000784
43.484325822689 13.202890746877
42.625027133464 11.998582997845
42.805128368945 12.336293515927
43.399049960284 11.930440835178
38.395115585716 -97.458916258281
43.77676844868 11.86887308113
42.717928490025 12.825738728452
45.715583465584 10.82948027746
43.456785283285 12.189494617858
44.888142610452 10.984996411011
42.124721697145 13.368246973685
42.9898250024 12.860881972083
42.401276808906 13.311467848884
43.010660517055 13.051301267974
42.379953624413 12.506088678516
47.139733905317 11.435099046296
46.319696710408 12.256434364245
41.899401097998 13.717069128883
42.093519111694 12.203656783909
43.079777901119 12.341704612312
43.37763973578 12.428230663982
43.387275118582 13.394590383135
42.096037691525 12.998151993865
42.848405545993 11.967511398724
45.789796705914 10.370852287731
46.027438969087 11.89984256041
42.345617481689 13.626061211187
43.657278066828 12.235496168156
50.26047853672 8.5190470113973
42.290239490259 13.5444188456
43.812815968347 12.891522318561
43.084005543557 13.675125048366
42.681804576296 12.300109501623
42.527930215268 11.854036153713
43.760815803803 13.463855651444
43.125851675482 13.21043911495
43.713941626139 13.456548678457
46.285960898658 11.602750814707
42.766338808493 13.130699521734
42.4467297669 13.684312073854
45.87139755158 9.8523838265111
42.735885958551 12.218885261223
43.479329493141 11.896951728473
50.799994955678 9.6962438396626
43.085355792656 9.2757193247442
46.463291287172 7.703513436347
46.345233076227 11.903427983005
43.272138450908 12.142254526814
50.821738506119 8.1287523252558
46.01852472898 10.818671865211
45.024822869606 10.822783832263
42.607613393875 13.094375955006
43.769873131446 12.321363854858
47.262300684027 12.875023901658
42.216512897174 12.382450558444
42.858398178547 12.598680372184
44.650999428809 11.867050002023
46.070109040311 11.919169780516
45.214860173775 12.202682840953
51.105134309318 9.2031707252391
47.131887456717 13.017832600774
45.831408508116 10.890929708693
43.5203935935 13.743554704724
46.780956766254 13.81908321677
42.716256295685 12.313138737044
43.434352307338 12.655970384693
42.081631340218 13.479128334357
41.558629688229 14.114515230972
46.403038866635 12.49879225071
51.906821675555 8.3989386755968
43.108359219578 13.373296864991
45.61907413929 10.853675158792
42.069746851509 12.088542549933
42.985541225891 12.641694982856
28.863358951873 -94.45097476379
42.144634218975 13.80615970532
42.732329016913 12.244136177604
46.903098811139 14.277044319465
48.231661366661 12.593894273573
51.684474521635 8.066906753493
42.980593416386 13.303035907144
42.49861697552 12.157146917285
42.114829695858 12.771690890573
41.415947249958 12.386126734773
51.811505378602 9.8853946672219
40.490025142588 -74.799182754514
47.453066059134 8.8671938389853
43.150356635077 11.892914904718
43.778888562612 12.157858178114
43.083650682647 12.415231756615
43.299469337493 13.517926292756
43.351531596108 12.683109301482
43.794799076319 11.836906951797
51.607396834813 8.8444488057142
41.982791795408 11.96471739654
42.786092726435 13.188145966378
42.173869581064 12.046102679843
45.899631118611 11.787864439463
46.648680356447 12.924533275268
42.584922928656 12.906956638187
43.520810020885 13.172895282143
50.117489173597 9.4332650347768
37.418438217798 -97.236529116629
37.884490713889 -96.64398523357
51.795129262281 8.6499384192982
50.825936799788 9.821653525262
43.056641733321 13.565309142512
44.629695976504 13.069926062351
51.647512163803 9.7007117824167
43.127319192128 13.340563082781
45.95277446669 12.460591934554
43.096270331713 13.763564238701
43.296252221959 13.006368235709
42.798347995544 12.995171998646
43.640162112976 13.104884552374
43.577131940807 12.139597927306
46.330929574245 2.8863453710854
34.324528210794 -118.51444337333
42.778891675558 13.827744441048
43.729940343543 13.13917883075
42.198360185252 13.104184217355
41.84863106948 13.164411358167
51.345005124037 9.3185401029505
41.935858092728 12.613489870754
42.8936741566 13.752060895226
48.366589871246 -122.53771539942
42.697633420929 12.129162815015
42.418982268527 12.470402424464
50.057765544419 8.5433967088086
43.383122144001 12.800986097123
42.312788567207 12.247685716158
42.050265722021 12.185693415921
45.695418028208 10.885443234928
45.196873970491 10.786145028093
46.163804185981 12.847298399192
43.453492544824 12.30630933696
43.583512902087 12.513294238857
50.478348123132 8.1905111098618
42.229438076389 12.599740836138
43.023968093129 12.750225379502
42.83595335804 13.806264651404
42.966735536704 12.377455818664
42.987506668564 12.73316298508
43.056931217249 13.609761799525
42.502001661131 13.598680554723
42.945974310856 12.848218517328
45.064113669619 8.281490906459
47.784154799579 -122.01041696555
42.558645546717 12.913246968742
43.379547913291 12.510733360218
46.104552792224 11.232778889142
43.760874244294 12.210332381192
45.408366460334 11.683975646498
46.104365423161 11.35566963123
42.143810389186 12.335631142548
42.399604277427 13.057426455944
42.383005544743 13.205448205234
41.894977309713 13.414420454046
41.877794628461 13.579529496666
42.079858792073 12.017149313382
42.261427761664 11.913130862153
46.70357297254 1.3922025209256
43.076400447228 12.470627276933
37.507641754394 -122.57330610041
43.260015554403 13.315331387036
45.987961269097 10.515495044487
42.191295886522 13.646925323965
43.397922071835 12.500933737283
45.696419103118 10.77009110857
42.481477304141 12.216764141927
45.425989954931 2.4094445404641
42.200217420815 12.640503588452
42.701138186616 12.689363821286
42.766835479444 11.839539523648
41.978751235653 13.824961230098
41.978394260175 12.104786006804
41.881594107452 11.861085014374
42.834829608854 13.475170553904
42.768663781608 11.948698841964
50.580331604732 8.5493415340545
42.72511337128 13.719418280183
43.089256530225 12.224955046675
41.927463038812 12.668237927236
47.36233484222 10.74764490598
51.828018241016 8.1924061240593
51.187342720193 9.5349912520195
50.872961036802 9.7621174169528
26.060926385701 -79.705881042544
51.993318675083 9.0803614776024
33.355842399616 -85.103533851869
42.291059322812 12.526616885593
42.019123288349 -111.20872309917
50.048766940389 9.3705966264804
42.489692458201 13.761352840255
50.500377627788 9.9964741934074
50.94722032172 9.764253810404
43.29559770708 11.913734273035
40.458592893289 -73.940303438362
46.91443122277 7.9129551851251
46.172647583474 8.1271786413282
42.441177639405 12.385864776294
42.431855376566 13.797453042978
42.251259406701 12.313028342257
42.727207983272 13.675371037666
51.743964229126 9.8693223003621
50.853610759533 9.1518849568217
42.07085522549 12.30494773637
50.771514946954 8.7480808984246
43.793779955171 12.336996525704
43.592147737573 13.457192900825
41.855670700735 13.572921559502
47.052484623369 10.47003654103
42.595417122189 12.690856663853
46.717670773025 8.6898769441479
44.860629893332 11.734176754641
36.682341822192 -122.31128291304
45.912450761494 1.0531175309108
46.229701313763 2.8007702374834
42.60837534147 13.757770936379
43.473083234633 12.324203666937
42.386402376197 13.394547539037
42.05014698724 12.548934883249
42.672149607314 12.532981364791
43.539883334462 12.49188002969
43.201755795277 12.316901850683
43.482241017058 13.213124011298
42.854931770777 11.996658661422
38.756236571979 -122.94498221805
45.414323138196 11.871574962382
42.179802786198 13.022844905065
42.121387324373 12.519438214863
43.323014001068 13.223707672799
42.451838887528 13.562638925206
42.330400795851 11.919316269906
44.813683981944 9.8568661820408
42.944429439488 12.742796216993
43.448860988251 13.264163408107
42.611940552786 11.86315778173
51.393276929107 9.4754997885206
42.995110821463 12.749569437837
42.590285418851 13.153990275785
42.101088715785 13.662465374781
42.052901911129 13.306190771214
43.795565244202 13.293272008346
43.686633257536 13.235789097976
42.662644140286 12.367349955911
50.274406180379 8.1297449819416
51.801257349924 8.5671835721318
26.185544647303 -80.046798859476
43.413330288817 12.572070052669
42.414718073541 13.736645322191
46.88570387342 11.209696318188
43.306956918143 13.726249444192
43.065982915978 13.462359218629
42.415377147245 13.72819689185
51.354786019472 8.8079731444865
42.007446671861 12.329629340384
42.30927747132 12.562792691685
44.628707444148 10.07445271475
42.84721138789 13.591351680754
50.578608600227 9.5774739107943
42.974725098358 11.959665486591
41.692090937305 -70.780714073368
43.031122342719 13.350575766245
43.704952179338 12.433440821468
46.779280393561 12.921334792239
47.475035986807 11.865715361303
46.361108678375 11.573326539862
50.158723476417 8.5229722426846
50.288627773658 8.2322839024627
42.58671173669 12.75437689377
51.09161789673 9.1916354425213
46.059749617525 11.638102521858
43.668531600718 13.218846338924
42.961333097427 12.909333016702
42.419406297367 13.544003349072
42.639555322325 12.764675472309
41.997444554252 12.667591625691
43.405620566314 13.310524251012
43.178568172838 12.927597660559
42.919325770328 13.727124159118
8.0908524771644 -80.890717971553
43.636629778278 12.685125681912
50.602602326126 9.8795455158127
45.989670630004 12.238396032289
42.345261254995 12.816449359926
50.249339806498 9.07394446762
43.736422596863 13.25977278515
39.160096362241 -89.970749801377
45.638001961465 2.0726872543212
51.312535501231 9.5314980175027
43.670385746153 12.25442797332
41.957870169078 12.361707733202
50.044740572593 9.6165060138407
42.333741841083 12.503197384788
42.739979376451 13.207228405053
39.476221655464 -80.544981236601
42.551960900238 13.091928316344
46.387758490999 12.228304917264
25.962335632614 -80.233262129978
45.519418187404 11.030529943009
47.071678130644 10.723563067652
42.727080914086 13.575461756727
46.546433495335 10.868313861183
47.177051808956 10.704237441094
46.796795690992 11.309971566156
42.357824411896 12.976261021114
49.713625499496 6.2538004970218
43.417571484792 12.682978696995
42.758614254677 12.09845853443
42.490101157471 13.333144286824
43.215016124426 12.538889080092
41.768944970376 -73.993570672477
43.182946165198 12.256963742106
51.000928416383 9.6489505309839
46.504926435673 14.181674307085
42.194261337276 13.206818088541
43.488086302082 13.555610479601
48.315309587335 14.036255702647
37.858795974804 -96.822824242908
46.626511111404 11.403645122777
42.531272541534 13.368227549555
50.242379021944 8.5759297109097
43.337586875717 13.619025941782
45.819673477379 11.228806186574
50.130035932236 8.3374151225842
46.748371773471 10.469268310268
42.850962691892 12.543106159469
43.195501549281 12.011833808877
51.632936763872 8.0240315869562
51.454307494897 9.7434853588899
51.880280665066 8.9455328020014
51.316999381556 9.2377951048491
50.273551608098 8.6117004061172
42.364664327078 13.232114580589
41.876597068236 11.964253408839
43.064191193836 13.304147486738
40.126247489104 -75.047590018404
50.948923252034 9.0999474293086
50.01913108631 8.3690484582302
41.964952753861 12.261851433808
51.025920629048 9.1445002998898
42.641346364602 11.877716515177
45.184422851626 1.9343519867092
43.733969875508 12.482241349075
43.667033042625 12.018373040512
42.035102645438 13.314269120972
50.792035671785 8.6044886850773
42.668188339897 12.532929968358
51.480202942379 9.7190162407789
51.649050276097 9.3541316186796
51.165282441846 8.0842906739955
51.874735999328 8.7804387457578
45.703873551059 12.058410813151
45.87754526375 11.094882616983
45.566358136465 10.829647621226
34.161853548526 -118.00106696624
51.254289002276 8.7640800554138
42.742248358106 12.617415774922
42.73402631226 13.496931761756
51.79227781193 8.7979791736221
47.172959635769 11.389183931865
43.085318909087 12.736124533127
62.058994072983 15.455276476431
47.377074405515 13.235703523169
42.738859895982 13.731418594148
42.319742713293 13.271496231349
43.394601096604 12.806145881699
42.504862843337 12.224194603632
43.33962959069 12.626939795293
42.6249801203 11.943492063782
43.178790622495 13.449758168075
42.308314704501 12.765824203757
51.939405161859 8.9919398231394
46.01429139523 10.823748211667
50.178247340107 9.2198229367937
42.868751875085 13.075383314453
43.36223852048 13.111688172052
41.916630041302 11.999278572874
43.546035059072 13.115600964595
43.780335357797 12.327768793038
43.478434885165 13.158730298841
43.430938226393 13.645442761802
41.672684135787 13.878373984584
43.184337880569 13.555530704838
43.017742645956 13.17595037642
42.434162073526 12.999333783539
42.280353489949 12.943605180359
43.121153962876 13.672288148532
50.485685052111 9.9694613921314
43.768973765808 11.853863286273
40.269944072047 -73.804899944499
51.005039046987 9.0522377887053
43.205029395991 13.526495760573
42.509315833242 13.010359613251
42.492467812047 12.992499289586
43.799734718094 13.469157977269
51.303074689723 8.5548638261644
43.727723972766 13.251976853841
42.294152752654 11.891652871825
42.831974768954 11.863569905473
43.077412151323 12.104427247378
42.484376128078 12.230143853126
42.206060864148 12.915562049467
52.798363476665 5.3865686392582
46.507074125743 10.569277482303
42.255255614547 12.119475273026
42.339081348099 13.589507846923
41.978000862069 13.789841950329
47.114696557876 10.779665402199
26.207537934264 -80.019323173729
43.773126192772 12.013325662379
43.026302812654 12.271091240605
50.700037315348 8.962268843298
41.948836566878 12.330633133825
42.646407997558 11.907292611875
39.580199069322 -77.292462218648
42.575845536134 13.620090432775
46.662399871306 11.793177720228
43.047726205593 12.016190511203
51.308183815008 9.8821872039149
46.612051185694 10.445332292374
50.367880131289 8.6880997110568
47.299089619286 11.889627913593
50.39887161199 9.0842320220937
51.414696216311 9.9617224596263
50.748181217233 8.6349592453963
50.948170067253 8.8415448301665
51.554048760586 9.60479628416
43.795675342363 13.298673849713
42.757545313706 11.959482836539
42.004236019239 13.235567077659
59.717354696112 25.594334881098
46.98911028234 11.23252227045
43.398162802422 13.598313694654
51.460563886194 9.4330072926511
50.189562095883 8.2355401167812
41.970545752913 12.061477697504
50.918695297986 9.9463710840542
42.616168173338 12.031111399679
43.454045598162 12.42685197828
42.692280468409 12.533173200944
42.285897498173 12.840056094753
46.073426962587 11.98486605023
51.785972448432 9.0779332402525
46.724646484074 12.234169668792
42.33896413184 13.281539244729
50.733493091414 9.362924457231
42.408773348878 12.35049917707
43.73523231539 12.462477843514
41.84506338364 13.110546269061
43.720592831152 12.417625475425
46.899070225728 11.905926889298
42.64692446156 12.205046621268
43.637056720761 13.665608956344
45.828065043 11.815346648083
41.462304996764 -87.476510613928
42.09400499898 12.335627948577
43.748143314753 12.702374313375
51.024275260989 8.6076625518536
43.190465187764 13.180952624057
42.817517297744 13.582926207049
43.326343999417 13.336640667348
51.974227031681 8.6434178900176
33.831078660784 -118.51575309099
43.195165983513 13.630798886379
43.563698601727 11.94126625731
43.368590045913 12.826810033467
43.059617706623 12.301784950936
43.757244028525 12.313734732735
43.785208437513 13.744921313501
42.659911787 12.192466909642
43.139831396837 12.185388135365
50.707297742696 8.9852334530955
42.819590683032 12.109186317378
47.319696794136 11.736404479058
51.605654334233 6.3796093345758
51.557012604343 8.8920033624824
51.073942503926 8.7917300028688
42.534433536036 13.659358718761
42.732667883289 13.05865415889
46.233345192223 12.248863640057
43.012910847579 13.726316949712
43.064372776593 12.938482761841
50.15843519017 8.7937106898957
47.164428076572 13.952856065937
43.828398515411 13.753670948464
43.672992505933 12.136385020419
42.688284881754 12.198135653158
29.108615348175 -99.113940385716
43.318439997436 12.257631815645
45.652450677286 12.16520523418
43.611115290158 12.070025486925
42.20354037045 13.000662540107
43.204079553135 13.429299398081
42.686623575041 13.496039762879
43.708466340207 13.699773761325
42.835381104555 12.305873426307
42.1000158997 13.653367949044
45.796984554779 13.095179198481
43.086161140414 13.434058672506
42.846440659785 12.978213434584
42.315705747512 13.18592596903
42.915984514151 13.556625015383
42.00519187937 12.259527670827
42.094486916037 13.690182595391
42.911463726757 13.011852316119
42.942178889172 12.503647902305
42.453435065457 13.804726576828
44.850621874165 11.259627498248
44.8846180326 12.471400270854
43.282873099357 12.648764373592
42.470878490021 13.107449073416
42.183780571087 13.245910282382
42.406311546197 13.641459325183
51.002460363089 -0.95371354234577
42.628416138549 13.612721658152
50.700596700749 8.4925693727529
42.842634863634 11.90403502665
41.983280571191 12.025588413268
43.718562609872 12.9871961428
42.575648467346 11.991491802985
42.771281901196 13.735516452594
51.098391353664 8.8742663333538
42.03974005677 13.39353154201
47.126919698774 11.619021349756
43.816328535723 12.430774124561
50.10637438116 9.1947192261902
47.703170825868 12.860028561021
45.386939092116 11.018401449273
42.356982121431 12.481456679072
43.828712275193 12.540504914981
42.173561300719 13.187768376075
42.371796355777 13.649625838592
43.821559833301 13.321587511043
44.880576153626 10.858967292918
45.769363622609 11.818084156056
42.211174002037 12.649209410275
43.00429155773 13.679949181492
42.475701774247 11.971865943641
42.274755414259 13.768197780854
42.397091880647 12.963466713209
43.558515130823 13.491178927262
45.726651445558 11.504769775485
46.307068859093 10.640806264242
50.244224553576 8.5832503263761
42.002787741389 12.784626089423
42.843388131768 13.366336791502
43.239002533855 12.562687990539
51.754977514853 9.4975658918254
47.520584630345 12.74276624354
48.10566809133 8.1252994533339
48.220558613707 8.7301035973908
42.428739975427 12.156653011777
43.316600693558 13.588026195594
50.972846127568 8.1235149829292
47.441835740787 7.1041207905412
41.213044418051 14.146172414064
42.525630520457 11.989637203065
42.561598603431 13.48290895183
42.412456982051 13.118407204358
43.844597909711 11.6911603759
41.908019712711 14.188418964871
41.889034200429 13.68928888614
46.619885050771 11.182148223735
43.780976165471 12.020598066536
45.167112291799 12.263254236017
43.227104546163 13.068117614888
43.068436553755 12.262459581395
43.666688212991 13.811502334595
46.374593600365 10.028637392646
50.539994028183 9.4305795074583
50.416421163555 9.1358099622353
50.100902288268 9.996880845631
46.609633620835 12.052582806166
43.478180246206 12.955426606816
42.981671150786 13.596056849529
43.373549563074 13.684728572019
42.129123792599 12.307843702078
42.652521559362 12.866315878886
42.223894081669 13.355812393316
42.565608286583 12.430651265884
46.638704363088 1.999203254934
42.021705202789 13.26246285872
42.454943948193 11.88833151289
42.220391946503 12.859048178841
42.604033911437 12.37930210327
41.909026142188 12.962820436344
38.199583153973 -77.220954745604
45.977246396163 11.69053210483
50.90806700285 9.2613516432519
46.373758933469 14.027335391646
42.874225685335 12.677692394109
42.612912150872 12.274278404806
42.534362003943 11.9614534569
42.852993832854 12.494196194941
43.619814765018 12.923909381949
45.258459915993 1.1266468521797
51.230061744447 8.4519889771249
46.999256448142 13.821120962671
51.265830786557 8.3754856825692
41.913261882476 13.170454966005
41.859527173873 12.303734946227
42.394886025432 13.464336841139
41.964360817806 11.977084120746
51.964118906746 8.7513886083622
46.22101917743 12.529908815948
43.015577132842 13.319818243554
46.363831702046 11.895338884671
42.443332650461 12.670260916331
47.296948680515 11.056210539961
47.053143047941 11.908135217737
43.780916210183 13.761165136381
42.222575939385 12.925793584423
47.78320164065 12.193190216058
25.150286550687 -80.850866029245
43.059488291901 12.757714547125
43.454923445126 13.27951956928
43.774316605096 13.671043434514
50.737599268899 8.1444947873915
44.812068953832 11.908887645979
45.653030339693 11.814651529576
43.130835505284 11.891765536711
50.013981807052 9.5714741570742
47.616605824892 11.212149715031
43.146297481931 13.478263700159
42.034933527503 12.945091379802
51.895254462443 9.1969320295364
46.487322162018 12.215673383172
42.002129732653 13.063500857497
43.380489626166 13.734819810735
42.8491088971 12.688477375421
42.230692397466 12.258168065596
43.277210799196 13.369964532282
42.447539095531 13.377763488061
46.878195111306 11.945134566771
51.278812191113 8.8910416345536
51.410105644451 9.0324808373267
43.77355888524 13.566016967693
41.937713918268 13.271444820946
51.394876726621 8.3233606262707
50.422611023496 9.907768983351
48.398160964502 8.3051652136807
42.390661646815 12.800390593636
43.268703297392 11.98696822302
43.785202633045 13.126392108934
46.53858736667 11.01660033519
43.825366489063 13.355992884562
43.428558513277 12.075995134246
62.522740453259 15.696831169863
43.420313243971 12.576312946911
42.022122787343 12.704881254467
45.670652907119 12.530873654122
50.728804457108 -0.12387332144839
42.480024854897 13.411748877474
53.123831668228 6.56674240521
41.919915642573 12.036414421667
42.997389635091 12.30266640305
43.259659730506 12.871428701988
43.075089820717 12.020707837337
44.548915090321 10.090146347643
42.045329604459 12.276762013264
42.164277287298 13.190568115672
42.805379372952 12.910977037603
43.459324920319 13.080676438345
43.167187682452 12.594690834936
51.393057919989 0.54971302321168
43.31356021732 13.305644485797
42.593973535411 12.156127585192
42.344436905528 13.17113135998
43.822633169996 13.371737229366
43.269400259161 12.537925312101
43.345757966112 12.25383187565
45.80329022054 11.458668793465
42.46368791047 12.809794427294
43.246818077886 12.816326759691
51.282598102597 9.3979775371952
43.748917429146 12.5464406901
41.841323442704 12.809017840705
46.075738888388 11.381345600601
51.792998264447 9.2063244074613
43.205694161938 12.213733547022
43.482070726122 12.427986580167
42.643065030541 12.466959830146
51.251599265845 8.7321300272514
43.085090031442 13.66068743109
42.457241253696 12.832339500951
43.820074732818 12.473554530888
43.79728618024 13.12923252125
47.043161279356 12.866464593733
45.544120652112 11.833698822273
46.728965344501 13.62477749594
50.756407142503 9.075980197208
51.125396924152 8.6263979992952
43.009281231581 12.623014273433
48.306440042263 14.083321822169
46.360818693836 13.226830204377
42.862909096716 13.800810420814
51.52950925102 -0.15959012753776
47.977472620794 12.87556478261
47.841475866449 13.744366272953
51.807926171835 9.5628433062522
47.414871826284 14.274150470653
43.80282980895 12.637115729825
50.432360246513 8.2915194236168
47.558800519958 12.808508452658
-37.991574719079 145.37615589273
51.48963884776 -0.18898964687203
47.521900175636 13.907570473129
50.357857323418 8.5390592192016
43.663585667828 13.594263445884
45.944105818655 12.926269542739
42.084970751838 12.124716770914
50.92679225976 8.3468765878803
50.533744623202 8.3413340707036
42.175395190818 13.625151339765
42.735174417393 13.213366624088
46.240783914293 11.379885834053
47.273978991284 10.741157721773
45.714449156597 12.117435542621
52.165018298507 5.2103807378841
46.085328280223 12.322348643875
47.15189644534 11.305392202297
46.095005607465 11.89986060106
42.292023749248 13.542337684234
42.428820758813 12.4636778764
41.936093160408 13.251504306354
42.263106980039 12.54172720508
51.846549720898 8.798571273125
50.220243473174 8.9254967472169
43.262683976119 12.262395318275
42.707788190689 13.420765953821
47.101328593449 11.873681475049
50.597102507296 9.5731509675147
38.483107588013 -96.782176682158
43.778596405323 12.360752565044
46.870232900733 11.202531388289
46.987740466088 12.314084079428
47.251789132439 10.643821822944
46.577137277453 12.364181489553
51.134339211106 9.1074973014684
45.517588023526 11.700106371685
41.973280128566 12.504974649544
51.123096645867 8.3076454933303
43.501104457558 13.265370362583
42.227233281486 12.610414310198
43.393288160878 12.652117844064
42.628481638466 12.159158559611
43.485210642466 12.889501950207
43.233954886104 12.117872783524
42.717988507246 12.205101348576
42.321608394089 13.62408266108
42.926697290489 11.946393915914
41.899860190202 13.532503298287
43.800383419192 13.473375518582
45.4665725699 1.8592020454161
42.553518728166 12.406503713434
42.495259287553 13.253882434358
42.043271144893 12.269819833019
51.945592134234 9.570276879971
42.835300523266 12.525498236795
43.69083922996 12.32309027173
42.868572358002 12.723923757565
51.316580711546 9.3224668299418
41.916164439619 12.047972288957
43.556668373571 12.390200081018
43.77950585346 12.772064257794
42.052774316677 12.085693484233
42.003859327198 12.252692389441
9.3640541752633 -80.806989167727
51.57665551015 9.8169001652007
51.573195487062 9.9335351069148
50.223990990885 8.923883514909
46.920920486525 7.7403871718517
47.274798991752 7.3798401213157
40.708547580072 -74.858733182839
50.60049795853 9.6402543576622
50.896043369498 8.9137815967732
42.884381430656 11.989355003012
39.320658144399 -78.289143764042
42.260850807794 12.941440732678
45.467301569165 2.8919307938274
44.446562271575 11.972416201815
43.741891442233 11.949200105851
42.369898519206 13.507461847063
42.412160798189 13.728555665246
43.603027042303 11.89664363579
42.732721722116 12.922664622296
42.154687974695 12.010880781364
42.375388792912 13.075437753983
40.322876852607 -73.555385262545
47.057782225061 11.620165435586
51.029961093343 8.6976676428214
50.1252188902 9.8112498353288
43.069006401167 12.472672839424
41.85356336222 13.544718754752
41.941330425435 12.157612383926
46.663507769312 10.891767243872
50.571049967115 8.6523369008919
42.344625806152 12.246144584981
46.940914956825 8.2829547609589
46.662244633894 12.275292544635
42.901229456508 12.974762554755
50.381136555402 9.6097788869449
41.908601066542 13.311962408646
46.976076187555 7.1225078437116
42.490201397117 12.552344775571
42.819313461364 13.817291165638
43.360684649276 12.956441994757
43.464690617057 13.602851954591
47.238088455907 12.59968651335
42.411840839524 13.13201556363
38.140700191791 -97.71038734294
38.583499749928 -96.84751490869
42.969942228876 13.45885244175
42.087285143851 13.081814903825
50.961481475719 8.2626146009483
43.818759395678 12.659899947562
51.98909663036 8.054116914074
43.20927228092 12.163455288489
41.991087506542 13.633739758599
43.00328424063 12.135348751294
42.386385732066 12.716890859772
43.704953960027 13.233661038
42.948422563259 13.555479841586
41.986664122451 13.156290975493
43.060465003413 11.930142323941
43.809177249602 12.758491527198
43.197958812696 11.916834126209
43.038917596491 13.60089423491
45.876631570724 12.316513055838
45.334366807334 12.340909753549
41.960853248372 12.427860704471
47.046869150385 7.0746538206351
51.315083986761 8.3838806298486
46.742712989795 1.2720229976215
42.085928250631 13.831912004797
42.498771423262 12.821491513805
40.436704664224 -83.132180806022
43.15346388109 12.801704710744
51.387252822699 8.4822382659103
46.366328592583 1.5943656571183
42.82484588766 12.344991223137
42.500020807397 11.916288849414
43.158632319515 11.870426733007
43.394722182974 11.903557226038
47.550400988243 12.621131180863
46.151158296853 12.591357777518
42.286977468213 12.632485722973
42.846375207832 13.421325395567
43.050978569824 12.620221169044
51.459541384345 9.9685757993574
42.318690250797 12.789383144041
45.747173288254 1.6456076924901
43.637644514294 13.790212947799
43.06991381157 13.17325455333
51.816407662032 -0.011900721640275
42.801089194532 13.128465384791
43.76711517424 13.69660983502
43.644907504641 13.797163497583
43.315106110815 12.955504194368
43.110563198643 12.908418564104
43.819774709113 12.922295979675
43.711852296608 12.089429867982
41.854392835358 12.753144904412
42.253334009228 12.178319072921
42.86346477359 11.902433821907
43.780219944113 11.837022288648
50.412562959088 8.5966372157431
45.812210961227 11.463240140799
43.679894106335 11.844518830948
42.597622310576 12.836985829231
42.950375917366 13.743031642767
43.322184737011 12.013689110083
42.731722056762 12.024172213426
43.446776909051 12.193253824133
42.906899655215 13.766596133267
43.561376655757 13.459266158987
43.679534876591 12.355803995114
41.956689951477 12.100734454648
43.736844117186 13.317902284378
41.887734374 12.18315095791
43.384654047168 13.594166638162
50.957195239122 8.5125028856623
50.240663566739 9.0602643569281
42.604218746372 12.993050229753
51.182513640813 9.1345027932592
47.316205885662 13.537255364974
51.727904476564 8.7342753530174
47.62184948112 12.753109240205
50.740556618078 9.9098360919905
37.365794821813 -96.374446204572
51.126364988334 9.5444484052921
43.685837154151 11.932638433752
42.642532975733 13.514079000596
42.126093878956 12.969489556278
42.012366047156 13.575521147633
25.531428937099 -80.344461787462
43.767235279927 12.085983338827
41.806436880088 -73.462361647163
46.837680700625 8.5084179162553
43.323567514479 12.604100283072
51.14308284742 9.9525085156562
42.395845316556 12.201180946197
43.177651839435 12.245426131548
50.106785114904 9.0779142752653
41.046264594128 -74.583612775368
39.260656835565 -75.293006244285
43.654904363537 12.6636402885
43.133280883161 13.499329579782
42.625643011495 13.367872308201
42.366049928782 12.620759334725
42.262739350697 12.351819514482
43.796976385565 11.865525576244
42.801921046733 13.470642102191
42.262866718372 12.567632433312
42.781983320055 11.888011804285
43.294642470935 12.481592909678
42.139041912828 12.877557211985
41.857738713689 12.567729157215
41.890571901545 13.183735980293
50.708127295695 -0.45477222118748
45.95178090965 1.4468092734212
43.068134652038 12.025108652222
41.696782898156 12.038952914362
51.347399629814 9.934293942961
62.177113655106 9.1727026450321
45.65839046643 2.0558448382913
43.104673492792 13.781707754744
42.431321737578 13.603447136771
45.253796768612 11.832636841097
42.509610031524 13.277339794823
43.104781130864 12.872974835764
42.056989021181 12.79001737518
43.059789980811 13.558765342275
42.553810625616 13.455287683523
42.882074919961 12.172359005184
43.817886549916 11.983826837516
42.916220822354 11.891701548331
42.676617222243 13.494260639669
42.879408202565 12.832927695884
43.66955392841 13.488145066674
43.596778701824 12.42934636235
41.985530327554 13.152088685519
43.463148195533 11.967859358533
45.05102710943 8.9337283686426
53.443809513908 6.1996721944072
42.7497585671 12.773015955378
51.463327180111 0.79954538247062
50.326766969323 8.0243723020071
50.078159755132 9.7072427569457
50.291887590798 8.8905524759975
51.595038514861 9.6500611438649
47.128464143108 11.961964767874
43.167792443751 12.496162482789
46.121313313544 1.5495282497953
42.026769741937 12.361049039478
43.497104638509 12.28322361844
43.683344215494 12.400663340672
42.903558901953 12.009691815849
50.103460683536 8.3434099817385
41.837094888036 12.890338792436
42.929195126972 13.702686680829
42.68882969056 12.20105393708
43.69233198638 12.581773368002
42.529777863796 12.832141668013
42.716831662116 13.577809448178
41.978892653726 13.719466667513
43.716725538374 11.908189487622
42.393705802243 12.362836422589
33.84549717536 -119.28410457998
42.862778638891 25.147296970313
42.708046210349 13.253120342408
42.076219266337 13.587851384484
42.28183659321 12.685963515533
43.110547764299 13.088430558859
40.960365154902 13.321521700321
42.720063216409 12.192545564025
43.212961671063 12.764086855952
42.587795128409 13.566614012519
42.841014711133 13.781630074059
43.147263016641 13.135844911067
43.525144844116 13.444284067251
42.301418797274 12.654955852637
43.267329722323 13.71981223522
46.416278943869 10.927029923874
43.142427209386 13.277393359841
41.961077518764 13.403827148233
51.173442000371 0.12810296286741
43.485389328343 12.439342813326
43.23430642778 12.295469863033
42.06121232319 12.076523753405
43.527402542798 13.441721538308
46.180645028469 10.852479142906
47.773517290744 14.150397761583
41.147888995295 -73.59365511392
43.100491892614 12.436319250372
42.593668454624 13.281601139031
42.263509494396 13.781566359022
42.943290129764 12.540618906536
42.585245742756 12.913779845908
50.350144739891 8.5868831712692
42.826731467094 11.865167727186
42.115772327949 12.006237856136
43.233723748605 12.926053321907
41.909681737868 12.256488352689
42.972761865248 12.945207254957
32.903122431833 -111.83688859076
42.686328928327 12.766650436824
46.052047507887 9.1580291807456
42.859225888692 11.969482623047
28.896345823963 -98.820607664939
42.124707616945 11.990252941398
42.035883236714 12.067359785602
41.61457012671 13.671244767225
42.398476361038 13.520186646639
51.835956228821 9.889196199779
50.057566326138 9.6900511242869
46.844338798823 7.4378858131533
50.10404467541 9.406488427616
45.53072517595 10.435586768571
45.193735813137 10.606097429714
51.780850697207 9.1252944963636
52.331244885843 -0.021551505258093
51.130233888109 8.0280807004441
40.985231048572 -74.605320876878
44.867518277803 9.0260686787898
42.000707897379 12.32999201928
43.010765115291 12.202712649595
41.851617841468 12.66300158841
43.033189320973 12.118938771153
42.321111436638 13.803891353239
42.617611976649 12.935688035088
45.604290495256 9.3490993997986
50.492172108261 9.1681205291153
43.157143735887 13.764975914178
50.8852812163 9.9907030207062
43.748902241603 12.651400979467
42.951223873997 13.503720068628
37.179609659212 -97.791418391648
51.24406389205 8.3213392525545
42.21210736188 12.963281130888
51.312817494065 9.5275528153999
41.942574711045 12.045167340008
50.62365263683 8.8779483665144
51.559706384577 9.3501988446108
43.664249737612 12.794959135745
42.282258734725 12.215502397744
50.222506390988 8.1984637268812
42.501528213986 13.698641474705
50.46265840971 9.5151252120338
46.207086476594 8.9596381140685
42.598799630834 12.662469622543
42.752948058209 12.068367995375
43.72172472196 13.386756517194
42.328211203391 13.422440746086
47.463248635581 11.893005901597
47.120594052843 12.313027677903
43.284518604786 13.573645980385
50.844462559952 8.8935295631613
50.842856630144 9.5287420794036
51.5363088248 9.826305255213
51.408328584585 9.6046043693109
48.100896746687 13.181396289136
51.584135895401 8.4966790715683
42.247635563972 13.230805481913
45.817894730912 12.363274419731
51.277060995939 8.1840134785436
43.662336009884 13.155246682093
50.811138225631 9.7413557529176
43.73629225175 12.675257521086
43.417220243934 12.531970477
46.759630368724 11.286656547353
43.265200949419 12.602973189972
46.198826784083 10.550253777255
51.916564051489 8.3312871257455
42.16874206728 12.313335664272
42.627294935599 13.69519018882
43.530795462232 13.203664013766
51.50922080968 0.38035285578592
45.559766431718 12.060091111905
50.893771185025 8.0388305681007
47.123639771961 11.154033908392
42.652418661256 13.034437450617
39.377457306766 -77.720733684096
51.571242975803 8.1706201551345
43.027255833183 13.106571410853
43.658656688269 12.800666518903
41.98488000642 13.776271176907
42.6509086763 13.41084007521
42.150890792811 13.553824819438
42.648712998114 12.513249665759
42.347052874692 12.036347700321
42.292800612905 13.787302863706
42.361208913106 13.154452597815
44.466988740264 10.136260457214
43.523361482922 13.04705844591
45.384298823976 11.44305519296
45.902115163371 10.84990470598
47.581220580324 13.992475375318
46.426767956853 11.085604152382
46.14206237306 1.7963934022916
43.654669929156 13.092745763314
51.18937428351 9.8886750623997
50.533681142392 8.5839032417088
50.593608839714 9.1932471577047
45.52878355192 11.045604426808
44.842815609832 12.001691615582
43.766122520813 11.993739469461
42.826505880743 12.304466287303
43.436849570152 -72.038937182901
43.657652382135 12.426026317976
43.539832473539 13.222885609264
42.576975721224 13.305226408574
43.390966684761 13.470042808687
42.509664704816 12.240966094325
47.776863056597 7.648926176433
51.08162708724 8.2067550035225
42.89372227245 13.288634152307
42.782161758201 13.418936251413
44.856048325871 12.493516610164
45.158296586018 11.151339208242
50.740142586986 8.5542811153244
51.932751615035 8.2879022412411
43.708466150683 12.502706012944
42.021660188244 13.757367082314
45.80340276156 11.327369646953
42.088301935295 12.001320589821
42.886471974166 13.475637232662
42.07128460897 13.156432178897
42.000831846169 12.871235609016
41.873793633617 12.072161460816
42.672398935872 12.679349072149
43.069738579036 13.319736186585
45.347535322652 10.752413953539
25.109832603984 -79.780542587569
47.230552925093 10.601720338667
46.485053528606 12.862127235442
52.777121957668 -5.3025099756386
42.828104055428 13.570185806423
46.278509454931 1.3694070579342
40.577002612829 -73.569736882044
42.502774736633 12.903552278852
50.599917126168 8.5935366030752
42.723747335732 12.950909995938
41.945902256291 13.449567603643
42.097166692439 12.482716782264
41.934859551946 13.109114927777
45.951778553334 12.445870600779
40.320707826297 -74.195077804737
42.367402340478 12.451183345866
41.840375105797 12.105028333212
46.566701071601 8.6910095707006
42.288268703191 13.112145362495
51.579925618404 8.5397132972906
51.629592212676 9.0440803682637
42.834595944211 12.996920406372
42.130944569211 12.634808838684
42.616283331374 12.32611920469
43.459507412046 13.476774168909
43.435821115729 12.640022107719
42.085039216154 13.067043691926
43.412211563185 11.873505661692
42.069371127111 12.245725778533
47.68663498829 -121.98649275496
26.618124616137 -79.820934682811
43.063250283295 13.36480328646
42.052840318111 13.809428467813
42.297252569507 12.428991029725
45.456194799396 11.698025071294
43.05533195897 11.937219115897
43.298734877419 13.725417577089
31.967067838326 -97.449295753515
34.405818335094 -80.423904752293
42.173502517035 13.123530204952
42.361869927338 11.752811992703
43.830661147775 12.272626203633
43.41245076035 13.071805414798
39.790830193656 -77.526143791749
50.47959586814 9.7277058184742
42.561064049884 12.037481041198
43.733334295814 13.651935407751
42.188678877537 12.754914692044
44.04943793663 11.518078173172
61.544218593996 15.15051610868
41.863634784663 12.684466095515
46.73714047267 12.567952899408
45.742464019632 11.205976595753
46.193339213141 9.9818936650091
51.419391053458 9.2540316419928
42.893497255137 12.199490176628
41.927887945889 13.265899408288
41.977699123334 13.514265171047
45.506102387797 11.433043929708
51.222262672252 8.312170219753
43.309808063486 11.949561035258
43.731130543992 13.307254322503
42.886352997707 13.570766653687
42.499493779868 12.683810812295
33.43370859594 -96.248700327979
43.045524735977 12.694171906793
42.311125502622 12.664960059668
50.330309611899 8.8682608734203
46.410126028378 10.062650315493
42.675442067776 12.121736562423
43.089593359332 12.338968509521
43.174096128074 12.697338940921
43.249368237934 12.944780755783
43.081917242206 12.435417277962
46.130422446495 10.101102151303
42.399483094665 12.478262742759
42.189974050147 11.96042014519
42.498788932126 13.024274303144
42.834181406479 12.318675886078
42.563794503649 5.11446307262
41.877164276979 -83.971436362442
43.438676701153 12.436422642079
43.521858804192 13.498551787596
42.753196583967 13.223011056086
42.368106954923 13.074363398421
45.50221249042 11.440468844744
43.66145588118 12.086286766981
42.107343509399 12.387505439777
42.28810571103 13.363364597973
43.656458382821 12.987222518321
42.830919919012 13.80299052915
46.9266802156 8.3549419037788
42.064262211374 13.665920587122
50.330191301801 8.1939651273163
42.095137292585 12.253596685035
42.9500213759 12.112402496001
42.48343518401 12.82007890654
43.006180420076 12.125067905136
42.48693055498 12.605404124432
42.468022088294 12.769808845974
42.025417143512 12.783971982929
43.283985141818 12.177664195291
42.644844459225 13.639035417551
41.859810360197 12.431140755059
45.76012157151 11.067397523144
45.182078871751 11.614429171856
42.120480039234 11.92377583262
46.608813872635 10.982827138055
42.887378025303 13.496161035514
46.059241137495 1.9350817682851
42.107398320992 12.305934407446
45.962664712482 11.095291084536
42.606010007044 13.18878654774
42.55186044406 13.475888865311
42.099902835742 12.243657525763
43.564296854478 12.346402782198
41.997219187227 13.605411598762
42.24232887071 11.935216834294
42.809771813385 13.205985722249
42.529311188764 12.980366285902
51.803703363428 8.2936076402169
50.95892974779 9.7196255925669
42.503944468475 12.056107591885
42.836558357757 12.414459467148
42.024696006006 13.379017956752
50.282598817853 9.5599798749015
51.597779936436 8.6081695098468
50.728181667034 9.2874296755937
42.649978497389 12.930318728078
38.837555870804 -96.84328545483
42.66443223353 13.215021311892
45.957619580609 10.68821260661
46.125588359093 11.518819328804
43.11502720423 12.998380661962
42.740411082648 12.891521062207
42.638602925783 13.352351067307
46.37637516734 7.1118438737988
41.997629228068 12.449764595132
43.758550410068 11.862130885435
43.291183286037 13.069660689735
42.14653536826 13.188498846364
45.425777946867 10.509949154458
51.498464869102 8.982731249641
41.976307072221 13.498904869214
43.734343598494 13.677761982997
43.568052356883 13.797037276366
51.809495009626 5.6583692989817
43.313378472048 13.764621148729
40.915807026073 12.857310134663
40.982685020791 12.646861484853
41.990549500117 12.533951152851
45.752098859664 8.2522123379876
42.009400373816 12.890691115491
41.854358313558 13.467379089218
50.387492882268 8.4044564517236
42.251260330107 13.514137769844
43.398596517483 12.298560912881
43.617303675815 13.375978230695
42.244438109589 12.712727441805
43.306303718291 12.73113934825
43.078838797344 11.914430817105
51.773184800881 9.1517576822786
43.653310932544 13.18645961966
42.294692854555 13.355991395377
43.053322935057 13.199256567398
41.905404837779 13.827571092114
50.681549304482 8.4894193687893
43.769130695059 13.44195432518
42.773135473867 13.333670180933
51.451217821078 8.6377514645633
42.585934587117 12.235140153337
43.461124880475 12.392701789009
50.769135051765 8.2619678383982
43.451786319025 13.803057592757
43.317007957661 13.616771691787
42.247762797071 12.637186663543
37.094655945941 -97.100934649865
43.111572229376 12.550423136258
45.671782621519 11.73734142321
42.846777735228 12.218910100527
43.083999175638 12.895872190567
43.151723020336 11.876544293445
47.580246274909 12.719575912442
42.983161531402 13.231578646822
41.895688688355 12.1111433693
43.764374757563 11.853212698315
46.725783210812 11.474990218525
46.014008110652 10.705627318707
43.364784819731 13.626394192535
43.125477281479 12.495516931424
46.403931854481 1.8264913208906
43.803522097808 13.496823164421
45.320263095745 11.316081980321
42.027716423884 13.086860513842
43.729806703411 13.109359623471
44.771307975669 11.03280626509
43.533231980437 12.376398081622
47.170855176968 14.167889788148
43.053128799469 13.700766316962
43.716357299016 13.254000354232
45.754629358802 11.507688229895
43.527507650001 13.62511006122
43.037122261749 12.972522088335
51.568649940225 0.82879794143085
43.079664907942 13.549064660256
45.018821621113 12.139547638567
43.18486230412 12.437902554629
43.668463647232 12.625639605183
48.066792575462 12.440093719859
46.041127177696 10.489579274454
46.143378830116 1.2616675013032
43.247467228813 12.74660587208
42.177910145942 13.050503023945
42.806508998783 12.093603426655
46.817689755521 12.751041596767
50.106779955843 9.3850691134041
50.512687102199 8.8527285795904
40.637050360365 14.00303591222
44.844688070936 11.885160007926
42.822290943408 12.831248324773
45.452396389564 11.461278005625
41.936215430955 12.818279597379
43.788705776368 13.408939224414
43.309329011643 12.238340046389
47.410920978529 11.404032009723
50.880861688815 8.8827071641026
42.686504559466 12.21651545412
42.65644525257 13.650389754537
33.108567137967 -117.81356342483
45.254086377243 9.1709354806556
42.494427155955 12.832221397142
42.104347999743 12.051635774829
42.416448023385 11.942880277982
42.255970236986 12.270671301668
42.888200048792 11.880710019695
42.882023840643 12.851183994625
42.096497852887 13.802824586559
42.414998649834 12.788057944194
41.854234358249 11.892319505074
42.196584195477 13.258223532375
41.850480538279 12.66150800777
43.765444387594 13.822743400404
42.909333325436 12.298578245725
46.227535344298 9.3214388108469
43.676554533989 12.374376048995
42.601293923169 13.155755338353
41.840778012707 12.334690173799
42.843341827341 13.511759411337
45.849604161666 11.851223946827
42.591368084604 12.79080710273
43.173335297135 13.060272007764
41.961908921603 13.679969423788
42.528051190811 13.2159687687
34.132505342931 -83.801536672563
40.041152224116 -75.213946036294
42.457898074064 13.337168893489
41.844167592418 12.707616086468
51.592155133883 0.26011851856025
42.999701196814 12.329274411953
43.740242077403 12.69019859039
42.038365695199 13.520675257577
43.580401864194 12.716713282634
51.868723583347 9.5179945339998
41.861061741554 12.691511436709
51.721102839672 8.8091608489906
51.259566318365 8.5879429595489
51.103633496493 9.7265811565922
46.639391719475 11.900568511638
43.15857997127 11.953956423327
46.84398807683 11.180519006832
47.229193809737 11.050142458829
42.568095597724 13.40209353736
46.508698848567 13.910057829439
42.349748925024 12.52526710535
43.044748667204 11.914202366937
42.968217867898 12.504139864142
46.462552557729 12.213352091125
42.793715427089 12.74368711132
42.103594554192 13.334633325869
40.916570281257 -75.261410818688
43.550124602669 12.961689947176
42.535617018855 12.611185019676
50.626284435217 8.7828597774649
51.428508821609 9.0826241779526
41.938115176271 13.817090795311
46.40089006061 11.832553825428
43.168805373467 13.744095939579
43.654079796606 13.253831928735
42.108474285879 12.911239594201
43.013086534132 13.829178756044
42.245854616766 13.73613736908
52.185233836873 -1.1522033163845
43.320461258462 13.620627115325
42.286013652725 12.612418336634
41.882561296657 11.872427497952
38.27325470572 -97.038744840323
42.181425153849 13.316651808732
43.359492882809 13.426784977537
42.02589093478 13.57624165929
49.205073738166 8.9673352255392
37.363528688142 -96.701514308202
38.113618475438 -97.140326262051
37.185793924698 -96.141635835237
38.174190144136 -97.338079233811
42.080731210357 12.589386687909
51.567184468064 9.8453328161711
42.078121778147 13.090622418623
42.559404384161 12.549071041678
43.608272907163 11.914255517516
42.86504825573 12.390777408814
42.966690379666 12.122923214067
43.323604756207 12.737955745209
42.946228984739 12.749743679909
43.156670981646 13.393243751227
51.512938931358 8.6429813842489
43.215218892908 12.461344443497
43.273289980981 13.268342403841
42.482770422719 12.209086095567
42.917288570647 12.426547336146
42.836851824951 12.195767033492
43.293444262509 12.705011099461
42.957107066644 13.811388119523
42.439419114489 -82.744261335204
42.602418499835 12.584588289554
42.49587446197 13.707335624729
42.103230957942 12.390842091495
43.710228353159 11.91949804079
43.429518324078 12.280905779137
42.323500805706 13.181478520495
42.157196791005 12.522868005823
41.980678335776 13.737904940631
46.768009019537 8.7697505677444
42.682690563019 13.046182208271
43.622423099199 13.771214046896
38.669664343374 -77.247092470135
43.62176888048 12.490855202794
42.323090607472 12.636772893221
42.171824022763 13.210865985256
43.53232644339 12.179203774419
51.301108280803 9.5956937789897
50.458769119558 9.719263319261
34.257825675676 -117.5260201949
50.726336187556 8.4374819809745
50.797621456812 9.3792989651576
42.051474764988 13.767771667248
41.943963624066 12.596652741377
42.758438967077 13.748664884266
42.224311102307 12.319270278497
42.258294271912 13.051343504384
42.639493462948 12.021822957819
43.38121057927 12.524354354278
25.09161391624 -79.42360811169
47.534443815767 11.197995139725
42.678514399437 12.772667358079
46.026060157188 11.025972095379
43.009814052868 12.86922384096
26.254762578857 -79.778828314678
43.630160938332 13.806867827592
43.809477963743 11.943336442112
45.218089942386 11.379998446084
43.758627056984 13.661321903442
42.481002378057 13.31381192075
42.352170980255 12.179643071361
41.907013499156 11.861965798264
50.50238862238 8.2015695451766
47.282744244061 11.952916886335
41.897772804807 13.241616347007
46.685259788805 11.680712549032
47.49376969966 10.664761515809
42.937816804267 12.523305740938
46.282828768195 11.453556927479
43.699172557213 12.6324212219
43.696032718635 13.350100867634
42.740815699466 12.011498840086
39.256665088314 -76.477251868757
50.919353874363 9.4202803906148
47.788725622179 11.615515371487
51.067629866799 8.5360683852509
43.704463354661 12.305779593229
43.088583889014 12.718398816308
42.896005260731 12.97180789058
8.4546302275055 -80.282450773885
42.816814560379 13.495155457659
45.252607476179 8.4746976569177
43.495753117623 13.184741088296
52.42530368591 -0.20797278607169
46.693570410224 2.3271720876578
43.132087843109 12.452778008998
50.301825830853 9.2750361362822
46.029500628558 12.127373269052
43.517522037291 13.188435292912
42.020771176585 13.547147150427
38.573720413527 -96.332486957932
37.231127512283 -97.417047737826
37.412671619753 -97.455112940844
38.287956406962 -96.242233719324
43.651093541969 13.231501609216
37.284568172546 -97.602489686386
38.181804957419 -97.61625674256
42.035824291911 13.047076740811
42.742380607309 12.743861798564
50.779372378615 9.2869010284948
46.786665865375 13.043096265564
51.145586227135 8.23918083135
42.941680419718 12.879945304676
51.044301213717 9.3757762985191
43.147427018356 12.105611159071
51.536018038418 8.1293408382355
40.346140453905 -73.743055698008
43.76504118918 13.250426182195
43.013343401746 13.572336501264
43.547866864406 13.78354048395
43.146957941908 12.591892567294
51.256078342095 8.5531924639611
43.471825863941 13.242994554009
42.991030168736 13.521930597055
51.372200972108 9.2743239213127
43.812769491625 12.298636674575
50.019513852903 8.4578353187339
50.546968981878 9.6486360657255
25.099835357193 -80.003768850395
37.475032463004 -123.27837269457
42.207770191716 12.481477842446
43.303015136788 13.056480686693
42.582079951943 12.204733448685
43.718103027792 13.424877185593
42.437136362531 12.69459240918
42.578324740577 11.9390109796
47.421321549838 11.907836509991
42.687798763501 12.82342156948
42.712397720552 13.325093446937
48.065299924747 13.322332715088
42.90343406049 12.633004058003
42.922721299328 13.62683138888
42.600398317746 13.5206155137
37.12604990654 -96.736243730288
37.03782339489 -96.889538831492
37.92079826301 -97.377480129421
38.550875335257 -96.505327028458
37.190017001792 -97.104609459687
37.827072166292 -96.11417916795
38.102801890626 -97.652247801727
37.797519719134 -96.244747515882
37.490837873654 -97.420984371761
46.755087003186 11.283275083936
41.895289562149 11.83678346308
37.101006820845 -96.868877108613
37.605980818908 -96.710182496212
38.547193369617 -97.333798693648
51.604219429709 -0.48772151609776
37.667626006374 -97.610639649728
45.960600915465 10.810680525357
37.456049873706 -97.368485711687
26.747123729768 -80.221952484834
43.00244363027 12.755891430565
38.925974001142 -96.459835219411
34.170365723241 -118.32903019426
46.405217465924 10.664044027898
43.305713596451 13.121915944464
44.872148298389 11.302457208327
45.284079345332 11.358290596473
42.980183893826 12.350582083406
41.889343553192 12.476108263489
41.988349376262 12.000177491012
45.726023215347 11.990518930957
45.357605242942 12.499424922174
42.736844063635 12.191056647914
45.100800454803 12.025442614359
43.49567905373 12.967999129562
45.736828870623 12.956028116974
42.784556107051 12.53518298435
42.606536960998 13.739279037241
42.966751281643 12.844836878073
42.326841503555 11.941812639584
42.719510675298 12.004655162827
43.546308261152 12.7253088042
43.756650262886 12.410471660297
41.976921530451 12.409123776226
45.469675070965 13.03578760303
50.26726298326 9.2550545857544
45.280425214945 11.872955917449
42.636275860798 13.613323708837
43.155758831744 13.622308637326
43.125199515917 13.275069034342
46.468070137672 11.96719261922
45.500620155502 12.57564098055
43.804237806634 13.52567893107
42.262392238391 12.716857411788
42.956802466885 12.918794547191
39.935538921161 -75.263672254768
42.402083638798 12.836690439322
43.328082108113 13.023152323937
46.162732278212 11.847239158172
50.657486043478 -0.78449239856307
51.233056869466 8.7663323184319
42.025717289686 13.017440245982
34.257115274976 -117.8835743138
40.861331747053 -74.43935933849
46.481803382436 12.022572795335
46.207287080217 2.5987294449465
42.505500158551 13.668645743613
43.451295245204 13.603202089504
29.047029059699 -94.893104381553
42.82988366991 12.140596415003
43.252963613252 12.717049312672
42.39940447381 12.032726015001
37.120938980543 -97.357434049415
37.89038042719 -96.875300653221
37.96839683548 -97.766955155305
38.466635539414 -97.188141493214
38.840303679388 -96.929213936873
42.025868581641 13.784685895699
50.217343540498 8.7206434671398
42.653824858227 13.194869539347
42.046061588028 13.277439625153
52.294241915827 5.6894119125509
42.476600434874 12.356154126302
41.009146696869 16.291133747388
51.355414286189 -0.64074379566625
39.997286633313 -110.87577548464
45.104841446809 11.342873084891
43.416325200564 12.130720363546
43.478404328406 11.019269253625
53.248609436559 6.7457089722137
42.945138027421 12.189796735642
52.907958106328 5.0834911811787
42.91413011074 12.175235303687
43.78239923661 13.02039878865
45.268836358012 10.719718175251
42.619494182367 13.406786628278
46.956548822558 7.8326739747229
51.207844563878 4.9429355519558
50.831892962955 9.147970075788
50.997246435842 8.2788670325088
42.313448294699 13.731411300496
42.58000896062 13.251610231724
41.967824689584 13.646331817699
42.683758669407 12.238131086008
43.010174874708 12.558393333388
42.936212223014 12.012142920893
42.44451217283 12.545316497139
43.511882755233 12.081630096364
42.637964331863 12.337723038803
42.320581308736 13.814962847559
41.957585546655 13.094836709155
37.638824779838 -97.247953949146
42.012078236815 12.873163218106
37.508239351915 -96.48387498338
50.081199321468 8.5503009211041
33.56399790954 -117.02419948696
44.645110375478 11.545758503208
41.97079750384 12.467419325613
43.137157345741 12.434582292791
43.457784356318 12.785797971688
51.275522615889 9.5283385028729
42.350861380061 13.127752421504
42.750224558076 12.976686873018
51.659009307464 9.2192458106294
43.783060386697 13.55584454937
46.347303807178 9.0471380416756
43.32360665657 11.932242332947
41.969182635664 12.177304274972
41.079127932156 -75.175916543444
42.998390206156 12.741905300313
39.666775034777 -112.444683733
28.707985281093 -96.096829832869
43.447488527043 12.723866895199
42.237389169299 13.117285126896
43.580066395749 13.417317134544
42.332853740257 13.665269075292
46.353501924734 11.761309323628
42.175427641124 -82.14952209899
41.508333929272 -73.721771609971
42.544186530909 13.003986352146
43.656693234901 12.886832430927
43.588994154071 12.49437763148
42.393839006982 12.404823716008
45.638784537645 11.921259498094
45.554877517072 1.7994039909911
43.755177464243 13.092873463937
41.973883902663 12.743392138178
43.488595361139 13.139457436364
42.763063420452 13.129957965191
46.135165302076 11.139924991406
43.239914748485 12.508000324738
43.602611066609 12.734329714337
51.413770706353 0.064123375785599
48.245056381351 14.182872085705
43.286378396364 13.662652904032
42.7580771897 12.903188979695
41.891668323398 13.147739064504
34.061252610633 -117.98227821129
42.3464537763 12.568860957219
42.378485206246 12.718806865515
50.040388774611 9.8348859817883
43.424429188636 9.2344710027261
42.361635806228 12.253276497265
42.472256663031 12.323090593968
44.753176227493 12.098082757065
43.107873793297 13.463735962058
43.194152920618 13.437333055065
26.631573253588 -80.690887514633
45.523404920717 1.3074796624982
46.432582724831 11.909830791345
47.199685855119 11.854869604208
46.052999056365 12.243433057374
43.329639187257 12.324378980496
43.76194226174 12.950263377743
43.31688986363 12.976009644112
42.929679393757 12.583444892722
42.808404986678 12.746420506757
42.58411138534 13.807225632878
42.000666003696 13.265256068814
51.449916415592 9.5234487860107
46.967122748758 11.864253024854
43.132445100312 13.531036580715
51.296573410414 8.0464057340503
38.963421488338 -76.916380291259
41.953842351213 12.507126068022
51.652736030357 8.293549770626
43.354967857897 12.88814017546
42.08973396762 12.977687527902
42.020172205318 12.561782269556
42.504196289251 12.192717441468
42.933728679073 12.705292039435
43.367991260445 13.765696855639
42.695416018246 12.754222312849
45.059404697087 11.151509209048
42.740236776781 12.984841024051
43.446670575296 13.819423683856
46.742642743393 2.8580222413214
38.264801320743 -97.012461143086
41.962727731102 12.012765172807
42.722900005881 13.661735581098
42.602431010291 12.478804543858
43.783194122756 13.682448114142
45.533880624426 12.204001185744
36.488030173029 -121.3224853895
41.830275483218 -70.666155388641
45.699948111132 11.187542848076
46.616577910269 10.793760767741
46.222593441898 11.599161139202
46.337697422012 10.577907273049
43.788197902885 13.720300880152
50.234020285068 6.7123594999626
47.212133370227 14.248968864695
46.02034186759 7.1127465135012
43.306355656288 12.53240101206
51.74739908229 8.1278373557738
42.278577690629 13.298689144824
42.070801886784 12.440542665536
46.375482766063 12.438773243357
42.611534458891 12.388873889313
43.111692887338 13.00400042769
43.722840202399 12.665253443509
41.944791746787 12.898269214641
42.916353488789 13.759202651588
42.776110091629 13.440665559138
43.384848346668 13.393958314992
42.964599452917 13.489684908434
43.28308799459 12.064140912662
43.660903917954 13.63081791749
42.305659918744 12.498001105405
36.862818108259 -122.46593506672
26.000929188898 -80.812073222549
47.298999875737 12.083046620632
42.668603472744 13.379380492226
41.873333332091 13.382640177583
45.98790498543 1.7475887740718
42.299452055142 -87.046865913123
40.649486595288 -73.563336472886
51.538566769817 8.5927673459951
42.340766529732 12.178603457391
43.704312387085 12.776010722982
42.788417408165 13.137573041573
38.445061503442 -91.378428919561
50.534716887183 9.1485082614927
41.913322086892 12.912901512328
43.070990489384 13.007034198871
42.747414325267 12.477652076875
42.192292042653 13.195933606588
33.230911913539 -117.88877699745
42.139533433218 12.133637120565
42.322897351984 12.744702233369
46.779191610489 11.400014809219
51.029428847613 9.0574003877386
37.219956941539 -96.830620917878
38.397689610439 -97.733528322882
46.721288666584 11.719104545128
38.447706405748 -96.557567155248
43.820319335379 13.362401311476
43.538582929682 12.655973059452
37.314212795028 -97.485584035276
42.558218865471 11.861917541319
42.871200369632 13.182294473158
42.529545128147 12.894821133902
42.84435141128 12.680189974944
48.264079274665 2.7748395969718
42.875106647574 13.016481831233
51.245804876902 -0.82167912969909
42.875282581393 12.965909141587
51.819657628806 8.2082336345726
43.057234059601 12.587857080453
46.396218595559 11.172224708329
42.266564671561 12.815387030533
47.021191558159 12.400842869257
43.244731537201 13.750707883293
41.89819996522 12.99779685775
44.85079653021 11.530635856246
45.784212819922 10.673573881143
42.097827248808 12.307482660447
42.072302000652 12.478912231291
43.042008658446 13.096277513141
41.871660212482 12.405774790538
43.386516519092 11.851917886127
42.909026457441 13.75486213658
42.402448788959 12.71263317706
41.811082207603 14.385413758098
42.149157125593 12.033686833493
41.28721338766 14.028781263099
33.694372949693 -119.1631752517
33.168878349734 -119.13491235615
41.957930878737 13.328838677785
50.66446834461 8.0964412601182
42.107882072289 12.074071359411
46.40115345734 12.864500822657
51.429034484284 8.2221548325485
43.345567257325 12.765739180525
43.119703848923 12.29421733289
43.524907794581 11.848748092956
46.235859746014 12.034297429414
43.664071739982 12.946736503389
43.179380654928 13.008047551873
44.869918185156 12.538487113262
43.015717243338 12.599396299871
33.117315622746 -118.27977521433
46.423741413012 2.1521840356999
43.211454214182 12.021837651295
50.995456490198 9.0626829332033
42.668657997955 13.356691232604
43.587497194127 12.627308103569
43.097941441062 13.793117856532
46.424692665101 10.218766808982
43.234889597762 12.209564345076
43.268118530192 13.419112927962
42.139760272663 12.662526453709
41.992908254749 13.330579698726
43.140417304908 12.657288335591
50.285097981005 8.173659141722
50.923518850432 9.767890096534
42.079209343588 13.771818197713
43.374950159071 12.278819302713
42.865008757873 12.557505500318
41.862749499226 13.206533250982
46.585736075479 10.480669637341
43.047238479877 13.207250734909
44.692940563077 10.647266670338
45.273259664547 1.7846507769007
46.066944287912 10.853072141136
45.53224477688 10.428000682605
52.463575703075 5.4064488372097
51.646146759226 8.2970769993482
50.363043904939 8.445638830981
43.728258733998 12.602559627335
42.056405732455 13.504624119284
43.473615717384 13.540062467374
43.441063283703 13.730465941958
41.851489160627 12.51062610585
43.428998041653 13.478077437507
51.373455295513 9.5904400914863
43.190449450275 13.729864537611
46.263329108602 12.131979278108
43.453556419117 13.26715247301
45.726876331461 8.5365092605522
51.844048720712 8.4487845145393
42.80706041765 12.275424402822
42.609435793783 13.226681351323
42.666498047165 12.993943995349
42.139459269207 12.63627071105
45.543577215887 2.5914773105604
42.275555153061 13.350858215427
42.02331715872 13.60967485544
43.158692306003 12.172558130332
42.833103027604 12.006604381395
41.901040836212 12.40983507198
46.248580976505 7.2349421322508
44.708551751735 9.3074666170205
42.120060253034 12.712369378543
42.625397571675 12.624428768023
43.095025207913 13.10799062492
44.575983839774 11.160014005848
52.281263037483 -0.082531458787863
43.990277012198 10.974589707413
43.426551381346 12.168086225266
50.343836947504 8.3616926303886
42.446535964725 12.664853986218
45.496057058124 12.467355632102
43.309277897866 13.051406630825
42.521213225818 13.079858465644
44.924140174978 12.493286056335
46.613910001663 12.072389842638
52.152860977525 0.058840380026423
43.569459438144 12.239735128491
43.483359848861 12.161424683037
42.735164263183 13.526374873971
43.433992808442 12.196097095609
42.49289960253 12.868452292827
42.583377513396 12.199092076274
42.315357329492 12.013753974838
43.674432727843 12.093713064277
43.634197874777 13.434416912254
47.540695296643 10.297726065059
43.07432232989 12.183142912215
43.094557584794 12.515453988482
34.226407169786 -116.83026011257
46.358260884836 12.492614649254
43.615995210903 12.242289769131
43.048516548564 13.286227109463
43.239294884393 12.894988475805
46.739219036952 11.736876330847
42.307666919824 13.038626271805
43.293037157198 13.787229161166
42.504627272743 13.304822413879
42.455709539121 13.290009036351
46.569619746001 14.238095644295
42.665744331531 13.005530219083
43.206057195203 12.301794829474
43.222349413329 13.736848502784
42.525808983283 13.345808081045
44.125534119956 10.017442487004
42.817412316269 12.415488068695
42.046828237405 13.803787724976
42.660317849231 12.944418791677
42.794774495922 12.47600812303
42.481347726437 12.72260869563
42.314680078234 13.370392412141
50.653994762178 8.2908067509023
45.79778566877 11.590488223818
43.531160928112 13.269007991214
42.405075486493 12.752613267767
43.611782050997 13.030829610804
42.279456553201 12.291598342982
42.383290761816 12.224851695946
43.273353431056 12.322320784613
51.823946866358 6.0128462306516
45.55210807412 11.53795887499
41.914515270367 13.113755175452
43.384363880115 12.082821224876
42.599696910775 13.629384039284
43.28969840721 13.553105803951
42.251671051279 12.717746901215
50.085366894996 9.0795265222339
45.580322531113 7.2236524402041
42.66459392277 13.006533300994
43.251075946398 13.318331273908
43.673302041236 13.591825081332
43.250782247305 12.072779655046
42.533528561973 13.43297854647
36.667510762644 -122.88288891779
43.286125700144 12.431598654705
42.297788802228 11.900465080955
41.854700067034 13.569282938081
51.206048381378 -0.79421226349855
47.365717517636 12.967062194139
42.692994977226 12.589148922653
42.689533079385 12.13464879998
43.122400097627 12.896399821128
43.225094689648 13.348428098202
43.483190954443 13.012491366853
43.803699517552 13.183332439618
47.158008981358 13.194893625444
43.829823899025 12.321876277387
43.22300860112 12.694544971799
42.974291191911 12.875178194102
43.26805363936 13.36525960146
43.120236076957 12.04772131289
42.507956192621 12.833406758904
42.874152769763 13.144351208205
43.704473937745 13.82013153651
42.378177974105 13.423503080136
45.428159892828 10.288481196989
43.076862669141 13.446012663884
46.695110491801 1.7461020186292
51.946352396834 -0.56739550255117
41.921460439435 13.751816946919
43.467834730871 12.731237192534
43.156009819918 13.569353286929
42.829540417471 12.844239768986
43.429464798176 12.023501683524
42.328604997775 12.410844920881
51.20661518779 9.6180490095252
46.473454476808 13.598366667583
42.966202144051 13.066640015278
43.750585921945 12.627718648721
43.225616323422 12.978706073027
46.865863058654 1.9069237662046
43.741888444306 12.789480171555
43.677036803086 12.291018756729
51.487048059463 8.1282059713864
42.539834860519 12.485587631134
43.793965939823 12.27594993325
42.513301758356 11.845249540121
43.512055851779 12.591945942322
42.249114943805 12.622609221222
