43.686211961662 13.578873483755
43.503527221991 13.251797670637
43.241993769206 12.612175691713
42.654799157267 13.377251296291
45.285642222169 1.8320136791244
43.450097916878 12.986203490305
44.382599054825 10.770555975994
46.088302678332 11.092318689212
51.596005281478 0.66086088751949
44.262236030706 12.104580582422
38.930663088104 -76.123647892878
42.31101176299 13.632545061259
43.498541001018 13.24086020714
47.947685790224 8.5672450645674
42.424932894981 13.506815148309
43.682508651506 12.54619591245
42.850492270149 12.0420575133
43.679647240194 12.419062837243
46.990292055993 2.0994793321469
43.355495026987 13.108105808102
42.176532366416 13.665011710352
43.143041309988 12.16879928867
45.426837173489 1.8638496784791
25.602607382259 -79.97474385964
42.079659921641 12.042429223232
42.43576106079 13.67394556744
42.265124824043 13.137503258503
39.193135794637 -104.99412266386
42.606836420322 12.774271222679
41.976786746188 13.475640898813
50.894489434033 9.3936793442786
43.592862710188 12.141794386873
42.470226741636 12.771647776392
43.47193524219 12.775624073958
42.746468122951 12.923716582343
46.709824866599 11.963890508334
43.170658904228 13.307541278355
42.364071435486 12.234176836572
49.713625499496 6.2538004970218
42.98281423942 -79.25509416294
40.06676624306 -104.40602898424
41.944316105447 11.862312134778
42.569339619304 12.570135541547
42.275433886014 13.290108670637
42.504862843337 12.224194603632
39.757653063977 -82.280748589272
52.783912963366 5.7711656834097
43.480226543045 12.501872733024
42.124774516174 12.366586529376
42.597620128488 13.223061068108
43.69132619758 12.023450614916
47.569564859182 7.5808097513303
50.060370194288 9.336278414976
42.255973629794 13.011604287222
43.024110103058 13.206397913048
42.160307147755 12.104868021654
42.705885327305 13.229024967772
42.862388097172 12.341600103018
42.69526211719 13.151359003594
42.404242529743 12.087156509576
41.986322984114 13.292968989507
26.867297665603 -79.629115523407
42.507950501774 12.309884343462
42.052368316379 12.050505008593
43.093356216856 12.222764729647
43.204976118286 12.773059063506
42.537944061022 13.239793957809
43.305112376041 12.429871367046
52.421459509489 6.3637122230668
43.055862149736 13.49805377775
43.174586151829 12.115195700508
42.961102623961 12.807054985711
42.286787581785 12.416312278929
41.96661003633 13.126738283398
42.526504433514 12.798174517156
46.870232900733 11.202531388289
46.689029669316 9.1164473428956
43.65560985948 13.145045922226
42.914856038503 13.116981264745
42.363467870936 13.478835987637
42.511398372034 12.320054441395
43.700533849069 12.376377320579
52.716695456634 -7.5697641095937
43.084425923941 13.728749173122
47.972310598927 7.4628233958328
51.719322863836 9.0733333304866
42.568748249027 12.103780822432
34.327251130907 -83.851392372349
46.302831715114 2.131887679981
42.9180221916 12.665132854465
45.802991927554 7.2942101615198
42.810384421076 13.695727157751
50.558066298281 0.80460199326957
26.532319419317 -79.15834676323
42.356156887673 12.370216275293
43.244114093152 12.577618336129
41.837078895496 -75.275101029574
51.599077462498 8.6106827811388
43.167914237926 13.010464150484
43.46730434639 13.446970046261
42.064211584679 12.212352487844
43.538640688911 12.103345145541
32.974930270603 -84.593683789668
51.801264287346 8.9172158152411
41.996421039124 13.689666867133
36.864175699633 -122.61511795408
44.748906162332 9.9073138495498
42.25268943156 11.941215539345
43.822449990487 11.972273588654
43.446843138659 13.698340413972
47.499076585518 8.7642008088362
41.859176509503 13.368075112539
42.766700766893 11.878194222657
42.566266004746 13.134001588532
43.426010693177 13.47348276969
43.494612845844 13.629848094971
43.570180106263 12.333435637121
43.260679899857 13.463079386162
42.338266459472 13.45724686212
42.58839179279 12.019454106253
52.657300547304 6.0176007711643
43.290831296861 12.827156636339
50.52886965197 9.3712514733762
42.072058042566 13.308744820931
41.985710384804 13.435547367428
41.92323536145 12.452674155821
42.258462048277 12.285711113983
43.400201636574 13.783021572432
41.935192868104 12.122397857331
42.247762797071 12.637186663543
52.19945425759 6.1730297321561
42.233114345129 13.139285029464
43.788705776368 13.408939224414
41.843765478529 13.179792546306
43.817824940133 13.444175092731
41.309608417859 -74.764537427131
42.820962408495 13.065688645519
51.229711901038 9.4439214605111
43.168332418526 11.987022913076
42.33836883045 12.476698531547
42.60152304482 12.706433684449
42.680910916406 13.166471811576
43.799597197606 12.331649827015
41.923892896142 12.728732772998
43.612849790444 12.669834151731
43.525628277366 13.372111717433
43.549605165885 12.92669643181
41.980371695489 13.029086156317
42.702790818991 12.431021706423
45.527575897764 2.9126542424376
42.118032902555 13.285545100612
51.920779355765 9.7937078935996
43.372883670692 13.568448361295
44.34673288094 10.578484534651
42.257212515596 13.436240639296
43.511880305855 13.696204270581
50.912364039197 0.79175335134197
39.465808635691 9.2426440341892
42.031595043874 12.939599919126
50.622391240961 8.7659058779319
45.024486643274 2.3441128429696
50.606589011199 9.0208661127933
42.600876292049 13.610278265856
51.743469938749 0.4421951981877
42.282312734205 12.732028843731
36.164356456319 -78.970751059335
42.681313667319 13.00196899895
41.956755120308 12.68264730262
43.412082369652 11.848985889877
42.150222228324 -70.263065962976
42.307423497714 13.759689171242
42.625935854703 13.409815986387
50.901333919215 8.2623199332796
28.050181223472 -80.885336762044
43.439937831594 13.365680604899
53.41616339186 5.9904166125881
41.958116338124 13.642417110823
43.125963777849 12.312118875495
43.678639313543 12.915874550567
43.427446441945 12.702438177423
43.092448172689 12.225021785251
43.75782611957 12.000884342494
52.418383352842 13.786844070343
42.771101161752 12.511682599577
43.681276198349 12.058554150678
42.204035222646 13.503194043202
53.346884578861 6.0379580540061
58.968201577437 17.226948629402
43.787818019679 6.8898582011352
43.040938544593 13.419159533672
36.667510762644 -122.88288891779
42.571495164473 12.728374681796
43.09627136129 13.593613823242
43.586656365838 12.807535633842
40.88556473059 -88.12183571596
43.408813475843 13.224779049992
43.764208010775 12.972982267858
43.005766021577 13.22233445722
43.045324754943 12.386516718395
42.940751683892 12.99607210748
