52.848056827368 4.7730060555148
43.470227198915 12.941755732981
46.086834106693 12.567470051332
43.142567682167 12.305422008201
42.033442785069 11.881125435664
42.355144020822 13.112440747748
43.352718444726 12.32403286424
45.233472217148 10.468039684004
43.099359249763 12.007629094204
42.252400411897 12.039937661069
42.37419623156 12.526500868412
42.339970898528 13.610506897166
42.256380529283 12.689653092872
42.825729034315 12.416329628071
41.84608571366 13.183558600596
46.298624998098 2.6952438087646
42.561440535638 13.722018573325
41.876606490892 12.631396485808
43.099891294793 13.211116185531
46.707601851182 1.894539465613
41.936279008156 12.862567427991
50.25940624136 16.37027602823
42.803166798245 12.164469928578
42.68614373297 12.662154747037
43.246085551237 13.202660895068
43.389828965736 13.005304416199
43.699703781281 13.685203561434
47.194303848406 8.9600047231466
42.30726197844 12.709715490115
42.961333097427 12.909333016702
43.467438619357 13.236643340104
53.386039647221 4.7774740592704
42.77350339611 13.406493748283
42.205025337287 12.043134304736
51.265419311479 8.9004493574148
52.262220539973 0.69184980335732
43.042908562388 11.980139961944
43.259767740641 12.605211490602
25.895758991995 -79.929699434676
42.171348033108 12.159449833075
42.246253817012 13.547269148097
43.047590400601 12.565186796063
42.889437380216 12.378483193658
52.585176528937 5.970378246261
43.327956677123 12.793599707465
41.099772477255 -73.611932825713
42.931171946682 12.324141407557
41.840186058956 13.615113088703
51.480683303662 9.892055510493
47.979026872655 7.3691091525225
43.438982807325 13.647515573396
43.09173803876 12.483477901914
43.435281703007 12.383051388631
41.937702622257 12.551490402127
51.506362017247 0.27600644815993
43.195149469301 13.774680177132
43.368063162273 12.414111534347
42.60291083001 12.99320379693
42.2325379128 13.004933903948
43.069857201127 13.12434998861
43.105011323071 12.192661200295
43.524664993663 12.098401609409
51.834366912178 -0.90482324688454
42.325588669801 12.4150807394
42.850823685478 13.252204071403
42.667160266411 13.44773665792
42.892612499156 11.865424404345
42.707681028523 12.586186447475
42.05967188026 13.590125739405
42.663008033628 13.437016626113
42.40329935702 13.529362490203
47.221849600888 7.7486716493725
42.815387857082 12.802300170459
43.701965781277 11.969409889083
40.382335794954 -75.086729583037
42.53375574368 12.442785071902
25.513295855595 -81.057499599945
42.559795012746 -82.910495982671
43.138644999444 13.582252138121
51.236129348276 8.5494604695353
44.775001431967 11.020140763754
39.815832615175 8.0410097499864
42.856308965898 12.462074094688
43.330708348367 12.893024458055
42.71030419681 12.701270201125
43.207834616421 12.866005237639
47.068400271269 7.3416928985816
44.549930822314 10.082545916917
43.155640117452 11.893387217046
42.072241121492 13.043496241834
43.719865342958 12.826370111607
44.916780423197 12.820754264116
42.731474604819 13.691509276972
43.366348475409 13.653644834039
42.218955508556 13.025653683613
43.653176019293 13.532327628963
43.094558892371 13.509255117529
47.74795369699 7.202176353057
50.895522737128 0.21448297617235
51.932682720447 8.3036580226867
