50.597901264484 9.4374688078824
42.396990987678 13.729872540466
42.53577563799 13.075564197321
50.538021783595 9.7115829124635
51.382272532388 9.7720940619577
50.755199597569 9.6320506574735
43.758265366686 13.104364190786
42.048439793798 13.010421948533
47.388189958843 14.125096494178
42.639971540629 13.533050826554
50.930178022445 9.4954469089841
43.181845071366 12.011589098282
43.401971198361 13.189433359185
34.691676884469 -118.73092164822
42.985731543522 12.62152971824
51.068661069064 9.5803967749609
42.261903111966 12.608031923255
42.920583155456 12.90419737061
43.733021448729 12.573023968198
41.941409536165 11.980902238295
41.848754573564 12.348973336813
42.155840578583 13.58558282984
42.039815364911 11.958780335264
43.221264513799 13.4718814015
46.702427166629 12.639593652536
47.100399794823 13.782751523577
47.369031632279 14.058517237009
45.82137715715 2.0110066784597
41.840676250814 12.118771671394
53.387566930329 -7.8510863864101
42.625756795365 12.425722686327
33.204373420872 -117.09170937341
47.368332225535 8.1227853261506
45.654947017624 1.8852834831389
43.242169990338 13.162666902974
41.403321135765 -82.793820071611
52.878642999278 5.2469108717036
42.707557354939 11.859646868382
42.262324634151 12.192312575056
43.300241009959 12.889698893267
42.414350932212 12.591648961248
47.976916278542 -122.40987297446
43.144893392078 12.819412863285
42.431717027201 12.597676257902
45.912943607714 -73.221197735316
42.707318394795 13.132930043236
42.837565231548 12.489735846657
43.596404812597 13.784859938468
50.968662889427 -0.74208181577365
43.272980784214 12.834704282172
62.931397307632 14.608661783211
43.391509136388 13.628677511901
45.652809186211 1.4245053089338
45.842894645335 1.8216685642589
45.311128920718 6.765869097887
45.212767828052 6.9084402808749
61.2291887683 14.393503452834
43.448330737415 13.527115843991
43.124779765573 13.192072267289
43.3700231921 13.165771087264
43.720461184981 13.463964146333
43.114707270712 11.968638676691
51.682446940189 8.6409641516586
52.133952365086 -0.3119174127569
43.006904550852 12.103775781183
42.125608982598 12.477552447711
42.960148111454 11.965190847875
46.477043177689 8.598554103914
45.738852753648 1.5610545117227
42.427488981966 12.467259853386
43.683653059755 12.54113084338
44.646452150236 -74.028773814148
43.826621812709 13.215277986257
41.95418038126 13.037531773598
50.228229615944 8.5928465321627
33.153266583215 -85.282939576117
42.984376074527 -82.763301783338
46.481048125998 2.1721762740855
43.227493711176 -82.814717543432
42.279638576007 12.229143413377
41.91545956906 12.561135554503
41.857497872739 11.960625935349
41.852133567397 12.473361390884
43.633250695969 12.801693483184
43.109415021331 13.236496264246
43.056478720671 12.140172771264
42.74095249818 13.404464977537
43.670611397231 13.256626018464
42.238120112234 11.836909743437
41.886225202089 13.194873568714
40.025553919539 -75.1833076428
