41.84389029345 13.054134228313
42.712272160108 12.62384941786
42.421249614314 12.536196857496
43.641213161259 12.436257413813
43.527051155722 12.376735718652
51.952178458428 0.50691184466561
51.193070652053 9.5133366084254
41.877423471854 12.073646610448
42.867427333683 12.753482540044
43.094676345186 13.022482892064
46.597300120908 7.3810789242299
45.235067906925 8.8011906461074
25.841133678186 -79.548708331667
50.197588321845 8.4126176891907
43.343732502958 12.462491010552
43.335760315592 13.592732067051
47.253087294406 8.5060238589095
42.306547364384 13.74040035195
41.951677294447 13.10857368454
43.504071809607 13.774266586555
52.036654759448 5.5522011438395
42.106215760648 12.278348980622
44.323238136353 9.7556803393204
42.764627004419 12.307073302265
43.614201303878 13.090796531241
41.977284288044 12.45069191302
42.717868069076 12.403113788203
42.194200012013 12.590772397181
42.228475990833 13.424043598338
43.026367233634 13.727733849442
43.79342777321 12.023858143049
44.575957814197 7.1955035783585
44.882508057842 12.958046412438
40.246488700967 -74.337055638842
42.520738878551 13.442363866366
42.500445275822 12.740155083027
43.174570820397 13.801267473887
43.797285154388 12.315114758145
42.481535888522 11.854352645529
43.311836656349 12.675427790135
43.157834019658 10.845141913088
43.053981450898 12.041165197774
42.602436572149 12.566146125836
43.000828979093 12.74939720649
42.224074003878 11.881370363257
42.470686364228 12.888845697946
41.752103759944 -74.701179033138
43.395433020052 12.023041013194
43.171780129996 12.835361428038
42.146476007156 12.435482027233
41.974241045778 13.832751367184
42.636831804496 13.278815345524
43.407321834216 12.281673038996
43.20772547892 13.223060335623
43.18479989992 12.079967196623
41.959001747893 13.2974283301
42.98430495664 13.560372945669
42.51646042781 12.880657827913
45.566358136465 10.829647621226
-37.2394433018 145.75255573592
43.004462247272 12.415793576492
42.882486661862 12.276242724304
46.063470780853 8.782597880991
40.466884749845 -75.001120822636
42.619325300988 13.216412510379
42.983698109644 13.304091500281
43.785283050887 12.490346718829
43.646885382799 13.422327858614
49.542601817529 3.0978745070779
43.040642034768 13.732559372567
43.38876395879 12.763490997166
42.236459282358 12.504029386001
42.592719071376 12.115599395782
42.632642968408 13.7959323073
42.410735397346 12.480093399307
43.136260093274 12.048599130518
42.686030238742 13.314936022442
42.398812197821 12.941226642572
43.527391141547 12.870516641026
44.829006983633 9.4089167611459
42.268335552566 13.798247373124
42.277442099677 13.635735723041
41.950484523082 12.169822485286
43.299568083298 11.903009008126
42.729506414279 11.862070892429
41.953759983766 13.283774922545
42.801213501415 12.156066069007
42.404716988304 11.887193276515
43.660272472867 12.644184402511
45.039802712502 9.1333415641605
41.97352456442 12.583802336654
43.119664722199 12.62532827429
43.665368450205 12.176581594731
42.048007012854 12.915344325807
42.65212438288 12.274643170331
42.245029381146 13.373528925431
43.652115273614 13.132431513713
51.523406708391 9.2810483441134
43.410356043584 12.234844159931
43.274119430836 13.322716655847
42.728160686685 12.125057888297
42.810556811679 12.04927017125
50.558676132727 8.7023592846013
44.866853865058 8.3787657578144
43.413711575539 12.510373911148
45.322880391182 2.1036876594199
42.806757958537 13.604557075375
43.448557473018 13.723078421209
43.603968020831 12.75278236661
43.100491892614 12.436319250372
53.135737743525 6.1508412702944
43.256432826306 12.362573912557
42.115772327949 12.006237856136
43.464742548536 12.706538743224
41.61457012671 13.671244767225
50.193122143016 9.5642016728242
42.582969840908 12.854893621476
43.019929541771 13.115776255336
42.243584786676 13.556031545904
46.41873846176 2.2515941645259
42.447896038412 12.818044105015
41.841500586312 12.493618747005
51.590049698292 8.552507429641
43.346830202449 12.027475539629
44.594078517796 8.4434434685104
51.47747480193 8.4334974742651
52.259596604276 5.8175088102312
42.816555932565 12.215447615953
43.785683084666 13.817762278422
43.262023079352 12.241284329112
42.973176013221 12.169525128424
42.245192157705 12.64229439976
42.202903460827 12.461591279836
43.104825861822 13.26136608017
42.249490999288 13.677806637587
45.753970263411 1.8956960872261
42.194333319198 12.571073082097
41.972700972118 12.143265137537
43.586136873174 12.627063726388
51.17342854439 8.7397980418707
42.392278996966 13.479683552647
42.998336500043 13.276974783895
42.065224090642 12.086623699931
51.773184800881 9.1517576822786
42.424811779275 11.970315543011
42.683698465456 13.554484579526
43.534187876889 13.378644142032
43.275116738081 12.731479336869
50.844522095679 9.7371807567483
51.474649796251 -0.013681527750414
42.915985400305 12.873035851828
42.372233349559 13.722334130093
43.568266087032 13.274114803094
41.987450792469 12.319624351973
41.672684037592 -73.950886675265
49.542736960478 14.802659022297
43.415957423142 12.149644683672
51.963930158859 9.6423299576353
42.743574858079 12.027618559577
43.035647905004 13.683828085535
52.729063010416 6.6538241449296
43.322721753441 13.502482386095
51.232847913975 -0.10930088079501
42.487658300685 12.912054396215
43.183688918235 13.758614015208
42.52853467575 13.687446634626
51.270005133129 9.2118154164459
45.67843797462 2.1881928407532
44.621427686106 9.0598830504854
43.795802307241 11.932299975295
42.550012450011 13.055033181841
42.411268828649 12.620233981249
45.007121076345 2.1862883852731
40.470209529994 -73.904558239592
43.796579665896 12.352596358581
46.247964011621 7.9255999121469
42.215381579129 13.63045201808
42.392630335613 12.658843737423
46.504048630155 11.388938174741
44.562481354576 11.066809093706
42.013804848799 13.723103028149
43.790851720067 12.277075359282
43.464929254497 13.773141682995
43.232220318298 13.075556600523
25.701373671025 -80.31245660498
42.607553738473 13.26887718789
51.757183467391 9.4898337416769
42.39882881215 13.804483482544
51.292474748237 9.3345378638872
42.028191194438 12.510094309019
31.015944844074 -98.203066743646
43.771882656876 13.541558292036
42.566382936487 13.8115587462
42.726436692184 12.348904851076
51.389357392857 9.4974084182165
43.244064546791 13.468323230982
42.688747568398 12.943711839145
51.245804876902 -0.82167912969909
52.910166945034 4.8200124199828
43.349490212926 13.760930525049
40.12759332477 -112.23495576062
37.595356343397 -90.040113663972
41.913671030178 12.595243569296
43.590415493415 13.357585119271
43.540375610155 12.792993328924
43.271252706794 13.73522480567
42.112939454223 12.295179497143
43.247146291794 13.155641340744
42.27322891835 13.079954597692
46.464780450084 8.6322807607391
41.921460439435 13.751816946919
39.102294864355 -76.588771931129
51.354288299267 9.5533211848481
41.859275571492 11.858347735788
42.134936933024 13.069785352384
50.449320676014 8.8380279195672
25.915804995633 -79.798757941644
42.737074215795 13.186829168458
41.95709258644 13.154271980375
42.502106489403 12.460172870432
40.901840097882 -111.21276799399
51.229714226085 9.2120976593402
