43.761402856003 12.486299081022
26.931221224319 -79.463933370567
42.681335681922 13.421496742622
40.962920033578 -86.653641027252
46.810830315275 13.045678225155
53.176008114122 -6.8282471828007
43.047416399276 13.033806687723
42.398158458734 13.052774104801
46.597300120908 7.3810789242299
43.311433803456 12.646706206115
43.500336888035 12.79355090849
26.296522379043 -80.475915161458
43.116855452844 12.685905656186
43.953095014185 24.547370524866
43.057545080829 12.877434986142
42.563938616127 11.852863010437
50.657323479027 9.5882532245425
42.668842159544 13.266085220646
52.465423580709 0.2211461179476
42.698693307463 11.841839806124
42.887715515649 12.500793264036
25.642691520325 -80.44342095779
42.316760601644 12.664474558881
32.966215992985 -117.95319223346
42.781456452714 13.762067111585
40.300644193527 -4.0067269585375
42.058963324457 12.599582161123
42.100848357261 12.996420080327
42.525972653912 13.444031520974
42.373902573911 13.1577469158
41.871613149492 12.276140525155
42.469760535525 13.582307517355
41.977036585576 13.032319598402
43.447679415109 13.096688844795
43.140583845873 13.710014338957
44.609870171226 -73.557915320551
46.927288950387 8.844467325995
42.821909348884 12.843525779382
43.361928343497 11.875593990982
42.409849906785 -82.053301624255
25.152959283495 -80.985150105123
42.380869316136 12.753440409339
51.121192796212 9.2870602054927
42.22603668518 12.770818672057
42.107446443361 12.982563301468
46.402922906169 8.7520611191877
43.739050598249 12.061040323277
42.57488416723 13.540618914918
43.447146958435 13.265138846501
43.526511096662 12.972385057722
42.521104737449 13.359126696086
43.740944954467 13.34996710317
43.451296975602 13.397622829509
42.051274722487 13.823104513748
42.919261021523 13.792296216282
46.51101991884 2.8182667967948
42.284048322741 12.536031069505
42.994945085626 13.64516358715
42.426964014523 12.157956561634
42.414462343538 13.132986633656
43.790200226398 12.113408395163
43.045817575925 12.656880101982
50.846640713209 -0.35284805179706
41.840497683215 13.474985376708
43.150178433021 12.562908260435
43.794503305498 12.893562670303
42.03408740092 11.90432759698
43.690536602743 12.02161326961
42.967563657562 12.934671072746
42.848507396827 13.038724639026
42.893007986684 13.239258951174
43.650028620239 12.46587857395
43.644735827432 13.234657603912
42.730230634927 13.396443871987
43.295606714366 13.08830178023
42.467362861853 13.049634095325
43.277553720084 12.633304441664
42.693338424777 12.021718338629
41.953602871857 12.516515376773
41.835313832797 12.754162471182
51.252030410456 9.9490048149363
43.595579285007 11.993324783649
43.048682025212 13.035116668828
42.307726817836 12.333662583669
45.387614614045 1.6184194738131
43.054088360676 12.991601227334
43.280888136628 13.176762455246
43.024811917017 12.387406724241
42.787881907464 11.834955868255
43.743514459947 13.050345238343
43.578396742988 12.828635171463
43.135077242823 12.024226570534
46.288212962115 9.1199763533309
43.51032911686 13.198617797924
42.205319319503 12.742620424734
43.610212276529 12.069557231904
41.895345197031 13.352578132133
42.158818374949 11.850963657208
42.510629670953 13.375692017572
47.928598508206 7.1736105541576
33.607400513716 -117.83793272751
51.526274849673 5.4537984080165
43.768199754326 13.726654270092
43.722725804787 12.15905321073
43.519849015197 12.851841551669
47.209745400523 -121.61596444371
43.826974683847 12.088533944513
41.87569789771 12.546087209411
42.36795448857 12.621180554231
43.673107809722 12.996550473404
51.12414983107 8.5552776705265
39.222608265653 -76.63435662046
42.135016162498 13.704359521507
43.674650477581 13.484151714262
46.96266154458 -122.48884933361
43.72059823748 13.402694866735
42.800805234744 11.926462700577
43.626593852728 12.25365816676
42.422851568772 13.646228878149
51.473230092075 8.906738158272
43.391215372568 12.046185968952
42.579507458315 12.426368798814
41.973412189641 12.490154263347
51.585988331859 8.0470358692329
42.056104748557 12.66030724007
43.769846057433 12.059904286687
42.337774130694 12.515158588793
50.579765711017 -1.0488549783634
43.665320680808 11.849040473296
42.054992436478 13.637772273125
42.905816228572 13.555652928818
42.493853598153 13.717261269578
41.866318588569 13.805504876585
43.385482121925 12.449147496603
42.669840480534 12.370683574311
43.723554493752 12.037424784658
42.695295642941 12.709836151802
50.865385690176 9.6865986397893
42.957994194703 12.135784851471
43.095195554262 11.931101994578
42.604385937867 13.534057519203
43.558693555931 12.498827196445
42.365452997112 12.198600821776
43.291195869602 12.051290317483
42.979829777509 12.445415647463
43.054099634336 13.521452173389
41.896345074261 13.783121362714
43.670129291581 12.323567635551
43.078544885909 12.620173139342
42.585826165802 11.897313415512
26.489377235739 -79.157116171787
26.160577077476 -79.733590691967
43.21152364102 13.008209977789
42.304637627373 13.177950147178
41.998262982836 13.181003894762
42.690262064215 13.360755471702
43.538640688911 12.103345145541
43.105500593852 12.307121387381
43.191761603224 13.460814631314
42.101741114234 12.418390023272
41.84454378434 13.052227846392
39.461558118931 16.101902561075
42.004882416246 13.080325268733
42.538640481692 13.63766086925
42.006191887917 11.922640696619
42.356468323805 12.369077577449
43.234908935279 11.839836123812
42.034453084729 12.52935642543
34.338644345628 -118.33690531783
42.542562066385 12.641760542843
42.12405564737 12.944299576799
47.242278226764 7.5675406062824
46.363166083751 8.0641215294898
43.461125185018 12.366988343379
43.199202784451 12.980851621379
42.221464569339 12.210272316009
43.007624955598 10.843960193265
42.046413194431 12.495315847239
51.540665468453 9.8269086409485
42.437967102268 12.108639817756
42.902595053868 12.237404372209
43.137808545578 13.068006424752
42.59041784873 12.675717547406
46.560120264795 2.2678382789101
43.04312480804 11.935930885831
42.412400311538 12.530913560454
33.804750693585 -118.47333272737
51.854251446833 -0.7827675346717
43.624557862836 13.661043933922
43.676032381002 12.99731219655
42.269939286781 12.089953174412
43.484683649395 12.275779764317
50.813938161737 8.9073338754975
43.426010693177 13.47348276969
43.259424859334 12.087830524488
40.227907078742 -104.88899770083
42.561789416525 12.160062897115
39.295414990018 -105.67544391543
39.118372803904 -104.33017926667
39.633138032754 -104.2214207556
42.184920689664 12.699650411841
43.659138130352 13.3381790311
43.252859059394 12.060684185059
42.722439104117 13.002146136038
43.481041694771 12.315283416938
42.870769814549 12.638600579781
50.516135440448 9.9416242385943
43.651266376347 12.001188961345
43.240556922874 13.529178601957
42.750156520305 12.703687528963
42.057055569301 11.986858703211
42.780509338167 12.487237256734
42.411923121874 12.261749333845
43.718641550636 13.799193324914
42.506589810621 12.929012853175
43.39471334286 13.649672664094
48.201186908343 -122.40629222356
42.023563451631 12.708451946617
42.110022026652 12.215625678311
43.743328028726 12.822040183408
43.182671560546 12.274471860528
42.664080462283 12.781046213036
52.729246706343 6.2066420137215
50.820299091665 8.1726050093642
43.110323277374 12.578153075009
40.877011504119 -74.839109908846
42.375155259585 12.206568354858
43.680607540405 12.377758143667
50.080129477698 8.1651000646712
42.711207478659 13.200032083432
46.075017018279 1.0825140704785
45.752697924037 2.4859055539062
43.32404582499 12.943120004138
41.847135947967 12.680445758964
42.656821137621 13.427036073744
43.686196882618 13.122217831745
42.151363459507 12.755403172598
41.974121187823 11.927945098827
43.377693118724 13.598864280453
45.305756744605 1.5658329360028
41.883693525069 13.291494105634
42.60041087989 13.025704775504
43.037471564991 13.492777404626
42.914858753774 13.113823927547
51.797948095155 -0.49796295287458
42.428574223758 12.412501239897
51.294631917632 9.2965820475
40.71687016994 -74.973373718594
42.269778389165 13.170894993104
25.932460089166 -79.491429810916
42.003747142993 12.433371351114
43.765265302644 11.909496274756
43.788253249989 12.907186212462
43.204673308995 13.763742774636
42.780796420214 13.606821328705
42.986684046235 13.486112518018
51.989679295099 8.6867115314522
50.298659605113 9.6794169674066
45.674721086109 11.337443504824
42.395082094912 13.689412432133
46.255606528025 1.3501303658588
42.111738768014 13.507409402427
43.790567988453 12.435231083762
42.958424979357 13.533239756049
43.355861056783 13.465711226925
42.350149298271 12.057823658969
51.85439459088 8.196926150097
42.116564742365 12.465707717701
43.306121224701 13.013211768613
42.19621580897 12.338025256238
50.43255074063 8.1645063944927
47.253582879553 7.9560291068424
47.844410047328 8.3771606583042
43.700779622768 12.389484298152
40.512025530954 -75.455008473432
46.20745355273 8.0366227375514
42.775134986951 12.505930873894
43.27548341794 12.747121670187
40.904317174087 -74.570372153284
46.060920977968 8.8542218906569
42.904388738773 12.647415616872
43.409707018386 12.789362248888
42.5296592445 12.816754594847
46.057223593892 12.058220361617
42.518464476133 13.83179982094
43.356171896402 12.964665917684
42.302495708385 13.277432642096
42.084971103878 13.099315392852
51.446570539589 9.3665534739227
42.910763694884 12.332427822695
-37.02150245105 144.26442052359
42.932300835372 13.456120426069
44.70212993105 11.353818316061
46.076436750626 2.1659417982055
39.99273150039 16.229601039008
44.744255513393 10.584828523516
43.785815374381 13.38799587052
42.130554647267 13.330230629712
40.556834636667 -73.481678882969
43.705245714053 13.524830892947
51.412197067129 8.8257829127022
43.068421118014 12.47706095107
40.37185197682 -75.22448526719
44.856605405734 12.079003491501
42.708452010878 13.647642980187
42.339497430429 13.62966828359
41.908612293635 12.730709723093
43.221751613201 12.99671510283
43.418033817999 11.995407389961
43.681158504787 13.08978160477
39.43214822748 -77.280761596154
42.801570367928 13.553523593395
43.046521789437 12.769862437535
45.746631437329 2.82928030604
42.734154084595 12.974780946514
41.964008236308 13.235799723436
42.663898531212 12.910154593156
25.915804995633 -79.798757941644
43.32241209241 12.740930514311
33.671188885372 -118.50503653853
52.120493554799 0.26477543970327
42.176067612237 13.217543573707
32.050458105072 34.455814364695
43.254032134152 9.8404151675712
42.846489042459 12.8859392977
43.02009965529 12.692210435745
42.911106519846 12.765881154133
43.038629916536 12.532767155477
50.688436641213 9.3527030550655
