47.357251448046 13.583905088775
48.185777863828 14.185086237607
47.896019871086 14.035679776492
51.257130862333 9.3632138904013
47.464660400529 14.181548238605
42.419645336673 12.856602453115
43.20080006134 12.498656012371
42.625027133464 11.998582997845
42.805128368945 12.336293515927
42.814192854734 13.450046653624
41.899401097998 13.717069128883
46.903098811139 14.277044319465
48.231661366661 12.593894273573
51.684474521635 8.066906753493
42.980593416386 13.303035907144
43.023968093129 12.750225379502
42.481477304141 12.216764141927
42.662644140286 12.367349955911
46.540228251154 1.2385213762701
41.978000862069 13.789841950329
47.114696557876 10.779665402199
46.612051185694 10.445332292374
42.757545313706 11.959482836539
42.004236019239 13.235567077659
42.64692446156 12.205046621268
50.539994028183 9.4305795074583
50.416421163555 9.1358099622353
46.609633620835 12.052582806166
38.199583153973 -77.220954745604
42.428820758813 12.4636778764
41.936093160408 13.251504306354
42.263106980039 12.54172720508
51.846549720898 8.798571273125
51.134339211106 9.1074973014684
45.517588023526 11.700106371685
51.945592134234 9.570276879971
50.222506390988 8.1984637268812
43.284518604786 13.573645980385
45.559766431718 12.060091111905
42.000831846169 12.871235609016
40.577002612829 -73.569736882044
41.977699123334 13.514265171047
47.580246274909 12.719575912442
50.512687102199 8.8527285795904
43.187236164805 13.116613958106
41.882561296657 11.872427497952
43.710228353159 11.91949804079
47.820955988402 8.241893870403
46.282828768195 11.453556927479
43.439697385991 13.43415951658
43.76504118918 13.250426182195
42.582079951943 12.204733448685
50.234020285068 6.7123594999626
47.212133370227 14.248968864695
42.079209343588 13.771818197713
51.646146759226 8.2970769993482
50.363043904939 8.445638830981
43.094557584794 12.515453988482
46.358260884836 12.492614649254
