12.808231367196 43.669607499016
12.77169047241 43.597801101693
12.799903735912 43.577801855571
12.815388770709 43.581530773373
12.820618818452 43.681494122709
12.815731456438 43.672158515415
12.812627865867 43.704589370987
12.790023412013 43.608783295683
12.850546778597 43.616935078829
12.76401649686 43.67401217889
12.792159555404 43.673820462878
12.857810158703 43.645799108637
12.750578670667 43.645384906181
12.833749245796 43.661941287437
12.815146895526 43.610990635891
12.859357235909 43.623724958705
12.786685879264 43.661564139513
12.80824193305 43.606758059772
12.788474029318 43.585482507306
12.767467628146 43.676622099579
12.833613521992 43.672289731157
12.822576665258 43.668230670371
12.814336665915 43.689549901052
12.848991101558 43.654491668427
12.83442503348 43.582734974394
12.806446018094 43.636696650964
12.845910741431 43.659185977049
12.847745227578 43.657695828799
12.814475951185 43.654538971698
12.745099739074 43.623667091908
12.777839224703 43.629503224359
12.813818553863 43.605517193512
12.812269974899 43.589511331001
12.829761483183 43.647052482093
12.755337599572 43.616482441156
12.82233969116 43.615870773169
12.783853590409 43.626868997082
12.764141655438 43.636179614664
12.823340278523 43.589761547574
12.806158062933 43.665069211139
12.754989829753 43.651204640836
12.841018403827 43.645315490985
12.809313740513 43.609452508229
12.768241956277 43.65253087026
12.851268299341 43.622061347434
12.805093901162 43.614735937519
12.830127104593 43.656164742401
12.764910180499 43.671816446687
12.787007234912 43.596831873358
12.828635171463 43.578396742988
12.839243177271 43.589827093126
12.843936596945 43.654795705667
12.838722747701 43.660650772697
12.769743605431 43.686387298504
12.761780107304 43.682885929815
12.765625825064 43.606403579307
12.853984721424 43.614676774787
12.858627494845 43.648017766743
12.849946077864 43.625288433708
12.817808719754 43.666280499525
12.819307761204 43.64865860515
12.846846863111 43.587903685697
12.7865910208 43.598975806331
12.841243904031 43.619460213308
12.823880381821 43.676154709757
12.844995988482 43.607202420781
12.860708686014 43.626356559187
12.746881395482 43.626538100965
12.789317983591 43.648728827338
12.775161107453 43.694003533916
12.844818797843 43.627956430275
12.796383733322 43.644184092846
12.842506023537 43.648412438432
12.812115361382 43.580163570412
12.826853309698 43.601471816025
12.764932333403 43.661991132753
12.750153273249 43.610528124802
12.81513485306 43.574690474952
12.791205125319 43.636828669664
12.820899750044 43.690184501808
12.769094770688 43.623541126805
12.822025284575 43.584926433689
12.808280929855 43.598017368299
12.853405666025 43.657161045681
12.843234050036 43.597966627517
12.800751542135 43.671374726443
12.861017587085 43.614095828337
12.793891128078 43.650852273542
12.820131134179 43.645612263908
12.759969374074 43.680298952724
12.783831293149 43.648130332443
12.75278236661 43.603968020831
12.798898338268 43.694666246762
12.780442085502 43.610803865667
12.811160017669 43.699421693452
12.830190271081 43.661697418292
12.816861675057 43.689368384301
12.794959135745 43.664249737612
12.800666518903 43.658656688269
12.812461316985 43.618198594853
12.852573319756 43.588398146738
12.845250483551 43.646106208065
12.762245776973 43.649894720733
12.778257250238 43.677404054777
12.84732961184 43.622310887867
12.794556315448 43.640799205138
12.853158048772 43.582483182488
12.860302247529 43.621233264295
12.836496844833 43.627668026217
12.805555769638 43.653848737804
12.791401716804 43.607715064032
12.796686469504 43.619030267775
12.828642988519 43.665569350454
12.830890860816 43.627660591934
12.854457611171 43.655137378117
12.847162887404 43.659310115364
12.773549256296 43.651806856364
12.799617485071 43.696962033744
12.762777539346 43.674487933852
12.799781656752 43.600710517562
12.839582505117 43.578344026871
12.818287911296 43.645937064053
12.783257508105 43.626830285728
12.859871987675 43.60636444653
12.804367299122 43.622410160335
12.827272823487 43.570180631995
12.756542443671 43.654006872186
12.771581376352 43.647007462425
12.753569313231 43.6318338605
12.765500877896 43.685552421832
12.803298972942 43.608439272574
12.768912930421 43.632428000997
12.838224640062 43.622349100033
12.762589026619 43.621654650041
12.795311242733 43.666575590946
12.850240851238 43.664777851063
12.805723480811 43.654612709163
12.796982516927 43.581834545185
12.778014458168 43.673049485645
12.749091893339 43.623682618918
12.821218429537 43.582622607065
12.797291994021 43.609752184085
12.777475384913 43.646990260897
12.760233644771 43.644374527358
12.829053665918 43.682697336063
12.788469607399 43.606761408808
12.797064140831 43.670304055659
12.795087364894 43.66703289827
12.858568763781 43.601705617107
12.755152702239 43.657877317491
12.76140773008 43.608979472264
12.857539787145 43.594868119664
12.793177175726 43.672528038136
12.86316689053 43.633553504794
12.760741935487 43.641331159829
12.763123473995 43.633537864629
12.769216811198 43.632726625389
12.757538525761 43.646102508852
12.77414719752 43.614256543414
12.811445098769 43.660026953418
12.850135153111 43.629921968875
12.812688752011 43.603677520831
12.753305218089 43.618366737228
12.800099050554 43.669196542685
12.751881075928 43.621708417622
12.808409133858 43.706018416561
12.837807098349 43.602127434522
12.78343481935 43.679965167644
12.782403199387 43.667749683239
12.840926920295 43.642527684224
12.840788283798 43.618084418431
12.783663565679 43.697044621567
12.771826284852 43.628856491611
12.844643957396 43.61231560151
12.801693483184 43.633250695969
12.833829006124 43.664546106807
12.767490669532 43.615764756995
12.813227279046 43.637525304073
12.793549328036 43.631994490361
12.803343177702 43.696793859704
12.797416354922 43.631887054386
12.791446015163 43.582203069528
12.819056081988 43.590292645449
12.770502213303 43.607678802522
12.85433336203 43.589351748877
12.801625780224 43.68387840955
12.825376525461 43.691327529371
12.747539340422 43.606370326901
12.818176883209 43.612717788973
12.857555754437 43.597959915475
12.789551439152 43.683058330663
12.829778266081 43.662647165222
12.798774358278 43.59719374573
12.805037125875 43.699656829119
12.813766870116 43.570949510027
12.84941392713 43.580405382731
12.798769958319 43.632713547876
12.816282923269 43.635734803826
12.842736194324 43.573212950778
12.807535633842 43.586656365838
12.790751841774 43.601475575774
12.840077873732 43.622195153808
12.755464562122 43.622833273685
12.748269605354 43.605290476536
12.809797732092 43.615294528036
12.790980412548 43.667946578336
12.779620963067 43.696849266413
