42.952169974799 12.103349087363
40.06991683241 -74.880430131372
51.177721085575 8.0995726562569
43.696548108823 13.321715418886
53.25071679533 -8.1893999516915
42.113173098843 13.549295245481
43.53972217561 13.787772654478
45.741389668009 9.9686766088096
42.580527489831 12.082834192611
41.235428365197 12.502680448395
51.516046696816 0.54863148342755
43.067465887457 12.466466129996
43.740046319917 12.334804943474
42.690900271636 13.56059373664
44.805131736561 9.2621764115092
44.722569788167 10.492647659475
47.362453896975 13.025984321056
42.99982927602 13.542878789635
42.942397957196 12.208904890462
42.426441840116 12.854293447407
42.460942016684 12.887492245963
43.204920643591 12.001298347044
42.56024859967 13.131430474658
43.418860485993 12.747779505231
42.336182143717 13.069260471088
43.555905722362 12.48040298397
41.929366843297 13.352233221474
51.340966036702 8.8820524149956
42.57552135625 12.253000151039
50.941183053628 -0.058195162642833
42.01569576704 12.544414537302
41.945738905571 12.984883709359
43.024167557279 13.601774593185
45.845192920508 7.8900896922429
45.258459915993 1.1266468521797
43.707267879859 12.35218781391
42.743811451266 12.747018339481
41.364317368889 -112.35497247407
43.678416388446 12.572967651122
41.981391422929 13.266796420008
43.346002868559 12.374140469087
43.254304838972 13.552089259772
51.283459486339 -0.64498182281618
43.421905195092 12.879696425947
42.449503182664 13.375732775042
51.84737776073 8.0406195186268
43.569408540434 13.083545247153
43.459574686598 12.87256500028
42.205761792721 13.19153478613
53.258785255607 5.7349823610787
42.753451460413 12.935435411046
42.328258937864 12.051284021743
42.401917281303 13.711504585462
43.404049841896 13.539649596244
30.641218779041 -82.007280604113
51.360997217643 0.42809718722389
42.767245964991 13.819896605734
51.219178288346 9.5758662631623
42.732330023207 12.497296354986
51.760018950216 8.7928809331697
42.837164787055 13.51902601382
41.99321457466 13.537396725538
42.813535747052 12.560646456483
45.166980768443 8.5857824733392
43.031168690452 12.228432556276
45.683880596044 6.8378293730705
41.904161805729 13.615400366793
42.270542749816 12.461128183411
43.289757829315 11.839424822891
42.702918575494 13.185712275203
39.297823181706 -112.00988388188
42.316949721594 13.297151280726
43.602835908368 13.164048484624
50.390491511971 15.826391122922
42.625583665292 13.201282214022
42.377507867023 13.088303774657
43.365873400313 13.697576565548
42.04372176439 13.542269601294
42.908779087921 12.987969147523
42.053743112413 13.764194938265
42.346103223689 13.533879947187
43.552455462328 12.542501832632
41.889343553192 12.476108263489
42.8536355332 12.029085597989
50.319208581149 8.4430596769988
44.995464704859 10.975707032171
39.877128426546 -75.274403011686
51.841832962279 9.6362049168144
41.882842241753 13.758141026275
26.63014471512 -80.931320070532
42.289347966823 12.817571842048
42.130171235732 13.598854068501
42.097051708094 13.415296045346
43.117215334513 12.021717091588
51.789979872429 6.0806857186047
42.217279003124 13.315096304454
42.157855919191 11.921237648915
51.938398705767 8.9272674792108
47.57432162835 7.0257531041399
42.739918871217 12.228407000785
51.470639881664 -0.86755939711703
42.881474858581 13.006608371647
42.980254238018 11.857691812284
50.703109141999 0.4095316023098
42.743926257262 12.599458308259
41.412604603107 14.181999809121
46.176069342941 11.313665798916
43.217645371921 13.468618882594
