11.774260789682 46.786155397161
11.709218030603 46.680138025072
11.435099046296 47.139733905317
11.399711053262 48.034330973043
11.76356893352 46.636971604428
11.866319372324 46.792943525616
11.876284393771 47.036778083368
12.013800838691 46.796341783363
11.481374194346 46.660159279618
12.013454334884 46.944052698183
12.066048390452 46.682541335166
11.436124370755 46.99730615995
12.077108160328 46.967875475237
11.324810491162 46.894966072938
11.725151966363 47.101197785002
11.970968665143 46.703728810399
11.865715361303 47.475035986807
11.963890508334 46.709824866599
11.711556548186 46.725293488233
11.389183931865 47.172959635769
11.829428730986 46.947621558887
11.581550947405 48.866367614323
12.151615420637 47.637804165803
11.793177720228 46.662399871306
11.889627913593 47.299089619286
11.23252227045 46.98911028234
11.905926889298 46.899070225728
12.032730614849 46.807856613334
11.904096974891 46.795779862553
11.821563702351 46.659739798468
11.736404479058 47.319696794136
11.834228240973 47.120952277223
11.891959406918 46.857855630625
11.604683271167 46.893419903567
11.619021349756 47.126919698774
11.056210539961 47.296948680515
11.908135217737 47.053143047941
12.193190216058 47.78320164065
11.212149715031 47.616605824892
11.945134566771 46.878195111306
11.305392202297 47.15189644534
11.873681475049 47.101328593449
12.082341121616 46.756290792958
11.74503622395 46.794424818922
11.620165435586 47.057782225061
11.769896968326 46.738915874224
11.445273546875 47.073893062528
12.217922873923 46.813161637351
11.746694477788 46.934770396603
11.714513529795 46.904269542177
12.364934231578 47.399034183912
11.415421166816 47.045761698601
11.25534124675 47.387471038402
11.80274509739 46.888364125645
11.605332669988 47.099117526507
11.961964767874 47.128464143108
10.903871415813 47.887966201612
11.793538467096 46.738086732637
11.893005901597 47.463248635581
12.313027677903 47.120594052843
11.154033908392 47.123639771961
12.373917435258 47.416693115123
12.125214749447 46.900995417892
12.151325193347 47.017505057217
12.342434304714 47.257061341685
11.137325876668 47.228619583337
11.747893355392 48.254558318038
11.557767588276 47.323056754436
11.376690703785 47.024401062368
12.18351212399 47.427797221801
11.481818269255 47.5249025016
11.444818134792 47.221265337256
11.724596157283 46.859131272535
11.474990218525 46.725783210812
11.404032009723 47.410920978529
12.043901413257 47.601947791901
11.900568511638 46.639391719475
11.468809220294 46.94375696415
11.927886706811 47.063230222705
11.716545477077 47.007902205648
11.197995139725 47.534443815767
11.476833115446 46.719023620339
11.600207611432 46.926823020136
11.952916886335 47.282744244061
11.680712549032 46.685259788805
11.615515371487 47.788725622179
11.570783009963 46.616224213531
11.385356624024 46.925906662983
11.907836509991 47.421321549838
12.20259898417 46.792591358529
11.854869604208 47.199685855119
11.864253024854 46.967122748758
11.775805893131 47.356903373709
11.570890563506 47.44077115359
12.286462124917 47.399126401171
12.124340263884 47.379480012126
11.263529295413 47.314056284963
11.734994993145 46.804329046979
12.083046620632 47.298999875737
11.892435754809 47.797883501671
11.400014809219 46.779191610489
11.719104545128 46.721288666584
12.098560265914 47.984453408995
11.987425666462 46.936643358013
11.736876330847 46.739219036952
11.294846779711 47.004691488552
11.320140903872 47.249778894333
11.476174951918 47.084790144809
