41.986791227493 13.127790569408
42.660925767248 12.515375382994
42.591483797243 12.747320586253
43.801693831033 13.384535744986
47.709020983758 7.0667547253271
41.016664490063 15.495099503752
42.87238067306 13.329628823178
42.81477203819 13.459145429313
41.920985358286 13.417876461271
46.204372190032 9.0904613169354
43.59476012487 12.45719443611
42.450241179902 12.244414676116
46.166860821502 -72.981247839647
39.034771213022 -89.848546766013
42.07147185603 12.170158069681
43.056451544679 12.685488806446
43.030122643372 13.028554067516
43.426074662931 12.321008850991
46.997416000346 7.0544281206347
42.303977500344 13.724875357361
42.144358296036 12.459453942955
43.142211125785 13.008334557551
43.504490923392 13.0451069619
42.724149400727 13.541569118196
44.235037005825 12.105241246524
43.279035545715 13.814123996147
43.083842945811 12.83018762985
43.405796015845 13.460651892473
43.37786939108 12.490336429111
43.096761436733 13.776451547547
42.94729018428 11.695253280597
45.874677074132 10.931489856181
45.464738541474 10.002359493984
43.323251656894 13.112339995409
43.209093282118 13.771995842837
42.495743076103 12.703877569059
43.037547553462 13.355197759066
42.564112536893 13.502167822117
51.435682735143 9.0945430333235
42.476222380773 13.236816725359
43.395125216544 13.77098298949
45.162277996176 9.531393381735
42.70100560074 13.205503029866
39.160096362241 -89.970749801377
50.187157537875 9.886446369759
42.683878260538 12.772882013963
43.609452508229 12.809313740513
43.662286183661 12.186222424838
48.567563628134 12.180527397259
26.062876977039 -79.932026294769
43.806390750618 12.913833503592
50.253931959278 9.573912099271
51.569711980908 4.915282882827
43.315814736002 13.031526727172
41.836843547356 13.411489066415
38.105249316481 -97.879935171865
42.964649353181 13.079062330129
45.388471502223 8.5366227114534
43.508551797929 8.4410819667815
42.651936928135 13.717800590099
41.964721332309 13.265473228093
43.743083678087 12.837147359681
42.298213361457 12.374200002486
42.031347634306 13.018742688496
42.548414875564 13.294772171574
42.474382983763 13.365316342754
44.283406623983 11.747161977436
43.622073164055 11.912419779672
43.780976165471 12.020598066536
42.904795381683 12.090079503663
42.897546444993 13.38001610731
43.625325812805 13.519738117962
42.535132588158 13.737184833168
42.978999708325 12.44504812988
42.771810896609 12.042254277546
42.087705356131 12.153267701249
42.784552555452 12.296472816421
50.369783690371 9.9861857891018
50.742539340045 9.0285994657448
51.290750234989 8.9747111648203
51.143456965519 0.31427491279518
43.219790089533 13.110208117941
42.823884150418 12.378072319749
42.627287021686 12.48670031807
43.757200753224 13.151599758396
43.09389179998 12.246505138134
42.61456154271 13.022131398352
43.041405862238 13.087215125157
41.886728933981 12.263277030228
42.226870266382 12.838150669766
42.272283719535 12.315810191613
42.216116400092 12.770442508541
42.97370716325 13.233591340146
47.846093913257 13.666183918347
53.214981771873 5.709759437926
44.057152624711 11.396243198983
42.8109081317 13.406914064406
43.082220900863 13.285906457031
51.893893715876 8.0283619561365
42.491055725392 12.144588364377
41.406708398244 -74.901579100724
43.478896506375 11.941576465027
43.373253471413 13.119062163478
43.792765593081 13.145708723548
41.932356788766 11.905205920781
42.748260695857 12.220634087113
43.304343045852 13.500030392569
45.455438099548 2.4261034999164
38.337659105059 -76.884732241182
42.061643941378 13.135010862807
43.659535445601 12.604519151454
42.225866267584 12.018029705651
43.288857545394 12.76444247263
43.171722181405 10.609591965708
42.599209781571 12.093963818224
43.610329265546 12.567966447963
42.51824897228 12.330287615012
46.035440216323 7.9304815740001
40.469382307315 16.481712820584
42.869648258628 13.239887477031
42.300341276613 12.737779667966
42.907786095027 13.073172286674
45.345736073372 10.63913502509
46.150576924975 1.6239481594525
41.286565408448 -73.178466586276
42.196531445832 13.727326602103
43.268646690675 11.983570482595
42.747492553104 13.761304388198
44.84732965445 12.124091229366
42.519371893054 13.01094339418
33.216747485242 -84.676090740821
42.911636286861 12.970004529234
42.730281131703 12.359440161104
45.316854187246 11.930716838909
42.18348253203 12.902606705645
43.483385659535 13.381696516381
43.336170262835 13.542212844168
46.243047157139 10.439857269542
43.192236491124 13.538692066252
42.934072749214 13.259900123954
43.114165919907 12.17194220946
44.031537605699 7.7811892725928
45.004383873196 2.3272349426184
42.430283659359 13.006892018976
41.527216419044 -75.083512101958
51.550625883998 -0.31809808846008
51.647167945116 8.5584347986423
41.901187299379 11.795644640173
42.786569498867 11.889760083954
42.43356778495 13.813006795877
43.15207406748 12.919327619003
51.143708982339 0.80025625493856
41.849062017116 13.123760900539
42.086385341888 12.865221825387
41.839281380123 12.672824766356
42.256098976033 13.801329697876
43.720423331375 11.909434011651
43.535921433745 13.283276699171
43.132796709974 12.108643429891
46.045113083276 12.701880333688
43.170572993446 12.028668830671
42.813836468784 12.006540372526
43.789798807742 11.94829933019
41.856604757673 12.059856749654
42.874886596538 13.045468049166
42.569990544866 13.736232957235
43.144419180318 13.762178085655
50.415585820757 9.8008931660098
42.344628931205 11.99624081377
42.985967300847 13.654140344681
43.357293911 13.31749918189
42.98614317087 12.083709320579
34.148544611658 -118.64884653374
53.221339734607 5.6032743523145
43.241154277831 13.519186537044
43.427038926851 13.036548517217
42.360929371513 13.735590610085
46.605855972323 7.639954584483
43.588854478967 12.253931174194
43.628622975048 13.245540197143
43.679968696891 13.808061517707
43.609748029455 13.289162192649
43.715069756266 12.371446373135
43.24863689779 13.45545259933
40.401240301482 17.696729728627
42.75046450123 12.692160808825
41.970843252733 13.26918454902
42.506323570177 13.264770344044
52.043640312992 5.5288160884654
42.518464476133 13.83179982094
53.4384499015 5.1497634432277
42.117168913205 12.774320704313
43.809059739976 12.319329455199
42.409759895157 12.256156983926
42.70749969117 12.27226552382
43.443382378895 13.722194513198
43.750236808227 13.054505809257
52.707708377022 5.2312793645455
43.361110995713 13.27220780976
51.437030016881 0.53107603472708
43.511328425518 12.506164755463
43.475037432984 12.658641962197
43.030691858416 12.476575488933
41.901040836212 12.40983507198
42.74095249818 13.404464977537
43.481582592021 12.229785535613
41.892592479911 11.860125532795
43.138585071165 12.339992946659
42.569289617992 13.229541907215
42.698094931777 13.145599738784
41.94757744297 13.67514100425
42.358129711078 12.152690342254
43.467794876319 12.655911001703
26.526960568731 -79.811960998645
43.701490190228 12.997252579798
50.451102573635 9.1880145930629
46.765086537583 1.7896078498054
40.660133564373 -74.998502850663
42.217595974571 13.726547344481
