42.236436002088 13.262751043452
43.711498615219 12.327969306322
43.628246587083 12.96137532173
43.762368161607 12.545309636551
43.269818416943 12.314163994677
43.756115017366 12.021834848014
43.92567535447 12.088730033878
42.137032085183 13.441903863795
47.996895201037 8.1398664983641
41.935694351318 12.717969512922
45.026901986972 7.5063681407606
42.221282997293 12.601306168198
42.822347313104 11.875116419476
43.811096071664 12.018695058796
40.946501750614 12.899731956653
42.824657104383 12.741837890254
46.242029420704 9.0295885924388
44.861346572599 9.0617740375277
43.775635835631 12.0217644838
42.125357807228 13.014283035444
42.091439206217 12.386034678869
45.307992601005 9.2492988117269
43.728437967493 12.576365534506
43.237335641069 12.517569971999
42.913379936925 12.710404910499
42.039811284321 12.293142836698
43.091637977928 13.474743682668
42.052613347814 12.366163730813
42.05378243518 12.610924811408
42.069921131299 12.81574637576
50.917446038182 8.079421014562
46.527810865446 10.599743888129
44.040493252336 10.761365064353
42.126491249153 11.942471262062
43.476959574745 13.480646178837
43.393660819362 11.85409820727
41.501210559079 -73.490627617935
43.440170208218 13.010408748433
45.389026316797 12.83331440031
33.520988604019 -118.51285228753
42.95306721609 13.020360834927
43.394666423295 13.033677146807
42.624313877276 12.779257381253
43.337194477852 12.732433083829
43.322965047494 12.615946453838
42.983686825274 11.917728573067
43.719406179508 13.530382471893
43.592304877302 13.541490752989
43.469037825015 12.413345804651
50.813030712219 8.8788322787168
43.577131940807 12.139597927306
42.01564589425 12.715766616054
42.21450977412 12.699177591942
43.159515540211 11.884580013309
42.038379683664 12.541080563136
44.494538969616 9.3257761717428
43.535788540533 13.240069673529
43.393474884535 11.840601468406
26.33996181437 -80.786375368655
42.081219390094 13.384711118615
42.472543263118 12.754021280352
43.712671253252 12.107573634085
43.382639161045 13.134827387137
45.07254146262 8.492024394284
43.187492721822 13.124067011834
51.987225499231 4.9644281939671
43.447263022183 13.401144589971
46.431219243645 1.777700954479
42.650674945533 13.567456139071
43.793648428209 12.448333139295
42.065866200771 12.304987862869
46.736732618064 10.159176995211
42.440235053415 12.173558836905
42.806752175024 12.362714186501
43.096812092765 12.8516591256
42.617491610657 13.349318433271
43.679839979729 13.39573855998
44.657031600227 11.274973412452
42.094279726799 -82.844881030866
42.978756930225 12.249350027318
42.807629757958 12.820559856885
52.522396990996 14.350012183725
42.652105935708 13.2614341212
47.549098878889 8.53976993707
43.721007159802 12.837503940744
42.696068255576 12.656403013366
43.33005335991 12.865591407712
51.713536854467 6.6137181356846
42.411801157266 13.387707759828
43.011496554155 12.83922659321
42.06174873845 13.555789243244
42.544248762815 12.635696676877
56.921553982385 10.641208474357
42.140585492917 11.959171001336
35.843717175567 -79.502550834199
42.604048034013 12.657340909216
43.587438762017 12.252039884355
42.732431515482 13.113764477502
43.51597156588 12.276019651127
51.096092979701 0.0017292159105367
42.009698835693 11.868916941767
42.883029746324 13.308846065474
43.723214182429 12.562991056409
44.83452712832 11.961050821122
42.25262357355 12.983223760514
42.142018715938 11.988887165689
42.325267480863 11.926526362906
43.406430980867 13.363194786668
41.920641294199 13.006477378798
50.918695297986 9.9463710840542
42.366630229825 13.364247897365
43.082171408053 11.874506339393
45.007363142915 2.3717267705927
43.235321159605 12.996028673389
42.617903143011 13.645206816816
42.940685243339 13.18445984052
51.480911876765 9.1361301006452
43.13839201172 11.854654798238
43.694763364149 13.125721224198
43.151000109593 12.268831482303
41.912126632369 -112.3806557104
33.67413034698 -84.918371469117
42.271564971337 12.739811214518
42.571151108956 13.597586398736
42.626821883801 12.547031024747
42.582795769734 13.653168359165
41.853409000159 12.66048966707
42.885344934152 12.099605672594
42.109487739929 13.226031722627
42.538062824674 12.218907439739
42.407274423843 12.128102740819
50.733781393028 8.7070841042824
43.832266190964 13.368296814344
43.749865285025 12.945613665502
42.144895260776 12.708330955242
42.788892520049 13.790019509771
42.108874622338 13.770168303892
42.09536480817 12.891245597944
43.502299211243 13.609938318215
42.721117666814 12.333083771811
43.332307969861 13.372880125147
46.145281925399 2.0524100079445
42.180711113953 12.914074870273
43.005953376671 12.267508444988
51.928150232615 -0.69733549878342
42.269247796533 -83.25788671459
42.818894819293 12.840352151955
43.197885340193 13.586014856878
42.646810851848 13.393415607716
43.455451947404 13.092172655807
42.84315494629 12.426129356712
42.318434811832 12.604159422055
42.370146276623 12.497008665252
42.148582660218 12.783655075742
42.129113135941 12.065562045719
42.086389045758 12.052945065358
42.361990754682 12.40613747316
42.225516084708 13.643707413081
43.340745880914 13.39846382497
43.340927316056 12.33127974131
41.567307557431 -70.341752773981
44.11535272443 11.879868609795
42.071863465997 12.293079557055
42.206526449999 13.436540562418
43.607912453661 12.106847921923
45.5792407622 -73.549946744388
43.468425235019 13.741431580291
61.010706061502 15.611323955754
44.442548617624 8.1587542847794
42.806796189329 12.314449478574
33.420249360623 -111.81146772244
43.828040014893 13.230562016496
42.474616092872 11.854952549981
43.642041296087 11.844596878108
42.653347195917 12.974888731269
47.629277877101 9.6892656583971
42.339513445452 13.782058463817
51.057799123722 -0.040482035831351
42.472775129843 13.301728592881
46.232324242234 2.1738930974034
45.007872246372 6.9709482856215
51.290568620102 9.3148461781977
43.533364555137 12.305038145906
43.559002193904 13.756065153424
42.695415723017 12.359264630081
42.019398598496 12.884562277668
42.728160686685 12.125057888297
46.647153733087 8.5881827068903
39.408637473912 9.0835535426377
43.213058466678 13.267921099585
43.622724191131 11.876950463244
26.592003511989 -81.079826985798
42.550900465155 13.756119740103
51.31250198037 -0.91195036239081
42.350803246906 13.305224214378
42.740041439321 12.684237528001
41.996715946608 12.042004293337
50.587251587579 9.5730675368444
43.066340665851 12.720046336188
43.387107700776 12.658367364995
43.776891653343 12.600886162206
43.753958484996 13.626415148224
40.353540950154 -3.0736255455174
43.819135685388 13.536391629643
43.554961868841 12.738568249058
43.269108138659 12.349334435721
43.815605146746 11.91236973645
41.87374983631 12.417035443458
46.029718596993 9.5773137109248
41.61457012671 13.671244767225
42.500819433735 12.089852540817
42.334274143157 12.664201719551
34.262387453551 -117.21461912837
43.465048418418 11.857579634764
42.770275874909 12.405134347477
41.8876280087 -88.176585161044
51.438897888381 9.3058618550682
50.948636079317 -0.41345357147471
38.030032765936 -77.656874765686
42.740888204326 13.8268739045
43.277990877313 13.130350905087
47.370479815135 13.871215288721
42.413879335606 13.443741877791
43.262321224114 12.94109000265
43.328023492067 13.4409942266
42.138885553081 13.636059924346
40.32140030742 -75.100669869866
42.436297507715 11.971511029646
42.303872972889 12.52288235797
43.320892171639 12.927481250359
43.645147318342 12.434693924375
43.503967041871 12.184674379988
43.509557261856 12.402567754708
42.402512861159 12.523054947876
42.782841583168 13.692034797155
43.250839080334 12.148812357892
42.998984609751 12.438398616614
43.596489876342 13.187233415075
51.623088412975 -0.23426013549056
43.126086162017 12.813714664829
43.05533195897 11.937219115897
42.843115694769 13.657232479519
42.47925377941 13.152077078445
42.371155631922 13.279994699324
43.596254695971 12.113117138463
42.10090097559 12.045626733029
46.153132574238 2.0380059876656
42.150531125346 11.95596916182
50.042998536044 8.175739341963
51.574451663333 8.3614897012531
43.366103278665 12.024528679005
42.43285956256 12.557757415158
42.872735857925 13.620278122679
41.943823407399 13.80794841184
46.246064189005 1.9409025269285
42.580663103902 12.965262661227
43.832398466243 12.805741025997
43.061045676519 13.516743170359
43.070035578737 12.2825105257
42.430049624981 12.740454047818
50.985554362408 -0.70585492430993
43.241922367032 13.707679375891
43.200095051548 12.315291401632
42.446655695556 13.005658642878
41.977753237832 12.158694946302
42.276186537147 12.69269385782
51.060025760466 9.6341168818223
51.598229236481 -0.095981647822062
42.266216065998 12.052632665098
50.593019896929 9.9531122864937
43.507764649369 13.605569583667
42.051064176995 11.953351070638
42.360389456342 12.258706702527
51.648413511949 12.484534989709
42.22300681298 11.866948558442
43.688696431803 12.900683219054
43.444701813389 12.357062198409
43.039337392936 13.706132028136
43.188498078489 13.49867686189
43.486050649793 13.168608984078
37.675917526939 -121.71261341639
51.448486175597 9.1248034667805
42.926515799003 12.799322714957
42.057222147378 -71.240983787837
43.43802608479 13.211037183765
43.062366130812 13.171842492287
34.397070553052 -118.8272213896
42.661324580529 13.270258342994
43.270543800814 12.324683977463
43.619798988879 13.55518487962
42.018376368593 13.530925495353
42.537099527466 12.600398256744
40.076791946323 17.607908611285
44.953033903429 10.309802069005
43.146840890493 12.94705303758
43.596120212991 12.226332884874
51.745120857491 -0.38479271647277
45.605068150861 10.101505980248
43.194846461639 12.056815733715
46.552363870923 1.0225218543888
42.923365313079 13.571673481081
38.590658762476 -77.864434655652
41.942763724824 12.907074196242
43.508721521382 13.265677967254
42.92790144541 11.985421137898
42.748029072207 12.272509371078
43.418163178704 12.868738781621
51.232847913975 -0.10930088079501
43.051880185072 12.628667217993
50.866469068856 8.9759523859136
43.787290304356 12.066892922442
42.760473185594 13.366513081552
42.550012450011 13.055033181841
50.405889627247 9.4768678292059
43.507183212578 12.563288465426
25.505741112153 -81.092544428391
43.651093541969 13.231501609216
42.863802368245 12.768323577388
42.443282398623 12.769853446546
45.904796245929 1.8631229358088
43.02491331011 12.864727360899
51.792962684898 6.3856853533702
56.054853260077 9.7012870687532
43.41067562646 11.982379293082
42.176306982628 13.006775307959
50.656156328579 -0.33158452363758
29.175021884587 -97.591840503575
42.736844063635 12.191056647914
43.076092894246 13.090726746775
44.262646023935 8.1067986910053
51.07507455399 9.3319755347129
51.252489344334 8.5892773231442
42.188739184399 11.950781537218
43.290600455057 13.743264940003
25.677791568284 -79.642795304411
42.770085802681 12.96121656569
42.118176667096 12.305463915388
42.887306744667 12.185821191515
48.539441823559 13.264035803596
46.082082373594 7.9194683329759
42.588918489699 13.806497438276
41.935101248315 12.867094886914
38.865572130245 -97.018404756681
44.103021080535 12.951362324881
42.915684451796 13.368239110063
43.425467998474 13.652122655742
43.306355656288 12.53240101206
43.735298669795 11.98535638304
42.288279104667 12.952571608591
51.110717545315 9.1815307793121
43.529309447657 12.800156153201
42.230673522817 12.637001258639
42.523403137256 13.301316571583
43.150996042041 13.41518908714
45.490886500567 -73.561611372445
43.492282226932 13.472476344797
46.616156350272 9.207790183233
43.685600612653 12.051343729764
42.179754521802 13.519972579817
42.461534795587 12.147271606229
42.561613716002 13.555532553513
52.745340565101 -7.7166877429544
43.439937831594 13.365680604899
26.292367225632 -80.481627959326
42.460045539078 12.043970386539
42.644319536485 13.320711047559
43.286239561779 13.328806959732
43.106311790716 12.270966771206
34.039367516583 -83.490578325135
41.941035904449 13.397694617716
40.741652078958 -73.51233426146
43.115848912467 12.429572966171
42.097997887592 12.540720994857
33.84037665348 -118.97698262591
43.473615717384 13.540062467374
42.92556268767 13.506345945667
46.690520569072 2.688333030645
43.003859284822 13.282753668413
42.459942669377 13.766946108459
41.913434923607 12.332832399
43.019921599918 13.738799473636
43.390551765187 12.706539761159
46.612673231432 9.8539067527763
29.377632482916 -95.18648312643
43.167970957799 12.695851071151
46.930726164454 2.054958903722
47.283842498103 7.6715495049355
42.634743316881 12.328727070882
42.768614846661 13.629443758947
42.574707337478 13.568750612724
42.460339526395 25.657160178133
43.193255783635 13.444687676844
43.245437026159 12.919727271872
38.633969680875 -78.40504850462
43.138585071165 12.339992946659
42.149946749301 12.187192353062
43.344905916317 12.231678079943
46.219281323219 12.002280747703
52.015360446887 0.42909812383312
40.570781625812 -74.408915064285
43.070791332105 12.66156338747
41.925320927971 13.291413282667
42.627541107904 12.554649484157
41.070996542634 12.524628745913
42.012208506957 11.88428319708
42.464448251533 13.325569648003
51.354288299267 9.5533211848481
42.261492802439 13.344448029245
43.119227112347 13.089486303802
46.80970906923 8.051568063
42.107639071603 12.394706729539
42.695908527235 12.353540873341
43.261437425533 13.716848197282
42.94145295163 13.775041978257
43.015417038957 13.759792411143
43.327138735155 13.511984422597
47.067164635317 7.9148330953507
