42.027061476406 12.127631792413
42.018097324792 12.168432017422
42.006426192378 12.133811752861
42.014388649286 12.131567635656
42.042489330791 12.136559262491
42.019933641453 12.174463067772
42.021230721411 12.158748755326
42.012432194807 12.165422377275
42.004292150517 12.127553487743
42.014881577371 12.114895524997
41.996786172521 12.124296376095
42.009869202066 12.152549212425
42.005656595831 12.157498694585
42.038424178066 12.108275430814
42.00629953344 12.118512387929
42.013451607925 12.139705116947
41.99968976157 12.163862156313
42.032443144395 12.132865042974
42.000465939308 12.163735041958
42.034168169871 12.133681029165
42.001675606261 12.137506070632
42.043429151219 12.145941419616
42.038145598063 12.152669934182
42.035095167849 12.118528876064
42.001839372817 12.136066988195
42.017326007626 12.159991770147
41.999463823179 12.160592880196
42.017957294855 12.177083909615
42.007364678221 12.155893091672
41.998825590147 12.12585279726
42.021613675201 12.125726449383
42.023811128023 12.158747322021
42.040453304576 12.124713888005
42.004991680873 12.139035796367
42.007968111454 12.108649659508
42.028379347675 12.142620284198
42.008582837905 12.115844275412
42.02218361202 12.170768514842
42.033625934775 12.140117812522
42.038084049282 12.145522111184
41.9988842183 12.127993386319
41.997202676275 12.125834208993
42.01725535703 12.115236900821
42.027437229675 12.12579142869
42.030044505873 12.119241432363
42.036950618998 12.143812517258
42.038149361072 12.109535919109
42.009287851888 12.116319757961
42.040214919059 12.116367545054
42.013402870883 12.131722476881
42.019932508499 12.143024515448
42.034578021653 12.117915236933
42.000232743586 12.144037554594
42.010059296645 12.166113956464
42.011141058549 12.129464549094
42.025099987663 12.106458918262
42.031547965052 12.125081018624
42.018675609056 12.159864337279
42.029391790309 12.127752308814
42.002087401714 12.160467987976
41.998089093735 12.118596531527
42.003104998753 12.1373769693
42.011361470938 12.173801930258
42.012023256187 12.126790718256
42.018617529452 12.109238180869
42.023091957005 12.146436710931
42.004395055142 12.137204093478
