42.545141493711 12.017790644459
42.565001021423 12.053436067933
25.659533182915 -80.60977837639
42.879647003452 13.173725670771
40.976765975031 -73.956183001976
43.022196387438 12.909986222608
46.119584803525 1.8476129112987
43.108714855813 13.807470928343
51.342822728373 8.4401011604071
42.96211168636 12.654727092339
42.205268221093 12.960085889327
46.184953224931 2.2658378324778
42.803772323229 13.681629164483
43.367876996944 12.51181992635
43.686157524926 12.118236028665
42.479620829935 12.202959950198
43.355929072667 13.269660782216
42.223130643027 12.876415046361
46.208232087646 8.1924662711995
43.778888562612 12.157858178114
52.900597017445 6.0014190889203
43.209866225838 13.241930074192
34.324528210794 -118.51444337333
41.895050620632 12.894281922811
43.663936135224 12.70761087991
42.784493467226 13.331602458086
42.205387552385 13.823420745259
42.264004786177 12.554174145031
42.823707723929 12.261665153926
46.646154590726 12.440937980166
42.424877783968 13.004041892034
46.357522858482 11.579082927353
42.711798693872 12.130839184009
41.923360794302 13.537622660204
43.650816264421 12.47951045098
50.013774129103 8.5480808129292
53.646855683367 -7.7737944786315
42.646032356979 12.925322293756
51.34221934124 8.3706167020698
42.034029969982 13.580759675999
42.92860698559 12.347245053571
42.079081952164 11.970541688155
53.338996656397 -8.9258790486147
43.346350442335 13.281369683485
43.569471249643 12.882861122921
43.371154814687 12.128812890581
43.483774599865 13.398478578983
43.787039906174 12.355559994653
43.800905821773 12.394058282226
43.077823410334 13.053602729039
52.783912963366 5.7711656834097
43.524722021338 12.191638868412
41.914455948844 12.975662309686
42.305406918447 12.176173889181
43.58284828422 12.610648301735
41.925735138809 12.684655733281
43.138580476019 13.311713656577
41.07419625277 -74.789365658747
41.870948083194 12.507896480408
43.721415261629 12.163869693507
50.555614618145 0.76152183937446
43.025571610346 12.841365893319
42.609739451974 13.303495404473
40.24475280874 -73.429506074037
42.870010851843 12.817983600713
32.076689020476 -97.144038759617
44.625446183109 7.3681821267926
42.340877236512 12.103894401877
41.881432245451 11.852077602361
42.567800959858 13.306785362937
43.101135117536 12.316490272694
43.239662828988 12.530621260673
42.574808595991 13.545181093081
41.188985426762 -73.966200023251
51.18474193345 9.6521568115112
33.628278403216 -117.75273145656
42.850605133407 13.701330322189
43.397142738775 12.800859081021
43.789188824517 13.555016080197
50.636911617889 9.1459355373615
43.05360444081 13.606784967544
43.294809599565 12.780201598455
43.595296878666 12.871664547323
47.629277877101 9.6892656583971
42.615925038541 12.468863784575
42.447436386483 13.141543073667
43.055343567906 12.966439293237
43.274119430836 13.322716655847
43.618139626767 13.829412749444
50.470097498256 8.8740918626422
43.043429133058 12.650632317968
42.71154811641 13.466476323321
45.092221335083 9.7677368552297
51.883581999402 5.9569178541223
43.219663522795 12.527209194644
51.832251051363 8.0358036505225
42.692463636276 13.744460684615
42.039325702975 12.581498482091
42.464921741053 13.255670006993
43.728681664809 13.550130157543
45.757335292994 2.535106695972
43.094850860136 12.49033026981
41.87387453854 12.710549030805
41.420458544393 -73.946242823838
41.863869756418 13.277312439085
46.008727330525 11.604158665452
42.367537867004 12.340582321112
42.51206214426 12.544785236283
43.18487380316 12.243762147282
42.85114102573 13.018681240763
51.144574140732 8.5979049264444
42.990667270047 12.042187347117
43.075450253729 13.050821888771
42.256786586392 12.894148278022
43.634741158541 12.015520972694
42.467954813276 13.424119773539
43.47795183981 13.801880171917
42.393359745126 12.874097747691
45.062458000175 1.1514573270229
43.184512706115 12.221577765544
41.867080878425 11.877974427269
42.043733966578 13.726069097766
43.024331271215 11.93003454943
51.937031806883 19.970181587604
42.366943649674 13.014409105321
43.455062976806 13.525434363899
43.714596905168 13.563561530136
42.112521758842 12.978158194117
43.672532810698 13.004213503585
45.071291645088 10.160430225062
42.127797632093 12.877911526208
25.048245188786 -79.337050715428
43.317558161152 13.48496561429
40.798217349744 -73.462222365543
43.568230505387 12.326415004382
42.326068720487 13.814184682378
42.646924805684 13.255127940932
43.582627681376 13.212658966546
43.368717314402 12.62854598913
43.037422359959 12.377282319321
43.731368798658 13.353482197224
42.1469610027 12.672588897738
43.461955804614 11.889690275739
42.642283559631 13.389550878869
42.318383436819 13.231993049047
46.881185931287 11.169460158108
43.778430320706 13.512177140711
41.967636656022 12.192953759915
42.219138112508 12.928949010546
26.092881585032 -80.481194676865
42.326049487279 11.947151640426
42.478529731966 24.190962520983
42.497523993506 12.790791015064
41.955252401531 12.844709136006
50.465736089491 8.8473024078865
42.210104983884 12.480506931676
42.244438109589 12.712727441805
42.174756670939 13.687168918891
43.306303718291 12.73113934825
42.808171863599 12.246617969727
42.248112265623 13.813243229342
43.547504046742 13.773597676688
43.189920446014 13.119475832751
43.447502696185 13.374550725063
43.166942828434 12.872147725391
45.097135637001 2.7514446278808
42.462961080255 12.263944437406
42.519906366973 13.35769515969
46.331094955714 8.942044430851
42.659593231373 13.554237313382
42.722323159579 12.202121885143
42.675678238608 13.130237503525
46.236788396368 2.2244096129315
43.12411961107 12.782182443341
42.287750856175 12.589469842908
45.261795409704 8.7933252818619
43.151377236562 12.234196823686
43.739278484501 11.835203244295
42.35354097858 12.797711885461
34.493784058449 -119.22572762369
28.556350256118 -98.290829125955
43.63490161052 13.363663941812
43.357301785798 13.753034470975
43.212939599183 12.523707053889
43.518719235232 12.691746787977
42.563095163372 13.340938494721
42.514601751026 13.068199936819
-38.094080203722 144.07758149618
51.44163770482 9.6368754718624
43.329635425645 13.779968399007
42.77384060054 13.501049967737
43.239553001842 11.981030402717
42.643253362592 12.609996452301
37.378052705144 -97.979437191961
42.300578584124 12.236146459487
43.461168394194 13.82251124916
43.753432221151 13.115909665898
43.577632708299 12.717606647761
42.35192579096 12.272674168608
43.681725838073 20.859517807541
43.594868119664 12.857539787145
43.242705595814 13.452740325359
51.472241762314 8.6021245534542
42.994049183577 12.175867635394
42.773435747166 12.107933753241
41.297350640573 12.394489779719
42.507588633593 12.505491560116
42.467018651083 13.072638277951
46.377749057663 2.122745988482
42.173088729949 13.733612010618
43.049802943177 13.616458855877
42.661874218707 13.088939226295
42.731484740868 13.508474764672
25.252985825397 -79.64435981551
43.417314058851 12.13994442587
50.547847057016 9.1553483280145
43.47093867488 12.374482721751
42.854170246003 11.896952046054
50.095475913536 9.5505403571532
50.912769924343 9.3415025073763
43.739501431018 11.962222788021
42.47205993045 12.238355869094
41.941202482668 13.173968891715
51.389873464308 8.0911929770797
42.394007910247 13.269874359162
42.711314584599 12.785372132147
42.089129147648 13.649977186087
43.325869860766 12.903064354764
42.349909078979 12.053667608229
41.839284376187 13.679646320513
41.912425670753 13.285050844927
42.426475507892 13.540672908344
42.412917841439 11.918664629554
42.844165838738 12.330294060696
41.879820398486 11.979132024583
43.377160613622 12.579215684731
43.055988158146 11.911536893322
42.755276522972 12.934668204738
43.707270223066 12.454037877498
43.323379391976 12.555132240802
42.876482520682 12.551314140482
42.204128713929 12.136669248427
42.844895984926 13.562745296679
43.644682535757 13.655569135538
43.639321649766 13.050282926343
42.685785846659 13.029211624094
42.035231434778 13.513589001055
41.868272135925 12.636829004009
43.347073238526 13.315360989124
41.897369008019 12.826608670816
43.710778990181 12.589623356999
43.240425220824 12.706966353465
43.095379641345 11.886542085526
42.199633432201 12.311166514808
43.074024807252 11.964432284706
43.059018394958 12.013578663607
42.225199979856 12.226167361378
42.562616348084 13.808521129123
42.554287553578 13.110360393373
43.439388664199 12.497534699059
41.844540426456 12.095381853236
43.082048405487 12.055093204184
42.411568543621 12.681429931767
42.493423434225 12.286785717742
41.870546341834 13.149281637834
43.659782858428 13.061988134918
43.687695158521 12.685662403577
43.64454607232 12.554459583759
42.842211087182 12.262748079518
42.027658258133 12.194622523263
43.479803860432 11.878321437595
43.345745460312 12.833929751478
42.699399620176 12.701206419964
41.900755473387 12.474807481989
41.914693813287 13.158100898938
41.996975332518 13.525079683201
42.568086382287 12.13167910938
