42.217048640485 13.058890728794
42.320112639743 13.205679630512
45.578311219124 9.4965028876678
51.94875779699 9.9454718460075
42.571364180472 13.676500956864
43.503553898795 13.788604816344
43.181949084265 11.942002711812
42.395375471302 12.546011313606
42.043249290478 11.938346697941
51.572990287129 5.2814296807774
43.730943744898 12.479983732349
43.310159568375 12.518643378077
51.873358965792 9.3285891731868
43.003331644949 12.58851577697
39.656156490105 -78.031641046956
42.27172416184 13.550071950813
43.433455164767 13.439530779368
42.083175160051 11.887485569312
42.267865081929 12.557933518013
42.395422519855 12.59797414655
42.560002703967 12.085376009406
42.635857804879 11.746593869944
42.719456203638 12.108811539669
41.89986984022 13.399690625255
27.146371317016 -82.896096536498
50.925365940633 9.5035925658902
45.265257918863 8.7549891437217
51.427136403707 9.994208171961
53.391916023284 -7.7357177421151
41.951096654402 12.116923779325
42.085548302685 11.944132765284
42.580355640792 13.683715525888
51.430473342738 8.3221265595975
42.318666909991 12.589290255976
43.492421115999 13.196243501846
43.016710458869 11.62839385745
43.703032955876 12.558810669279
43.752413673698 13.670375084372
42.283623911128 12.906825010642
42.467117269296 12.868327530061
41.995706437175 13.053200217475
42.705242069322 13.688036903615
42.304865813977 13.110239715853
42.625026944405 13.07235898828
42.366803941509 12.5534543938
51.336696640279 9.3004062791823
43.346469794582 13.337235293995
43.617848617799 12.998703923562
42.352664869464 13.009634311802
45.444186539668 11.746386864731
42.931507500343 12.946443405464
42.202126336865 13.489667112722
43.391558997071 12.629257058573
25.463322258287 -80.400411444712
43.372413801689 13.204851533403
43.676696335302 12.013281844584
42.701323223648 13.595588457603
51.703860805232 9.2192533804193
42.287535680427 16.649882804535
42.972333745573 11.933055809223
46.463291287172 7.703513436347
43.608986660677 13.454027835978
43.743972870889 11.871472984514
44.037705646103 13.346537448322
41.997092303374 13.153462636843
42.116504788008 11.843946496904
46.37441840599 2.4622962290711
42.113242341279 12.39178827891
50.832466722155 -1.004994037149
42.215800968586 12.177358938019
42.33445475827 13.703586766845
43.828217693546 12.614518500706
43.295190664632 13.336107386919
41.982791795408 11.96471739654
43.703942137653 12.20973717992
43.689010142225 13.330101812433
42.646034199135 12.10476760061
43.263521026964 13.549894794633
42.334810110917 13.375925682681
43.496649800121 13.796505238787
43.046457050411 11.942396829365
43.592304877302 13.541490752989
42.889398321013 13.029985145701
42.021566914193 -83.068252205156
-38.152687740118 145.45897531268
50.346083515485 8.211380115343
43.812508956929 11.901876047229
42.0990188495 12.0096870987
53.28565129651 -8.108891225005
42.573865676121 13.070081131121
51.067142412796 -0.85692775760168
43.530030226603 12.587863083758
51.919347682232 -1.0859817756321
46.677511426659 10.579277690935
43.50236501058 12.372583687966
42.224188546776 12.414960031146
39.187115657732 -83.893917576899
52.107839105468 0.53905814114449
42.723687573228 12.28749749825
45.069847448762 1.4809205520344
51.773119728441 9.7981669799416
43.730654918484 12.873520468789
42.339566759479 12.889156164571
42.52817975477 12.587021889925
42.183009305609 13.653656045766
45.144560528521 2.71052792748
52.791598655396 4.7756626377723
43.290004909195 11.889036058883
42.62199209615 13.58903319977
42.342352381157 13.712074057086
43.733915068106 12.216830223455
42.241578719247 12.713861058354
43.358969009204 12.566853965918
41.853032284834 13.761340272988
41.882719546057 13.255325504719
43.513232660274 13.347480340112
43.087699867381 11.949241142252
42.58887628216 13.391614734864
43.509359394458 13.621707815522
43.029920662323 12.285190818985
41.837571927292 13.107880136069
42.240148391242 12.454573780065
42.938893682316 12.128277193836
41.863520531873 13.567681559181
42.488953665148 12.153619771916
46.3622796621 1.2407239453125
40.542636858738 19.288685918501
46.843315855527 2.275631160138
43.583381067323 13.095491184918
42.989224028324 13.559184588308
43.629075937753 12.668399300759
41.87928312408 12.25762589709
42.763432013247 13.788366606381
42.40822574983 12.173154339296
42.863162276758 12.8962238603
50.156002222167 9.448730411217
52.449338427721 5.9941813807209
43.816680465761 13.760744107331
42.696850568867 12.798172473369
42.702015467336 12.887415013245
42.145068434621 13.633312058951
41.92794248507 13.297076504371
43.138230916198 12.352462926599
42.093170462241 12.362456020623
50.050607586769 9.3262114209711
42.806690676534 13.104952517035
43.395433020052 12.023041013194
27.334538658715 -80.536077575805
43.515865101275 11.892060611368
42.611044929668 12.499861656942
42.674844625741 13.132437755436
42.114789262954 13.189515792408
42.006797230361 12.180328651436
46.379218991091 2.9339904193459
42.042130892671 13.427086058293
46.812139491251 13.811051280404
43.529195663321 13.607911064128
42.297925468813 11.59700158713
41.165580210958 11.703249962674
42.160245360437 11.932007643849
41.86087893504 12.375868921364
43.269290244819 13.800074712301
42.298876395609 13.555063409545
42.344277461706 12.56219505547
43.59339624254 12.457953777864
42.225621088068 13.793245646096
45.909368228616 9.097216692519
44.645120628504 8.6634299322327
42.645098579438 12.968827717013
40.220838674599 -75.371797314684
41.901771624082 11.895346490639
43.201415010377 12.616398664034
42.992378905899 12.278931629529
43.719096422086 13.725247425852
41.980054477707 12.465474955975
42.73404249818 13.37495369344
45.187718217002 11.114358603609
43.373109725964 12.078897538653
43.603623396553 13.085257579633
42.229793939867 13.442244486645
42.954053709283 12.735889206538
43.679944238497 12.749322913957
39.550859081946 -74.491480434254
42.034271054007 13.3109310434
42.189633004477 11.999761971666
42.732431515482 13.113764477502
43.537104461613 12.291798578266
43.251977223576 11.85314896698
42.475824691598 12.081037578232
43.360509056787 12.242386606656
43.270058172436 12.321644934531
46.70492224009 1.7049240524438
43.372915044482 13.312536829322
42.763794416007 12.978593034681
42.668188339897 12.532929968358
43.204205208574 12.980665314489
42.692258282442 12.546794907931
43.02254406785 13.021049859964
42.589886726642 12.835131632574
42.139039205939 12.159880311789
47.224521842678 13.408620967974
45.816672746007 1.2797599156759
53.560277198702 -8.2124337717949
42.066209965437 13.351808995659
42.385915700081 13.351531818228
43.546035059072 13.115600964595
42.093111390312 13.661796668874
41.672684135787 13.878373984584
43.35765684927 13.395729118232
43.588330433068 12.24995173062
42.868037236348 12.3462352992
37.744212991905 -97.802722586227
41.492319399043 -82.373721555257
43.079729387129 12.343086731801
46.795779862553 11.904096974891
42.632113902214 12.765753164799
51.447012529917 8.3056880414047
43.38437745647 13.567992089136
44.762337111317 9.5670339525524
50.982342353315 -0.77402820339614
42.152089202403 12.160517848193
44.376286636445 7.7915618909739
51.110624574409 0.1682542623292
43.259759301462 13.202053990796
42.065399427018 13.393531177397
46.63870430069 1.6252668661183
33.147434971404 -83.50164720337
52.47064638509 0.18918981034271
43.217401377513 12.578985644795
42.632468900027 11.86161968387
46.893419903567 11.604683271167
42.832455915342 12.809319984566
43.028616053087 13.562627006605
25.315208818149 -79.702964180943
43.631926588564 12.370740788251
42.951554473022 12.120960961639
43.798409007417 12.651093904719
33.68747066151 -117.77344547137
43.172241166801 12.344869455504
41.854101411486 12.722266842968
42.339788158138 12.418816503819
42.59624819208 12.365195865934
43.125317970836 12.857616892971
43.454347779741 12.60999223341
43.783957459419 13.396275163834
43.23539005559 12.260202180736
51.465697848921 9.8326023029315
42.792044435086 11.861656105568
43.20080521528 12.638416843807
42.177722603186 13.236988743433
42.881195041782 11.979962433234
42.627109692745 12.45005973079
43.305175401899 12.184859553925
42.156240865682 13.387517082706
50.863829939796 0.032588868831563
42.870405929589 12.13315381118
42.575660488392 12.639492718822
42.714895504415 12.460217089628
51.41464238866 8.0173601615324
45.514356161242 1.7214010030597
43.596653767695 13.437921555006
42.816023607208 12.477553874032
44.686701428956 8.6247489634085
41.309925752522 -74.952561138773
55.576282217436 10.135586922586
43.304157546418 12.165240954706
42.451764737487 13.113871690426
41.546108801426 -82.205500210473
44.706308561681 9.1934510923636
42.354308793507 12.510447507983
47.73921473219 7.4600969150011
45.630084532655 11.527855256606
42.688514787114 12.771822120909
43.385837641745 13.767179530958
52.49937732052 -0.58892168695988
51.420326619372 -0.098412429079601
52.070647619465 -0.52955862024778
43.753090463485 13.033973421473
45.162308379245 9.9587557284923
43.142147117382 13.218589762349
41.963459988129 13.776821232784
43.688279385554 12.008977800633
41.89438491079 12.218850818586
26.960613370838 -79.557305486476
43.77355888524 13.566016967693
45.874610798841 1.1806143537073
42.518354709523 13.182296504372
52.411515572998 -0.5801140338602
42.706008488196 13.325590134305
42.082362068411 13.042529001407
25.28868627234 -79.283905104676
46.326322004171 -114.10168988877
43.34367621615 12.092632815772
51.644256797221 5.4648533871932
41.94413802912 12.959078422284
42.570467380162 13.567325507576
46.329180021483 10.026073732612
42.031192640809 12.845374988807
40.88520862295 -74.403614998564
41.89659788224 13.786400649618
42.47723592097 13.2171180473
43.741017834885 8.2775349687913
43.192780160456 13.668642763846
43.327251671987 13.371742784705
42.064258445105 12.123048910949
42.796045302805 11.966748985002
42.01405121156 12.325691995384
43.19331990566 12.336947221021
43.477119651866 12.361288361906
51.027818800894 8.2904562285591
45.737363297836 25.840420033243
42.670078290494 12.868276227691
42.936623616136 12.637829959245
42.425182400956 13.244550158405
41.979889797058 12.258235913377
43.691436933231 11.942816805555
43.830375642923 13.33992082271
46.175254088838 9.7328492243927
41.997626379618 12.833114523384
47.582453389711 12.535358456932
43.72386340274 11.894139735466
43.719405867515 13.400064415971
42.56596734217 12.919796335495
42.01756229208 12.669838011132
42.38995095968 13.391557837108
43.675360075068 12.455524110003
41.986501595951 12.796877932196
41.907529689887 14.959113371002
42.296431398644 11.984952175072
43.358186263313 11.907228610922
43.4263051662 11.852802407415
43.0282530608 12.440586354344
42.236331568231 12.424102088655
42.720877520165 11.848822671405
48.242191375854 2.0771460396867
42.373480947417 12.46010788833
42.237806392034 12.645197599051
42.667697348033 12.483725178302
41.963126141582 13.163274712958
41.884698006292 12.45867403527
41.902479231333 12.429764142481
52.214216185135 0.60582120460264
43.514940402103 10.679113378694
42.622310403114 13.750107845196
43.113286530207 13.67019412467
43.385605005282 11.942234396463
41.981855100033 12.705431468203
43.748861080871 13.127029469783
41.977569807331 13.084183680885
43.564755824679 12.624737445111
43.561376655757 13.459266158987
43.311781275252 12.464571656897
43.339271566544 12.586891456801
42.255623476254 11.946739247065
42.334800592335 12.526746882858
42.977987369999 11.965715610427
43.27662656704 12.420235740238
42.131028307218 13.117500528303
42.739274454203 13.294759623399
42.856361512515 13.32315334462
42.55030269902 12.772605394394
62.972859281568 14.197045548911
-0.59816541876558 -0.60899780160235
43.406569733029 12.251747770373
42.435598599483 12.972086319708
53.476181581605 6.0831738628136
43.628484914393 12.139101853214
43.459445661634 13.51376407992
42.457008659142 13.038673493585
42.678007140161 12.582371574653
41.994889594633 12.813101718602
43.400610356334 12.667707195837
50.873315416683 8.7831042361367
43.252405635015 8.8748043286241
43.466783100977 12.147392617163
43.363057715543 13.440891935251
43.627951568306 12.207827204956
42.931467837177 12.582799476864
42.082458232589 13.042361768003
42.806757958537 13.604557075375
42.696614307697 13.801384360458
42.890526467439 13.47241267912
42.002664778869 11.916289004945
43.386373668179 12.699186565235
44.751398412488 9.6842133674464
42.781585628552 13.78502283284
42.971735649284 12.331222468231
50.900383167854 9.46510109653
43.105854732986 12.766936204309
43.057773486759 12.899443632897
42.845076428675 13.455650773598
42.096462528287 12.538704660993
43.060341182214 13.312439255583
51.176933580626 9.2438578755799
43.02087816506 11.951094529124
50.140595537676 9.4867333166705
43.577746940601 13.746878328636
41.906768928725 12.768717337779
43.27439916335 12.834347806815
42.557494858095 12.968460724695
34.608766014798 -84.844381029874
45.651531256364 10.027434995574
41.92443709726 12.074837530088
43.190039397327 12.745294148005
42.751187432462 13.794489324018
41.911154716721 12.32486723986
52.07111083929 -0.66507855186941
33.460072656222 -119.29809363132
42.66235186472 12.753857380617
42.137627175163 12.414902542932
42.629204135236 13.052247910806
51.855562900824 5.695497625482
43.15029876828 12.830771879701
42.597496154552 11.875126000457
43.502760805445 13.547039842043
43.002366729103 12.432376545611
42.582969840908 12.854893621476
43.574233342716 13.309449610931
46.392334197365 7.0918661603201
42.216827767557 13.194100583549
39.729192740158 34.154932580029
46.008581365626 10.791864038325
42.916775467322 12.416084316308
39.732789226857 -78.42724317654
55.323715864366 9.3919762244411
46.365071320145 8.9392941379637
26.936619251454 -80.894535137567
43.535734803686 12.755744259712
43.523942760923 11.971669261817
42.226158209737 12.450465970438
43.69770007522 12.349980160312
43.337472262505 13.223230264275
26.421173773885 -80.272246495291
43.619907047444 13.425074653919
43.08948982327 12.71385983739
43.165040473552 13.703153363777
26.766408515968 -79.293542218341
37.049083630414 -121.68500322295
40.048889673592 15.953687848267
43.766527951607 12.837334107087
42.334086986901 12.654080158891
51.08162708724 8.2067550035225
41.939553250552 12.239902244548
41.873979762159 12.888215410492
40.469382307315 16.481712820584
43.302781689608 13.00637760202
42.052063026045 13.579228380054
52.487441859202 -0.078835740773392
42.111630359272 12.372884139613
42.204204199952 13.596783803609
43.495623671702 12.750820313485
42.028266154729 13.729521556652
42.823231298881 13.689050941604
43.322673445739 11.894259585971
42.93961140699 12.67233655542
43.74987780526 13.602123470813
42.650257985431 12.190573647728
41.968540734152 13.778730799828
42.789253512786 13.276668435578
43.57834406133 13.573378827711
42.260969086693 12.586423207834
43.416317331354 11.987802194912
42.362590128746 12.922605202984
41.075184384082 -74.353420429228
43.80051541135 12.990962487197
42.776591626379 13.792400168645
42.512717907577 13.215502243145
40.168888648271 -74.994276818948
50.588384599699 8.3077083045187
43.38597497271 13.365507560973
50.837205775938 9.9777806145036
42.436322498825 12.341525097092
42.127814847125 13.057421661495
51.661264513462 8.9050966486824
43.194036193769 12.675083004274
43.396971634795 12.440347770455
42.657695270005 13.664200544222
42.340036040351 12.008814238503
43.390442038158 13.790275547577
42.885584210945 13.338667176377
47.515132834909 7.1909817388239
33.966900376162 -84.757543646059
42.045107093682 13.305601749732
43.752972899842 12.451847931136
42.934130929401 13.722688519288
43.497223949778 12.863916635471
41.343001370164 -73.523467632386
26.717261062786 -80.93036216056
42.403939766553 11.979599373892
41.913536380026 12.259961879489
42.016710251599 13.343852430298
42.437675094457 13.537224575217
42.191830729245 11.850851119913
43.344071135106 13.404411216941
46.902284266382 2.8149408548209
43.379128288675 12.078527328616
40.204158655292 -105.06172072739
42.223772269799 13.19427497603
42.744682238339 12.542383848497
42.958354449367 12.109827984197
46.558424783737 11.407695972572
44.914460934915 11.959151231572
42.670087254008 12.769207740116
42.878674277535 13.178082164947
43.04123996435 12.626402123678
42.743856815989 12.158339246737
43.520385450947 11.992808766681
42.946918132246 13.030276400538
43.254416794656 13.26172800423
33.717709445908 -118.58405424012
50.274211924185 8.5629676024257
42.488263495049 13.483383070924
43.663425664747 13.68410630139
48.135480415983 -122.03659029315
42.976080547562 13.558350582422
43.085969949668 11.886059360547
52.819310537222 6.2602358351044
47.917817309461 7.9736302271363
42.383820187966 13.658123541485
42.362943007801 13.323674735319
42.384677196122 12.600690811242
41.628426676608 12.511574428466
43.009237178161 13.042676230468
43.583387701134 12.683778927535
42.467772372306 13.482598596498
53.402837889689 6.4466509007368
43.741119294328 12.621054400534
52.225459170866 0.79958669268042
43.488556192505 12.969945562079
43.507239912894 13.539009210926
42.852322189555 12.102159973768
51.525476398657 9.554211952516
43.703392735565 12.965202291967
51.402369332222 8.6907656219279
45.311763589416 2.4506976885957
42.633896699491 11.870717344766
42.593489749654 12.654194310633
43.813297778302 13.278620501665
41.839300590048 12.001199036393
43.255958026881 12.448271600294
43.169807956654 11.986960391063
43.641035376436 13.418207406748
46.725783210812 11.474990218525
42.486871700982 12.859163714063
43.694899189631 13.462380187357
43.460714050804 12.606291097427
43.289757829315 11.839424822891
43.328130781359 12.656142011611
43.606250382797 11.987933680896
25.184308242587 -80.959817880556
42.902016680197 12.484092015554
42.069799551794 12.614640076486
43.625932337097 13.620332380135
50.946256491331 8.0064695826762
51.204999818795 0.510957189091
43.247156764051 12.35764110759
42.97553934251 13.526374738464
41.895036472911 13.275361288488
51.825499297737 6.5724409920268
42.461361266443 12.458982267186
43.448076106372 13.559954550399
43.183505803919 12.170106462769
43.043859414332 11.84055669321
42.989777603203 11.905635332666
43.685552421832 12.765500877896
43.053310690494 13.413117342842
42.690832641784 12.346883078754
42.10947325926 13.656629610668
43.302018096832 12.719832926413
42.200639926477 12.032592798619
42.714952835236 13.668520088174
42.38931625636 12.296736205156
42.724174311743 11.870545388626
50.704069517648 -0.31910522954031
43.599915858193 12.402928156521
40.172059481563 -74.466725454464
45.954180100911 2.4042125900296
42.290108980301 13.377226154517
40.262187495636 -73.951726859079
43.661457026967 9.6703069190101
50.080416802354 9.7311708981782
42.336006962406 13.453622142085
42.461305108157 12.13326998948
42.139651593838 13.082297127288
38.000803133673 -78.031963083326
43.249826297767 12.15652972702
50.852130332893 8.9643525942063
51.653876844167 9.3713286213443
42.378048899315 12.856847331814
46.224486062408 7.3756502272448
44.233659061198 11.484482745747
45.261421225251 8.561681564926
52.791820019619 5.0448094025696
48.285981872972 13.618759824039
43.39459874874 13.646926300457
43.504323954019 13.329639195639
42.967749501584 13.271305645963
43.306239509187 12.213670833157
42.37336366224 12.300483845335
39.705619993657 -77.513740680845
43.609752184085 12.797291994021
42.602418499835 12.584588289554
42.866354184184 11.925441424814
41.950272282118 13.316008559596
51.280374300564 -0.26501652243315
43.451246134237 12.970375570476
43.407138596965 12.269769586769
45.354730489363 2.6892092170609
42.144649287308 12.291726819396
43.325687371833 13.296193353059
42.773497573947 12.64314109771
42.387280327469 12.776288552592
45.353390900839 8.7087846536463
43.09031679767 13.752232645544
43.441173012129 13.294863997651
43.062189231211 13.413042573006
42.308445778374 11.890892954048
51.68870560694 0.17795954368448
42.627055579644 13.828287022129
46.572954716546 11.247166876864
43.14036267306 12.864468920002
42.414992808113 12.646505688174
44.097292345484 9.2919478399409
42.321766920559 13.820251718566
42.068255841785 12.745468971222
42.154287949297 12.92954802931
43.65168934767 13.595288391989
41.847922288297 13.305592918932
43.520254325851 13.07956578728
42.645086480626 13.583639252758
43.215980435843 12.431077321282
43.36931689522 11.887910729709
42.14623732315 13.555186515488
42.602142813451 13.661801685443
43.81245956377 13.419997818985
43.417161266069 12.318989961578
46.208794083076 8.7519077344596
52.430261122962 -0.47361175603401
42.624616816952 12.739636223197
43.764569545542 12.070281259304
43.101400777766 13.78978319179
43.822046295212 11.895410755622
30.574608104804 34.731894830233
50.26726298326 9.2550545857544
43.30815682437 13.536443203958
42.943301174784 12.595821938776
42.327425047929 12.882500175353
46.342272422901 1.1150706862635
43.57649159507 13.705317184213
41.985000190339 11.872684057298
45.527575897764 2.9126542424376
43.117043894791 13.166648967756
-38.570536938296 145.75884602364
42.777579627849 13.831154414395
51.426509388223 0.73098443617159
42.388405757227 12.839339941221
42.835841890369 12.948227880985
50.216799198751 8.6501266908134
50.131122277645 9.9727855916008
51.652870898439 8.3985832298168
51.130879930281 8.1046334566104
51.681848518402 8.9840447227396
51.715931494122 8.9308502045138
51.170573048839 8.5566043958797
46.168012688946 2.1451766007325
51.493702104079 8.21834802824
50.278037016875 8.5730189283253
51.977842439887 8.3101407030179
42.262377179837 13.618735561922
51.186269953934 8.3813679909247
45.516494572403 1.9467254155067
42.49597599336 13.602622253191
41.947807032146 13.415612685709
42.651099085201 13.609268334533
42.845886743111 13.227696858474
37.654779328662 15.237872835918
43.703873527585 11.855904405891
51.392954051445 -1.102585085301
45.632479497738 11.019306431629
52.211998954747 4.7798623154079
43.149811162238 13.197880919205
42.105623084656 13.686563691931
42.893269943976 13.690441101201
33.85345958477 -118.08239691221
42.724687358257 12.812472215322
42.007801658499 12.268588944019
42.177898180775 12.913969362601
43.203733438276 13.548279498049
32.882355637954 -96.327919500725
45.109088394048 11.379956814614
43.129164163104 12.976386773876
42.618841820706 12.237043236979
43.781705580571 13.358113906068
43.08598797821 12.269053609722
42.933541276948 12.167365739687
42.605531009683 13.08764434612
43.827810331189 13.268862704893
42.640323204773 13.11620962441
43.578226764511 13.125310081137
46.317007156237 20.607294056847
43.480925676192 12.974476289479
40.986175283004 -74.461396843076
42.729207247856 12.91421062544
42.765514197671 12.441790671315
43.366287332685 12.319151728118
43.780102725525 13.47985737283
51.731870619921 9.5979556905096
42.005071944115 12.518351305073
43.399123000188 13.701304996734
44.899828811686 11.286626657323
43.210501763623 12.730647615518
42.627371230476 13.280905236176
43.044795867098 12.112458387463
51.186280400113 9.4058334247236
43.155839427002 13.78806709211
42.025099987663 12.106458918262
45.866158229514 8.569724167122
42.395796722006 13.22283852206
42.190272076165 13.732541499556
41.927588803681 13.535615942711
43.076281282642 12.516764265747
42.057713526815 12.699228954382
41.966371698776 12.079907552397
43.290648933656 13.747775160611
42.136915154374 13.50127112984
43.733195304302 12.676745140796
40.92077857314 -74.558854190093
42.099841400117 13.466407778445
43.218948679633 12.027316803146
43.482074941288 12.918671691773
42.049381664532 12.826441402953
26.613555342693 -79.474822212973
51.579497053092 9.3669603855195
47.905369773632 -122.21960282055
43.501766380643 12.513055559042
42.635697218907 12.040822677354
52.695960682908 5.0513371877844
42.727305428485 11.851851377588
43.731468546566 13.668466980436
52.129371570251 6.7299243556242
34.116825737759 -118.84614241191
41.479695833651 12.438187364039
42.297021938647 11.919430634922
42.040694509673 13.072232562172
42.304389781947 13.376462618551
43.404005392664 11.934979821546
33.360812586248 -112.61096973327
42.101330712971 12.219565806568
51.105388391579 -0.47695130789044
43.712200325335 12.588100699537
42.690296375069 12.273150493073
34.058450759595 -118.35405112243
34.52301787767 -118.70950169737
33.236054451494 -117.44654978582
50.531191374888 9.1117844102493
43.565118468185 12.856672596606
42.19466895435 13.472429179827
51.041155102216 9.7461543114605
44.659657111743 7.1857926318566
41.872659106235 12.16742300159
43.134292256171 12.324437760454
42.273269563596 13.804116521426
42.651456020166 12.350396860109
43.017721574783 13.091036898147
45.489525085366 12.662969775786
43.120202823619 13.373889595465
42.918717169652 13.099532566566
42.024220987721 12.379123928223
43.444027865068 13.589522714091
51.49943146971 9.7648470209748
25.753656049127 -80.539823560105
45.594056967736 11.014781726785
41.974721545363 12.07361098105
43.139834614091 13.27579014577
45.715263931789 10.874398280901
36.439939083654 -122.23830054355
43.530133808765 13.475869270284
43.486823349042 12.085395559729
43.725583294765 11.96590023954
33.080415408418 -118.1024084966
51.731176752472 9.2175149909302
46.068605966525 9.7271577754417
28.960401385547 -99.112469416192
51.523357946437 6.0142059616112
51.831747464059 5.2651289689891
41.956731718966 12.382641955944
43.734748490052 12.145123110241
42.405075486493 12.752613267767
42.069732598548 13.686676936099
41.863392881075 11.908130330943
42.322837274227 12.265427154633
42.385546743139 13.555673504994
42.956554805861 13.809246180511
42.740989371103 13.716248649061
37.854645164533 -122.33472594091
51.923581825068 9.0079650208391
43.31355067173 12.912525339032
42.125487964214 12.887119139047
43.15435340032 12.635735566579
52.642055717784 -113.72197078808
42.38381650831 13.069725448785
41.964008236308 13.235799723436
43.747415556476 12.403036072593
42.227710403163 12.991538532095
43.172723059644 13.122555017084
42.979961545684 13.469095224288
43.578559559595 13.499437934041
42.514143593404 12.41017503592
42.909515030661 12.069804688969
42.458200823284 12.4908545979
51.617052523241 9.1485620123095
52.430561727346 5.3919830599995
42.447625359284 13.002509966515
43.541861420305 12.200862156807
43.826746995389 11.175706439361
51.481264272929 9.3303742638465
42.230730246881 12.885473869709
42.202591686625 13.700304214258
42.914622300286 12.810839409407
50.791784012128 9.0200464669708
42.154984745756 13.176419909215
43.286787795057 13.660619248499
42.359903844728 13.669493881387
42.119966239398 12.237663227521
42.895870227805 13.512464347089
43.094425886469 13.633903361242
43.13142152232 13.082776688565
46.901582214004 8.6052020371916
42.771097437393 13.194146969467
43.454158818582 12.460580636983
50.055198262937 9.9325052546023
42.927582556835 13.551556116714
43.348202456438 13.426239039968
42.008404710821 12.623434810745
43.644682535757 13.655569135538
46.992481959049 8.4896589603693
42.580047235184 12.031948407682
42.744875854249 13.42189746884
42.681097748096 12.828411413298
42.59589045059 13.417918392673
