42.215494483365 12.978338825993
45.714993853921 2.0803082753347
43.805434338679 13.213059805454
42.52210451689 12.253994563268
43.488840415857 13.032005565743
42.06820087047 12.709578670447
43.143041309988 12.16879928867
43.726781727174 13.193794047106
43.282506391559 12.525389328865
42.763432013247 13.788366606381
36.59937149259 -122.04747843454
41.86285365974 13.439468023127
43.101996235618 12.771757768382
43.113106026388 11.857686022717
42.672387393526 13.414405632512
43.463326613656 13.402267695613
43.324513240424 12.432488894312
43.714355697743 12.230380960403
42.253883082559 12.804301171959
51.856385792306 0.29166366913434
42.709755700433 13.61599238853
43.467828718253 13.519442302903
42.749563338139 12.423799144788
42.743851113035 13.45155214262
33.465322714394 -117.9587791311
26.880984852484 -80.106845556618
43.333487549973 12.107978564293
33.86690616652 -84.292522130112
25.963224111091 -81.05424948579
42.96519015823 13.120078159107
43.734936847715 12.899091859788
25.692089187752 -79.262315418969
42.784552555452 12.296472816421
43.184619219149 13.740993161586
43.159626741989 13.531979727362
43.791091832722 12.395072793327
43.156730591879 13.808579534224
45.725447485096 1.9887932399236
42.490225321397 12.569286207023
42.872759944092 10.899731602103
34.229353625939 -84.839409009386
45.857296151974 1.9955722666325
41.852447587483 13.291190900531
40.422040388014 -103.9827492478
27.019031571216 -79.859256536444
25.858676805544 -80.220904910384
42.517714855523 13.10007711367
43.444710199018 12.624573316271
43.792518746964 13.22728960741
42.376869680556 12.697334956723
42.378465817042 12.748384160359
43.196005469766 13.719120988047
43.312436134721 13.79349407779
42.148856467192 12.47693210492
42.17368012025 12.055467598653
43.40470882107 12.820672966477
43.157920937148 12.781692861499
43.368063162273 12.414111534347
42.620151195054 13.584588519591
42.191058195306 12.134170454545
42.651938258529 12.752260134927
43.000725964106 13.733096397844
39.962960398697 -74.809318726633
43.727264679397 12.423513454603
43.732243853518 13.692676038359
50.579854942197 9.8190465144902
43.766835644754 12.131145685528
43.029746322927 11.849231527138
43.009589410878 12.599443244582
42.573333031786 12.911359751111
42.715185667742 13.24829735248
42.357052176912 13.245681698569
42.729642252333 12.916349864547
42.866354184184 11.925441424814
42.750935583746 11.843233537808
42.399126718028 13.767594468227
42.281561319403 12.648653835381
42.505728288344 13.648545465755
41.907833578974 13.553632966522
43.446436589347 12.086500282461
40.172323657937 -110.99071474545
43.34716230868 12.77059768691
41.62247026615 13.157595949598
43.67037163615 13.685653500599
43.199511002863 13.053596854256
43.593140539079 12.356641165168
42.796862266419 11.966871966148
43.823302840287 12.012507354402
41.890579836879 13.648288232597
43.66144411811 13.804246948496
42.538693025514 13.3082601588
42.273039505034 12.012864711721
43.36184388039 9.7040376391979
33.256974549248 -116.92724208515
41.834827790447 12.84649214516
42.485870232122 12.641819643177
43.361224706474 11.918829934189
42.94888208294 12.174864812391
42.545356918401 12.160879224169
46.292302477358 11.166449598345
42.429987335799 12.588223077186
43.629319196881 13.681037748571
41.610860404165 -82.312474211099
42.602797362324 13.806040642248
42.636102506742 12.84340470605
42.187845355474 12.40258312805
43.485927612768 12.412374203306
34.148254262448 -116.9581196027
42.018994321611 12.56820316455
42.633251944407 12.517716528644
43.484804315274 13.514786198065
42.3449297931 13.631591039094
41.92069129458 12.530124493677
