29.031271792329 -94.869004342387
29.367271219383 -94.689962113341
43.323683306281 13.380437184789
43.343732491782 12.619397925988
42.832288727226 12.120279226785
47.130437368894 -123.0506639737
34.872205170589 -119.10430432141
42.829126885102 12.16344853966
42.820243654244 12.314921131525
42.956757101697 12.290664148208
34.355525656615 -118.74117775414
41.835023158174 12.367585532094
52.367347031304 0.50709539297833
51.768306315769 8.1449771901336
41.976744396622 12.486816420933
41.387829164363 12.8102967429
51.572990287129 5.2814296807774
42.442608903855 13.49895598951
52.349048248888 -0.64752471621964
42.097707711692 12.0311151571
44.867545293116 12.942889310681
42.432436670865 12.120841834306
43.454928254941 12.733266699956
43.089361263967 13.131727385417
42.837389493306 13.473307863119
42.753986020013 12.587365841788
38.254235794757 -78.264235836315
43.563049242649 12.858221555084
43.219242102124 12.436252031234
42.32017854956 12.071916864564
42.654799157267 13.377251296291
38.863216429594 -76.99653223013
42.37747157571 13.485822712318
40.059544857407 17.114393461779
42.065338126435 12.375562079912
42.738743430834 13.252997717028
43.140549669129 12.041008640586
43.649674249671 13.286255535824
43.41178935089 12.396788341665
43.201458951573 13.350503889562
42.522529572978 12.078549433557
43.03118980307 12.436655933262
42.416263929436 12.500482528981
42.985552319805 13.781169739937
42.0803299002 12.40280039024
41.89986984022 13.399690625255
42.537454691987 12.879807068931
42.391932829487 12.442126487143
42.064688175968 12.455458950484
43.276313408893 11.845837595822
42.767492088402 13.04812468779
42.658591606982 13.65347519596
43.814075699476 11.910627804676
43.032193670551 12.719892565052
42.304865813977 13.110239715853
42.654027298537 11.576236561486
42.424038282348 12.233488997574
42.423087632967 12.312843571118
42.366803941509 12.5534543938
42.435536866884 11.661431477059
43.088901501677 12.002315583195
50.705411651966 8.0365655678495
42.003200327069 13.63938551428
42.08436303033 13.82613080734
42.131913155865 13.275546460096
51.007754212016 0.39994621150659
42.867844604847 13.688930152792
42.455581091112 11.993109552673
43.638829598522 13.752610110584
42.437985661665 12.98787594821
46.245607655095 8.8290586129455
51.872954938036 9.4874712719989
41.807227974807 11.566809787956
43.536089816867 13.347469268084
42.883796579171 13.608386494058
26.394116365517 -79.192935724177
43.652644472522 11.940984337584
42.66561668539 12.880940447527
41.42191011632 13.420329494875
46.372462235565 2.7342017380214
46.108993263735 10.054675886992
43.623603491424 12.307742120862
43.091099517949 12.858028942674
43.398588239422 13.020779266053
42.470388409456 13.737202467295
43.547500241824 12.978330758877
42.106907500491 12.662635654075
43.35926588597 12.228476747998
51.516046696816 0.54863148342755
41.869802804158 12.527167583617
42.219125674229 13.43480810266
42.907655392286 13.783720686486
42.827870679613 12.219778322994
41.847990611518 11.979896810849
43.363717860267 12.986253094874
43.098905144634 10.216166932984
42.517000918538 13.627648995571
51.343363925509 9.3557322851176
43.687932240187 13.683477138508
43.667648699466 12.198677714562
42.027120301068 12.638718977889
41.845493617417 13.717325034906
43.025596689 12.72611586832
43.483683594283 13.573928395574
43.759552826083 13.517946840526
43.587971201461 12.287388047358
42.966192516969 12.012192056541
36.720785053784 -121.24054595712
43.752295779901 12.075738061741
43.441186119097 13.688986863351
44.661572026725 12.16097946584
59.619974830942 99.744135571525
42.156114018616 12.122517142523
51.650774817751 9.6871857241202
42.934506136449 13.427022663631
42.587302382864 12.679471050261
51.919297040868 8.4757854759115
43.557738520486 12.373899143384
42.925855133203 13.131131193217
43.03034491943 13.569872844741
43.394293267484 11.913300226889
43.731602384139 12.196291639582
42.31408523459 12.977108891132
42.59773511097 12.14880060693
42.335404238841 12.723810420264
42.972882064068 12.529828290257
42.100425843217 11.910410522928
51.739775877092 -0.71573611340752
51.01691679308 0.032311717943438
42.614756839191 13.599935307002
42.13228005086 13.520730671271
43.665022471319 13.018032643042
42.741470936121 12.148572970738
42.064685010868 12.393112941383
51.643346308564 9.704977474038
26.611368217453 -80.228503625463
51.214058109659 8.1736619212542
43.053140516904 13.586129363455
43.733218160355 13.259110290233
52.522396990996 14.350012183725
42.885295248558 13.616537239711
34.198013273439 -111.0336991763
43.415665664459 12.910407579949
42.806690676534 13.104952517035
43.552988216559 12.658305210855
42.364424049579 11.988105850775
41.839422488531 13.360909786264
43.116728189011 13.097808180909
-38.419476659233 145.81639051725
42.278468210866 12.044691667934
40.5328600312 -104.54368882691
43.030937152484 13.692995746032
41.908562852979 11.969129198703
43.100443302722 13.788239162803
46.363631037021 14.098252880687
47.778512569761 13.83439018595
43.364775730954 13.271845214216
50.290874769115 9.1663390971563
43.59339624254 12.457953777864
41.850476261645 13.048138299069
41.616997298746 12.987723701905
29.71800980239 -97.920234289011
41.935218871681 13.030792330218
43.779727549676 13.588555034079
42.786285100892 12.501029526603
45.385461283121 9.9787156211113
43.31719202146 13.08444219368
42.118702155614 12.805552139343
51.402420599899 0.21067331782574
42.337002024232 13.116432561149
43.175695991712 12.848766560617
43.460749764231 13.219432754565
40.907117091681 13.238441526347
42.889796695642 12.66424501115
41.970208788882 12.36183841897
42.318203802855 13.380684944999
42.80407555392 10.816709622467
25.783188790896 -79.344227237597
42.546156218551 12.996977641267
43.517823692673 13.367594436003
43.598156871574 12.586171211969
43.722682252418 13.041297335218
43.411844344557 13.619515789982
42.159276323954 12.110259596331
43.50896959312 13.391555476206
42.293509436116 11.532491387859
51.240834325198 8.0218144697239
41.910628837513 12.464574763789
43.208248855198 12.598858457824
42.482316449183 13.463116516852
42.297975438807 12.114415073842
43.650399777896 12.614150122581
42.264832392479 13.816154861758
43.140423186675 12.203486299258
42.428927127958 12.114472267292
43.47420238588 12.79722969506
42.060387277559 12.106549759466
42.697144835602 11.867247148842
43.815315973414 13.445482298029
42.583446184 13.721428239144
42.641816814284 12.268935157598
45.388471502223 8.5366227114534
43.047542455184 13.707670407255
42.325823310004 12.464997046865
42.786277070097 13.666264790442
42.41047271502 13.442024889629
43.114131110794 11.884681487423
40.078570965866 -74.820774582263
45.846753293367 11.935541482053
43.640919284749 12.276665625312
42.038720611988 13.312383875417
43.031772310881 13.269114845113
42.092164381471 13.220014392056
42.645372352884 11.920328565857
43.181293908146 11.979164383851
43.620094698698 12.406734989235
43.308929286131 12.864766707136
42.313033329955 12.666040679771
42.788884658289 12.124103269153
42.995350138303 13.000953191447
42.101572072667 13.306834980078
43.794087315835 12.556857052539
41.941921036219 13.580765358464
43.778668398887 11.961016690827
41.87612107439 13.182470866119
41.257075871147 -74.551366864626
41.872566948606 13.748215048012
44.843487981194 9.3920515397526
42.953646108042 13.668606681616
42.510555604266 12.284939294835
42.611885025472 12.895451561986
42.470702128725 11.858034100804
43.832441336884 11.91081341354
46.773380826401 9.090485109431
43.146431356292 11.995009656549
43.513775123544 13.794559746906
25.093652539913 -79.153235748757
43.776811964727 12.662571102245
41.928355276572 12.914785748795
42.242708477326 12.408573355271
45.977246396163 11.69053210483
41.943943934044 12.652818895736
43.320765866603 12.785699125766
43.746130915727 12.618387091748
43.81548457074 12.649542587201
43.209193492427 13.704004252213
42.004458476812 12.189335828291
42.71037361387 12.302424279203
42.216826926573 13.751345970107
43.016965394869 12.685124179223
42.114408430836 13.371498275998
42.143814923795 12.250612080701
42.375038006073 13.675086094402
41.935922733499 13.635049035624
42.906711507566 11.954076384194
42.282139472816 12.988632312992
42.140894168143 13.596113597341
50.150389034837 9.9376238337427
43.804187543154 13.336826757706
46.011132305491 9.5929160674092
43.638532044684 12.5083110675
38.217869663713 -96.49326306977
42.470111473703 13.232878030407
41.876489451119 12.874413205739
51.59201187668 9.2761296845396
42.393290499895 12.72879199906
39.629990587496 -112.349727219
42.453680202597 13.62998994611
43.645681444877 13.757964355314
42.386385732066 12.716890859772
42.146201890517 13.39702411715
43.684050962668 12.850059610743
42.920871379304 12.659204687786
41.942893796595 12.851325530045
51.505248764765 8.3660362201585
42.764978440856 13.264663897599
41.922601221114 12.503554063173
47.577833750554 8.5684249878714
41.976981765601 13.318428752648
42.940844973077 12.784664655025
42.651288097117 12.245538976644
44.264191148881 11.055563111839
42.401846322558 13.407553776634
42.938916135879 12.102419874029
43.224085775329 13.025116834357
42.25928763035 12.87938295115
51.977709082178 -1.0677085985326
51.14490492346 0.03432853423261
43.19320067821 13.525914390837
46.94704044049 2.240488789622
43.447244215055 12.813642936227
43.502886117226 13.023518108795
62.399575476721 14.719017676878
41.929487278207 13.471010178102
43.679894106335 11.844518830948
47.399034183912 12.364934231578
43.391271085216 12.602136944256
43.313920295964 12.056282565045
43.820346878104 11.516297601192
42.515731786173 12.558096305282
44.684148517567 11.34440802312
43.457558654017 13.56719134078
42.547947438109 13.206211581971
43.329935815826 13.570957157116
46.9624923216 2.2046710826478
41.599254692087 15.086726170635
43.307975290508 13.713575683887
43.089787394337 12.252640498009
42.067818537407 12.082472571231
38.732334118671 -90.546221805969
41.850171176668 13.00310711658
42.29536255558 12.274458038304
53.563155389912 -0.38405103391918
42.176116942531 12.036181160752
43.592307399324 12.950151336377
43.559874844553 12.965658811392
42.976969873077 12.66200014097
50.415650162574 8.1699079396994
41.473675050202 12.832494500758
25.369553162871 -79.322628500831
41.954490247182 13.584092090199
51.878321058992 8.1594282133316
42.310303289143 12.707813552466
42.318073841447 13.261977821266
43.502542570023 12.224737969818
43.424223116818 13.396198876408
42.15031054206 13.029336467886
50.696662968815 9.4149935419741
51.256570387053 -0.66127978813428
51.441899180152 9.9464468937118
50.033487710652 9.5952202303313
45.254680013894 9.5682949074396
42.917232218181 13.063082730448
44.899646687603 10.917648421467
43.060341182214 13.312439255583
42.502040223473 13.69136884284
41.933373485682 12.619570421364
42.703173838439 13.721772471334
41.307211215425 13.010554378669
40.999242208572 12.060915495574
41.961339926003 11.61191266971
42.8801780139 13.024134678589
50.16383176258 8.9289290387784
42.635328222967 13.36273576876
42.021709561845 12.93722805054
42.576596212516 13.086181562711
42.710530003419 13.187254567273
61.785859302052 14.026170213719
42.09068642563 13.164272953388
42.133828819813 13.625029178648
50.485067605733 8.7111234477307
42.029632825905 12.948949025475
50.261603117577 8.7766307325925
43.405360788782 13.587728399147
42.794845122304 12.68079800891
45.297119042439 8.8455913187683
43.006829821995 12.156479208358
42.562863582097 12.347475510273
50.049906152324 8.8042905529981
53.548858089162 -8.4018234109515
45.669146247545 9.0155317473298
44.927897450921 8.4868783912072
44.736985656825 11.046025512061
43.213544162111 12.460276450732
39.490617031672 -79.792741560989
42.24580450649 12.017542756657
42.396549829022 13.131141401444
42.557672889253 12.093764382479
52.412940501661 5.2787477921363
40.381826489285 -75.021852528807
41.907836602979 13.3472367648
42.708502992407 12.03907850994
46.222520946603 8.7255759185975
43.649378000151 13.129278946749
42.78680816704 12.741543829807
42.68793451727 11.903261158591
42.454702602001 13.103871844313
47.359599252865 8.4931225904697
42.89372227245 13.288634152307
42.844533691131 13.53281415048
51.667373393973 8.3614893426939
43.65943145971 12.044913825621
43.491751811717 12.364010433857
45.761024831683 1.8248161542345
45.347535322652 10.752413953539
42.48159995234 12.297094229768
42.802772350073 12.318729708606
53.126711290389 -7.6963408611232
42.628551566009 12.500957424797
41.930611189909 13.233228018637
42.355401554797 13.138708169658
42.691925563261 12.613326522363
46.869015669855 1.2728548768316
50.273862626065 9.5103720442906
43.404164389451 12.277982854435
44.24569578508 12.106411550032
44.994169075479 9.0857406542315
43.392144779878 13.18177773069
42.907786095027 13.073172286674
41.99637419453 12.53852150663
42.367402340478 12.451183345866
43.825915583349 12.901175450043
42.553164428844 13.049280590887
43.023373776147 13.078896531427
43.714349808525 12.788787607026
43.05533195897 11.937219115897
42.15117960153 12.427435029984
42.367587798002 13.055146239745
43.5804826229 13.285408810401
46.152858914646 -73.1068610942
43.63735350812 13.748730850776
43.125734232446 13.459504891422
43.746241589445 13.634320894573
42.550235384421 12.064564782712
42.917182478105 11.943895569997
42.951041095888 13.211882630017
42.152141328062 13.297615193921
42.671985396052 13.750767229496
41.614392364823 11.620500654548
43.77682839186 13.262581224231
42.785097673456 13.026117572594
42.305302689015 11.941516016138
43.267637682293 13.789085048639
43.775874896152 9.908128267598
41.885455518463 11.897846990238
41.979964651179 12.694604351064
50.136592871573 9.5907640050122
43.462437019454 13.058714660399
59.44814288963 -95.664153463516
43.279755624628 13.567571079644
41.010183781996 11.738247251293
52.474928692859 13.785826281917
52.572005424172 13.864066767816
43.624617471672 11.984833647511
52.704169769822 14.310494869068
53.369782561331 12.470362385861
51.982967239985 13.1153566646
52.56013229022 14.394638938454
46.876581753547 8.8980553978579
45.996527025939 12.303455413283
50.906464312648 9.5752311738093
43.35329935858 12.538710899923
43.65342436484 12.664175433903
42.377753767382 13.323132377289
62.743069335233 14.505797592227
43.745034281067 12.899446811036
47.917817309461 7.9736302271363
42.13239512694 12.290226420544
43.565469248039 13.483254114878
42.878959818941 -83.257851507842
41.966750706552 12.395668521263
43.759754429015 13.356407754776
51.491651698477 -0.68132236962733
41.564225240094 -75.024856703033
45.166980768443 8.5857824733392
45.508679601412 9.0548782615224
45.936778639691 9.9461665657075
45.455684533366 10.096886540899
41.919969338442 12.87629700169
45.647434829153 11.701344220059
42.921035981721 12.550314053239
43.640854991361 13.099063235868
50.148201133659 9.8675343137549
42.665075484528 11.937523801803
42.199314392286 13.234837377109
51.10308517567 9.6656646969103
43.714102703035 11.973754718909
42.951141338794 13.351536209414
34.493784058449 -119.22572762369
43.187120854963 12.726312781578
42.354500523023 12.353186422679
43.150649799591 12.17378476412
44.698382178672 10.090692251218
42.117387790774 13.396491634399
42.523004620601 12.273888201601
42.536454825933 12.374243077086
46.310082560084 2.3702478797036
42.742778170289 13.220733091825
42.518885623461 12.531161375612
51.162337447825 0.3735958860552
43.363121234536 12.984421391985
41.948831630402 11.898541028119
43.791030014789 12.431062163076
42.498291662216 13.465938839368
43.337182775318 12.40858690974
50.912970366149 -1.1225163281115
42.626104896735 12.446946805107
42.155843747408 13.470934515594
42.528641112882 11.834464825168
42.329557526565 12.218003293156
45.109867856076 11.027261654927
43.790515198296 12.348121721946
41.858401961114 13.117227285245
34.867707309897 -117.60446534223
43.804892085888 12.445539360629
43.366994351341 12.048498289238
50.179857296487 9.3902972202703
55.940624652445 11.47232541774
43.227576062676 13.812408893303
42.399481191507 11.883322601639
42.97971512099 13.592374377715
43.286499107411 13.545784316301
39.699370666441 -76.722535121085
45.620784359808 1.6119330588784
50.848488737758 9.5279786118902
50.70851774896 -1.0717164814387
33.47149766649 -118.22777188655
42.854824242135 12.176545528798
42.556966198889 13.109348415469
43.167143151263 13.113229034077
45.611286687947 9.4632306314391
42.700597396933 13.677504998968
43.615625860477 13.070737563128
42.364551182561 13.75772645455
42.460398262602 12.709279614386
43.746590030748 11.988469642137
46.233416561586 8.7963550473291
26.032824648077 -80.03857617808
33.526135482784 -118.51945307578
42.716974367742 13.770330669738
31.520146903591 35.358531156373
43.593202099036 12.192586426734
42.035413952582 11.915224865526
43.14036267306 12.864468920002
42.107163127117 13.809012002244
43.727496283023 13.535086371275
43.142665297812 12.301969132548
42.918256180344 12.636582159289
42.727492418966 12.034520359281
43.484681465444 12.188006155767
42.505433573644 13.256972334954
43.230562208349 12.611703212679
44.35520103381 8.228993847656
42.575660209926 11.979895409208
40.474014929181 15.03318763053
28.933946788112 -95.665090694145
43.428406588954 11.937065782948
45.694897407033 10.994026603498
43.125199515917 13.275069034342
42.802331641711 13.55209801793
43.48878837262 13.105727109197
42.832326628211 13.271855660396
42.562021662298 11.842672572419
45.237222546822 1.9819669192573
41.88279045463 12.327963995921
50.912450479768 8.4727557042952
51.454838240964 -0.00097061326306352
42.770347310144 13.575537761962
34.227584457443 -118.6476347913
43.526142670573 13.721321854166
42.388654810578 12.234794973526
42.727730752329 12.310634430198
50.931431388916 9.4894853730171
43.372690810085 12.446177953152
42.49335858996 13.279888794443
43.76890413827 11.910097605062
42.424653181094 13.75693477355
42.82054826285 12.706732678577
42.592597971036 13.399722904174
43.829728693177 13.049324487846
45.446632369629 2.1774746646068
42.407504170878 11.978941239893
43.133640705691 12.208380949802
42.611305614308 12.458268811695
41.962102671623 12.571832244106
41.510860407701 -73.414980440857
42.38328417364 12.22822504643
41.971812231474 11.908477768746
43.052823130087 12.000726620222
40.705931524295 -74.865640837768
42.914023095257 12.400479637294
42.105618618965 12.532648015105
42.392226233816 13.763382478528
52.881482875152 5.6021322039199
42.500676104587 12.153275438677
50.714102877171 8.0404456923904
50.028958757421 8.2133541918422
42.859877502501 12.19640024623
43.734037899775 13.355988392793
43.73695455202 13.425124953254
36.941450696001 -79.166585317515
43.052940800366 13.607248217171
42.610638340309 12.069371180197
37.595356343397 -90.040113663972
43.723628462185 12.785929395273
33.38602502992 -83.689894252219
42.941100981546 12.937873966053
42.116339985291 12.094534637101
43.413586490536 11.927949352177
41.846301552789 12.694761426533
43.276921740883 12.115549761877
42.90122368743 12.313494750931
43.292235181126 -82.970013538103
31.918906764074 -97.309131255534
43.234889597762 12.209564345076
42.822152533507 12.459865167041
42.004175401781 13.167138614325
42.439924804254 12.46451951168
42.568749900727 12.998284633757
42.331544178248 13.519965940418
48.326998952303 -121.83327430433
43.82738306414 12.90288973085
41.879932757432 13.066104698978
43.026730775867 13.410475007471
41.881493860822 12.669129129832
42.277220080757 13.485442198129
43.807412489714 12.91936801838
41.916815707442 12.088478075403
42.294636076474 13.758499691637
42.330453032337 13.232823194134
41.203626370344 -110.75444468039
43.086981747361 13.585836085785
41.914515270367 13.113755175452
43.665507139969 12.750987762956
42.569289617992 13.229541907215
43.311844952105 12.329732019629
52.757425077992 -7.1861416501572
42.155115286447 13.66211858285
55.100587977609 10.978508355552
42.507956192621 12.833406758904
46.239935136978 2.5615833814077
43.219846181695 13.757554479317
42.698867236145 12.389551372004
42.859046071723 12.812525259265
