42.057729227982 13.776230434338
43.147961607758 12.835608534925
43.130546381779 12.125970170913
51.724316844123 9.8984346235629
46.515561890072 10.147876280408
43.371509705864 13.511500143705
42.404540378344 11.944897582284
38.395115585716 -97.458916258281
40.819919840074 -111.79146562307
50.935587946528 0.21299802516727
43.099912173182 12.827214627467
43.214391197664 13.785267027947
43.554304006789 12.48569193088
41.895352439927 13.413821353325
43.441904471017 12.340271869388
43.125078365752 12.314796596933
42.911757111529 12.948356248435
42.002367999892 13.46575270291
42.657719349003 13.265115532959
45.919842471331 2.8699200208624
42.317239290272 12.353778818342
42.093170462241 12.362456020623
45.521128903411 9.1560841480065
41.88297378315 12.097467019755
42.322894391775 12.558983007262
43.653783955937 13.58703332936
42.643673749496 12.505149611062
54.487127780864 -113.35278378909
43.547797363062 12.292553248041
43.708466340207 13.699773761325
43.37656236739 12.332550125838
43.335229385821 13.073589390199
43.086873975644 11.923376192324
45.049542283197 2.2179778815331
41.926827637466 12.514787542894
40.890264875822 -73.494169967611
42.696136108013 12.290588930406
43.595199912922 12.66562569368
43.678398496808 13.148736312144
43.502543675968 12.844108870201
43.347462268263 12.079201624787
42.357233381552 12.246569604283
42.54572414029 13.411377710503
43.060325143442 13.756402240508
43.365516068605 13.334315872928
41.83993760817 13.812750146192
43.760390174485 11.950316423082
42.20895311481 13.689599767204
42.820252547444 13.243000910286
44.658715486135 -73.049365494095
42.933312465892 12.627250070997
41.88636961809 12.417501059576
43.561792814921 12.543759234058
46.870323572036 14.103671493777
41.954896024428 12.111095864864
43.826629952934 13.627352516946
43.661581964561 12.651693547003
28.049762193971 -82.318363959387
42.073841056376 12.627890845608
43.387623121232 12.136796584438
43.162319440957 13.343437866023
43.40548870361 13.360442386198
51.672787858487 9.8501628310653
43.594924358018 12.657769799094
43.140013276686 13.036655975078
42.579157673579 13.770559457511
42.879327475058 13.311182016673
42.724354796936 13.196285989714
46.707718448901 9.6168034064639
50.838281864458 -0.024928135860208
42.489921255286 12.41899784676
42.020115156688 12.735819062116
50.918879412077 9.272619462699
46.570112228659 1.2515944681371
42.403513402887 12.796935397592
43.208486488673 12.024039966086
51.005646855107 9.8025139615883
50.335982083965 9.1724238331301
44.478978935598 9.9761041168733
51.553356516665 0.20085394572972
44.916788405653 9.3160268914938
43.566086096042 11.889988488953
45.179208360393 6.891759548032
46.40089006061 11.832553825428
42.248822354383 12.352647437434
43.157687721868 13.340622549125
43.935591948512 10.83998370033
51.759421964995 9.6581149174171
50.964570812399 9.5895071912508
42.56982142926 11.957233724651
43.285060665258 12.42606135666
42.395959457122 13.58047834161
53.126836938843 -8.8819582331376
43.045754450881 11.919440789597
42.627838998881 12.382329277893
43.091398314171 12.271431113275
42.704340835451 12.950142365412
43.635107990205 13.516755628661
42.281358171406 12.367811862106
43.00987472574 13.453792166663
40.113969464526 -73.70754282176
42.711483644674 13.136320320974
42.975204001656 13.035159106869
41.862749499226 13.206533250982
42.261562208788 13.76866307846
41.949055363421 11.938845658202
42.324992882726 13.353794517647
42.811801598806 12.603022957522
47.360780332871 7.6379204898318
