45.488863136195 9.4096828223927
42.698216772053 13.283332079336
42.766297593159 12.277379776036
43.027201087248 11.931629428629
42.9704896072 12.379314300336
43.709767707044 13.620937094868
43.338240090936 11.916038257052
43.05552524752 12.705965497881
42.598692638168 13.784023092049
42.961460222028 13.4624205248
43.669828663447 13.336233865182
45.054998201157 10.699797469771
41.889580239511 12.503065672027
43.134102607229 13.210260748516
42.874095614031 12.601903272163
43.590999004262 13.729151558026
42.335864782976 12.043199681252
43.719153272344 12.150487115698
33.902983337775 -117.6640192565
51.895691704422 9.2338648183429
42.056456552866 12.670022673307
42.319521316963 13.255179959024
42.36002655905 12.910797877217
42.956628230401 12.241994981322
41.861713452687 13.710608464552
43.546145328596 12.139691157353
52.582602145422 -8.9040995826498
42.313252852 13.456472868799
42.942464596586 13.43594291363
41.958127185704 12.196957684235
46.231907380387 2.0197961824107
42.621761538865 12.350976932047
43.365321137202 12.628854314179
42.824076357702 13.488018130666
43.818039684493 13.410555195276
33.948899968692 -117.22701164802
43.540859640383 12.233721279203
42.381162798696 13.35372014828
43.803229002677 13.376823457154
41.956506356132 11.96007882478
42.111159272099 13.760166470802
43.029881936533 13.304333830881
43.825662624031 12.511926409582
40.447619204881 -73.532917487534
43.002724982355 12.910766882336
43.489152406591 11.974227453591
41.036765171372 12.645535363928
42.023811128023 12.158747322021
42.157559832187 12.995650878195
41.865887595299 11.929741427756
43.160365366007 12.131209980779
42.785514226104 13.213111984664
41.092752544695 -87.15808414142
41.908207925015 12.603930901107
42.510573589036 12.537392960201
42.13518422897 13.085862889947
43.016949635959 12.186950520255
25.790124541499 -79.22286248245
45.659789177472 12.399625945859
51.640488169454 9.1481478312743
43.827448670227 12.667814354744
42.401309952813 12.977858970884
43.128870733629 12.254344820184
41.031358556117 -80.555049837137
44.71990104987 9.5907862232955
46.197869028082 9.4686852720886
42.533408100986 13.680317725858
42.945677116509 11.865530214231
43.314100175798 12.4556385295
44.842337045908 8.3318762103034
42.918373548874 11.931694038667
42.133812981741 12.178320495981
43.551789994164 12.827857044932
43.505041498481 12.880455822649
43.183389102681 12.381344174233
42.870061906481 12.146429372109
41.995489982441 12.508723830131
43.792059854994 13.603972678375
42.969670249156 12.919856086357
42.879462063277 12.514662116561
51.479252049923 9.1356454035899
51.345240837357 -0.12728918634228
43.738983989593 13.30880589008
41.025043927284 11.978911132819
42.01349442874 11.960089398085
43.683749589943 12.152262129447
42.770447118122 12.374421691717
42.802510408148 12.208294567304
52.896962283364 4.9131416157648
42.813054747813 13.485762569369
42.058356379673 12.72036520567
42.745525577474 11.974365046723
42.816082296363 12.711144709846
42.456767174183 12.10406228255
43.731657212962 12.410964510616
43.761816258918 12.394892493468
42.686207850339 12.23174196774
43.191661832964 11.834583982769
41.878637459094 13.786812950779
42.32266757375 13.585768071297
43.542401033727 12.765046186191
43.693593175029 12.004046603129
42.458559267457 12.097891164545
43.446731578322 12.002316196937
41.958116338124 13.642417110823
41.980312442885 13.423400645362
34.29296561581 -84.517460239268
43.321411393754 13.323554431726
42.200386836773 13.211089741092
43.540843936888 13.584049168801
