52.35348752041 5.9036681983404
52.507596194282 4.8787436076108
42.803902012226 11.916657648031
53.24520920112 6.3935769794712
52.562268460664 4.8190639503622
50.912234340754 8.5507001129681
42.636999701002 11.994988613781
43.742848132638 13.077770901901
43.72107391747 13.226349933199
43.531914928265 12.016417229577
43.207045744923 -71.020300286572
42.562377152782 13.56108105304
43.562799714789 12.252919477549
42.329017465177 13.423764871186
43.475703567975 12.011174128883
43.706420714851 13.167963603611
42.03672527386 12.946914664466
39.762150521936 -111.26583380204
42.595352329146 12.259938847416
43.06725683062 9.4679565501949
45.663042042713 2.8871297323551
43.276069849879 12.23901020935
47.911804875784 7.673632896819
51.407202833056 9.6610212561959
43.771517454561 12.73999759638
43.618508300587 12.608020754835
42.768307007762 13.498891655143
42.192425087205 12.263654565582
45.762123813297 10.645033152746
41.854837552598 13.300409244534
45.174101438452 9.2530201543392
51.830973294718 5.5877363448207
42.072005771621 12.109598320515
47.316101266684 7.9842053740212
45.595597874883 -73.071747780483
42.812228617658 11.859354851257
43.830663196219 12.637896161844
41.994765608124 12.693168507301
42.470159004682 12.907766681143
43.13124680993 13.156967677736
46.861659169598 1.5145802439724
43.473563236426 12.698336843747
52.197150135505 -8.3829494539569
51.73179527476 5.7049896558537
42.446193194711 13.046833681451
43.671093456781 13.147978646305
43.473717745635 12.995595787671
43.430475220771 13.017305376037
53.029832808082 6.1413079022389
52.379387547206 5.1144712834454
52.296312549057 5.3265965108651
41.84304096172 13.245911040945
51.530951938373 9.9990814076732
42.571558118154 13.081570667274
51.759044558862 -0.39657626697168
42.44298277073 13.360376121199
43.411067646675 11.974666451579
42.443282398623 12.769853446546
43.818282030925 12.387272516001
38.027792450979 -90.850525011683
42.235259606168 12.993097031041
43.060978025713 12.828180480689
43.520496195446 13.253643017401
43.339152996607 13.007327013208
43.128633929497 12.560362628943
42.452437883009 13.165003361744
42.130548282143 12.346343241349
43.485586162438 12.679370273242
43.143986720214 12.179808260978
25.736181805236 -79.365128469167
42.838641339393 13.008391111648
43.35460745329 12.159584473914
43.3747964657 13.814652892696
43.554366895742 11.91278983185
43.788589244631 13.077456397062
42.768248469948 12.982701344429
34.880288094415 -117.49778003818
52.706436336602 6.3343789822349
46.482823635211 7.5792182253577
51.933251596723 6.0859284532889
52.011022069729 5.1413102300797
51.514925094328 6.0132592740763
42.532055937954 12.397037131452
41.281072223456 -73.210781420932
25.625339881325 -79.308846862009
52.451854825463 5.9154653973717
42.509855952838 13.592967931013
53.470114442972 6.5868957102471
45.394231411321 9.4485420031909
53.124612843443 5.2698423566855
