42.602137411315 12.034918065686
42.780197742314 12.370914621472
43.467719571904 13.377279426168
51.372864725242 9.1060054023312
43.44023221521 12.215859895694
42.616041687159 12.816331435862
42.025036282404 11.947814204261
43.710960018335 13.049806239593
43.670377581713 12.506467487454
43.19094669597 12.33503590961
38.653971575759 15.393022986542
43.509195838847 12.456835073187
43.123332907059 13.472843694742
43.228370855224 12.631237197982
41.839839371799 13.156074616686
43.430829853041 12.856008202723
43.396628592369 13.231558498124
42.73224124302 12.291835707769
43.505327048502 11.972925753807
43.835295785885 10.59799097811
43.274400438331 12.681788257196
43.742594525585 12.304394264868
43.316777918656 12.374859973053
43.655078397459 13.278211397735
42.744868493075 11.895347563988
42.651461078178 13.552748328819
43.329987786419 12.977340663328
44.296264429412 8.6487097195832
51.828301346082 -0.61165565379041
43.469091508311 12.210977507874
43.359617002497 13.166525597783
45.054998201157 10.699797469771
51.315923018062 8.8079775440544
42.880573179538 12.672222555018
41.921800704471 15.584506816598
51.522402863494 -0.5738677008468
42.330827932514 13.211891436138
43.252583991875 12.826753717788
33.526729538856 -84.895884529546
39.956083240664 -73.918121149978
52.49868315272 0.10660763503826
42.286433149749 12.138858353805
42.0335090347 12.762244563926
43.732779945609 12.226861929648
51.375908130955 8.1073876792134
42.315354008861 12.017786725919
37.531499558192 13.881343868205
42.538170731432 12.207478279366
42.953468389343 13.534837418506
43.758622111661 11.936588176983
41.992214122805 12.242115936376
43.571186425451 12.070217695141
43.848211246684 11.170001110027
41.953943101223 13.775169064673
43.147501571194 12.774191650012
43.200878303147 12.12487883315
42.835178744923 13.773359926799
50.329854189106 9.7985343890258
42.606228054804 12.573262642426
41.32221837832 13.443302756636
42.235141961035 13.831431308704
41.860189891376 13.071224403156
45.818505445529 11.707818347892
34.89770631971 -118.67206657226
42.740167462167 12.018918289367
43.768595837436 13.401568660721
43.39055377824 13.597918381748
43.490333739917 12.54871378401
43.283046777513 11.868382828736
43.013037773342 12.553831079322
40.847914384759 -75.002435261982
42.756104070601 12.454441482434
41.924561214619 12.156889209618
43.293202159618 12.887079810692
42.912773835453 13.291912461322
44.886106802491 8.6825678040658
42.163146214191 12.318605871109
42.437727693672 25.735759429976
46.496496103004 7.3235427748056
42.651401345942 12.235615394675
43.235077477191 13.745342201921
42.265555846184 13.050806697968
50.154148097222 9.8543934206732
41.995708717518 12.91265168039
43.162184422001 11.836372033172
45.972134983503 10.343411936703
42.949537730308 13.645138460533
50.669593903082 8.5020358625343
42.094492043899 13.196059562844
43.35075409822 12.592611573002
42.588910172057 12.332130748489
33.142503307548 -84.60602114007
42.169278126775 11.852752526243
43.066706112172 13.487310539248
43.666201999742 13.603079469711
42.787771599131 12.521937581206
43.475094016884 12.107391321637
42.488007889377 13.759134948162
42.062658482281 13.440605465083
42.149525613149 13.018861928053
45.161178684354 9.5379767474407
45.818925198058 8.2912830468902
42.453197443624 13.091100364987
42.66312320284 12.681498094335
42.801264699943 13.193803166151
42.349502142237 12.495987176681
36.226950316421 140.32797538381
52.105162783808 -0.17160899764001
42.643673749496 12.505149611062
43.611231235162 13.190444280037
42.885931482506 12.959552824034
42.996371253879 12.789210617465
43.576255430291 12.665917503979
43.368181489135 12.004455415089
42.208912556644 13.367871460697
43.369908684592 12.037546681744
42.795864213184 12.630931353511
33.619900570114 -84.141216247781
43.385737547386 13.588080369231
42.236459282358 12.504029386001
25.758595731911 -79.883766875358
52.2240418553 6.3877487129708
42.0876940997 13.176285083509
42.402691388711 13.528637784335
43.448335347927 12.78384375052
45.846753293367 11.935541482053
43.743154840911 12.09313081351
43.769016072067 13.283865096666
43.042315976269 11.891659522865
43.844597909711 11.6911603759
42.696606641981 12.490147226739
43.483608057969 13.434700328149
43.031882875169 12.94384261779
43.748962650911 12.517220742797
43.828212372111 12.767337145196
43.589981613511 12.643117275875
46.007572772736 -113.332613108
42.307663578704 11.844343800978
50.615495272267 9.707950508086
43.309276208912 12.702750964438
43.008448250151 13.406626196789
43.731240691513 13.255661707046
41.405482403404 -80.47407822497
36.538414206058 -121.59801777356
42.892497595371 12.340799883188
43.090014913182 12.856481736014
41.94413802912 12.959078422284
42.342845381884 13.208851217411
43.763899437063 12.129695318255
45.756403689788 7.8340589470644
42.123507874631 12.481360608026
43.073780509699 13.690063106704
43.05360444081 13.606784967544
43.259431963928 12.215796824201
42.958651906347 13.791233260108
42.611005148225 12.22662058625
43.776751798495 13.532574071818
56.806387330315 9.078752762209
42.286133336523 12.323189105079
42.222881337287 13.577431134704
44.687646083668 10.825388916941
42.144888909622 12.664438470597
43.278154336998 12.221090563697
51.890876762052 9.1890865979665
46.613481263916 7.781440890758
43.711852296608 12.089429867982
41.854392835358 12.753144904412
52.09056395506 5.006130781144
42.285531039969 13.212426605289
42.965477739466 13.701128463143
42.844222904597 13.029167308041
43.256552106841 12.563527676095
52.033987359858 -0.56877282340022
50.740556618078 9.9098360919905
40.135768805845 -74.730263580574
43.167120625829 13.235803184696
26.336527503235 -80.893520423437
46.924585072289 1.4836054176481
38.027662869556 -97.965806150793
34.494603715641 -84.975210637215
50.04953614159 8.9301342982473
42.526991774129 12.459582476646
43.546136222589 13.305461703032
43.634387058988 13.291605836403
42.233347119893 13.029748023522
43.189202187226 11.876907805876
42.0122465445 13.118092328386
50.215376776743 8.6394065072012
42.213005051137 12.699780985129
42.228294008539 12.748798899722
43.210331788871 13.275599942226
46.416278943869 10.927029923874
42.241638627037 12.181843464834
42.910279734505 13.505568349059
43.662571295494 12.150062644014
41.876003419944 13.651560906645
43.081802233181 13.028267122839
43.611242431987 12.65003981753
42.556200779789 13.060164041401
46.216858744184 9.4303652814731
49.688426211571 11.617760075191
42.227941388857 13.250183572199
42.515806663577 13.095245849872
26.984417743957 -80.96595467653
41.956459842623 12.045034568333
50.188291647094 8.8973583369038
43.581015079574 12.549641191305
43.09085848701 13.583508158395
43.55615181923 12.206284990186
43.321580103769 11.939325722859
45.195264568643 1.6483943218591
50.73382801946 -1.1099580145534
43.748902241603 12.651400979467
43.047526430382 13.097767036475
43.737185411054 12.278398461791
43.602833737921 12.600182050674
41.861892100846 12.639185932318
43.53967029908 12.714577646814
45.388803207497 2.1504119165011
43.456777813612 13.479445777612
42.814775419822 12.43487206636
43.197832670176 13.609873559631
39.907969046532 -111.91664287011
43.172130088423 13.429284661764
36.910112540706 -121.79196881743
42.370797742818 12.572612200686
43.129416811827 12.679416057991
33.184001695164 -118.14109022951
43.374660614608 13.243415581662
34.609000704362 -84.837302880515
42.890159273956 12.264725309475
45.324599643019 7.7287452324427
42.947394747749 13.113347846623
43.289033034506 13.232997161
42.125847923649 12.41048004546
43.543104662834 13.708647358582
34.054530713113 -119.12774014038
43.504801138095 13.02034996453
42.834415813852 12.037653650196
42.007311862452 13.658175894387
42.18907506542 12.025831414885
42.350640744621 13.178690323245
43.106789780851 13.778255273506
43.007327890048 12.259045794748
42.299235468425 12.294587150374
42.880697623326 13.284418612872
46.78143101967 1.1423744811408
46.630209187435 8.1156317678353
40.727716462246 -75.093572296377
43.30380242241 11.907848060575
42.198424192725 12.089085001561
42.973176013221 12.169525128424
45.105518659393 8.4195061665795
45.651083762129 2.1726573278069
42.762728449799 12.617967977032
42.280298519565 13.716419904847
47.368646739222 7.5451115335082
39.971881167004 -73.86675157443
42.615447593229 13.681146132632
42.404311571014 13.129284443881
43.796919905507 12.083849460878
42.156844470278 13.028854478185
43.673901649992 13.224727629344
40.756167541762 -73.482214571333
43.676612609402 12.507589985874
42.151953911966 11.960777461532
43.673876108471 13.377047976676
41.972274497625 12.654607583163
42.573990262402 13.529476791422
43.669359556266 12.498141560491
42.461835851198 11.905759620923
45.166980768443 8.5857824733392
41.799915085547 11.981358597908
51.181034528735 8.4180837275545
43.375025885841 12.340635884733
43.806209983701 11.932896944684
42.583162929082 -71.512110453604
29.229959588148 -98.712806895269
43.265598391793 11.969255209441
46.595203453021 1.4023029703658
42.080669555406 13.07497683173
42.365255924598 12.091280752391
42.518885623461 12.531161375612
42.110245799252 13.229957699438
44.681874972063 10.162198879925
42.479040377086 13.026551752385
43.340459507604 12.640164035692
45.263397299342 2.2825605633122
43.770467110358 11.980319957726
50.87728344364 8.1856883187712
42.583251293531 -86.930182313304
42.629501116776 13.117868360674
42.08283068851 12.203320026513
42.982569449128 13.643945856806
43.520256444144 12.221635949456
50.471566796057 9.8637445219158
26.116006448902 -80.16097374668
43.394477450959 13.026181827798
42.32885534194 12.441128568485
38.570656498403 -78.389052875015
38.461433087399 -77.60895163497
37.311948523536 -96.861098852875
43.644200910669 13.48897284527
41.931328256604 12.026417973485
43.553101804852 12.777181236456
51.055506864588 9.3958396201003
41.885222996087 13.584808842107
41.969054512221 13.190938800218
50.215836426344 8.2747047451673
43.209974278349 12.26477139737
42.279886613286 12.621224599735
32.534942223635 -96.612020943757
42.102633442333 12.020297247016
39.672430581918 -112.35781629107
50.974681572744 -0.67342447665679
51.10433314047 8.1667162278512
41.906593021449 12.316943951585
43.21568405035 11.997088048161
42.198606843708 12.471106277088
41.277260619962 -74.499015992405
51.472241762314 8.6021245534542
41.999279502334 12.084063323275
42.908785838147 13.75974607086
42.165957849571 12.722684808433
43.140238954772 12.156298320834
42.262993687442 13.479501298407
45.020598845706 12.525421385094
33.078061248252 -83.780284880931
42.060380942703 13.000120140168
43.504024310759 13.525262619169
42.69650499371 13.297150968733
43.757133851201 12.680560558441
42.009925980147 12.555057508685
43.362183437407 12.159871283083
50.26593486232 8.4517021032291
51.308663761853 9.9865950262112
50.501788977302 8.3087195219978
45.847304387343 12.393447670733
42.621639964481 12.596786302348
43.477725283952 12.287096182039
52.034040972839 0.6489351105592
41.009146696869 16.291133747388
42.20902486297 13.610278244436
38.841567372823 -90.172513663827
43.276962184963 13.002563836541
43.599400820976 12.668899295253
43.20639465435 12.445180934617
43.230270668061 13.139571690087
43.787950200882 12.631172843127
42.205735881464 13.480218224472
43.233405045829 13.280008045642
42.173980181207 11.849240139543
37.300047127944 -122.64688328077
51.841832962279 9.6362049168144
41.996254408751 13.645624865168
41.842932917591 13.038129382806
43.588854478967 12.253931174194
42.16088317158 12.873088330924
43.579106994264 13.243943557278
42.613982156226 12.303091746917
42.740870795579 12.29951636323
43.788589244631 13.077456397062
42.451946372398 13.747304143287
42.93598811281 13.06854405306
38.264801320743 -97.012461143086
43.601197530607 10.647969233428
42.974420252265 13.230851013342
42.602431010291 12.478804543858
42.862087026622 -69.904272820055
45.273913302586 2.6475017879379
51.78304582405 9.1270635938864
42.289450550608 13.468913582859
51.666845989258 8.1395757757777
43.608315810865 12.680144946894
42.382280238172 12.306944609318
43.298034630876 13.408817104275
41.89675810325 12.350041345877
43.789373123941 12.085792617468
46.996477791572 1.7026692729921
43.197547524349 12.971455244355
25.655603054733 -79.752801148847
34.460606821275 -119.01400487108
33.876632923848 -118.58107450754
43.019530970168 12.163677972373
43.372748218671 11.941504511045
42.752437283656 13.767290480813
52.293993966558 5.1579726852514
51.690960079288 8.5541681351858
43.464382236129 13.623418659749
43.777130040257 13.468673545175
42.528052154264 12.602314899511
45.501371075633 2.5692583166851
42.530032194953 13.577632602594
42.247457106268 12.551555471773
44.179881271946 9.0916916632776
51.799036294827 5.5912346247776
42.050326251935 12.388160781671
46.34330835675 1.4431402033396
40.500365640295 11.991867061633
50.937556793884 9.1959280186314
42.582084773866 12.278529671172
42.703706589876 12.039797421584
52.138650437649 -0.52877861384245
43.330747596163 12.242639683321
43.595345659945 13.375737060989
51.939000948304 8.3166351934507
33.256974549248 -116.92724208515
42.908124776535 12.450119942657
42.30076550429 12.556609431562
43.382273439051 13.723699930948
42.313033539503 11.858045344196
43.185984518487 13.011241822995
42.100492566892 12.969602019067
42.900328711581 13.827334643282
43.355577615742 12.279464696219
50.97867244481 9.4627229843581
43.162967490129 13.194752006903
41.963772201915 12.55674626846
43.188085426219 13.44618476112
52.600091139323 12.555452526713
41.862681715241 13.504664310976
51.227516117612 9.973871081124
41.811509235814 13.130944806489
41.93378791864 12.672564381602
47.638999746479 7.5025126121484
43.793965939823 12.27594993325
51.708945837435 6.2930852228511
42.940751683892 12.99607210748
42.027658258133 12.194622523263
43.392860783002 12.32408439618
43.378896461997 13.289472324929
