43.316583215427 13.448686029992
43.323683306281 13.380437184789
43.293321708375 13.451892017618
43.32514865248 13.412930617322
43.326361226091 13.44557523564
43.284646470253 13.403354424261
43.320396016522 13.387281528875
43.345277205291 13.380306627799
43.335106562069 13.403513172385
43.279885904549 13.420711045836
43.340332361583 13.422610201625
43.277992216555 13.433029604833
43.291263428673 13.380689069361
43.280611553847 13.386730304655
43.320343427996 13.430253156682
43.330276061024 13.418157512538
43.295005731909 13.418924209878
43.329740668822 13.372391059723
43.291532659594 13.452122015644
43.293995565427 13.390500629058
43.274650337789 13.396507713684
43.355804839358 13.434699855037
43.307250464965 13.43790365033
43.288390168144 13.39726505356
43.316115776245 13.449267733141
43.326658660719 13.366222649073
43.304883308872 13.431060822902
43.259191047076 13.403040486597
43.265600713115 13.413218684242
43.297497706182 13.472189872301
43.344079790818 13.428817222116
43.304821444838 13.372830426981
43.295529108653 13.395143204574
43.334325222941 13.438796507886
43.328307637187 13.404705822212
43.323622207329 13.43879270809
43.270257754864 13.440953226521
43.307029486332 13.443615887076
43.302734674582 13.425135515384
43.306770868763 13.381450299838
43.35765684927 13.395729118232
43.315003108867 13.454455866711
43.288526495143 13.400121846909
43.313611199315 13.457303764067
43.291355875943 13.446231344012
43.349916603134 13.441248425509
43.319334719965 13.378182040259
43.316473159642 13.413222909653
43.271248577776 13.389657340215
43.326892777054 13.436127295476
43.32873115054 13.444568574191
43.287069634689 13.380741747294
43.266610635124 13.3843034899
43.301774031179 13.440480960293
43.295102448361 13.422908181077
43.265533216908 13.405440696725
43.354724595975 13.416076397272
43.360039507693 13.427077019807
43.356863027626 13.429063488019
43.329799552157 13.457239551238
43.358956754396 13.419775470376
43.331897318073 13.40672588742
43.267021265958 13.431257261185
43.333197166388 13.383162086098
43.335747021893 13.451956155941
43.332307969861 13.372880125147
43.294168309932 13.437616946866
43.277210799196 13.369964532282
43.349069449303 13.451706758466
43.314448773563 13.451467749894
43.323486779522 13.435404819194
43.327251671987 13.371742784705
43.340745880914 13.39846382497
43.301197492213 13.452678601024
43.277457429712 13.386387738134
43.251917160254 13.411847386722
43.276313747429 13.44873438426
43.310529835222 13.367896355415
43.338980069563 13.397397743278
43.275784426518 13.392649742047
43.323087848894 13.406915933104
43.312735508363 13.437491319367
43.281444048195 13.435163436681
43.271074091697 13.391213366965
43.306962004095 13.381971543854
43.344249844732 13.450593648709
43.26267567105 13.427753148355
43.321487280245 13.379199182812
43.290999501169 13.393125285599
43.338539581459 13.41054380846
43.272273807469 13.402451776176
43.269537213871 13.444469898236
43.309564699584 13.4381995832
43.326710580556 13.434987247679
43.271740369646 13.420782160231
43.274834977146 13.44488436053
43.289289723306 13.465644259244
43.268469102361 13.379840934381
43.31493630277 13.385679907366
43.338979839526 13.417730400554
43.330638046551 13.370072907962
43.328023492067 13.4409942266
43.268826910906 13.437796685604
43.314446359109 13.428036227577
43.289751041371 13.400837414174
43.355987255183 13.390138118265
43.289570381555 13.474398238826
43.351047565879 13.424218648798
43.291121642728 13.360341873674
43.30367586126 13.366388084559
43.293036115048 13.40565929676
43.297667561724 13.458868549906
43.29374882874 13.383461726563
43.276623993796 13.368546980626
43.290663599193 13.398874941489
43.348375604206 13.385079889759
43.344071135106 13.404411216941
43.290284603059 13.371558676202
43.323428976055 13.386687031682
43.276956617982 13.468306584988
43.320335143882 13.373002089755
43.353900481201 13.390140901522
43.299104137041 13.429121556913
43.295163745685 13.399650406765
43.323916254271 13.422031379988
43.297674606248 13.362527579725
43.317005025857 13.454857542412
43.328083844098 13.396026521661
43.345516606882 13.404106699139
43.29638017078 13.381340757211
43.323212011889 13.379670850665
43.267022607528 13.391624901647
43.28059638819 13.464046058016
43.319099811075 13.430961974187
43.332434104931 13.408167829017
43.266865174431 13.438520519288
43.26892566649 13.445754935728
43.266210685163 13.419596358419
43.311584019734 13.400357533454
43.348073839859 13.426078321166
43.329568728048 13.35949707702
43.340982238011 13.42820501629
43.296174666072 13.387752991371
43.359492882809 13.426784977537
43.323078403886 13.425959025263
43.291775374365 13.367284725612
43.271021821683 13.406032084697
43.344264026447 13.433931548837
43.320703569039 13.360989717024
43.339871315931 13.437023110447
43.335339163142 13.449455200925
43.35002797907 13.386340931725
43.331819403161 13.372475984701
43.284816396576 13.383776899627
43.271128730064 13.377585145376
43.361865841042 13.394468068816
43.275969731305 13.408525645478
43.292981253629 13.412686997772
43.298333283674 13.432318300231
43.312263520135 13.445420651925
43.30112915316 13.361504074375
43.322956460234 13.362302398033
43.333075729375 13.432618958632
43.289579670566 13.390196118707
43.344968583616 13.395836862941
43.262703333659 13.430057793146
43.277737482601 13.396017131601
43.298034630876 13.408817104275
43.290301656041 13.416898267093
43.284753527646 13.466999690753
43.281127719361 13.368762114278
43.276564119533 13.371285320454
43.285531995506 13.369714664488
43.306966772933 13.460459918019
43.33160258428 13.405249704351
43.306183539495 13.40002108712
43.355560308043 13.390625598578
43.260723967248 13.410122526556
43.291237855021 13.456902034814
43.283103000525 13.40768200087
43.255853427249 13.411128952846
43.268118530192 13.419112927962
43.299450340841 13.433858992289
43.29411493537 13.444802189008
43.348202456438 13.426239039968
43.30046076204 13.413452687421
43.35086904764 13.440067143871
43.316950309259 13.370137355949
43.320943165275 13.367585232208
