42.443791316908 -71.659687742699
41.564820156847 -73.522194079498
42.301117991259 12.400722282681
43.488240319087 13.547501043693
43.717034289968 12.22467683082
42.69898608641 13.018918635819
43.225608580406 13.768364828459
42.810375591207 12.91526592847
42.868396280759 13.479610183986
45.448582259819 9.4691120591592
43.644900569548 11.861715318592
52.814913174284 5.4307139416601
42.114055572617 13.550060707422
45.212788182272 8.4366377820664
51.729912446686 9.1258343957019
42.501340377399 12.885471512531
43.336119222632 12.718269951997
42.202467595342 12.250360242229
42.514958087616 11.865407493855
42.144931859891 13.614272144464
42.664775670371 13.807821023209
43.059249182746 13.490816335443
32.797292509767 -112.53155279465
47.231984229401 8.964049025422
42.070750448441 13.284748993036
42.694048617845 11.985473549473
41.919151861204 12.703999695251
42.972453103875 12.167198952852
42.661451558912 12.64656368815
43.239903137686 12.271209886445
41.854168394534 12.775402296717
43.333442774778 11.9924596823
42.877147444022 12.165171055687
43.294167210506 12.876899140851
46.247902716721 7.6248012800351
25.104420440303 -79.497101629194
42.067784398381 13.013989568716
43.747910967466 12.060221803889
43.417212587065 12.407820915083
43.399947273752 12.084973750697
42.157974590642 12.997743005884
41.926582509173 13.827331113104
43.694963322831 13.504252204927
34.1771513813 -117.48320323606
42.429351673217 13.024526455472
42.998984609751 12.438398616614
43.435821554382 12.731425676856
43.6120587013 12.893841042155
43.224197939164 13.532146878809
42.627941559848 13.349507766028
48.428979937958 -123.1674116725
46.800353520457 1.0209201439381
42.636100511849 13.351289111374
41.989231961795 13.098118816569
43.752318156789 12.158866630031
43.101279978243 12.75212796768
42.21688563808 12.462658696579
41.834607002735 12.910286769716
41.847084728019 12.312976739536
43.038266290484 11.892310179275
25.26054697727 -79.90244507021
42.538178078636 12.610699602242
42.172973331166 12.632943714353
51.789979872429 6.0806857186047
43.411558115136 12.892664465559
43.21067938593 12.825200498044
43.197286530045 13.540418974397
42.426963409163 13.507768024482
40.333838921348 -74.27082970671
42.954772825818 13.553100191801
41.062049045862 12.903297792421
42.324992882726 13.353794517647
41.925635429551 12.287307365952
42.293625483447 13.275537211597
43.296302416521 13.727627763884
