41.947160591833 11.862731208051
42.585295259315 13.711539854182
43.122451406516 13.3875863759
43.681494122709 12.820618818452
43.745600496163 11.333463119217
46.260782253584 7.015994264286
43.046537860805 12.006180252438
43.508783926514 13.170818185534
42.447852517242 12.164826456555
42.61651845214 12.123032875903
41.689543649084 12.354593055765
43.078888863383 12.497600816443
42.60470087158 12.111730526274
30.485380224941 -95.289799103857
41.431220419466 13.212564468415
51.899576526787 -1.0286945859616
43.734098278815 12.940212400158
41.977280008151 12.486881089179
43.535373863103 12.53686306187
33.437901649189 -83.623798637239
43.25335168899 13.273521504513
43.554220993351 12.727184213126
43.139948260125 13.467599849921
42.190918890404 11.947158485647
43.063022307636 12.78288911601
62.79713980425 15.693375244128
43.475682252329 13.513173617683
42.30243655031 12.697023861921
43.764398293481 13.127813421736
43.419104815211 12.791105302906
43.091916584008 13.796465315317
43.546025406379 13.468790544902
46.062092932927 8.218618575306
40.534429848169 -112.24084940271
60.827976048844 99.436776411923
42.134283472867 13.390197716856
44.349670986971 7.3293336670772
50.648761186585 8.7221855189289
42.980904785463 13.360455716683
42.71595277533 13.341461919428
42.930618381582 12.902972064422
42.869709324518 12.824251004434
42.557562751976 13.627411662914
43.264223481673 13.618686642341
43.214132589874 13.485394991716
41.914380720332 12.498187585521
42.005845605885 12.81955485319
50.219895846778 8.0728165344674
25.093652539913 -79.153235748757
42.873206845912 12.5974201414
33.648567427431 -118.46971670961
41.942354390392 11.913774223048
43.049338435333 13.647416920258
43.721476086772 12.566444644989
42.662236651735 13.729209425288
43.533816852876 12.388339112249
42.049269508614 12.555553756934
42.590883373579 13.7433112123
43.266132997494 13.575787069565
51.442013704889 9.3500628240174
43.004999005725 12.438156711628
42.404666292225 12.49973591815
45.054607917114 1.9842739412488
42.047230556185 11.960247690792
42.706188326586 12.234790756497
42.73367270817 12.76640163167
43.761041390619 12.510505120529
51.891196936085 5.678773512565
43.580115808931 13.418168158486
41.943650649855 13.538122797656
43.763841697392 12.157736130153
43.293688433403 12.471184865812
43.439172884209 13.662644367995
43.435477982033 13.250477684799
51.379607408251 0.20193249689971
46.799831542093 8.9891613447057
43.033735969141 13.124842678276
42.092934780353 13.604092363105
43.136489893394 13.464147216878
43.534778219452 12.125499570822
42.167782999674 12.452556185656
43.620927356959 12.057000430814
38.984718910585 -78.40616746867
34.189015465916 -83.740360575514
43.167265975015 13.783305251891
43.310354396401 12.423462158753
43.390442038158 13.790275547577
41.976201748951 13.715827090554
46.297097883582 10.607887666862
42.839307278341 13.278450136689
42.989060239882 13.378347628016
52.258668505009 -0.99077438428102
42.878959818941 -83.257851507842
42.350395752301 13.445174841439
42.010998186216 12.2314576154
51.649730775109 5.7680185898291
51.021220935984 8.8238636394142
51.259030805556 9.2980034585567
41.977803795143 12.347891438004
46.850103982654 2.1762070465722
45.011012867981 9.733350686933
43.405889363704 12.920276436007
42.177421541523 13.705468003988
43.62723337704 12.464631562824
42.605951554911 12.196956781318
42.473430617023 13.397324441207
42.845120984544 12.280766323826
50.663808791276 8.6040710423161
51.612891566759 9.9303589700397
42.18658540269 13.74045390486
42.474449742827 13.581856985868
42.049983818594 13.221706058489
42.863333543254 12.224199388302
43.297146632961 12.976801823835
42.466156039361 -87.595318205947
42.520850247967 13.338800394155
45.539151076944 2.291583182426
43.457066066331 11.928613415907
25.205674225078 -80.735741745833
43.152305271568 12.314694781955
42.930742862623 11.950563716234
53.13342460321 6.2643474738646
42.635760679692 13.524471383807
50.84265928615 9.3225926362549
43.244731537201 13.750707883293
42.790209930779 12.865903491579
50.957370014234 6.6691925757864
42.279587501346 11.901464294617
43.746066669836 12.492403839965
42.761881549753 13.350079151986
42.161129414666 12.370495139815
42.036778637246 12.555593177956
42.30487062938 12.877972527371
42.907842114546 13.200623697716
42.018392366852 12.247923951267
42.054384350357 12.916107967478
42.445239495714 13.408453657503
44.947129166616 9.633243231421
43.665507139969 12.750987762956
43.177776862971 13.475761274584
51.075406716939 0.22644401673062
43.163985613365 13.809361590005
43.064371259003 12.409768796738
