43.20598484634 12.064863056927
43.20182007423 12.103702144301
43.252163044315 12.093403800921
43.231274743227 12.144411429851
43.211353447408 12.141502891754
43.236641139389 12.05247812257
43.2052266557 12.154593336489
43.174109126078 12.083058500722
43.245317796846 12.076762268842
43.203534185537 12.085564657641
43.283698178981 12.076531845202
43.285481722714 12.116493271739
43.247055814272 12.171657088314
43.174328582464 12.085800177479
43.255861658743 12.061990040404
43.233890979681 12.100841975373
43.23822258752 12.097880318827
43.279751769418 12.10037695763
43.275473320075 12.144057554747
43.19687884126 12.117389308364
43.282987458319 12.072601022254
43.23622726569 12.128588522865
43.265017568744 12.104708485841
43.272138450908 12.142254526814
43.199795638325 12.140000635379
43.176403939361 12.129292654886
43.223956643729 12.122437570788
43.198147480024 12.066590040974
43.246519579688 12.169282292116
43.199139981179 12.055697459309
43.219004840247 12.043915584725
43.189577628036 12.140604013664
43.200878303147 12.12487883315
43.180159018946 12.088764230317
43.22860612733 12.084542380241
43.254945882736 12.117681425141
43.269003061258 12.11430451747
43.193129305839 12.069012100396
43.223533378573 12.052659242459
43.241554295312 12.109727050716
43.213419143697 12.067948187288
43.278578374686 12.069678362512
43.179100055352 12.093545121671
43.235445604325 12.117454582435
43.27066929234 12.074619487449
43.230551589874 12.067886241299
43.239830016757 12.123930855267
43.233419249895 12.089440223358
43.168927291508 12.093425781065
43.226324716709 12.117689889466
43.289588666677 12.097874743465
43.202283821184 12.067406034615
43.22311502661 12.127678215584
43.215433578594 12.068725646992
43.186005106303 12.106668791339
43.176716225325 12.073967991452
43.28279746991 12.095550069651
43.259422915664 12.126558234064
43.276546982267 12.148993924351
43.214910038868 12.083170491796
43.18479989992 12.079967196623
43.221284441308 12.166612799844
43.295051024919 12.093174256914
43.223657637028 12.11465775555
43.22639142362 12.066462804615
43.288583523749 12.096639835807
43.251260848388 12.1125795665
43.201058942008 12.117640124244
43.239470141141 12.078128174005
43.279006245697 12.099194166783
43.29391304559 12.087536221432
43.259068576761 12.096454530555
43.278038327267 12.09871288256
43.268634193723 12.063190880748
43.247992207898 12.148857876749
43.282682595927 12.152507107331
43.275972287786 12.115617448539
43.297366034865 12.082461065672
43.271662717367 12.092755229742
43.178142180305 12.086049165638
43.240426019433 12.119659687935
43.258636290815 12.176708111643
43.19993144518 12.064853197946
43.213392356813 12.124643914879
43.177010718371 12.0775282784
43.270055213624 12.112750796209
43.270838606318 12.066388420347
43.255263195513 12.111933756227
43.220323907801 12.108349353146
43.261334736509 12.057406498167
43.174586151829 12.115195700508
43.267752392363 12.121859340075
43.224774722601 12.089311986759
43.200325320123 12.142130182212
43.184751162878 12.087949836689
43.243401002273 12.101029161898
43.26662037443 12.169457495778
43.233954886104 12.117872783524
43.24453677949 12.148867326413
43.17606989258 12.076995036622
43.238699963914 12.082063046809
43.275598138254 12.097634719751
43.237525595484 12.096879459052
43.244422670589 12.089238444871
43.236332662535 12.128695774904
43.20927228092 12.163455288489
43.187829411231 12.117882893962
43.187831082024 12.160299036282
43.24412257005 12.063722977931
43.197895039917 12.148458120969
43.202767221889 12.166080705317
43.249587986756 12.118829967065
43.25704539395 12.164565128372
43.195388526768 12.074545189328
43.236449348871 12.126667284021
43.244299576753 12.051231785722
43.241224535409 12.120551786463
43.292140599963 12.107469978813
43.199435015789 12.080810135755
43.239249788823 12.1540908847
43.274829929378 12.091339111392
43.20039416861 12.14861542694
43.27934250856 12.16315801172
43.258475834645 12.073133119437
43.217636511318 12.099013905574
43.255477822991 12.161538477618
43.286605456533 12.126146182963
43.240316367375 12.111860488149
43.279342218453 12.111200024912
43.211997716342 12.113952897097
43.178859690774 12.137491073079
43.227706671354 12.13537271143
43.226400996219 12.044151945547
43.257280314016 12.060438146864
43.22567778233 12.067539215606
43.279523405863 12.152446883357
43.283398010921 12.12399565902
43.227531367574 12.114172664079
43.207603320597 12.146116625607
43.190924100222 12.074667768609
43.239598637114 12.146254584282
43.283228410095 12.159504222313
43.250839080334 12.148812357892
43.180459838 12.151472592352
43.276666093768 12.098164783857
43.259424859334 12.087830524488
43.248412701438 12.131551233203
43.252859059394 12.060684185059
43.240082357677 12.059611649767
43.233473275918 12.07525985321
43.218009853858 12.071983486468
43.250663369566 12.091639147669
43.260790061814 12.177441796857
43.234426534399 12.148387460594
43.189396610593 12.088064482963
43.248114466338 12.165656464738
43.226985160388 12.12506874193
43.239611919636 12.162385588608
43.19231433153 12.139704133936
43.264900999288 12.090752152789
43.201769188161 12.158577065078
43.210800025731 12.067350671679
43.190510828623 12.07241809979
43.255913054245 12.104774891003
43.20646107907 12.105853464525
43.196944323015 12.142082828184
43.227460692298 12.130430304993
43.189161644892 12.082894702502
43.231450879144 12.107584065363
43.18902557261 12.134581381539
43.277808473596 12.071704866419
43.217534987378 12.099122666821
43.19570202671 12.10020683666
43.249826297767 12.15652972702
43.235750218518 12.147189577665
43.194846461639 12.056815733715
43.239834498747 12.072719977292
43.173368285978 12.07480256591
43.281445670094 12.085320460671
43.278825652936 12.084191849515
43.200399397521 12.110792367326
43.190213598886 12.116438730229
43.229547101667 12.124521204349
43.228524587245 12.140472977509
43.296128917644 12.077305345853
43.171774146248 12.091816211649
43.245608123155 12.080450860842
43.232821707278 12.089176780141
43.198783447148 12.094727062685
43.201181158072 12.104377433262
43.259881830451 12.057889686014
43.268531391543 12.134528094986
43.198237236237 12.157925445681
43.266363736387 12.064485686417
43.201523740425 12.069018387289
43.221390284256 12.153519010729
43.190707026159 12.124601951414
43.263595175142 12.09162359272
43.196301459913 12.057050418622
43.280825155473 12.107221696131
43.247528815313 12.084897209485
43.264774595066 12.154881403409
43.234300424475 12.080634604732
43.255069564236 12.154999447614
43.246735074693 12.163987702787
43.28308799459 12.064140912662
43.240909183997 12.08913579636
43.274882033151 12.065148196234
43.241515137854 12.122332009565
43.241216913465 12.131068113808
43.196336181481 12.073415311574
43.276921740883 12.115549761877
43.234603123404 12.125292232805
43.2537533605 12.13316859872
43.280131654034 12.098960915182
43.207051452832 12.130365371786
43.26361902031 12.128336703532
43.18916077038 12.110860835368
43.288526517029 12.084202110362
43.241403464361 12.120071139264
43.234680068344 12.084255032302
43.250858200852 12.075693411343
43.194323381986 12.111925893071
43.223196818153 12.041342021006
43.285421002344 12.117915988044
43.187556966316 12.063129604379
43.223848627074 12.153926412202
43.267931250535 12.115122490637
43.183314856248 12.160899085089
43.25383749525 12.14868246773
43.201334821175 12.081205857976
43.261555488364 12.122021560635
43.190050395315 12.085813782704
43.256158859609 12.173312274841
43.250782247305 12.072779655046
43.188798558076 12.121679056513
43.21973954526 12.062530305752
43.231637061702 12.142977512064
43.284537324835 12.142332876188
43.258632782988 12.050866194114
43.270676241403 12.13620702698
