52.071781634154 6.2688076661522
51.296471744914 9.9659979091799
43.690778063022 13.197348182668
50.372028322598 8.0609163847104
42.89404271028 12.622121949991
42.911275669912 12.058951513425
45.347115893079 2.6707774510937
51.751777131693 5.7824197109008
42.598275724167 11.996247720924
43.708170866944 11.850309993092
43.080206072016 13.005715147616
50.383825730711 8.8552363723774
33.879893581506 -118.01270166441
42.985136611401 13.446174055567
26.591478715909 -80.122770269268
33.602971731817 -118.40614707391
40.641128686115 13.323577607134
45.887601444608 7.0381976712929
43.631928982528 13.531628055767
43.269646020287 13.56404743046
40.679398061584 12.958973692178
52.325944655028 4.8392946618094
43.437146729549 13.12036984049
52.724460945569 6.240433361144
46.629615671295 2.5232336565495
51.300662858785 0.46979442674658
50.955950180514 9.7277803880758
41.452945096655 13.614121746025
51.647183231147 0.73676768300439
42.751482834013 12.498775056351
42.245374518582 12.076273662095
40.517312120913 12.323931729039
42.344188466384 13.08032371389
41.376715091724 13.238270376852
45.27761503741 1.8186303199356
51.094603156249 8.8822874999057
42.383687440045 13.323148403865
43.803349079028 12.973949630288
43.718147827668 12.385738924812
42.102036509731 13.33153684222
42.420239483223 13.161954824443
43.252804172364 13.378365168079
46.476206937561 7.2630449404302
43.232271178289 13.764315385283
42.618956046954 12.324936967515
41.989201637937 13.145806370769
40.513747709137 12.219985252747
41.706134346105 12.431593933248
43.414181297859 12.581180348353
36.794488884458 -121.70288378423
42.855303455216 12.100462837934
42.759044979142 12.326962420424
41.911511491964 13.166128898603
45.020873517273 2.0106903403116
42.02652936013 13.216395073226
44.078310969019 6.6899014111351
42.387500290965 12.397112765932
41.124153357916 13.983445477569
51.335980181273 9.3641738138926
43.785395896449 13.254605167219
40.888350581724 13.80326127245
41.242022119135 13.208806677285
42.43951883143 13.476539463513
43.392827556207 13.595180436336
42.373772357786 12.676390093622
50.133919793243 9.0575187313638
50.269996279045 8.1523116622829
42.556200779789 13.060164041401
42.303977836086 12.886130106138
43.47449379811 12.054796337197
43.177023404381 12.593565894123
42.293574043707 11.937757765401
42.923178096287 13.461639461809
43.072338639348 13.003621123754
42.030222784297 13.305167956441
42.729698503285 12.251982253649
51.148661444499 9.5514230875072
46.052049891582 8.9150131004467
51.005729132102 0.35300570458314
42.045172540047 12.339432831567
40.505719497595 12.165779037876
42.528108286007 13.236226746943
43.01321926576 13.228773296007
43.800792742914 13.293757972
43.640633457194 12.486405782183
43.403529317327 12.434217021558
42.668238916767 13.419886437927
52.384442942629 6.3046247975689
52.526882845455 5.2861967974045
26.449811523507 -79.571695897804
43.824298628545 13.190231729874
52.255274888945 5.0683008466467
43.635875562989 13.829841416737
41.808081762801 12.415320781185
42.605218831287 11.908860051517
43.466481976449 12.373473277045
42.948538324327 12.474676708002
42.973986480394 13.41351546741
50.85927955334 8.7904417937577
52.619802929517 5.4038153130812
43.695132503165 11.905461925059
43.333419373901 13.505672759167
43.632248285076 12.068255539571
42.468547306263 11.846442158749
50.701515334287 -0.9001023019711
41.648449076678 -88.250900509143
43.43886388628 12.270958216542
41.959537987134 12.984425244867
41.28140207484 16.607255667547
42.171953860771 12.479513033072
50.625201172487 9.1267820005895
42.427497797866 12.925935020191
50.605386117755 9.6459708109712
43.50912425786 12.314090652559
40.164977928852 -74.435887486543
42.783590452666 13.594209779352
42.444413742278 12.350734370945
42.607131529903 13.739857562718
52.23854214034 5.7394648585419
42.126686328636 12.068058078696
42.567609085521 13.057776390157
43.037552705539 13.689285775057
44.300253849034 9.5858767753657
42.936861192799 12.110621620973
43.079860627244 13.4075723856
43.740820926049 13.391632958984
43.447309296807 12.829296471027
43.676852117629 12.361636429749
42.509441087281 12.822032923748
45.802986678576 1.9743326450579
42.660442645059 13.211809787553
