49.28358699609 8.9079452063437
43.63531795362 12.984664865318
42.853753222571 12.694661446726
42.248707345824 13.385330373622
43.263816992896 13.60035840452
42.79579512069 12.71161561122
36.927741524732 14.598022399865
42.307024641126 12.792930257431
41.984174818864 13.40148734534
42.836866587345 12.184807318835
43.483490693629 12.752947699185
42.586080794051 13.591352019755
42.18557652935 13.488439812108
43.388243881256 12.794480997529
41.853634992567 13.744457632205
42.797873550022 13.112150697576
43.065035500149 12.726485341681
42.627783320226 12.540538787649
43.189734412467 12.419638514735
41.848742273121 12.778299535077
42.808999251041 12.720128535649
42.626892299239 13.501397118227
43.228064361156 12.619552936714
43.140842616179 12.916574437153
42.590885915624 13.678525738755
42.337119626991 12.418562995486
42.560549230131 13.466943034675
42.588460825213 13.696204821924
43.765284576365 13.106154970895
42.144710181022 12.166164292843
43.312839961312 11.85631249887
41.869754054078 11.836126875543
43.088592838093 12.825186280939
41.862968025686 12.890237849641
47.998072243295 7.5553375713319
50.722017818467 8.0538372346451
43.781459479512 12.900155818996
42.951201695947 13.75348417405
43.115009520277 13.719338137081
43.716670144704 13.417746365752
42.14049037834 12.445178242629
43.611960761089 13.208549830715
42.464870003755 11.904978346522
43.051589019642 13.010527140021
42.787183919378 13.189972110202
42.231623684651 11.8375824992
42.062473014979 13.36316943048
48.380768635886 2.2581852762044
42.649675808239 12.543232451001
42.963517029308 12.055462635635
43.494925436815 12.824176007821
43.171428917542 13.010174724765
41.653243220389 11.720376915911
43.199139981179 12.055697459309
42.704526415563 13.046395312828
42.131540855009 13.052544802938
42.531313155115 13.036959067025
51.237861794996 8.2309148457045
43.295117145563 13.01857755569
42.056158827199 13.128342329605
42.562447046213 12.269830295497
42.493130917912 12.998343327569
41.842163102183 12.83720286837
42.815481583057 13.595991313756
41.942240927363 12.416315259161
42.306357498444 13.168911117694
43.623667091908 12.745099739074
41.84732250678 11.927585131942
41.465710747412 11.720557416936
43.400181771929 13.512517173103
42.930611729611 12.780931560707
42.769014261576 11.864944796036
42.77891498889 12.27821894657
43.662220158944 12.53458987995
41.360159196733 12.806607559976
42.094492043899 13.196059562844
41.99185714919 12.03141432585
44.913425608661 7.4661242547077
36.965812540599 15.215140182276
42.085730462862 12.685325337914
42.916520371084 12.789495964923
42.55113770468 12.204329982516
42.206809044933 13.362125695407
41.845601035697 13.711893957461
42.918005565164 12.221858506215
42.090011911995 12.095437153308
42.486120324364 12.510159905327
43.41582559024 12.985291892677
43.19050944235 13.006186598004
43.65336739025 13.090969673421
42.168336245331 12.657120047464
43.794675822761 13.750238374246
42.184277458223 12.928307599841
42.876422453635 13.661379908075
42.607960112697 13.608844833287
42.051887992349 12.400488790332
42.482472554561 12.839842079154
42.221979847302 12.481279924757
42.934071721965 12.57906051987
43.288526495143 13.400121846909
42.488963394675 13.162434764769
42.992557528446 12.830315580534
37.774983049183 -121.64949087053
43.182960365539 13.654485683748
46.709502102206 2.9867280651753
42.295012096567 13.389187449326
43.469686376171 12.902303954562
43.080155902135 13.255958391028
42.893548625027 13.189746624899
42.051812312611 12.918978025189
40.88735425369 19.003883446799
42.531742484112 12.444939804957
42.951986632309 12.847614244508
43.385688741892 12.42255712788
43.612200811346 12.202111214514
43.564100269978 12.602120877545
42.776704268913 12.602076086983
41.992853128835 13.037015663032
42.441193045809 13.353014507051
42.688052891282 13.173462862507
43.299769867838 12.764810718042
51.387930419477 8.1636530767026
42.424473802312 13.822918767048
42.436082441703 12.278851697628
42.953355218749 12.023490591472
42.880411775282 13.287015777702
43.563875649874 13.444688079641
49.96793434004 9.5232473162554
38.302035044556 14.809378725039
42.732900721036 13.050313228576
43.738805569142 12.947589895219
43.746536555603 13.273153361081
43.796228212231 13.352242679986
43.197832670176 13.609873559631
42.876953308434 12.663661306123
43.653479020902 12.679367706051
43.037360014432 12.445585655277
41.836087297127 12.283343846597
37.201187787123 -122.17491889257
42.621705098854 13.221697172274
42.009293122708 13.67405624954
43.546808073573 13.579278993711
42.664437246839 13.079194162564
43.658945526324 13.467473983538
46.829762490206 9.4391021919906
45.171657862457 10.018014671848
42.986500826679 13.496451919685
42.451946372398 13.747304143287
42.25014649811 12.181642217667
43.064315312127 12.017325257446
43.810790806942 12.74725009957
43.784665984488 12.474926754143
43.146178674973 13.453148005297
42.194991948661 12.092471623857
42.230788459664 13.215040304354
41.916811947693 13.614223392522
43.829663132725 12.82246818853
37.486206534547 15.303379971326
43.443803120166 13.717604448908
42.458451167449 13.145461754496
43.444752050326 12.665863949205
42.213076400691 13.483844142653
43.514835455716 13.388899991025
42.727423122047 13.29648437786
43.302184799382 13.291082233813
42.349268682485 13.772236187857
33.310520118899 -119.02590035533
42.093709923392 12.881184731576
