43.355973653682 12.363715755478
52.05732832691 0.26452531307453
43.496633967637 12.154891628865
43.393301533739 13.516682051384
26.148966513626 -79.648107174895
42.190159345155 13.452597502385
42.641983647219 13.222769002089
43.176232784158 12.237938040068
43.710240870135 13.482847247519
42.896417856189 12.976689837883
43.263583824182 13.20985262946
50.315998377891 8.4784288171113
42.657719349003 13.265115532959
43.641036421846 13.720541788156
43.408330746206 12.616050715866
26.987375004194 -80.787906261803
42.80111047339 13.377698394667
43.417448589328 12.609874288857
43.141556530346 12.667805299961
43.144885245799 13.725121360165
52.660034760907 4.8140525506176
42.611116207976 11.857554943255
43.697734814483 13.298690896176
43.305765331886 12.564883561623
26.177779886472 -80.320073050871
53.057381411971 10.315453443823
43.822757119717 13.100185177357
43.55609397525 12.967809653847
43.207645652002 13.094652317064
41.993985295314 13.028863089659
42.509255454202 13.594583620615
46.171988452865 7.048110682074
54.09088425289 9.9848613263969
45.282006034759 1.8880161796175
42.385679292228 11.947708082848
43.51651552206 13.547808542658
46.257238759805 9.180049608266
46.106008011359 8.7869851929075
42.759159539269 12.727450249611
42.733157703084 12.576537874817
43.366640315583 12.387294504527
44.741374245887 6.9259110071607
42.374840943338 13.020112612781
43.096385771009 13.507396082185
42.246862399528 12.616948706872
42.152978221512 13.611697473403
42.235430796296 12.647482464878
42.343310424308 13.234428493436
42.985117659918 13.121272204987
51.993677374904 9.9016437348452
50.784362954311 7.5669252782883
42.642768767517 12.49538738492
33.014955495186 -97.016859650778
48.600972454657 9.8832249162827
42.73207999057 13.200807024839
42.375866212147 12.708456027207
43.498484294649 12.571428715073
42.844585027029 13.653192417556
42.414342699321 13.663045409931
45.477697450985 8.1554884513167
53.219573753755 5.4840953181191
43.795993923601 12.053243579389
42.821143181932 13.044029163238
43.003859284822 13.282753668413
43.436001886838 13.390548433846
51.284669509989 -0.91326507647673
