45.276146279197 11.218223250549
45.187389213542 11.380093817029
45.324196366395 11.222311960427
45.210693709047 11.55087584208
45.382746259325 11.593465012239
45.394988241254 11.699737921613
45.04824543815 11.574700814735
45.152850836142 11.590653658326
45.179589974568 11.334009215764
45.232734800543 11.157119099448
45.18353793418 11.583265744489
45.178069965554 11.309410127303
45.630292998317 11.498977290417
45.502483319122 11.454250461817
45.28523974027 11.282535611967
45.170466351265 11.644643771015
45.439795548578 11.585321455789
45.277311787159 11.720079140745
45.444186539668 11.746386864731
45.606929499126 11.850549152585
45.477757814239 12.002718559372
45.294145288476 11.346139167385
45.148526199094 11.269568650548
45.794515097348 11.557708797235
45.57373914869 11.295579945902
45.331156060205 11.27744481041
45.369333820173 11.424196918457
45.244355332241 11.910893748145
45.15904294383 11.751598004273
45.193345672005 11.44282108233
45.771991729188 11.37825738917
45.811574914195 11.280507282857
45.226166611922 11.151467756227
45.74708382564 11.704818521463
45.028391444859 11.456094096604
45.445837493474 11.391006100735
45.179766402941 11.924099888405
45.278861863322 11.963251420813
45.408366460334 11.683975646498
45.418255609466 11.921266466596
45.645228030728 11.89645400195
45.695998833515 11.740693216927
45.279244485816 11.304466898788
45.442315904604 11.914674881901
45.585053271844 11.460414992279
45.570737120309 11.306200197829
45.327089180449 11.350237288395
45.414951543575 11.25200086676
45.504519188874 11.639101903436
45.414323138196 11.871574962382
45.279363950754 11.192477239944
45.636984554905 11.205936004317
45.410597658095 11.532478204313
45.515342852597 11.157656705919
45.091186722413 11.344034251961
44.980530832978 11.514398033414
45.687310404072 11.662036384139
45.202823526344 11.556998735367
45.637429818251 11.272267435432
45.461901559523 11.173121457323
45.847293973759 11.286108574893
45.37639492211 11.229637374414
45.454761584269 11.36275311785
44.977600216904 11.549200819826
45.321511241876 11.13643970633
45.438984030617 11.219314974507
45.104677015827 11.735263690413
45.237436373016 11.652242214325
45.202082740002 11.724352223854
45.509502942001 11.167092443193
45.546257093251 11.550587603355
45.370418855075 11.438133727705
45.097960738834 11.436095859777
45.284429729513 11.832786470504
45.726651445558 11.504769775485
45.431769396007 11.269056170096
45.706857122603 11.393661995741
45.44315592253 11.387555666353
45.698940927351 11.651886339321
45.104408301511 11.274747089841
45.381303594278 11.503251705155
45.030258856552 11.619597315337
45.630084532655 11.527855256606
45.653030339693 11.814651529576
45.577408633254 11.796772133837
45.80329022054 11.458668793465
45.544120652112 11.833698822273
45.517588023526 11.700106371685
45.576017050143 11.870851533648
45.256105524072 11.817615851139
45.446575049796 11.879909778212
45.144031786776 11.53318856663
45.337396644632 11.420903138735
45.689178423464 11.468084594055
45.346490244356 11.183891919781
45.348857744012 11.369629695925
45.546925761389 11.508859374981
45.639081865868 11.382641210536
45.585994892582 11.380206365918
45.812210961227 11.463240140799
45.129916702248 11.816795789062
45.679093349995 11.350688377747
45.250341089585 11.542983869413
45.909568891541 11.329188186528
45.312890136106 11.597767922628
45.253796768612 11.832636841097
45.247138601189 11.399878151689
45.219724627998 11.723988296131
45.216246929914 11.968574447913
45.603137182842 11.354341461768
45.611638388439 11.522240733319
45.058336916684 11.55777996923
45.165358583613 11.397069537175
45.271064326852 11.539271208152
45.758141225112 11.234252472189
45.402242455144 11.225058157474
45.486126718666 11.24088246824
45.21970478239 11.692004301928
44.997180617702 11.57318522992
45.473455823059 12.000555743717
45.352175584786 11.320767434372
45.170407541245 11.40522451252
45.603044092701 11.401961230907
45.560163099603 11.49093309375
45.334312917448 11.316717760042
45.384298823976 11.44305519296
45.80340276156 11.327369646953
45.334120910582 11.90429217203
45.244438440527 11.709039331004
45.254885663687 11.342094180525
45.226798631348 11.328276060717
45.498763577709 11.405573855273
45.456194799396 11.698025071294
45.473414706098 11.189661721575
45.280035504201 11.722119738614
45.584075997043 11.541976732987
45.603949602162 11.987457953455
45.222287951725 11.72833630949
45.243572267421 11.539332539048
45.506102387797 11.433043929708
45.685456796917 11.512956518218
45.523409842361 11.199906784156
45.188694240332 11.952478450908
45.119441432701 11.476477947748
45.344607928018 11.8658444044
45.596714787486 11.62718658253
45.020730718335 11.607755642041
45.253004638852 11.892101345906
45.50221249042 11.440468844744
45.316854187246 11.930716838909
45.140942899972 11.364290350682
45.182078871751 11.614429171856
45.118924132673 11.639055995522
45.640829231656 11.254902516119
45.286466464187 11.440305679843
45.647434829153 11.701344220059
45.671782621519 11.73734142321
45.320263095745 11.316081980321
45.754629358802 11.507688229895
44.999603631769 11.410142464473
45.2363223165 12.044006780041
45.182494390396 11.206726690988
45.384105903036 11.607727434196
45.452396389564 11.461278005625
45.322575180059 11.933198749753
45.728965599944 11.481565260317
45.038068410541 11.49488892918
45.646013154067 11.677236218086
45.422832322553 11.643284663622
45.363410892649 11.851327225727
45.465709565799 11.202464538814
45.290675340218 11.731316027756
45.851334949283 11.360471269468
45.791595644083 11.471909577431
45.365220641284 11.211723989158
45.193390589626 11.583779239086
45.307816678664 11.576980355648
45.630597508669 11.861639041573
45.200774480079 11.888396812735
45.26194081633 11.933986483484
45.374540387015 11.159095110048
45.471152836795 11.350878958356
45.423477116753 11.241109643474
45.524787325726 11.456568643198
45.218089942386 11.379998446084
45.447811081145 11.490125042333
45.423609088421 11.511185353159
45.187267656853 11.62433913677
45.284079345332 11.358290596473
45.474035738862 11.825580915948
45.3581849661 11.942622604415
45.280425214945 11.872955917449
45.169002389942 11.805532276258
45.104841446809 11.342873084891
45.638784537645 11.921259498094
45.765883237294 11.292811178061
44.971581166418 11.52386242439
45.109088394048 11.379956814614
45.11673594677 11.710590509468
45.878309689454 11.352734797098
45.14225388842 11.688838719476
45.373987768649 11.732230715349
45.202115400952 11.593597399367
45.651949481667 11.61930560261
45.674721086109 11.337443504824
45.609410499308 12.002836644406
45.177080387155 11.744544547843
45.764048521088 11.457718913633
45.593913114117 11.747061625841
45.191860976087 11.768664844019
45.055519461914 11.421569747488
45.707518770551 11.257890041756
45.146729453398 11.509161129084
45.018458575813 11.423906355546
45.522769405147 11.2531456182
45.295795914622 11.602712041073
45.189749586275 11.18060155957
45.177138830639 11.883807881353
45.576555765058 11.277925534906
45.670954636585 11.65464964437
45.129619359495 11.448553976276
45.543251907636 11.62077806586
45.542656012873 11.327623021336
45.60090935391 11.972016876481
45.268933223804 11.883084660875
45.146577741018 11.608129781419
45.79778566877 11.590488223818
45.55210807412 11.53795887499
45.075373665395 11.500467383466
45.240511956134 11.321317401583
45.259705184265 11.574880762622
45.390795356892 11.646230115181
45.377444741769 11.906543533062
45.643964219635 11.644023052226
