43.815794137707 12.643362891715
42.001008898507 12.968041178776
42.560289165287 13.348554170874
42.784442299432 12.699760794521
43.509001578462 13.459147454009
43.240388348832 13.534492894346
42.690374107908 11.876125231814
42.568397430523 13.107037111722
41.969122583985 12.064145332253
43.655035015056 11.843345384062
52.349048248888 -0.64752471621964
39.956894065851 -74.355122635903
40.128018645781 -73.680946158694
43.343297312683 13.722670759432
51.848905838024 8.0265341675964
41.107612522986 -73.741772865888
43.443081827596 12.247468942447
43.725293616657 11.861610552253
50.120420571938 8.0430086553297
43.079791885859 13.667748903256
50.398264940082 9.8823051256511
43.641457471385 13.793967474643
42.883574714851 13.429225682502
46.587309323219 13.462690104435
43.612901546367 11.902370979519
43.242589144636 12.789305153226
43.250376625124 12.299284158435
51.802457043809 9.2617787943509
43.423976537059 13.71739457816
43.143824748317 13.434866325222
42.032417707181 12.916950065625
43.366812638665 12.381876456284
42.487832791886 12.19990524661
46.586890946416 1.7753885629472
43.443029893324 13.272695026508
43.355632346776 13.549526922682
42.422865930697 13.757766966616
43.607309133584 12.09592197097
43.437192643286 13.614742968539
42.811687481057 12.163433864344
43.542103294091 13.823655166602
43.302619342854 13.066532732971
42.354184278939 13.439937457668
50.712252937589 9.1035774862876
43.661508027258 11.673412200982
45.331156060205 11.27744481041
60.093405936888 99.719443673603
43.153138252999 12.988864747823
41.956319483463 12.056470243308
42.561440535638 13.722018573325
34.57667029229 -117.96872770962
43.381515513373 13.478971104847
43.337194477852 12.732433083829
34.012794011318 -84.007104657966
43.788664525763 12.532623437968
42.104833843722 13.716007357818
42.130480746355 12.157853261662
42.554053291026 13.48313051673
42.41310107869 11.906761177327
-37.148820922779 145.83150700535
46.505136414666 1.4881815218777
43.46427629027 12.126126309005
42.051185275473 13.390677781979
42.021566914193 -83.068252205156
42.370674882278 12.511050719561
46.292453557061 8.6567081540411
42.0990188495 12.0096870987
50.625666793262 8.2175735971972
43.78918891858 13.125649285117
41.336793106926 -82.281899265818
42.72617484991 13.279043627588
42.987749457375 11.903491960349
42.310635875145 12.021474529089
42.873499762695 13.810206707034
41.862388751892 13.399469973726
42.969645969577 12.127017698331
42.805016425368 12.046637263192
42.374365728544 12.229082675778
42.723687573228 12.28749749825
42.246621332733 12.214018235569
42.224609521809 13.224260385274
42.830281546049 -82.064835949107
43.756836581883 11.90529318105
43.089949848659 13.739033432111
42.26399462731 13.740811986283
43.070747298242 13.528714218444
42.269519454015 12.724767906018
43.789304125511 12.434475154839
43.363058106698 12.93263397551
42.339566759479 12.889156164571
42.986072304207 13.504602111666
42.980470846419 13.321054227355
43.601528225302 13.064326777174
43.4927603875 12.997928849907
41.915050831605 12.346828373332
43.707907365986 12.349259837714
43.663883736687 13.669378310309
43.471118012218 12.015361872995
47.23763143096 8.6306773655259
31.94919578057 -96.45157650959
43.752784768491 13.764502136414
42.433803443554 12.576652180693
42.771954978265 13.122702980958
42.867786959239 13.231522545813
41.902897010067 13.084834088632
42.515023061801 12.464524897984
42.040522680192 13.647595178658
43.29498654387 12.39377401743
51.628377372924 0.25278975122739
42.43576106079 13.67394556744
42.874134909557 -83.778255871135
42.558813595494 12.373413713378
42.298688690804 13.516699402855
42.313133519775 12.810386410847
43.387520752117 13.788609174468
46.130120726994 8.783970186547
42.395024241153 12.722388660893
42.828351193514 12.489026475481
50.353889786803 9.3542339486788
42.024582662652 12.595334632155
46.535461745474 1.1171903089235
43.139759835873 12.386518824581
43.199015707357 12.334445954943
42.095984712309 12.351215381825
43.203599956002 13.109770471302
42.099735659149 11.993874035794
42.893030220614 13.774029422933
51.801257349924 8.5671835721318
41.840475685841 13.188559471738
43.646087040841 12.312291386243
43.314427785603 13.327642987195
47.136946043317 12.527198664878
42.47539665062 13.567339289753
42.618149644073 13.196288714763
41.849046037017 13.106036609575
51.678444470595 9.7639517564159
51.882440847057 6.2497682261745
42.964238607795 11.992787324375
43.202164307817 12.635346342661
43.56993015372 12.926160543678
42.588872595054 12.758778747546
43.176177095725 11.842022081319
42.027436998241 12.915089278463
43.632768625709 12.948184761681
43.495519830166 13.252099336729
45.076437455638 1.3141530469592
43.656818515948 11.98478331977
42.304763293057 11.93384710838
41.980360271421 13.045642672615
43.556559234206 12.559296135606
43.654836295033 12.331359903969
52.977501212143 -7.29792595948
42.202192729454 13.226447024509
43.584886658764 13.412862678737
43.247630268006 13.456529965858
43.623244365523 12.486100529102
45.997539424828 8.4928275322974
40.900611916662 -73.556312211248
53.2286665443 5.2109209934533
43.428096248057 12.559049372377
42.633071550018 13.098783405099
42.549883870685 13.53217084919
33.607882779414 -85.062022679887
41.872065583671 12.93318851524
42.506703221962 13.032248373179
42.993230204116 12.603075488307
43.099778585203 13.541798437288
42.426323918845 13.694536093967
42.924377858625 13.626656685337
46.518698708231 9.4549989578547
43.183014741274 12.213055050586
42.733324871761 12.590178966352
42.721116359702 12.106512453943
42.451645689782 12.522576144695
41.839903525489 13.326539920816
43.441366014297 12.03622209238
42.260559113373 12.2708262947
43.446361150821 12.602792839821
42.534727548053 13.5414541576
43.684766159733 12.347713791948
43.7087681297 13.761815889649
42.483539168038 12.932277571865
42.57529963023 13.526037581997
43.474025650192 12.254728187947
42.810249101769 13.050810409289
42.208773308086 12.027788935729
43.055205178028 12.415418974338
43.609452508229 12.809313740513
43.416978566657 13.285658796006
29.754242364677 -98.931062289509
42.071448194383 13.326070849025
42.054955079965 -82.438618411722
42.773900595409 12.231098821515
43.41698486426 13.202705644187
43.156885757671 12.362406552493
43.607910692065 12.714300467521
42.237295800952 12.30202765127
42.338909506977 13.453315166989
42.158996314837 13.201417711678
43.294215891203 12.968809415593
42.294713056805 13.720590592253
43.322495478842 12.137669929388
42.239559946947 -82.205910858536
43.588330433068 12.24995173062
41.936506568446 11.953417950775
30.208943097958 -98.785114272425
42.067415117804 12.029705985018
51.147281713619 -0.90218681283862
45.861537534376 11.754182894576
43.521092723853 13.764076998368
41.492319399043 -82.373721555257
43.816143249097 13.349923709591
42.827166721631 13.167779279041
43.411125296939 12.201880963169
46.861003412335 2.2890984813166
43.328737176198 12.123052853238
43.466461275011 12.017382969643
40.024327741108 -74.932102258514
43.268272856396 11.914505180884
42.535191129698 12.465527161262
42.55096159065 13.316821339243
42.783196155833 11.976431147205
34.606791910712 -118.55265219425
43.830140911916 12.026464172672
42.116314993315 12.540717317064
43.048675992104 11.835066514034
43.34171161027 13.038840479722
43.250974713963 12.005722109718
43.342597716668 12.502239677379
42.899800209303 12.651918443244
42.424761278774 12.837870795225
42.313920817971 13.602422056556
42.396385872942 12.001017906725
42.297070450774 12.394661601838
43.575181287537 12.407978498122
42.685321750459 11.947751158845
43.240198619797 11.888508157308
42.850882788606 12.243711433508
50.585877440211 9.1928287065555
43.731899910968 12.231162173802
43.721415261629 12.163869693507
43.348067617227 13.686615364035
42.300067874764 13.184221676658
41.839949269726 13.71192167688
43.249067545074 12.012370295384
41.895581925726 13.355682002567
43.371285640828 11.981847432455
46.222683834016 2.4618624092368
42.780401564122 13.679663962091
42.190920380985 13.666981668077
43.001718595646 13.574569659596
41.835779091288 12.762118893586
43.594460783824 11.893546507665
46.002838341055 8.9037710520922
43.673240375574 13.568692434399
43.224311906039 13.353492613602
43.788475763907 12.085038516265
41.898260728895 13.76335984413
41.892969563575 12.661745894098
42.316309095063 13.436122419537
33.550493012718 -111.91347119209
43.282873099357 12.648764373592
44.746697782027 11.747622806811
43.132551909507 13.4850407669
43.398890326938 12.399594193997
43.376690908066 12.893551125628
43.170827075008 13.390502453985
43.634381755106 12.590401114261
43.501756262289 12.968945878099
43.02506528053 12.466104756347
42.606298290962 13.117213935667
42.510372507179 13.776883021845
43.578139028802 12.707491760958
43.767250181554 12.745224969364
26.075449078362 -79.480302021872
32.435374488688 -97.062936646005
51.140298032267 8.4011245278647
42.263759304913 12.173012076513
45.4013061665 2.6925467172137
42.444221475855 13.821674272822
43.65378821115 13.579341381613
42.797759096996 13.258947253834
43.769016072067 13.283865096666
42.681788167323 12.171530912731
43.051373828946 -82.401422897748
43.699934354865 12.650983985372
42.317235848104 13.640151135943
43.364604653516 13.130010448943
43.606830447284 13.539062710285
42.209912382185 13.39910917517
42.477172946335 12.992973164673
41.883677058354 13.730758424278
42.586292982395 12.030708964949
43.158613136599 13.096990709259
41.926517778994 12.165952469786
42.32366504677 12.520688514954
43.216801785055 13.058534392204
45.00330851816 11.117241234436
39.735441687585 -110.63193066667
42.339808409747 13.669377149881
42.737429935384 12.459208972521
43.707860517201 11.97151155724
26.887126494595 -79.222153438168
43.112865243181 12.154103514831
42.265247760019 13.766820098186
43.400084368161 12.30784209741
39.727484624576 -77.475883098279
45.099579724064 1.3503017557553
42.926220422597 13.343653464405
33.512206277762 -117.33344530964
42.935018283306 13.237942797729
47.214759411405 7.8096493856372
42.091982593358 12.804085761704
42.100198288981 13.195583609976
50.780789064607 8.4413448075956
41.404822914724 12.945819874546
51.63727144461 8.0032059736565
51.793098844491 9.5793366025106
-38.048988835443 144.55994179748
42.43493460048 13.255719940318
43.142147117382 13.218589762349
42.507176080976 12.602086121983
26.939886268183 -80.258546192595
42.805270347209 12.681747214741
42.755236719642 13.390185318159
42.452078989938 13.574467698401
51.593671990835 8.5645703340716
42.374257838083 13.822265578838
43.50252743184 12.38669271601
46.750340274885 2.9827343495482
42.743811451266 12.747018339481
46.945722566427 1.5637264310213
33.780965811511 -85.310057235467
42.023864286984 13.417033830407
45.608963821507 8.2120617603008
42.892497595371 12.340799883188
42.204216999816 -82.414767781673
43.809600588798 13.752838459237
43.022604679255 13.242630150769
45.694239925006 10.893161381683
51.575392882142 8.3441297501997
42.408884199082 12.789428869651
51.469260634607 8.3934074167131
43.023374321902 12.425415764782
43.545952432133 12.616127158823
41.878990099264 11.999832199442
42.442843467224 12.513825274333
42.144987365785 12.093598944665
43.298215787552 13.686076228382
42.871670652142 12.315152827818
42.89052450747 11.836737615467
42.773308518258 12.090381701074
42.945980512999 13.800018796159
42.954485370777 13.618790474564
43.767528180411 11.948779075404
43.607731478593 12.084369670194
43.605414084625 11.239219928598
42.306845863979 12.673768544904
40.772635208828 12.158301016322
43.016536595329 13.724642067575
43.21474528837 12.021077755869
43.434040467012 12.836968204883
43.774730310226 13.130474526983
27.587082076528 -81.700308617334
33.571786359724 -83.580973430249
43.620929304355 11.965970416093
42.89360308784 13.586372273337
39.933877169276 -73.763826864327
59.446347966998 100.88158310339
42.189218951033 12.150065348109
43.25168325207 13.139334040314
44.673518733782 12.327150561559
42.461878964914 13.203187355887
42.724826034051 13.374667597199
42.148569476415 12.68579716642
42.16410102705 12.318615085615
43.518847675325 12.544407775434
42.376617249298 13.551915148551
42.811151170571 12.941450806794
42.911989790833 13.092646685027
43.489016835827 13.306883697562
41.942158187268 12.387504616954
43.662349986242 13.130420011084
42.947221324776 13.415674204221
43.181904337475 12.863921246915
43.180211491522 11.884645105773
42.371327607155 13.533304394026
43.354078110493 12.397945158856
42.988935387244 12.068471529574
42.207407851821 13.237294329927
43.774154907008 12.963337448895
41.906521724049 12.566201351402
42.920570967703 12.50093170048
33.431481818112 -119.23133330466
42.093175504421 13.012973965173
41.99172174001 12.289537962682
41.482510027852 -75.099818976774
46.198088924798 9.6647760635101
42.073788201957 13.103814556333
37.06547287567 -122.58070082121
43.653299003233 12.215197031973
42.927833594369 13.441606309492
42.862913023172 12.739159956008
42.001834745541 13.621533790448
43.060325143442 13.756402240508
43.073256373926 13.307249438647
42.137981417208 12.024938905644
43.50675136482 11.866483403794
43.687981463844 13.148448388182
42.409542641814 12.564174366002
42.249130587231 12.503064102748
43.779917064973 12.96911132802
42.133869664361 12.615582222892
51.16012583564 0.076140827949229
41.981799031155 12.634974513985
42.788237847776 13.503294410905
34.111455688959 -118.05422443517
42.865896982565 12.066587394155
43.08068762027 12.198023605739
41.942690563382 12.46301726648
42.705368001363 13.003224830166
41.90487330032 12.663072704202
47.286464941356 7.3608018901948
43.060856190094 12.375070258705
42.561796277578 12.237833398526
42.31075875012 12.160707442651
42.886468819776 12.227939649147
46.151158296853 12.591357777518
43.196242752597 13.24598500798
43.066648773901 12.821756893241
43.014292404083 13.243825265341
43.81711423251 12.535436016312
43.52780816591 12.735298382016
43.73426779163 13.115079004392
43.160638776238 12.508128449578
42.560245373009 11.766472076285
45.6580521351 2.2827359252995
43.733509846394 13.345763076279
42.758144792543 13.773257507392
52.450079557928 -0.82560469765942
42.133752831807 13.355911744945
43.558883986717 12.51497941304
43.53038693805 13.233663802165
43.035457071145 11.074440044271
43.095264727781 13.542388884624
42.433080372158 12.803828082443
41.652887372141 -111.79717659904
50.09237579866 9.2720629266799
42.758897285817 13.048365159469
43.213733657384 12.930754953053
42.963167632934 11.883275580559
43.270948453488 11.959854388146
43.00590565058 12.959646973761
41.959723701237 13.346833563592
43.385605005282 11.942234396463
42.754404049739 12.638235419841
43.650744102754 12.36438784488
39.865531199485 -77.084470743436
53.077606386774 6.677986205522
45.526617884881 2.8403435767816
42.891405021742 13.318084416149
52.465420580919 -1.1147148996707
42.989875510817 12.427989291247
27.552319848088 -83.50045319589
43.26606924567 12.403236458752
43.018315179303 11.990900871826
41.895287808003 13.332664472227
43.633263063933 12.158040400689
42.378304115228 13.678224130405
43.642778039765 11.990775108354
41.975911259195 12.881902136806
43.612021707304 12.660800203544
43.139940961816 12.790753717923
40.630970159118 -74.862203939189
51.845512528366 9.9828568929727
42.313796318303 11.989602198375
46.982861862976 7.4766291563756
43.205443345593 13.043265628204
43.096755214102 12.629611409583
42.536928924537 12.495569609357
45.033380256909 9.8095984100409
50.303238663032 8.8464750269644
43.819240589563 13.369304522134
51.854820518221 8.2651696639439
42.683098057158 13.037769369354
42.812171396267 12.232872242703
28.295543668832 -80.733844882023
42.121424170754 12.710000619178
44.53670213685 8.6871054283261
43.223484994503 13.311601529995
42.452239908975 12.929481276299
43.558351959383 13.597911256665
43.356830094197 13.550534850729
43.572872440618 13.150534385441
43.776891653343 12.600886162206
46.068720783304 9.1662579251041
42.643783415523 13.223115944428
42.72060659936 13.239843446428
42.898687262993 12.437865407431
41.834162807967 12.937934324137
42.172772782491 13.070564843768
42.010960460667 12.969048803213
50.510921435436 0.67585428364848
42.401980337895 11.881601245108
42.285547201676 12.736186479582
43.69333788135 13.517119575554
42.370333678283 12.83905542264
50.808686165516 8.9668892761538
42.509064925161 13.332904702229
42.541626900242 13.314029123336
41.902232471363 11.845835832828
51.633596533739 9.6334101174182
44.584457695572 10.361762352943
51.853323193199 9.4762739597244
42.748924318139 12.090197099901
42.536621750603 12.462083181603
43.444280041144 12.57713508309
42.674884111956 12.412445632488
42.782230439981 12.150650348605
43.018757707935 12.605459293654
43.09085848701 13.583508158395
26.366757946708 -80.940959491549
42.008273887939 13.269366130379
42.073956112898 13.41893916459
41.991557047719 12.872745783496
43.003815380414 12.292663621873
43.29637663222 11.840911342709
43.696317762482 12.484856420443
45.965240438453 1.1967583513804
44.264870674661 13.852735684113
43.783057461878 13.366997222142
50.343699210018 9.069124448611
43.666678039689 13.105444770842
41.915871991292 12.633960312549
41.969048168982 12.998688886428
43.708925396089 13.624392116754
42.171254380241 12.542574055767
43.321408135056 13.822113005848
43.477658435946 12.194273074269
26.510681778413 -81.138854565439
42.310702410227 12.535257789111
42.09989985551 13.264786590501
42.515384284575 13.709056685099
43.033735969141 13.124842678276
42.193198438379 12.837446577792
42.302085319696 12.924736578935
42.268575142749 13.501643103802
50.336099640157 8.5421929091877
43.150640326643 12.047008960551
45.204909362157 8.3145141800723
43.654956736462 12.608607826593
43.212604108852 13.42804732056
40.392387362997 -73.904382207052
43.50010060265 13.100127274238
42.401917281303 13.711504585462
42.150228155868 13.089428121287
42.182004475141 13.390565294044
42.536750517591 11.948949470648
42.339870040484 13.511578613686
43.268469102361 13.379840934381
42.305241967715 12.989582276454
41.877787653321 12.782541906847
42.011438211452 12.469750135911
43.215730118687 12.832169256582
43.160702180679 12.322894876063
43.40103095325 13.217588415492
42.146162272499 25.681433903836
42.433086987808 12.561184232406
40.381826489285 -75.021852528807
42.81613736407 11.975357156256
42.95571989799 12.666142897546
46.862170550908 20.951783817239
41.963460281961 13.776476914446
42.074206932503 12.578026177186
42.384360294058 13.055327715399
43.310290937477 13.667983054981
44.933021154852 8.0775775301887
42.988279826489 12.910753792131
42.615030475268 12.485573473634
42.869648258628 13.239887477031
42.155174364895 12.203663140651
42.547804002461 11.839830097223
43.327961016154 13.542110210558
42.890159273956 12.264725309475
42.73284617708 12.19088346103
43.640514599013 11.980678172794
41.84531403421 13.528398023254
43.545782032698 12.238942387646
50.95528207368 0.74201211362706
42.676847442389 12.665570612862
45.935031013461 8.8416125020206
43.404049841896 13.539649596244
42.36425844273 12.152206191419
42.175100041656 12.708265453462
42.756185194385 13.751010520289
43.509557261856 12.402567754708
34.164789959579 -118.34789989189
43.747244172167 13.438326775787
42.358854527773 11.929144401091
43.491749884811 12.999222229721
-37.614943806834 145.09355029857
46.303074263643 1.9119399771616
52.088465503717 -1.1486417227907
43.276420929153 12.033630915023
42.121136785097 13.291778664727
41.473285767961 13.311447027682
42.14855647748 12.858158850066
51.187158586079 8.7948852594918
51.196013176672 -0.74224870272551
42.080984196684 11.965080259838
43.5804826229 13.285408810401
42.382944039734 12.848043942774
43.739697271392 13.762709854547
42.747125944026 11.91468174288
43.74910735795 12.360328525028
50.837365957367 8.3113493888226
42.47925377941 13.152077078445
43.65145899155 11.973576998347
41.834945610669 13.549949525667
43.093718609372 13.359777502904
42.424354918054 11.983292706324
51.295304202845 -0.40061321831802
41.754261981406 -75.83026650902
42.69702558999 11.933535023117
41.946739497591 13.50492214018
41.99583237201 13.579161415167
26.99106827283 -79.533687861229
41.621224288338 -75.370533810767
46.21185814506 2.278487961869
43.420884196398 12.647354941206
42.050219995014 12.437973333282
42.226871336471 12.10228648323
43.629974481033 13.234966269825
42.249670996468 12.736960010036
39.406238475962 -74.779128397086
50.538145667658 8.4700369073404
50.334313695475 9.62668133044
43.359190410657 12.136254568669
42.060441804168 13.142747616483
47.1238006892 14.316757040965
43.531753948227 11.892853898433
42.452436135848 13.694784474904
42.484741781154 12.173678664127
42.142071121459 12.251564797618
34.128223001591 -84.544949429736
42.094193299366 13.132505023003
51.640448547034 6.4549385885265
42.49748247468 12.916537617781
43.642163493525 13.573754287147
42.698231705345 12.668595883862
42.615886138594 12.196655668897
42.817218719452 12.106218699902
42.623020136109 11.9209126802
42.317081849725 12.296069825693
42.343435493479 12.377462150726
42.463375247786 12.340399156038
43.673901649992 13.224727629344
43.209270101625 12.906296201493
43.026176887132 13.55222571995
42.659959221121 13.508881674872
42.00405931801 12.707330752049
42.151953911966 11.960777461532
43.145297383978 13.55989535088
25.186879255413 -80.471619525954
43.207290760359 12.989401494635
51.220593317049 8.838875902276
40.842423230827 12.049774313767
42.200087538569 13.545965303476
46.053174906435 2.9357891701794
41.87075898187 12.064433845742
46.041892949839 12.062254967381
46.387419605205 11.693840346341
43.67621313721 13.152073517534
43.799261266293 12.612780824144
42.942409307224 12.106856688928
42.265891856659 12.258348283499
43.106684265729 13.367764337181
52.344398030007 -0.91146204761297
43.233952215262 10.318678612855
42.038447022477 12.089086158264
42.032619521524 13.360333334378
47.026884210774 8.1325980383589
43.323500866242 12.081566061884
42.215265041804 12.12621169685
43.029641103966 13.064910795591
42.808595457046 11.910980282331
42.183733204021 13.269720205252
43.011068640769 12.898803676452
37.608354420219 -96.331551013203
43.968098402379 11.073272440477
42.551140904704 13.534589897646
42.053000394301 12.418761415157
43.806820328278 12.970311244026
43.73093359907 12.425311795655
42.845110584931 11.914188925158
40.852549559054 -73.81596807721
43.560852733257 13.3207594605
42.351050611304 12.985246894895
41.862984422086 12.353420459385
42.747737793155 12.14988342216
43.829368388687 12.948824289252
42.461289048896 12.877029703894
42.661930787706 13.746897806317
46.425298046053 8.5419483098862
50.435889506916 9.9975476632815
42.780700377108 13.407163644886
43.375274448386 12.573929672883
51.764518960502 4.9830915002306
51.567434100698 19.885876181017
45.815838375509 1.2655783548325
44.960326424013 8.3723358306229
42.881178318954 12.90158976938
42.223657060074 13.089977264933
43.157848149167 13.081704692043
43.10764495989 11.976562200124
43.691139706288 12.197610707135
42.556436470059 12.274064528904
43.780643211597 12.24911167626
42.621949820624 13.37866756526
43.626634975277 13.515012756251
42.577961302187 13.077403422502
38.030265991029 17.039541751654
42.039032291194 13.650797162529
42.291117871802 13.499266509686
43.482467446722 12.988759778456
43.462077284002 13.697391572754
42.284101068196 12.845305954055
41.972097883475 12.528471795643
41.905469241063 13.493781951507
42.282135777793 11.925618770984
43.441721549019 13.389314155762
42.955562262796 12.959952665961
42.796759684962 13.42215366823
51.576009014424 8.2243527300769
42.786569498867 11.889760083954
42.868498961867 12.315477518998
43.456306005293 13.259600440718
42.554712397326 13.267036916368
42.01416937218 12.776357747531
43.546512849904 13.200049684031
43.150760962253 13.193600772526
42.358118884919 12.030653801782
42.132750722662 12.28061291544
43.26512121703 12.029210215469
42.32592401112 12.037834159137
42.727386981609 12.590840042865
42.998744452393 13.718571155688
46.716701719778 7.7530146351797
50.573227767867 -0.16814633844334
43.061120283839 12.428516107832
43.143751391763 13.024024555957
50.519488521861 0.80476409322339
42.377510515704 12.901364816328
41.935431919052 12.098243456866
43.448563281211 12.272690069078
42.004339774628 12.760222465641
42.411071535412 13.502597667998
42.035871793088 12.526216167291
37.253331021524 -97.615662007879
43.01618613259 11.9913057252
42.578802368429 11.985233848929
43.493201302615 13.604934512009
42.656501430879 11.998047413325
43.232344586997 12.759210573418
42.270709485894 13.390435910055
50.580316416491 0.12292543752721
51.700825162093 8.8324251914548
45.230063732355 2.9171713939482
45.118799096029 1.2316798531598
43.804199326713 12.766044279473
43.235978860539 12.435522342325
39.961189567245 -74.624132752375
42.941514059895 12.31915778218
42.694953344843 -88.529404812754
37.135649019724 -121.59536777509
41.903185456967 12.691564373549
43.20710893639 13.218491961371
42.632238679881 13.298211568661
42.953715651296 12.750098653508
51.447820891835 9.9284123591745
42.775218313011 13.827982773945
44.673664102973 7.9787114232912
43.389966898335 12.116145272814
40.726397200978 -74.056341604487
42.404358894774 13.338488818325
41.978472550411 12.158493152914
42.923365313079 13.571673481081
44.799815651332 8.1307876015248
42.440046180731 13.351449819466
43.241811018105 12.274821418021
43.613507239455 12.596728552897
43.0120881093 13.526083205161
38.754126229167 -75.489852168199
42.586896363474 13.415366739249
43.797827852817 13.225147660948
43.441961522907 13.073055855054
43.655208561896 13.509979904422
42.33836883045 12.476698531547
42.911871110069 11.952328423037
43.397866552902 12.225262894421
43.632952191717 11.86464026147
51.868419472067 9.6085407238493
34.422882483726 -118.45133653202
40.407087645411 -76.515441037447
43.097275683257 13.691258419182
51.553654848157 6.1567186770992
42.797405465898 12.375194427287
42.113004652857 13.371089213722
41.909379857105 12.413039748305
42.294115360984 12.996259448138
52.295315314455 -0.61408745391484
42.737790604021 12.422259499071
41.941927121015 11.890112308289
43.183433016869 12.710233332941
42.41220836223 13.064261357817
42.774686253546 13.457799486119
45.345855977082 2.7557292206938
42.317499235907 13.104883810109
42.448264019794 12.450519631848
42.027128433377 12.814651110144
43.006599748531 13.451292804208
43.441590101685 13.770939314652
42.022382312951 12.265733720879
43.807567774715 13.088655696313
41.933778199357 12.215850257436
45.020579374221 10.132316050202
42.073794214576 11.97870594823
41.853052877774 11.900864782252
41.844173316792 12.964954269589
43.438867168726 13.605510404636
43.159448696861 13.190220975892
43.748549469651 13.669959825797
43.198370565308 11.995348718036
50.923573560511 9.5246989440754
42.341117712383 13.081228280499
41.867612494115 13.514320960995
42.302147960918 13.329937772069
51.783395046733 9.8912815614097
46.342272422901 1.1150706862635
42.7220226297 11.949796684084
43.699300748643 12.726261077808
42.787841448017 13.623904738887
46.481803382436 12.022572795335
42.441596015583 13.365751267136
41.835127642788 12.684951307592
42.878371701075 11.849421925328
42.96191841178 11.93984706606
42.760410538318 11.99529686572
42.447270300934 12.468311055802
43.727745547785 12.005822896981
46.717059524598 2.7586680812569
43.346893179879 13.204206306603
42.953588588628 12.808660338565
43.290893173467 12.217405960552
50.849225260247 8.8453937898601
42.127096055156 12.997972724048
43.562263977997 12.636649156307
42.362047824733 13.383761064815
42.231380764524 11.914255218096
43.215339695225 12.796806555168
42.719055726549 13.423271769876
42.234653188512 12.69506219157
43.190707026159 12.124601951414
43.747372766189 10.166429270623
41.97882671795 12.72248341272
42.289579418178 13.56988505489
51.486496596824 8.6745790330109
42.320114346391 12.546913914192
41.934683842109 11.877733858732
42.067524914217 12.867978890386
42.6364762735 12.68115071148
42.67335924074 13.630568352843
43.322318894028 11.976925063889
42.628002342616 13.722021438539
42.190465386135 12.216050373046
42.764386112713 12.362351172793
43.064742021314 13.432977521083
51.60162230027 0.44267515201712
42.487958662926 13.013332926695
51.685347793477 8.3859037125418
43.754974759091 12.762131985187
41.882554833744 12.259465858948
46.23517618153 1.5633885979482
42.70915542904 12.239432535732
42.362590508725 12.07882992184
41.862386564215 12.302601329679
43.091398314171 12.271431113275
50.080974828955 9.0281361704823
42.070398406179 13.510274167431
42.321596460122 11.992082805856
42.454321775352 13.206233300386
33.166461482435 -118.32679061915
42.287788381024 12.430589571817
46.475973671058 1.7503963446945
43.517033119948 13.140076680661
43.066750564199 12.582033314103
41.846379954317 12.18599993886
42.719037608599 13.295532844188
42.368471862475 11.943772595371
25.907184982146 -80.956532601057
25.612548640266 -79.305560203221
46.761043509823 2.9370363647756
43.295351932915 13.634434916395
42.587684079368 13.172179242232
42.503012310037 12.369491542417
42.028792589472 12.721952174216
42.913899184651 13.586846618742
42.723454044093 12.086743700379
43.323204532903 11.915344516728
46.875754068548 8.4242125872635
42.23656104751 13.025887594591
51.066092897237 9.6042438818162
43.353793764207 12.185981232315
42.690604436554 12.017661121703
42.592304576019 12.43654182436
41.942709131161 12.400781687091
42.697284319318 12.564769764715
42.909511591287 12.607907914395
45.469362725748 9.0813512725203
51.292474748237 9.3345378638872
42.878970273735 11.888097995861
43.374613093873 11.854464428453
41.867910540157 12.782042284416
42.842992994417 12.821929880356
43.088783419288 13.311967072709
43.121847475957 12.952472071162
43.523065793127 12.998503204921
46.631807816975 8.5799169384781
43.478426916769 13.284099592981
41.95299565466 12.687692357568
42.813939244421 12.580223662604
42.661026702591 13.414880068721
52.138352065179 6.1889741199273
43.805493262527 11.924904134576
43.105206552963 12.580368813419
42.12482252399 12.386392937243
43.618084418431 12.840788283798
43.282988872066 12.723876219601
50.885241117042 -0.6684844991092
43.157269628813 13.400613783601
42.549586462134 13.086702126605
42.023325910824 13.356946704631
45.721396125723 2.7586680030258
43.723337396406 12.664248374621
42.17552617901 13.703035607817
42.573268128847 13.385195569336
43.821857190629 13.406962092711
43.595401807986 11.858982000455
43.354243701044 13.50073191549
43.607792757756 13.42899881791
25.539527621354 -80.492935773956
43.31892180646 13.532990791173
42.358647159954 13.013733725557
42.712443084809 12.621289672175
42.785272418442 12.892663391744
42.58006298152 13.684345531151
45.213712953131 1.6500861773501
41.11203259576 -73.584433135049
34.459091997959 -84.680435256325
43.444108166028 12.043200937607
43.205159918056 11.887314438788
43.546744869832 12.5797678901
43.706843008172 13.578821420494
41.136723648507 -74.493364075094
42.070733981261 12.855551099824
42.76622990836 11.996797590536
42.656348022493 11.926045952351
43.035886095409 13.577841196499
34.483789751345 -111.27891036463
42.015822628541 12.778651744511
43.272397906202 13.22299192998
42.603271764539 12.744523759368
43.510628758257 12.189756778178
29.370873998461 -80.38833503377
50.080195245836 8.0361462528986
42.621239818943 12.386208150737
43.631994490361 12.793549328036
43.509314757099 13.672411987892
43.722551172025 12.591900449077
43.154230044316 13.013096367967
43.172833012984 12.446895254074
41.87339090459 13.576665309082
43.816636081721 13.368005029584
42.406083452725 13.401612127873
43.528586951352 12.123811894641
41.90576437905 12.34909433983
60.176529003855 100.3196877536
42.533414185782 12.790559940895
43.100309724522 13.252945778565
41.904312606877 12.643125280593
43.757192599029 11.873208416588
46.0871607345 1.8189921033657
42.401492125097 13.816683906532
42.283995161918 13.74753893064
43.078883755079 12.467136746977
46.316166593866 9.8194768671968
41.816261400057 11.61352489293
42.889456083502 13.503377576614
42.514359654188 12.233882219195
43.390551765187 12.706539761159
42.750516208725 12.886905985853
43.064972483604 12.340741391939
42.028212452807 12.473198620844
43.727899572706 12.888810065544
42.137142864141 12.538344242882
43.769268331031 13.197533588969
43.571607271962 13.319332360925
42.164745016587 13.243107805628
42.645041019511 12.443317694351
42.605175152258 13.002267777476
43.469990856254 12.6769140259
50.647287788171 8.138259514765
42.755822656583 13.706742653508
43.565479414822 13.347782644626
50.323358390165 9.2218476399881
43.25585357694 11.128640021791
42.551979503407 12.509308003147
50.561903818306 8.9901704033791
42.716732394771 12.520803132358
42.015305534965 12.641808165557
42.217595974571 13.726547344481
46.050974582811 2.9723043949214
33.994074827237 -117.8315104686
42.526104229303 13.652764940494
42.946021663952 12.740705204097
42.432013040631 13.601605741608
43.430660410074 12.254790180037
40.750107252135 -80.430998033356
41.984538246891 13.384358573905
40.852945944676 -74.325001617626
43.005766021577 13.22233445722
43.657215574618 12.738202769208
43.084836985045 12.349980811307
43.005895665871 13.526393607991
46.698932510195 2.8514719860868
43.388409179372 12.168134877092
42.11370435737 12.502125860447
43.246161033069 12.714632250257
43.811690919035 12.359676274659
43.748154046383 12.282508765966
42.04236591006 13.831561354863
43.30046076204 13.413452687421
50.893487525589 8.2690320058116
42.927956201124 13.81507325259
43.8203283422 13.566299576597
38.417165406962 16.030791101528
43.120440871998 13.148877322764
43.659849672907 12.16815571916
43.184573930795 12.76473049019
43.005480372836 13.523104947325
42.521627952609 12.640079812931
50.289736834024 8.335388811927
43.612660733824 13.180930875347
44.918235306616 10.031484394535
42.44736016099 12.956697592978
42.933910431796 12.059664092075
42.520209674987 13.350925896501
43.501215529883 12.218775000546
50.095055443279 8.0090424064589
25.539049393731 -79.339370228318
43.486238558093 13.612258395952
41.976153854291 13.771950979632
50.90324594495 8.2080984521695
41.926392402952 13.129340560722
43.454158818582 12.460580636983
43.708745267128 13.651031424616
43.335755331619 13.743785570743
42.476599839293 13.547276908808
42.737613856226 12.544778514462
43.302364648482 12.456367748092
45.286066812131 1.9872426181041
43.460935192884 13.224360304079
43.802987774298 13.330280500173
43.367891881342 12.037959718184
42.687625673941 13.359795762415
42.247810850988 12.679234097583
41.007245852767 -73.903298318007
42.835063958019 13.31396927189
42.569414607535 11.889386964466
50.253107910162 8.9469805331654
46.095955828715 1.3907021285923
42.97481917358 12.038015863431
33.550279883638 -117.63346037979
42.375865615169 13.589588372332
43.250549747746 13.223116131624
50.155206951851 8.3705450451796
42.736114923275 13.580360320222
41.860482475211 13.379716077086
42.185458617858 12.100211092339
43.56409861362 13.184566697213
43.340928273455 13.77701268104
53.061241187417 5.9145583473912
42.678935322782 13.467247542232
51.845045613984 8.7734741665299
42.537096168651 12.848267619914
42.995467324294 13.143028359948
42.938822262913 13.324679712471
43.075975925252 13.24526085299
45.30141002466 1.767032669283
41.922414382439 13.464395983848
43.610566832896 12.671513872555
43.468125330058 12.653781932638
42.055343847303 13.777487820863
42.129430475845 -88.292427715816
42.793074903003 13.123570635993
34.029808755829 -117.76592738939
41.858619823541 12.292782223941
43.214556637341 12.267499256093
45.980579305897 2.4025527613249
41.809411850821 -74.941486387152
42.927761175657 12.947869860564
43.72397695471 13.393636763766
45.561310396325 1.968321125474
45.030221799868 1.4430155546605
43.719709832112 12.875114961024
43.36061355118 12.162727280151
43.401989221315 12.438614347709
42.373477468462 12.741292670735
51.24385957245 8.5512561940361
51.489096083673 0.34948019415116
41.842676347069 12.860178292685
43.252148526859 13.751113047728
42.202725646667 12.362575447377
43.045989780729 12.062060242103
50.349351339671 8.6619158106213
43.411010209218 12.634682758562
42.102454628398 13.156949728821
40.94009327487 -73.38247936915
43.243477847562 12.209078624032
39.61030067225 -111.1651806244
43.036996459161 12.811384881314
43.440959633089 12.99727873087
51.833320479762 8.9823098177939
42.20978312765 12.06056034989
42.910331069937 12.172191172008
41.89278659827 13.174882378066
43.131491481409 11.872683834712
50.158789764698 9.6782722131714
40.30805375533 -73.461146051326
52.090085545364 6.3920383805605
42.416920796718 12.958938245198
43.363705908188 12.161343138202
42.37973607491 12.156072801538
43.254945182381 13.716085207537
42.494369969023 13.727064888818
42.31690291565 13.817926491081
43.073475566282 11.944018115284
42.017083466548 13.35817596242
43.011959874098 13.255370975612
41.901641291541 12.178436464269
42.516523671132 12.459101048067
42.956026846543 13.369654068916
42.71792582784 12.842396086029
51.666101013853 -0.37735255364671
52.317859726873 5.745568185577
46.882667760776 1.4906016841953
42.736178168459 12.28554970833
42.862499945754 11.885652631489
41.923359781489 13.632311871591
43.214853197923 12.243280187383
46.228919681569 9.8937020699209
43.562221081745 12.900444883362
43.480107235967 12.868027106353
41.982329271281 12.346652950808
52.895543295143 6.5357879683309
42.817819861631 13.77354239664
42.520983870405 12.359182863685
42.969187004964 13.396370422301
42.3955592358 11.956486978359
42.368908818538 12.216503464273
33.862023857674 -117.65051348049
42.940734723111 12.671385431065
42.656522292971 12.022494015315
42.418815715454 13.316882741806
43.608093193105 12.687446974093
43.669915238728 11.956332345494
43.404883454298 13.410312060013
42.505085434555 12.93275729333
42.427155062311 13.237226365266
51.893937952534 6.5173328257014
51.005868961106 8.7502131805523
42.853696929244 13.50026771405
42.626774278782 13.359188639281
43.160599334727 12.758784175759
43.333729118285 12.0388502628
25.262691826665 -79.769228350073
43.17807297093 12.021349731864
42.452182611216 13.128161140333
33.647771097369 -111.72937167284
43.760503187219 12.649898593638
41.90413820974 12.898201157313
43.405540788756 13.125121775628
43.56748968531 12.662034179413
42.322316275149 11.921154418945
42.278742934262 12.604335762863
41.935870054635 12.556191692409
43.6275368024 12.310339687558
42.359023763055 12.959110728001
43.552344179525 12.180036710214
46.44474676179 1.7214562453895
43.274291991405 12.254193342896
42.67024741262 13.053613875573
41.972689463765 12.318368967326
43.505684021651 13.772838068576
46.865863058654 1.9069237662046
42.547445116375 13.263167417286
43.549302588494 12.363883234751
43.307304195292 12.741011450433
42.852023840834 13.435114487764
51.782828705517 -0.11472935659099
43.632648032009 12.45402403851
53.161605218733 4.8485616078128
38.060941005199 -122.85580646909
42.853281554253 12.320271659813
42.421732704838 13.014387565693
26.232034626508 -80.521232112829
42.225576380859 13.473209695201
43.322597949006 13.813824338773
43.394600555505 12.653055704058
51.376983861614 9.1785308831271
43.479795536736 13.550315503308
41.978994701069 12.870884033347
42.655311459536 12.54656368801
42.960067573937 12.820263572906
41.843808955461 13.022664771447
41.867023338057 12.148106940646
41.863383494275 13.297203059002
42.936742283861 11.942512919189
43.291305893723 13.70620320912
42.484100187909 13.704340659897
45.732404229572 1.1170691312836
41.850154967595 -74.997261218857
41.966090610722 13.004824883328
41.985945688575 12.722317044049
42.950249799059 13.443104312051
41.945368449665 13.609165428977
43.073971573785 13.565302764815
43.093237170083 11.98984131824
42.984697067658 13.217954475089
45.370138412514 2.7606898507852
42.845610757307 12.597490892579
52.164819982678 6.6028336737551
43.18285527836 13.127222050993
42.292483674985 12.761468922629
43.299530693025 12.72970796366
42.573686170214 13.045881287703
51.805860833407 4.8260787898098
43.304634267161 12.354629388265
45.761226009932 1.7008142819166
42.620454843466 13.423696123748
42.502106489403 12.460172870432
41.999835830203 13.7293530953
43.553744560852 12.115904918947
42.985179623137 13.197051475403
43.648012059598 13.7314960122
53.261158903018 6.4086271820863
42.747015792314 12.884165734951
42.979163717955 12.882838198416
43.123031667978 12.778132848359
43.729631112318 12.971744386487
43.378896461997 13.289472324929
42.761940008405 13.227693447039
42.989581810792 13.251024203513
42.432673830296 12.8764080037
42.754323962517 13.686396170748
43.086333886316 12.790811645256
43.419122960169 12.28965251629
45.165104955977 1.5508341344776
45.29425364048 2.6363893247379
41.867021522909 12.413808758584
43.705526220496 12.014334062142
43.688359860207 13.755093525071
43.354258353077 13.337235840216
42.399179065341 12.719459645806
42.436141493954 13.721015092342
42.082875040419 12.519951722382
43.031009547448 13.478304999659
42.579997622233 13.065213729679
42.295762485518 12.583040279629
41.956507117023 13.773775349287
38.57555131705 -76.702138907097
43.106086992729 13.528407115291
42.359903844728 13.669493881387
56.857064005387 10.330511465823
42.227710403163 12.991538532095
43.588322067928 13.471822065542
42.377343329798 11.884695930839
41.848928268018 12.93342253332
43.363257752922 12.617290887824
43.581359756937 12.725773289227
43.279691608308 13.541683886008
42.245667315224 13.786048830408
42.729283070087 13.01078063811
52.068552640531 5.4537343209161
52.969375430825 5.0532609989416
43.645278897924 13.207012749394
50.060326891048 9.4298112124343
41.936465965575 12.647518595537
25.354006473123 -81.034419740842
42.218968568027 13.048385208516
25.190385878623 -80.092018383408
42.34853965528 12.913370637204
42.651571917672 12.527412236469
46.1694426854 2.7495587210867
45.62090264895 1.3670283385399
43.444408839331 13.389363011548
45.353407492094 1.3278304111808
43.191704825143 13.058306335054
42.312326540406 12.111979007328
51.486171538469 -0.24412578128004
25.537799140206 -79.663522429417
45.511964987271 1.2585213274036
33.257047172944 -117.74513395202
42.888025339662 11.885754513522
51.231677528579 9.572955351124
42.358656866198 13.240077669399
43.284537324835 12.142332876188
43.182790894633 13.318020012399
43.030926193146 12.951151796615
43.027062598184 12.664436570699
42.135853137768 14.418392110927
26.986000122945 -79.434609021538
43.284512958177 13.546426956352
43.397337736302 12.840677022415
51.74358662462 -0.57268590092784
42.739918871217 12.228407000785
45.415000087309 1.997677587903
41.894437749376 12.854928576341
42.809835836224 12.328030505391
42.070576228255 13.175115936538
42.476463072245 12.853343497449
42.402567541901 13.187234552685
43.056218696805 13.220141449135
43.693567956676 13.10209871556
42.724569949214 13.002803473756
41.877801493706 13.317918901966
42.83637330303 12.794543137699
43.35448827846 12.099552801878
42.477713447308 12.846132993182
42.880886322784 12.455829920015
43.667169417586 12.467124068417
45.54821714831 1.474845275504
42.267759465293 13.194395233523
42.831215402519 12.640924564417
43.100556674481 12.162308349371
43.377091728813 12.83267791517
43.400622854217 13.341588778601
43.132621863474 13.749264574048
42.962766582616 12.994823905658
42.363120485287 13.326479730369
42.695471362556 13.5147190837
43.174878496779 13.764027308118
42.202591686625 13.700304214258
43.13999112285 13.126385063944
42.41749681228 13.819609758847
42.111922397817 13.632957449964
42.121322181619 13.362958497092
43.088940443999 12.760168746489
42.878569744492 12.485813577441
42.107352334611 12.291666329064
46.767173778157 1.9887469136104
42.453371898503 12.905688197329
42.898491905976 13.706626042608
43.177191875047 12.800269154294
42.894342809887 13.755887006782
42.794800172485 13.196953662784
43.318504134362 12.163457492929
43.808905219126 12.635106790196
46.385841841523 1.7410415600711
42.03372514205 12.926869438482
42.399184209502 12.817405263364
43.522451147701 12.787716274072
43.584467780604 11.966456896165
42.02944579724 12.917716634908
43.798718938997 13.015773906867
42.55518388683 12.514662649743
43.687804361681 13.170710626624
46.931393310396 1.7290352041503
46.177888142028 2.2134614927757
42.7922246325 12.171071654752
41.935637866138 12.052729958714
43.218433132518 13.339434041355
42.474154848382 12.702729921671
42.445239495714 13.408453657503
42.216870327136 13.166415450727
43.826746995389 11.175706439361
42.476162738409 13.728259890235
45.160931667854 1.9489254848794
43.554953098577 12.121270137451
42.114287470076 12.408883436794
42.462069679288 12.553773406706
37.726919397629 -122.08625175313
42.227273402397 12.891897062742
44.494952365081 9.3389741944796
43.023507501962 13.31166875705
43.594741521701 13.274769244399
43.790967231074 12.27642414175
45.278869484681 1.1237981361913
41.923063264679 12.374621145157
42.983518992098 12.6357933449
40.424872644955 -74.684826644802
42.152543745561 13.314168691802
