42.725818734509 12.600998309742
42.15385960238 13.331651707355
50.484142134657 9.9613170777267
42.443791316908 -71.659687742699
42.432923020086 12.928301163005
43.488426678597 13.496467091395
43.442190879251 13.563690102011
48.467719675876 -122.06011585234
43.766217128751 12.592860210518
42.18557652935 13.488439812108
39.956894065851 -74.355122635903
42.626892299239 13.501397118227
43.788674502556 12.335512470631
42.156837835071 12.355802269839
43.094676345186 13.022482892064
43.59963343695 12.413748046131
43.324737041895 13.610470592815
42.885051679765 13.461071075176
51.261109104734 -0.0060253637451751
42.9704896072 12.379314300336
41.094004312248 13.073980580396
42.530663077988 13.735340571394
40.860599285485 11.606739263263
42.371872979876 13.23812466873
45.178069965554 11.309410127303
43.623371330401 13.61612564589
42.454575553769 12.581837903069
53.405016974502 5.9716184661824
43.788972298537 13.325058541899
42.945252400818 12.535961951865
43.788003341683 12.670327733138
42.439813162892 13.12371223614
43.151194722483 13.722491614878
43.700900690046 11.879944956361
40.513112974389 -73.382793973229
44.525118506318 8.3183757600926
44.856816107832 8.8986881469836
43.360794057793 12.512220403905
42.040273959323 13.137149359184
46.74823104625 2.0990550811864
40.040353703057 -111.12548479709
43.072237650918 13.271968727148
42.715526828897 13.666267719451
42.566238704422 13.79990705794
42.351454813684 13.81745844002
43.27893855531 11.958229810001
42.76931643943 12.62950223576
43.400604680388 11.981806872891
36.300586675086 -122.36029315528
42.32010412792 12.081690900552
39.407650532521 -73.833827187873
41.971259242397 12.181235173823
44.342806976329 11.010789661489
42.023020907803 12.505335191055
42.224914277098 13.398045573124
42.52509375595 12.30200909234
32.901707534207 -83.493263435687
42.022445441255 13.217541074503
43.20682197495 13.71423767589
42.312788567207 12.247685716158
45.97867154173 -67.522767580192
43.939160132149 8.8714358059323
42.723687573228 12.28749749825
43.08473322826 12.073783719036
43.408991165671 12.463394551775
42.717388064956 13.547041975703
43.105190247833 12.376020646385
43.74445960009 13.747419142999
43.180987942603 12.67209058009
42.049400290053 13.591708446684
43.194328679815 13.060089811732
43.226333694193 13.465927722636
43.521442329775 13.783894607718
43.046901097098 12.92283409553
42.183570348764 12.817770273361
42.698337026752 12.35936695263
42.774574180515 12.351639157346
43.16850862988 13.025526130605
42.411021435846 13.390148414967
42.849179956547 13.513055483605
43.740829282806 12.968778976246
41.849422669455 11.902067041
41.878193909267 13.634623926915
43.785680999901 12.743515238533
41.835313832797 12.754162471182
43.050584212921 12.982045087045
42.36335782912 13.568165463681
42.63408311069 13.246222123639
39.220647464318 -77.444488635919
43.442085489392 13.536864176198
42.752062882668 11.886886650665
42.371322780576 12.922478497945
43.152970000728 12.77980935286
41.990308200957 12.493664398109
26.194621079209 -79.867112604183
42.71108647052 13.004272331041
40.944476787426 -73.661242940352
43.545250459383 13.123291721646
52.347714769117 5.2374154536461
43.566732183849 13.590761992911
43.478838541323 12.633906738217
43.223009917079 11.968755679212
42.774571066638 12.758449843993
43.052071466156 13.209781714834
42.232989851981 13.372331740529
43.464980927534 12.539721434277
41.855229147198 13.518234765885
43.050506155517 11.969367987483
42.890119063172 12.815807048167
42.872265622913 12.867979814258
43.475616811603 11.372264656761
42.009819630417 -72.058750421569
43.535543313055 12.119597856963
50.51988158213 9.6374014339584
43.8091885363 13.121017486866
45.726651445558 11.504769775485
47.441835740787 7.1041207905412
45.239486307646 8.6010686639026
41.874222774021 13.051943865184
45.638954225457 8.1522078903425
41.977923144131 13.183607468488
42.521881919153 13.763782573775
42.555009810999 12.401010030623
42.080670730735 13.073599558379
45.566844519957 1.9192412960898
42.737500299133 13.189913654344
43.578928539354 13.148931239822
42.396907985416 11.852142092724
42.213663566978 12.125959219956
42.099492087562 13.6174188576
42.846657908471 12.311781828924
44.60430471923 11.767890042072
42.339100229267 12.539787994039
42.636882226766 12.43102258466
25.418154592338 -79.212916572487
42.571740664363 12.371048276041
43.501638658599 12.829125254822
61.797436073328 9.374938935216
43.290996346314 13.224610615647
42.882254538558 13.302185882045
42.007843044611 12.845552043938
42.82209768792 13.727422335079
41.973280128566 12.504974649544
42.715106187277 13.512590992524
43.484200774938 13.3083383573
51.006414368752 9.4103006554815
47.078713332805 7.7162359490601
42.717988507246 12.205101348576
43.093228395161 12.687921088065
43.277075736933 13.623740335772
42.061646754903 12.282905098204
42.5786191824 12.466293996904
42.146201890517 13.39702411715
45.815297269642 2.7488486146316
42.371051574785 12.845670959396
33.587896399169 -97.531625642847
42.197169893534 13.053666185168
43.105069504189 13.199802771325
42.651586148281 13.344382108371
42.516742958483 12.958457724659
41.933901451053 12.76915377882
42.971734081868 12.087417358129
42.837568886989 13.748501077198
41.979585239675 12.335581062073
43.580523478624 12.650272872623
42.183664927831 12.063306667427
42.048864897384 13.769012687641
41.95264086034 12.073839257061
43.096078654817 11.882004615817
42.081991273038 13.557858277393
41.599254692087 15.086726170635
41.979463398002 13.587899961804
46.484866305713 -72.645306279389
43.340390832809 13.096516186437
42.592075012455 13.255008146307
43.578519456379 12.333014743579
42.452792460796 11.950378252191
25.439143347741 -80.177466402188
28.295543668832 -80.733844882023
43.023031387976 12.894795141155
50.957639839248 -0.58620498128989
41.956268047449 13.011132474549
43.767357369798 12.719461234642
42.659498467904 12.888737812142
33.073093778006 -97.457443812626
42.240561231638 13.018267709326
43.207119616332 13.037663024889
43.568327965035 12.388121156689
45.830048229492 8.6006003892983
42.631049233457 12.231379074429
41.913080521374 12.473796915039
43.165958155045 13.01147383035
42.42730932146 12.820914033272
44.521452331155 10.107099210986
43.647398046075 13.108655043484
42.364839500126 12.993095886029
42.400188522621 12.415831884584
43.316350824368 11.94031354598
43.70547537168 13.120414068534
43.020813688667 13.730283591792
42.435817119889 12.300817835771
43.112587727214 13.120736895672
42.424837950836 12.877977446617
41.882793561988 12.079624275269
43.494977201587 12.557494860889
42.207409053227 12.796799079441
42.209628983519 12.158853622714
42.334086986901 12.654080158891
50.192054854795 9.0700211995607
41.904205636098 12.04550860873
44.061182666296 8.2203216369614
43.094612539345 12.214924060861
41.916396332421 12.024938551742
43.419356292796 12.597845314836
50.025020381447 8.4794301253182
41.93800122616 12.90307615695
43.577269811473 13.577626560639
42.343003450727 12.535162962568
45.116817350579 9.7158936122972
42.57405900239 13.184266673508
42.812228617658 11.859354851257
50.710207684995 0.70938823539736
51.579925618404 8.5397132972906
41.982758076874 13.353122050128
42.733157703084 12.576537874817
41.89648288346 13.095484909667
46.357700089625 2.8841281621177
43.683760751988 9.2340299309855
42.273463527355 12.823529904181
43.800196658282 12.52776390853
43.687989429446 12.432747634816
43.733334295814 13.651935407751
43.600103290121 13.144163984893
43.548631701429 13.312120930924
43.533515890398 13.827330501691
54.238538967005 -5.5898348574192
43.102528536295 12.005366798048
51.678761286977 9.5504172647141
41.953177679795 12.28292636868
43.524786361293 12.919611084724
53.155764143055 -8.0947878440352
44.473384874909 8.9787566787674
41.905506922375 12.210634593505
41.89059742444 12.069032146649
52.005109817793 7.0132273328109
43.57766453066 12.688240520066
43.707619941678 12.602075537502
42.140238095161 12.691544766881
43.202003887038 12.534899451574
43.729925171367 13.374965550108
44.157269904838 10.378973224214
43.331172374718 12.814606546359
42.561721017401 13.566086300002
42.514479271862 13.40031292869
43.465994036063 13.211047635067
42.551727036758 11.929785998992
42.650919873126 12.081875827223
46.237941174276 11.690738034009
43.468675838557 13.038263223638
46.409409558591 1.9939825762967
42.028607536607 11.868019656238
42.44738075486 11.968583038549
43.19724779308 12.360163291174
51.836859454092 0.04265265582719
43.096935600108 13.619208337583
41.891467495326 12.559279491475
42.414531208789 13.40411150523
42.057284502826 12.041181316174
34.218058153197 -85.363852964325
42.171536185067 12.972591426022
41.926994206862 -72.069722742592
42.499858625953 12.994241228811
43.753912071138 12.806142445584
42.927713677274 11.836196318679
42.470215182991 12.925929513281
43.620521423717 13.515852586162
41.928593547537 12.401864710938
31.897033580298 34.293936803725
42.803073760983 13.226049923464
46.238338583726 1.2157862103618
43.300892870103 13.24627119782
43.508902868048 12.456245346228
43.481781774381 11.126488987439
42.636091552061 12.396729225964
42.205036748317 12.376632753025
45.374540387015 11.159095110048
25.054801898551 -79.560742033251
-38.094080203722 144.07758149618
43.504323954019 13.329639195639
43.358195956984 12.98150716537
38.260611892142 -123.09742355582
41.873148732315 13.250304832261
43.166764702747 11.892248374846
42.298984603185 13.593081429432
41.899022851113 13.100084271815
50.848488737758 9.5279786118902
42.60152304482 12.706433684449
33.719094726166 -84.071397673745
42.415840848098 11.952458191662
42.073731484413 12.260189606019
42.700597396933 13.677504998968
43.498116282999 12.753860471211
43.256801812584 11.871551572772
42.071586109752 13.647818699336
51.680387412748 6.4176704295295
43.376799722864 13.380808844429
43.190213598886 12.116438730229
43.738115591855 11.025097303381
51.228521004891 8.2416095171317
42.829107516852 12.112226300946
42.358887775524 13.070919964982
43.825501202545 13.58041376184
42.069544917957 13.808347945965
42.489013927772 11.853396743489
43.429754303524 11.928310771926
42.340277096436 12.386375582512
43.634018537905 13.206833851641
42.166112199058 13.034043893255
41.888605508457 13.560893578271
39.390772937446 -74.570641458799
43.783913467 13.626815914489
46.036804921477 2.3585125647292
43.289881972752 12.391257007344
42.404532002495 11.974702251153
43.01880926735 12.346942717858
52.048616796987 5.0846034783565
43.521737740639 12.62528524905
44.414502857327 13.409733849794
42.658773762502 12.438939495238
43.017485256336 12.978932122711
41.841785506293 13.330390187155
45.276225283871 2.1585626798489
43.359426581955 13.076509153527
42.592858208175 12.817469844996
43.34258958436 12.678171809634
50.657689721164 9.2494164124361
39.997286633313 -110.87577548464
35.51199154397 -106.12107407413
42.510925992651 13.830358266307
42.274534500819 12.319404795936
42.001012106913 11.993919127639
43.814488932425 12.836086110622
45.556298265493 2.9366864119362
42.912347551415 12.064389742496
53.198017510445 5.6807265639914
25.135887159547 -80.448598197214
43.621708417622 12.751881075928
46.171612790167 9.767350839643
43.598095664123 12.176120326026
43.220745829523 13.001953525491
42.570656636085 13.453317209379
45.77895638802 1.6662036723766
42.010070681598 13.533103731264
42.052427611825 13.12030399319
43.107812875022 13.558753284907
42.463857263098 12.735661910279
42.009513880617 13.028680066147
41.946347945831 12.480979890342
42.59934642615 12.861007874788
41.849697469685 13.501153820449
43.812284063481 12.734348730081
43.191823179013 13.097154166616
43.350576673353 12.940563482226
43.697579550437 13.048603684685
43.786038367094 11.901869445758
42.122861659698 12.909206036923
43.224485508757 11.841847520735
43.143874401315 13.177678242895
42.453457068418 13.51269902408
42.474753495548 12.956500045956
43.140122983225 12.247822011957
43.141419913707 12.487166318359
42.359973250146 12.309815493112
41.371926505897 13.220299782146
34.208521745444 -118.06036343457
33.135583069884 -117.90875573248
42.512062258812 11.903081119502
42.290715667576 13.238406042235
34.349618660637 -116.94077747862
44.359428470633 11.060331381443
42.350985285545 12.895394347115
41.914367538858 12.058018616914
41.911030992612 -83.026477647234
51.744440101899 9.1496216580968
42.022089206645 11.988827098177
34.770714685393 -117.36213954956
42.515964410529 12.180927740981
50.71076922664 9.7233597090111
43.664593706704 13.626533000577
41.877848175784 11.880404662306
40.214904805897 -74.394402166212
40.249883328833 -74.37023334189
42.152665234729 13.631393292303
53.209618248842 5.213539901871
42.305881353724 13.267278751038
42.814666132843 13.098302829612
43.715954711084 12.538876608286
42.652597270511 11.682280717947
42.001418007094 12.918116847502
43.243059339602 12.349256625117
41.996775476281 12.701302727566
42.431795012894 13.040930041618
51.433424589892 8.0476332670299
42.164984450773 13.011662564267
43.15435340032 12.635735566579
38.380438684837 -77.640202274338
42.534298970168 13.186300754655
45.596830252836 2.7194423273762
51.26844882186 8.2014406310401
41.879700198735 12.52449199351
42.769727075386 13.54322832338
43.654559234017 12.210700477593
43.052785213151 12.596663965677
50.652163423436 8.4237309509999
42.455709539121 13.290009036351
44.633699345162 10.915772426299
41.897906484987 12.767052640585
42.53388164266 12.788414187186
42.039978164288 12.913244720529
41.877726322935 13.199983277007
42.764200908043 13.039500279857
42.8751718341 13.596830628646
42.996735625454 13.828931223542
42.285173898717 11.889868052646
