42.200332579317 12.067049181607
43.36990704919 13.668341359456
42.672861903775 13.013674381682
42.59119255265 12.358490959929
43.06598094856 11.951395686249
47.08612864913 14.215940122847
43.815916803135 12.696134642577
42.547518179562 13.721132178216
43.772291377567 12.646094899946
41.920639727714 12.16700330759
50.830223793551 9.1910982891876
45.660367750058 10.654093046113
42.723613699325 12.928426898072
42.815307317702 12.421076292855
62.115292312631 15.718242822549
43.089235549855 13.00660016297
42.922052787602 12.056107127155
42.454031351721 13.693942430308
50.17330116321 9.7702068168531
45.477723232667 8.9242067315007
46.127499932136 10.164101553293
50.630322628482 9.5691009394681
42.410555098884 13.039622176944
43.575893123458 13.287693281813
51.023230465838 -1.0079325051596
42.299408553329 13.170773399163
34.412095005196 -118.21812337207
53.663761325955 -8.8257878212378
42.541445032501 12.217109257943
42.282385744773 12.410294022623
41.907428203129 13.196647542176
43.526335438048 11.904809460021
51.966465719727 6.4201274973667
43.735280042412 12.906642314024
42.417092153552 12.772169405975
43.582734974394 12.83442503348
42.945613796353 13.424175866167
43.719060507493 11.924800903988
43.817460454471 12.400724843352
43.095136950789 11.961739812049
43.798547679486 13.442663977615
42.670106517187 -83.564380308439
42.320170583374 12.102512388093
43.197175025587 13.290896940667
43.457958548098 13.747363895081
33.89223440796 -118.03810454051
42.906893690094 13.767530019308
43.823700841455 13.133156397929
42.44457483035 12.922662110984
51.053765267159 9.2282191949097
41.967701126809 -112.5356185151
46.318009177024 10.777469482237
42.940256867551 13.627013297599
42.976081676791 12.129113170399
43.646395748803 12.72928670597
42.557562560124 13.820980377899
45.81043474193 11.716730414825
43.365672919159 11.932952711814
42.072828500587 12.679076302203
42.854456428857 13.342720464053
42.929611709423 12.732489290078
42.329733215447 13.688045959795
42.495158879338 12.577149195421
41.927123875344 13.28328057161
43.813186418665 12.937350580461
43.706027884852 12.250562818859
43.240430072549 13.451848310184
42.273409609831 12.457654171392
43.352366654387 13.278985346818
43.763065692414 13.309510385317
45.774677756256 11.118239105336
43.803659129352 12.150246581619
43.468392448739 12.237756003757
30.543019624046 -94.675521438068
41.862380519001 12.987564344906
43.283444480192 12.961558723825
43.633812160695 -78.209975969234
43.341634324001 13.580604570278
42.4295858133 13.246194613767
43.241452199075 12.896822560086
43.569273563854 12.126325931014
42.615941073122 13.825539293639
43.290482043445 12.272868621311
43.76492770147 13.781464446721
43.577506641682 12.416839494585
41.837275600006 12.434932654947
43.820598802467 12.897493220839
42.808819556541 12.471524181085
46.00913526677 8.2444046201391
43.76384740733 12.241377918649
43.225630777083 11.886487751236
43.567570414679 13.053207260602
42.685732012024 12.685238932599
