43.40179574557 12.548058799279
43.342605790304 13.766531148838
29.276882490104 -95.853948229134
42.903003143588 11.992160498182
45.355496486349 1.5000014945399
43.163615718581 13.688114582902
43.24120353781 12.422494738115
43.300581570876 12.747080390245
39.243418655197 -112.18212822726
42.424932894981 13.506815148309
36.991354937134 -122.33229634631
42.79073961444 13.341881885839
41.91058759948 12.741132381273
41.865182768046 12.675918990616
42.441177639405 12.385864776294
43.472650660443 12.840251891355
42.682572796348 12.4507208087
45.247994130102 9.3740222005728
43.381256881834 12.195928126686
43.591175515501 13.785436165906
43.721007159802 12.837503940744
42.489010123785 13.345394598036
50.562662636192 8.261301311786
51.090245568236 9.3584747600176
51.390469606216 8.7571231549406
42.117748849635 12.461825356123
43.233715528286 12.777120769407
41.838830487749 12.929429651226
45.679880457781 2.3980216613961
43.17831390734 13.217600059352
43.510853421668 12.33695143805
41.848157888694 13.024757460258
42.554887456167 13.477113527023
46.221733749016 1.0349837877019
43.386101814653 13.075157666169
42.586470958605 11.90487507123
50.588095927186 -0.1621485130266
28.719492183876 -98.840837215027
42.683096336074 12.465165653504
42.056300404063 12.4981379898
43.226510814518 13.573639221778
40.26429218547 -73.736585095999
42.925209035152 13.423149372203
43.355159612093 13.702381861744
42.793845008518 13.376455137237
41.971325847794 12.557224443463
42.024331011842 13.196582545173
42.145167134791 13.278350597864
43.130470147904 12.308804876802
43.731490137417 12.117047973518
43.740293977682 12.146021093797
43.535319380732 12.458075812321
42.778369312092 13.577736436214
43.30498711688 13.62402042638
42.178859476104 13.776411407078
43.324214769234 12.156252714433
52.037694803457 -8.0075813275797
43.302540271239 12.374182917373
43.251914070592 12.007976943186
42.065980930864 12.949831635689
45.616936924223 2.7127311642807
46.676374049241 8.0235392367577
44.579923158663 13.219160748308
42.458734268092 12.445591035993
51.00342961494 9.334261521387
43.558806523031 13.577487394969
43.239196014723 13.660272130605
42.441537859145 12.546487532832
43.681623412169 12.918245767226
41.863338220356 13.05865527834
44.894500166335 13.494753076767
42.284519062065 12.743753936975
41.035074952227 -74.701168027699
43.391670640296 12.18147415818
43.049516764514 13.227226439059
41.91427799778 13.746787856236
43.542439366499 12.960735971111
42.584110139231 13.802346703991
41.085301620146 -75.228113098308
45.728965599944 11.481565260317
43.489038528192 12.863206558818
60.861236568941 99.740378235346
45.81054637386 1.7822165879338
43.526793224072 12.982860628994
43.154390379414 13.709696458538
26.871587793732 -79.617708295681
40.358775929927 -80.109931291841
40.278542833517 -75.109027933893
43.685140030333 12.156831618492
43.348418479969 11.93967682821
43.514734146446 12.638888436222
43.696504787887 12.436853328013
49.076652664597 3.4065809045973
43.07554709903 12.184711839184
42.223716950635 13.48889301975
50.131889797343 9.6550076518464
42.968295911333 12.165460433909
43.340215178852 13.201299550127
46.435179076498 10.40154197414
42.683928275355 12.946044681124
44.299709562489 11.05012024825
50.347692405967 8.9509087721589
45.50708132028 2.7907200021626
42.586553249802 12.131257943426
46.14118812389 9.1934383370417
51.677503949347 9.7901984438254
43.658533894319 13.614275704445
42.659077084486 13.274757597279
43.316169944294 12.084126513046
43.032903440799 13.474151011798
46.216316122197 8.5197552417031
44.954282599901 9.7847847006446
41.838609777468 -74.263915633106
41.364328971442 12.657310450567
42.509740789679 12.331708594401
45.138842035962 10.905101184039
40.987802060921 11.504574614623
