52.355941795677 -0.99334496962993
43.201773508567 12.915621327218
42.787424705379 12.562272110771
46.913284493083 9.2834785949152
43.042335929157 -83.671855729593
42.065268503553 13.031894357445
42.298624214411 13.501921281939
41.843113840971 12.005297881575
42.569170303463 12.035753321872
42.099188013535 12.662750383703
44.635316884252 11.101888716056
50.501489653951 8.8708033998827
42.059500761845 12.359314138724
42.159935059587 13.044326165267
41.944184119808 13.480345799832
41.226964145225 -75.273788167888
41.997503965647 11.916291871556
42.09726916493 12.425299991141
46.078689845476 9.5029615884661
43.570297518566 12.263995431042
43.284164570891 13.761000917669
42.636414001548 13.270782097856
42.715782250166 12.187120053094
43.587442256805 12.060939869893
43.825241618264 12.220800010611
51.831984878207 0.0056492452955148
41.901467101624 13.828574249928
42.878318164462 13.049213042992
39.956835159232 -73.693384737231
42.158555395996 12.860725678925
42.686809610451 12.56922573718
42.04831103333 12.010840796426
41.983117658192 13.530806837872
44.983368007787 8.3501188880764
41.980591430806 12.425907264683
52.184708771149 6.1271946981443
43.500336888035 12.79355090849
43.418054389052 12.18207837745
41.948132287242 12.901350446952
42.820565896512 12.886905916004
52.17329633244 -7.6567789859403
34.142365169026 -119.05266410563
42.537454691987 12.879807068931
42.044852392324 12.531630947058
42.015479092049 13.44423520681
42.945849786043 13.670602212528
42.664316449645 12.369783618681
43.98232230818 9.7181207129839
42.836008010377 11.92782992589
43.453139777993 12.204632862122
43.233586758039 12.184751575454
42.143048700498 13.532563668479
43.151194722483 13.722491614878
42.675141499248 13.714825054519
43.309528511183 12.556068174821
42.513073218315 13.726242091866
43.031115036493 12.143920200034
43.750151655541 13.528414797305
42.333616903694 12.883499214858
51.331825388284 9.1801346345712
42.072460805586 11.942340483417
45.574337246164 7.0631765704873
43.332776697529 13.337358214139
43.22985117709 12.343477081223
43.644900569548 11.861715318592
42.832261117584 13.402505005453
43.070623684263 13.639011521677
42.64581581703 12.565186523651
51.682399456841 0.35968284999207
42.982140108956 13.671740069388
45.515652549228 1.2405335098694
43.534131814064 12.648421566325
46.750752165798 2.9709428362413
43.444646158484 13.176174506648
51.910046762046 6.5392920779014
43.252804172364 13.378365168079
42.342128808325 12.163220434081
42.260426849269 13.731428949524
43.290827139437 12.196529178527
50.905698709844 0.78770422221986
43.031840480434 12.186065512351
42.744931205544 13.051172043242
42.618777393673 13.471773098929
43.363717860267 12.986253094874
43.552698017842 12.613262667627
42.796332352255 12.331645229541
43.608140828858 12.900266707384
43.379715529003 12.220815651243
42.05056603723 12.86750171702
43.182184592927 12.574111517341
41.927705688389 13.498489702839
41.913561115488 12.415730256336
43.815671330253 12.956983475481
44.883724042088 10.355555700863
42.267443696648 13.020837419697
41.971259242397 12.181235173823
42.663464074819 12.578561290458
50.527265114955 9.3639987797309
50.295385157827 8.0080865770616
50.358707363419 9.200188202411
50.500443416415 9.3377653268807
47.451794895342 13.400270719521
43.341998288588 12.098480425842
44.807086654265 11.730439583205
42.765348164276 12.117277072818
42.954295647796 13.572380668771
42.338484750308 11.967527738778
41.978535858925 13.419657631062
46.213702294584 9.7494319438489
43.316115776245 13.449267733141
42.634808062427 13.323809503284
42.53405851339 12.39187124159
42.5961714972 11.959950898311
43.292629217421 12.769446930762
43.23199473474 12.362518110502
42.917887016182 13.291560430236
43.498173587277 12.952948426827
42.749873749351 13.758611256165
43.37786939108 12.490336429111
43.01951433954 13.762356282588
42.985478207483 12.782102185687
42.366631861502 12.21076175629
43.012427517705 12.999878267313
42.407521994064 12.587782419581
43.007309895033 13.261269200736
42.612775482078 12.722685114372
42.31297232693 12.845419439436
42.383285098443 13.204327701241
42.407319644677 13.772352888164
42.443150236499 12.240973805676
43.133503475012 12.421242767138
42.429590926727 11.836856986341
41.940437938546 12.701319403363
43.237877621447 13.191423130332
42.076631273665 11.951404138001
43.204441873939 13.088422256584
45.40113830094 9.8832798807571
43.713985615763 13.436781198942
42.013384810676 13.096452867678
42.60154115625 12.929434275243
41.961019330195 13.234295730144
42.760994986541 12.152430836669
45.746460043733 9.1863517959539
42.271898368987 13.34276307532
43.039811768609 12.574157494409
42.014708125526 13.40472098228
46.78906946992 2.9939291747259
42.473746339566 12.073476718794
42.519651810902 13.147272562232
40.55250184885 -74.582209709509
43.384137707031 13.285464274851
43.524484105208 13.056705236948
42.811640371036 12.918117003498
41.848111689041 13.28333250821
42.762651648749 12.222107312766
43.128326017956 13.716894524527
41.042416008421 -80.147885443489
40.806906005895 -75.033074695764
50.376439990651 9.9072820804581
51.53179696227 9.3347801078739
42.107148759138 13.407465159638
50.380367413806 8.9263270706527
40.67810287915 -104.50035293911
42.291063139956 13.317095277324
42.985731543522 12.62152971824
45.247574698784 10.464835775581
42.399475174232 12.152024215645
42.557913926711 13.456785799238
43.176237297813 12.242157568358
51.067942608645 9.2947508703427
46.88570387342 11.209696318188
42.495743076103 12.703877569059
43.75015111584 12.590481660625
43.692675582011 13.3464126775
41.605999724523 15.911912214689
43.777548428542 13.803639993467
48.959891321701 6.8062858803948
42.175299084848 12.483504944727
42.597190662121 12.824592557675
33.089941315108 -118.64594923158
50.290874769115 9.1663390971563
40.900611916662 -73.556312211248
39.305430326497 -82.693049536272
39.53688956862 -90.177280586661
41.858022386629 13.514476424344
42.170225117456 13.385603488158
43.831679120137 12.276259978917
43.382586873336 12.515389844571
33.286757895992 -118.38813670581
47.911381405059 12.496855679453
43.517878635583 12.286920339955
43.277553720084 12.633304441664
52.295494608486 0.48019400535627
51.244536785057 8.7513462229405
47.743799448977 -121.40979308506
41.978810631216 13.048545781101
42.905102612893 11.877445134298
43.098936089382 13.324751566336
42.419057823934 12.002679805759
45.763528433053 1.2451139633754
42.968117742805 12.364733043318
42.872558571479 11.837794761375
53.385224112256 5.2196630171825
43.277679451892 12.509741269776
42.678406565321 12.303991468786
43.475825021752 12.325270628263
43.327782898849 13.811994296898
43.518303372694 13.100849652265
43.768008961721 13.537945099446
42.626179869599 13.241148780699
42.65448837853 13.132082129911
42.943232813845 11.869272508153
42.329392364423 13.665908689476
41.874218288306 12.511142951695
43.792761299684 13.367302043555
43.43881971365 13.721058522708
42.29570768836 12.924317255602
51.80512001822 8.3783936097186
47.811602864792 8.3213424390747
42.897530825782 12.327073790772
42.412146132187 12.155406765733
42.320691291413 12.235667534303
42.669430432708 12.00904055827
42.785626827195 12.474501126222
43.147269655109 13.338552680045
46.662399871306 11.793177720228
42.496935705441 11.973056015567
42.033738139588 12.222473213574
42.041648881085 13.770046507388
42.43477109516 13.461581709565
40.904013665799 -74.564925891657
41.856839262369 12.832276707458
43.588214245454 12.375009120172
43.441855954233 13.535719282264
43.411125296939 12.201880963169
43.742421332182 12.153938352689
42.269294997358 13.391859498544
43.697137123319 12.328200078278
51.480911876765 9.1361301006452
42.307966214653 13.192600326542
30.748665063356 -95.000498546962
43.712027833684 12.210198055606
45.372328082273 1.7497399969724
43.822860677199 12.140785240189
42.340155429852 13.078897099534
42.42940654488 12.528877182665
43.271248577776 13.389657340215
43.023319078641 13.387225658834
43.758504141496 13.078301421424
42.001839372817 12.136066988195
43.453964220127 12.707632301726
42.17557513305 12.268156306964
42.887263637936 12.770407392557
42.336120269904 12.776815581984
26.454854341419 -79.326449725739
41.894994983422 13.029209268314
42.109423096829 13.301781756965
42.995548286029 11.837573916597
42.031347634306 13.018742688496
43.8091885363 13.121017486866
42.036410039794 11.898623937715
50.372207267383 8.5336818287772
43.124291042876 13.126509098882
42.679129315877 13.219320463605
42.057431289974 12.889226830534
51.613371564827 8.4960765119158
41.884766217754 12.50849461069
40.358820029388 -73.984745625531
43.550792403331 13.119825968596
48.266695668833 12.364110368727
42.864233386661 12.733929321998
42.765694224653 12.6083757601
50.483704609556 9.9732250575783
43.735518093119 13.339318982039
43.575305001633 12.237651350574
50.712916581758 9.05173843077
42.33582204598 11.899617265884
43.694725041622 12.960370406045
50.733121229677 8.9002114189324
42.398460473141 12.208619696672
41.402751366561 -74.001246846534
43.142020186496 12.281377878192
41.850257169872 12.615291493787
42.549767908452 12.67366122255
43.349324114804 13.152664374652
43.289118392549 13.767252744088
43.005532469158 13.444691252191
41.928533460001 12.160296081195
46.553323382304 2.1937697246642
42.456469912316 11.983934270232
42.528176828089 11.872023410125
41.901954520935 12.937280094243
44.507517132818 13.281364523566
61.857609116872 15.167007957197
52.067734755374 6.3596713955559
44.661204182131 11.112370274382
51.053388463125 -0.045040613578181
45.362685249356 2.8795535526609
43.806876949897 13.176122724182
43.024229012928 13.30136478755
43.264818903669 13.595335995145
43.273575490955 13.769311047073
42.929965045292 13.571611346033
52.403524060223 -1.0189913819213
43.454689505277 12.604163370863
45.173267409149 9.2345650363176
43.323807169389 12.02374346185
42.777472703635 13.274992271941
43.559355783092 12.716477460583
43.646800667835 12.124842298762
37.601914369409 -93.032552140564
42.113645325954 12.588260739405
42.682048034262 12.149582088084
43.236332662535 12.128695774904
41.993263956643 12.317022492812
42.573764884667 13.161249143168
42.202170151867 12.830494854076
43.424122975426 12.734816887779
42.796706481297 13.140600177546
47.238088455907 12.59968651335
43.016489449917 12.353780699148
43.060465003413 11.930142323941
50.687905556843 9.5423913954489
42.402441506482 13.073435593917
42.92140058054 12.408331598366
43.821748061044 12.666440410871
43.202958430745 13.102868216181
42.438931290751 13.176124493229
43.082717617568 12.205921320827
42.737320789035 13.349553904214
43.209147569376 13.578875361301
46.881516816505 7.2399388692528
43.38661972826 12.816553834761
43.521391855817 12.526637806358
41.871314750945 13.594328344632
45.052355106572 11.082006166636
43.948244467216 12.614753026985
42.246037787893 12.240193262363
42.260185593416 13.538701406952
43.298851769578 12.867148427252
50.943055162645 8.8890051552509
43.08960797318 12.288563212535
50.434867683535 9.8114218319819
42.750993648449 12.684650473636
42.733513801256 13.17040222381
42.653770909504 13.373777077728
43.14700964335 13.452249392167
46.242874161453 2.2322134921477
43.061875403909 12.967639155692
52.129373860839 6.6955444793895
42.252522697345 13.014269214617
46.964931323177 7.7822331547654
46.956266528906 2.8632080363404
43.442556922085 12.062246411157
42.587720722255 13.46363025648
42.736363618533 12.34121551243
42.863802076275 12.242516743153
42.367826953723 13.483298307996
42.272283719535 12.315810191613
51.837024371064 9.6353191810825
51.277532182996 -0.12729268858083
42.512415492701 12.733806152259
43.831693402434 11.880759839865
41.840544471464 12.952646115794
43.513666884303 12.778591826942
38.732334118671 -90.546221805969
43.456011457602 12.79199959237
41.83382085938 12.716236292739
42.045741214345 12.161691329028
26.164917682823 -81.141713466837
42.101986307719 12.509199019314
42.73214782345 13.091208209813
43.096755214102 12.629611409583
47.276762154082 8.3881433393751
42.447249606947 11.929005973495
42.281183904654 12.323666104287
41.842213649716 13.410299927674
43.387211231716 12.936208293299
43.684895767239 13.231460095512
45.343933349403 10.621399289121
41.938728017725 12.391737417056
43.69233198638 12.581773368002
42.395442864597 13.182661878517
43.028259112999 13.822646142388
43.607605889278 13.709230329727
42.806875662344 12.474138508327
43.362896569263 13.605464899284
42.329733215447 13.688045959795
42.141623528761 13.273922837488
42.577911091327 12.264114464312
46.631380330134 2.968274083905
42.201755250919 12.582023809956
50.033487710652 9.5952202303313
43.030473442318 13.048184899657
41.998262982836 13.181003894762
42.355640241597 13.025412898078
42.645996066132 13.191303443274
43.367772561225 12.017717946816
43.133335295216 13.558336320614
42.880105337559 12.451827595707
42.366807721281 12.24568075188
42.688219273339 13.222049201963
42.504489073786 12.577012457243
43.795673315805 12.820380149347
43.527402542798 13.441721538308
26.382509617296 -79.286816162
43.029628200026 12.645336439689
43.100491892614 12.436319250372
25.482300199776 -80.652976358423
43.332126279537 13.353315788972
43.38204973956 13.154116047173
42.080372290744 12.682268427092
42.512218651156 11.869229001885
43.423398846979 12.098420071017
42.317536763084 12.060524859515
43.732981101041 12.796215420981
43.756057502144 12.648661774906
42.361864908788 12.055816206197
42.723329503447 12.436842598711
43.531501804281 13.349911280626
45.029705537194 8.1010757510345
50.260230686171 8.8736188704491
43.132514391177 13.485450071995
43.197492459902 13.628007314947
42.620700315417 13.673289818092
42.911818843315 13.649854811698
44.770989228492 10.622067110626
42.60249301542 12.392984747159
41.847739629863 13.792218804749
42.939790181343 13.324198428248
43.157143735887 13.764975914178
41.972161041581 13.536384558576
43.394846204407 13.748310096
50.512244514661 -0.80224319869291
43.113104960955 12.816145294281
43.40470882107 12.820672966477
51.702478345811 8.3500261448091
45.999508197885 2.9249561591656
42.417796889536 13.422014632945
46.211561144403 8.0811623267021
43.742663080705 12.179686039791
50.548399394633 8.5505286546194
43.000012423864 13.275720013921
44.481600951346 10.89161197729
34.972048555799 -117.58304495696
41.927223445835 13.084193070945
51.120901976303 9.8606933657363
42.128644182893 12.436794495434
42.331219388813 12.170159963991
41.861835132775 13.097339926354
42.670724976676 12.638532018142
42.16927798242 12.076038201862
43.641815334878 12.293217773241
42.26983141355 13.094496918907
43.650311105277 13.232218291274
42.77222463061 13.009571765109
43.560232377893 12.381818229997
43.491751811717 12.364010433857
42.741225304448 12.280705331976
43.100670836468 12.226629382592
44.681897503057 12.543512227292
50.894066030576 8.6093759055293
41.876722519715 11.90206811854
42.303277575573 13.148864223246
43.343951184018 12.47564994568
50.819475409025 9.7862630895275
42.973904481141 -70.312364125801
42.178266018733 13.795132583864
42.202530413981 13.705543668359
42.112112074232 11.926273541512
42.187490990959 13.468491516315
42.133812981741 12.178320495981
43.114108719471 11.879224351572
43.085927727693 13.117751910427
43.165523149171 12.047600294972
42.069371127111 12.245725778533
42.697869483727 12.027021899853
43.135361136953 13.707217215911
43.73910460192 12.360673784002
45.498763577709 11.405573855273
42.303265132172 13.101638984935
42.429046191496 13.049690770961
43.5759593987 13.403390757948
42.731255940989 13.811452180546
42.133703003255 13.688469792592
42.556906323695 12.296914348072
43.381618416136 12.96247055801
43.719118804561 13.22057231528
43.330035185616 12.589342031923
40.463432074426 -75.349726769902
41.996066551675 12.046482418706
42.496460576328 12.758604322469
41.906003165502 12.611476274047
43.081031417533 13.686024705754
42.821730585707 13.016553847614
42.365210586884 12.309151557439
50.506369151876 9.7377725163185
41.912965136095 11.988348496162
41.934896733603 13.211345060382
42.504673383455 12.496635098728
43.511027023921 13.669370639471
42.591840647458 12.10050833884
44.098895957295 12.41304397616
42.720171359724 12.00231278038
42.427497433719 13.788485348147
42.167242847016 12.970618454747
30.625358550809 -95.314649409907
42.531339249842 12.744212899725
43.720958295635 12.746894862406
42.851123785552 13.09515081632
43.323916254271 13.422031379988
39.872271926287 -74.711046606431
42.262274761827 12.495202441951
42.687696503351 11.862069753887
42.149882822854 12.548098271058
41.876828324479 12.129063279915
43.55144377034 12.488719370465
33.348362023277 -116.3827975794
41.88345404711 12.887491432453
42.123091328036 12.378346265957
43.334994556094 12.178806691535
43.702993246144 12.575232365923
43.41518255624 11.870643946303
41.966750706552 12.395668521263
28.128827059229 -83.071039272523
43.030406313052 11.974416031046
38.579851358468 -97.866135935702
51.506135971891 7.3294627003952
51.653714788916 9.7741391299172
42.993287985697 12.929966256477
51.072174139587 0.31871957946975
42.927111408195 11.9444825286
53.007847663484 -7.3031638061177
43.0832533972 12.720715132899
43.622410160335 12.804367299122
51.098004246409 0.46254537038158
42.130726622034 11.951521887442
51.669641023348 8.1891819304736
50.037953581679 9.5648788309493
41.866531785536 12.939194773782
42.779305114329 12.05867183353
42.816084321058 13.029152443667
42.469202501008 12.145115356515
43.27221276393 12.552795911486
41.942352883046 12.125954003619
43.389552873762 12.810499031495
42.934902145052 12.610709048647
42.333908299161 12.876426230148
45.103386757012 1.9303155252385
42.317066283134 12.119349987788
53.029832808082 6.1413079022389
42.209620129436 12.099349868551
46.751824787798 8.8792398475945
42.247939074548 12.661501623554
42.018683982111 13.325767060449
42.480275443068 12.210935757149
43.046356277583 12.772053315685
43.376029960542 12.089556792814
43.418690687261 12.686848029369
25.292317620132 -79.155670432256
42.727386981609 12.590840042865
33.749873502569 -85.183264306739
41.055564404177 -74.062400304407
42.816144925012 12.912176763153
43.55321297124 12.024093394666
43.642533428822 12.527811137295
52.687645245896 6.308276434689
42.147677803968 12.289095648254
43.734576278729 12.581472004124
43.131793565199 12.678759599907
43.117221174372 12.40631598814
41.858407990496 12.700653592472
42.069205053204 12.477424611581
45.00845779698 12.833590447544
49.966615805038 15.965333326936
50.466445755896 8.0418192288102
41.577157711618 -73.983253234787
42.734998556217 13.642898984108
42.104490257869 12.451300147686
43.105186130921 12.301605620117
42.153092182334 13.500342984472
51.099470887379 9.6807679942254
43.614325050106 13.337231060668
42.103653255919 13.549522210189
42.714936761539 13.089891213987
43.146011970095 12.215456095645
42.982570214676 12.892069564172
42.627892728277 12.606938600844
43.258450972989 11.875642083083
51.791253557332 9.6293547622065
43.344070783998 13.224918956994
43.658832030233 12.035767938514
42.103002341533 13.752846795971
51.609015034795 9.5985404092812
42.878855727112 13.192610031105
43.389951225573 13.383119192639
42.42130086453 12.453622106229
42.746479254585 13.512891019954
42.952463129534 13.520087502229
45.526298749971 2.5534562499046
52.023752442339 5.3141575430353
42.199572111128 12.625997093819
50.842966839132 9.2173466599627
43.519302956557 13.801499891489
26.032824648077 -80.03857617808
51.818809233056 9.99094372056
42.372398543366 12.106147446274
42.737790604021 12.422259499071
43.383823203123 13.715654685516
42.305888806168 12.530082692194
42.097813637062 13.340202552446
42.614503271719 12.531811518398
42.492287674238 12.201522043555
43.749259147232 12.645216437844
43.687336022375 12.757852150967
43.221281708808 12.030353623943
51.196263032125 8.130873711375
43.01321926576 13.228773296007
43.21568405035 11.997088048161
43.557088227292 13.560785653817
41.189354131129 -88.216891393358
43.330108110036 12.245567659517
33.178824811971 -117.77202427545
42.122619999185 12.643783609238
28.933946788112 -95.665090694145
43.223360094832 12.420534230054
47.560707931668 7.3858361045764
32.880100615117 -117.49175947532
42.761543115977 12.15131636951
51.009339249232 8.2478462943099
42.10209739541 13.63419933509
40.627332846612 -74.915208278316
43.360556148647 11.957409476397
46.11102397831 9.2736789320939
42.015524243033 13.408759057268
43.638008112872 12.27757352885
43.62217944845 13.465097169164
42.918965103554 13.290224785141
42.87976065228 13.154762103781
44.262646023935 8.1067986910053
50.932207765492 8.6770230497592
50.936564719741 8.4133311269867
51.449094417714 9.4682981890944
51.091251061806 8.5948056758357
42.886368182456 12.780099785805
51.240109002795 9.3516935479602
50.167905885339 9.2303741277337
51.41480233819 8.234048653503
51.58967522792 9.8359392685052
43.201181158072 12.104377433262
42.535197879458 13.560833703543
42.667461588845 13.318096037192
43.259365606729 13.184454986467
41.888928464117 13.580229190469
41.812682759547 -74.698330742764
42.644675578312 13.317123511509
42.425470332369 13.747083170708
42.953588588628 12.808660338565
46.515138350201 7.742581028837
43.206877634512 13.162978852265
45.053097966082 11.009600817114
43.731590591733 12.259238577124
33.666882817324 -118.54507350181
41.88279045463 12.327963995921
43.044259682339 13.631059740054
41.844722395712 13.760518712832
43.122331900134 13.792712890002
42.666163431346 11.985776511967
42.003632874716 12.031705003268
42.630621922517 12.429466883873
42.231999921741 13.163095983774
42.828300695807 12.136666866104
42.442494292505 13.368600514444
43.22884910939 12.666689276095
43.64241787963 12.314560982566
26.453032104492 -79.155918479314
42.615941073122 13.825539293639
46.372398584323 1.1660595513722
42.693458182615 12.646997421837
46.37398896896 2.130230507874
43.594113557897 12.623728917292
42.118695139614 12.465672831545
42.809371156085 12.6900069568
42.302270402362 12.014214380206
41.914327956252 13.715186916646
42.838641339393 13.008391111648
46.536547969811 1.6272159403317
42.807526257752 13.09252178396
42.40216509553 12.340576080319
42.152927168272 12.777961662422
41.837857825161 13.03593396958
40.238336537595 -74.561102289549
40.740738018952 -111.07295341127
42.665967817749 13.680253304879
42.304290731135 13.779378551442
42.213360650585 12.92413021483
49.550706479955 32.051163225459
43.573272264851 13.600038718267
43.395732534789 13.143506035762
44.937358187645 6.6740159942437
43.44284122134 12.559526940158
42.939148079131 12.324623336256
43.084775993661 11.906396226935
30.825683679583 35.264461188351
40.018100046372 -77.224219633113
42.2050943902 12.884861945142
43.409222056369 13.110851626916
42.761161470696 12.86107664225
33.153647659417 -112.05430692421
43.00159988927 12.961616203658
43.115142055396 13.609986080627
43.742195219168 13.182721817506
42.243539311126 13.273346031233
42.593432886823 13.354791427683
42.072653938605 12.239972861616
42.369495039068 13.660140891888
40.779316405815 -73.619594539936
43.752065197005 13.629693722201
42.688713394447 12.42769191017
42.675144871567 13.118163321709
42.078904112393 12.636947507822
43.105206552963 12.580368813419
43.574704713011 13.750875412391
44.810895326997 9.1148304239473
43.726058461131 12.228425494988
43.387887137212 13.509546946527
43.421602345289 13.306110695634
42.206925958978 12.628481197485
42.938434597563 12.208238414141
42.480816037292 11.726037460529
43.820783866973 13.039870442396
43.241216913465 12.131068113808
46.596395512389 2.8646227889064
51.988019633101 9.8771807741733
43.254965980677 11.946745166086
43.379671638098 12.315037085377
42.153631451167 12.264109760201
42.974405590454 13.63205353761
42.470934852732 13.03664780086
26.012546864793 -79.378281570957
51.857637326865 5.7079666498853
43.409707018386 12.789362248888
46.080962039309 14.492003774807
41.337574643028 -83.179499685124
42.659771863699 12.32327228662
33.609231774693 -118.77160209249
25.588725036267 -79.833925303735
46.319553639234 10.253178629767
42.4528966106 12.974525647247
42.762903280467 11.954375176225
43.545903429459 10.225151974834
41.938767758191 12.089653131149
42.706615213655 13.400671394284
41.903920585266 12.24079907466
43.421798927461 12.904139850265
42.66358384849 12.990474829467
42.660610700355 13.750220071429
43.706076894305 12.292974115041
42.821074795381 12.114541919511
26.966209787843 -81.02888574806
43.655204173038 11.90027334492
42.177005203079 12.655508953939
42.236398245339 13.609689267657
43.535676406501 12.515141929761
41.940261358388 12.177442150294
43.57874018402 12.237594789491
42.943535318127 11.896725580069
42.712919648717 12.953325808003
42.613071487592 13.712739283572
41.108665994158 -74.476434339323
42.351467772106 13.38388999199
41.866593795322 13.70963668905
46.673389737342 1.2702174229874
43.719707647695 11.835249218568
42.060444592082 12.040589996653
43.489207970693 13.175867153435
42.142509551341 13.825204860359
43.019400577557 13.817637330789
44.300253849034 9.5858767753657
42.610744722959 13.13183857276
42.602493469439 13.024271813254
42.000720385949 13.624667769144
43.687507656278 13.23823944539
43.525209978488 12.37419940737
41.946397996969 12.977999329578
43.830732769741 13.826554732337
42.656460496924 13.497819311704
34.576944516023 -118.3058996014
43.773009759289 13.076264808477
43.642656544078 12.515079541858
42.461713834902 13.344391956641
41.678529168469 12.766214911063
41.990475612243 12.038493112234
34.339024513931 -111.76389026632
42.766870275984 13.665841478254
42.939904817373 13.16534572477
43.634197874777 13.434416912254
42.382041037282 13.690668772317
43.48510811782 13.214686469296
41.809504485469 -88.488609768144
39.08611793139 -78.219008704709
42.877320575026 11.941690579051
54.13594935813 -113.94763801897
43.554459451511 13.467657080159
43.790867506916 13.78361827034
42.545958545334 11.878555584663
43.633377075046 11.840604792296
42.657704442135 13.764387488276
-38.387045051617 144.72024092454
42.658822147038 13.793783489074
42.260377514318 12.032668434585
50.699697223818 9.4774614248785
43.591052622831 13.647767302903
43.179559910775 12.318544524425
43.553287457488 12.50257759008
43.431967706176 12.462970419558
46.369282755241 7.2382191998131
46.872606134448 7.1072626333252
25.249280259112 -79.885306865664
42.385380720454 12.854817976197
43.274348864946 13.780161522713
40.949415057859 -73.490963943112
42.253047314146 11.913679605331
53.220987459936 -112.9297349462
46.227250890938 9.4947998024965
42.735164263183 13.526374873971
42.728519906184 12.924088286687
51.376983861614 9.1785308831271
43.616782754502 12.998516114915
47.33668060337 8.27052041668
43.226109421007 12.841788846481
43.707270223066 12.454037877498
34.646348835121 -118.23300565348
42.86790224766 13.357111030911
43.809611703202 12.369834139671
34.846540545687 -118.91470635614
