48.025975909494 3.1392042053325
43.066771677282 12.658718902945
43.483126878519 13.149767290892
43.72094450461 12.370028510417
43.736848928398 13.366329379571
40.104015252365 -74.124872857606
41.93801534082 12.861179749438
43.471278916354 12.579584671475
37.394946085517 12.473079177564
42.811830352045 10.701929717253
37.792770145747 -122.99636993387
42.669841016044 12.639139938953
53.125739080191 5.2638839983912
42.866424517665 12.457920280985
42.985655464246 12.133818760598
42.686809610451 12.56922573718
43.134533305736 12.878194549551
47.129751428557 7.9103933432654
40.264659806469 -112.53906700446
43.373291155984 13.077643225492
42.697993250444 12.061119107579
42.477419893501 13.530854021467
39.395872748895 17.008049354191
42.691077586606 12.196513206345
43.8331065033 13.804655081988
41.843880517822 13.426920717802
50.851830962511 8.2411198696313
43.838236717294 9.7695936157459
42.625026944405 13.07235898828
43.496770225252 12.751165268848
42.921278980079 12.528638364083
43.332776697529 13.337358214139
42.524248757665 13.465711259987
42.132213236381 12.709413182807
43.119540017175 12.958531409504
43.330532818276 12.986859467827
42.231332542969 12.518604052516
42.585762807928 13.800741343687
42.30005460528 13.485032604323
43.777758577756 11.911473300753
43.182184592927 12.574111517341
25.775730938529 -79.639836934037
41.940270609216 12.307141402435
42.234592808541 13.818837392081
42.537874069336 13.158578604555
42.09330505791 13.35878350232
46.098321416252 12.087678227987
39.977300704897 -74.400394432014
42.577928985759 13.668362770096
52.045482183129 -0.63450853421562
45.943019502001 7.477010410713
43.288392913683 12.944063945668
42.706367360778 11.962811524052
43.239433171826 13.671933351884
43.484848522828 12.611896430448
43.179460750066 12.764378459104
52.307440301779 0.16777030288138
43.007805628727 11.906829347346
43.480561318121 12.829069695377
42.877195405272 13.367456537864
42.766835479444 11.839539523648
43.633846797365 11.911411229501
42.246685167445 13.726431946629
41.948354761113 12.127375044009
42.890116196096 12.972631354359
49.496233963802 7.7371236866513
43.817769500363 13.081269919931
42.745359392739 13.766529698303
42.146558120936 12.545967616882
41.159163895554 18.270035218338
45.869521973126 9.488682686488
41.465710747412 11.720557416936
41.991435984632 13.198445031998
42.31373148242 13.209392127234
42.266731199488 12.833568362928
36.682341822192 -122.31128291304
45.942137164433 9.1347419168962
43.014768364401 13.253228793991
50.894931218305 0.64139211295704
42.24180350792 11.950331408994
42.828418068063 11.893857291871
41.929491006292 13.379478303913
41.470002478682 -74.238592896884
43.659488582846 12.172904515275
52.452204198554 -0.21545814039439
42.919849355689 12.034327758047
43.193539234455 12.381042849005
43.52536329607 13.714533365685
53.507812016414 -7.2181528477083
42.285611082488 13.182022676443
42.298864603203 13.618010347087
50.544885015835 8.5242292208244
42.03565083215 12.530364353478
25.485861087893 -79.40372723853
42.664775670371 13.807821023209
53.004276394846 -8.6989593094676
43.000643924366 12.129480877041
50.555325406164 -0.012093779222148
43.455649337499 12.908264238831
42.972096633174 13.349510631242
42.206809044933 13.362125695407
42.586493127808 12.155892991089
25.675302517898 -79.515301392929
42.486597884694 13.183196506104
42.597852776592 12.774797562892
42.457793053939 12.743608966371
43.399656376543 13.319986577781
42.836619983838 12.572038812385
40.446039631912 16.279834309302
34.191124936843 -118.68794223549
42.119955084363 12.165992820734
51.646447915885 9.0051110424125
42.342950677214 12.78240371534
41.905862275488 12.669833465812
42.446663981998 13.290718635235
43.476820759718 13.671387336551
43.616179732448 12.472973522506
50.253931959278 9.573912099271
42.836806527284 13.000953551869
45.911009813177 9.3104174959987
42.20481095335 11.887002225002
43.529489391285 13.487764857958
46.620328293005 2.0283767944334
40.174670579611 -74.499405016555
43.029745231417 12.173806934719
51.782839396635 0.86134862236276
43.583164376499 12.365443356061
43.279531034326 12.300401522008
42.10691111961 13.692274897237
43.706959929667 13.007432923677
51.5345836098 8.7103905052461
42.430420841312 12.165943805227
43.700433892545 12.620291191929
42.506751269825 13.700192185
47.363442281219 13.725923286877
43.226407907564 12.906299675327
43.550604364181 13.714058088492
42.03569537079 13.072950905244
42.223894081669 13.355812393316
43.330043059948 12.285344530982
42.477783309074 12.04020876162
43.153628947772 12.549639297461
42.346748834658 13.414424523925
43.588446845596 12.592142667918
43.153448186907 13.646821500124
43.786455381583 13.581708778919
51.704695885863 9.8285618595912
41.89550664506 13.280664379395
42.833595973849 13.11990600832
43.79728618024 13.12923252125
48.116876303527 12.884134863703
41.915562682301 13.166884751623
48.909059792181 3.1773456659738
42.640164336043 12.066285147849
43.812948231454 9.5957603886005
43.794384786784 12.37626216394
42.170526735119 12.861005184663
43.324562450577 12.78211350079
51.70331918155 8.0651940042457
42.826012281641 12.891414316342
42.049632949333 13.103542900248
50.944913255258 0.30760796144494
43.734273150926 12.683117255908
45.01661109988 6.7913374813489
43.022426893035 13.0358816069
42.244853196335 13.221824044952
42.453680202597 13.62998994611
40.322876852607 -73.555385262545
42.815134767844 12.35675541889
43.051516930152 13.514006908312
43.667331395071 11.836745196898
42.468483934884 13.666208456602
45.5400851472 10.163424132375
43.421905195092 12.879696425947
42.371327607155 13.533304394026
50.42551445422 9.591051171809
42.563147429194 13.539597305741
42.656761519006 12.456547956682
51.125406903739 9.3599396969005
42.968042439787 13.063070748983
42.049387666441 12.216992780223
51.492236380462 0.23221875080943
34.503549980546 -118.50163663274
47.673637107328 7.3717866457867
50.808548737461 0.42706758171184
43.643423887756 13.748014479779
42.069450083708 12.530007757514
42.400556705168 13.793968110736
42.263881028774 12.150832700169
43.52596148456 12.50941792296
43.080331443402 13.319030296693
51.643352289518 9.1763283848652
43.561376655757 13.459266158987
43.684187628668 13.612426172317
43.480689161236 13.353424917626
38.533976854796 -91.364781902951
41.840186058956 13.615113088703
43.77437793781 12.021942440917
42.561088091045 13.596192703415
43.351155233288 11.864233617163
43.754634120408 12.907836678416
42.703036851598 12.55292493645
47.995870658195 7.8546904264273
53.117593128056 5.1216710602733
25.464724066401 -80.304496782783
26.622348221292 -80.395871776616
43.775751434183 12.292009095353
41.90528889976 13.448374036929
42.180831013353 13.301308191543
43.734626773177 12.14987691175
42.271449897586 13.41345693658
43.648532681956 13.661698140067
41.837326946148 13.217457738827
43.38661574965 12.991184270026
42.895352402674 13.729755595222
41.636222586314 -70.676710502324
45.716775359452 9.2202129396727
43.645141294082 12.139059132516
42.799661138023 13.746422100715
46.613727708545 -122.98642139936
51.502647032264 9.5978816205626
42.432732639591 13.706067826949
43.604524946608 13.661521190641
43.381867810817 11.879395818303
44.833914687661 12.616796863578
42.73821370992 13.30004237422
43.012743188561 12.463215056578
43.002688338537 12.939142320298
42.324043230326 12.014564470416
61.952742186819 14.454393491361
42.974297887846 10.60566190973
42.227455546275 11.912072924877
45.150096303199 10.554870651616
42.868625996594 13.517416877468
42.949535326098 12.151061722634
44.149833614824 9.9309088839106
42.064189019664 12.154214646294
43.010468694407 12.901004724645
43.540253536583 13.110907151902
43.553765504434 12.072345391902
47.021464451226 7.7952431113437
40.614825929759 -75.728919066202
40.917170345431 -74.538270170717
43.658659671367 11.440920470397
42.54817150328 12.725308260308
43.077457898819 12.56904448644
42.882895143669 12.276181233731
42.049854870464 12.876771935225
44.616787751821 12.365890688152
46.050630671927 1.3403642235046
42.342945465533 12.611478817024
42.751105238123 12.005587737565
34.714621729264 -118.39783250215
40.956258058202 12.484534739554
42.303968304465 12.333484391392
42.929735217232 11.833402289952
43.45321639371 13.505788121163
42.64870950286 13.475988136847
27.885217172124 -80.691700914924
42.109374186562 12.424778413712
43.543352111982 12.698097879879
42.980612077762 13.679895744531
42.120953302908 12.197848224194
46.885795546642 1.399094283301
51.941378049059 8.1887887805648
43.643780771964 13.703460766817
43.712632154002 12.988644924962
42.15101237092 11.919268115407
42.234791035894 12.168797272357
44.991831884276 9.4314300994535
43.295163745685 13.399650406765
61.31996358946 14.603545786163
61.2291887683 14.393503452834
26.373650339123 -80.20460293805
44.853169828748 8.3018371899411
43.477111500931 12.867867980112
42.011001381118 12.954377934336
41.963825859599 12.524536217362
51.172117340924 9.7348018883424
43.184211757607 12.72637450731
42.092469747708 13.816221536073
42.155000301171 13.156606986747
44.621974317924 9.7979009342347
40.407442201736 -74.579393465473
43.157268474762 -71.03762587654
42.854157573962 13.231819213963
37.9401460658 -123.27109569155
43.094299859432 13.115382506587
42.511149365714 12.197836129108
43.205145921675 13.147987342064
26.062171791226 -79.469945602147
42.56125297379 13.301553606683
45.363410892649 11.851327225727
42.4341119707 13.807649047511
41.892658940487 13.338737310089
43.118229371106 12.883863747087
43.092701410473 12.847677383988
42.090448678534 12.832288247942
41.649818230875 -74.408371849307
45.630597508669 11.861639041573
50.040623289203 14.517288025942
41.982970534371 12.297780481327
43.617725659005 13.18266914423
44.390181734827 8.6326692509827
45.999065481776 10.743155778939
43.48617258444 9.3616015189381
41.991725497896 12.799488278033
-38.410246906993 145.25435416009
43.402998952869 12.266484892607
42.013402543989 12.874404799621
42.842975417987 -88.096747412182
42.983569066519 13.815316842338
42.041641489177 11.865704507991
51.71358569442 0.084115684020391
42.917288570647 12.426547336146
42.911871110069 11.952328423037
41.950272282118 13.316008559596
51.512482899713 6.5454346438849
43.644374527358 12.760233644771
40.328908175069 -75.317068473249
38.165649877652 -122.04997073527
42.42219644341 12.320828357416
46.194847604816 8.3124781964871
43.066452386841 13.361147184114
51.86675043328 -1.0917620846079
38.186894468967 -122.3349100713
43.530485614005 11.917939720192
43.18326804425 13.274934458695
38.287956406962 -96.242233719324
42.77777588918 12.803938709595
42.325175273405 13.50139681415
42.314933936745 12.042178351938
42.202012311782 11.913363634589
43.914047968743 11.11873368035
50.596971102104 -0.91735598166815
43.013557073222 12.190947278047
42.674732512664 13.301848892284
40.799775058761 -75.086475275544
42.87976065228 13.154762103781
42.399659622202 13.52823006435
43.619817272138 12.543239255244
50.213892585698 8.4041647088733
50.87099990103 8.9223531214159
41.904159217118 12.832635345346
42.612724536871 11.962511099413
41.894139785757 12.464096679589
42.45296644722 12.808775547824
43.250062618076 13.148326200989
53.248609436559 6.7457089722137
45.084292772265 2.1654626262213
43.095721380851 13.732020421316
43.045923417476 13.628200322703
42.567555689073 13.232867190744
43.188024802242 11.99351580955
45.308598143192 1.3391788319401
41.958360445222 12.237332147212
43.577750518277 13.351704632583
45.245605494941 2.6606594951175
39.957134921549 -3.2912669131957
50.292542000437 9.5834851356146
41.913124890513 13.009273227795
42.553772785048 13.479027773498
42.566267804993 13.608912627052
42.114368405733 12.937834975767
44.84161896577 10.439531962967
51.656137540311 9.0775083699625
43.261017900568 13.298140891522
43.374784357576 12.097514405913
42.289347966823 12.817571842048
51.193227497951 9.5972901422518
42.564894710951 13.690197016921
43.194328363631 13.745931662522
43.705239135656 12.376102205562
46.9177452372 1.6032522975482
43.642527684224 12.840926920295
40.788395097998 -75.3505049579
52.969058688904 -114.03118964799
43.081157738867 12.33017233311
51.762182493351 -0.037361539968919
43.788709750322 12.714176761806
43.401490824505 13.464873809605
51.259512360794 8.2660684726509
42.31047174677 12.818052224286
46.922743168624 7.3199813902937
34.451702510862 -118.7128837981
33.733113999068 -117.91529233406
42.731485023991 12.133100426373
42.092818659329 12.747353951816
37.412089423047 -121.6235732343
42.190806971973 12.906057207357
42.172778928288 12.63176306974
51.745423719401 6.5016390614918
46.455677375875 1.7859684390882
45.723132257661 8.9843115612536
50.785352648834 0.33769430137598
42.383010719171 12.109053641629
42.499856179368 13.093780133007
42.596066851933 12.26204821342
45.024221405373 12.561233886171
43.367104859749 13.508294906259
43.527392417459 13.284056153302
43.009090554926 13.60778580357
42.003857615427 12.946816824838
42.547504138012 12.555004152749
45.456287321381 2.2772446890721
26.065434829811 -79.833258654189
42.3466330382 12.618860126782
38.392480401679 -77.298129237355
38.559077168784 -78.406429655067
43.775797282728 13.453673692652
51.666455388612 6.4043414628386
42.494681294793 12.902659376593
44.989665196901 8.1954471281033
43.13197935148 12.652810756442
42.96476949519 13.223016631449
42.545144696063 13.063440294987
41.486256555203 -82.050463447112
47.867168829714 8.0986398254049
51.889203168866 9.5369710244876
43.038274098692 12.266678594664
50.56701997042 9.6675554861629
43.814661595439 12.802510496624
40.993203049522 -3.2785856231482
42.253936330461 13.647762445124
43.35408371007 12.656042737281
42.097216136354 12.165061823656
47.150030454691 7.9536945381918
51.669156984738 8.1161341667716
