51.496333984424 8.1627859040921
51.584100711431 8.09733780478
51.421408895599 8.2847499741636
51.466088417203 8.2945082859576
51.428447172711 8.2051480958262
51.430473342738 8.3221265595975
51.504288008206 8.3143732940379
51.526972898993 8.1406544726997
51.404446478656 8.2345382651475
51.482637230532 8.1289132722322
51.442289953326 8.3040369121842
51.588427968132 8.1834685579797
51.422364083781 8.265283516266
51.63050591649 8.2433854840898
51.544116574593 8.106831454256
51.538698103064 8.2011505999608
51.508508392381 8.2436474208923
51.500681827078 8.2263784241985
51.628594450014 8.2122804430371
51.43337342722 8.2359543448481
51.626397577872 8.2176795011469
51.507497022165 8.297253351797
51.582247702676 8.2069226350668
51.481697296948 8.1019779481469
51.646074356812 8.186990863265
51.447012529917 8.3056880414047
51.578899809429 8.1855161833509
51.458187169609 8.1761639021226
51.65863580753 8.267557000866
51.451293736906 8.2952260604572
51.5679551659 8.0914851669648
51.428006613826 8.1857458284058
51.616271741975 8.2338844566764
51.520136788264 8.2210717835562
51.454209043856 8.2387594456034
51.609846556378 8.1354658897666
51.504174320728 8.2130461429307
51.442883124316 8.1810554434457
51.588777673239 8.1461020741361
51.423614925902 8.3256715044033
51.613300034131 8.1472509718254
51.504884588302 8.2032448291794
51.528999904883 8.1473032194876
51.429871959346 8.2455397212159
51.512276864384 8.1763319988625
51.438838475588 8.3374517552263
51.445624815508 8.2789067622642
51.571242975803 8.1706201551345
51.547842656983 8.0559084927924
51.590325274314 8.1471732445747
51.520844447203 8.0859596478222
51.579697507704 8.1667642612787
51.491912931433 8.207169676296
51.43306670684 8.1516351211591
51.418435966325 8.2217347888377
51.426603917231 8.255760267496
51.45123067333 8.194798713175
51.527804599855 8.2326123366284
51.41737685372 8.3186078860045
51.524004475923 8.1864634259541
51.501207986149 8.3118752740844
51.594331554414 8.1783687771197
51.461045841435 8.1401046235767
51.51353027323 8.2004317418674
51.554865470414 8.0831752727196
51.613542419678 8.2293044790762
51.650072791916 8.2353032437318
51.576009014424 8.2243527300769
51.406419886931 8.2406022903698
51.563616657892 8.2213915289479
51.476156991663 8.2170357192946
51.583204356759 8.1064991024819
51.597938011679 8.2644552780615
51.549702953803 8.2484014338108
51.535054881375 8.1549757901369
51.469792802571 8.1152860671819
51.536018038418 8.1293408382355
51.664055992227 8.2457152764526
51.404386377616 8.2907027510417
51.417357871969 8.1934659658901
51.432180137109 8.1572541665087
51.450225508981 8.2443020601032
51.436045859678 8.2121117730681
51.527339051258 8.1886107722244
51.454965566962 8.1858485067197
51.528216384597 8.2350195465773
51.517094348332 8.1983060930848
51.464021733712 8.2281738539358
51.457599741154 8.175141989335
51.577475624428 8.1983022769905
51.547076826239 8.2861288372828
51.493702104079 8.21834802824
51.532972720234 8.1416436606746
51.477769826761 8.2209037017175
51.41480233819 8.234048653503
51.604078567868 8.1258851094758
51.517747718616 8.264686840244
51.422559686668 8.2912228267133
51.470194816343 8.175101885188
51.528389320489 8.1258723019277
51.524582260998 8.2035399955714
51.416838756957 8.3358478743284
51.590996037513 8.1456290563315
51.429034484284 8.2221548325485
51.501805263339 8.288677958906
51.508476351159 8.0957739758751
51.415777800333 8.3223620184336
51.428255063681 8.2511843472026
51.525598041958 8.2240047725961
51.594691299179 8.186289926612
51.574080654222 8.2526637349523
51.545721953989 8.1622253969136
51.585030247264 8.2315445776244
51.519347982723 8.2626835355827
51.557022883816 8.1953301020876
51.56920910886 8.2417419097581
51.487048059463 8.1282059713864
