43.316583215427 13.448686029992
43.318428059744 13.306231346145
43.365852661157 13.399106033353
43.250919943348 13.317774279212
43.323683306281 13.380437184789
43.1997400542 13.38697986744
43.304338021832 13.338834115949
43.422576250261 13.355433779955
43.323154056151 13.318096340337
43.293321708375 13.451892017618
43.231149312237 13.372036538747
43.247338411534 13.227046719413
43.32514865248 13.412930617322
43.271979731655 13.263870239402
43.326361226091 13.44557523564
43.19264505023 13.374026388591
43.284646470253 13.403354424261
43.265487269177 13.308809034225
43.320396016522 13.387281528875
43.194636937808 13.313547036778
43.239417639693 13.229009836574
43.28549046597 13.30361690435
43.30587565729 13.297558893609
43.336695986046 13.337346292279
43.345277205291 13.380306627799
43.395247413516 13.391196366603
43.369788365166 13.369201734389
43.202471942756 13.287150346829
43.194620798454 13.345347782779
43.328625027264 13.245726322891
43.294237699518 13.278041524497
43.335106562069 13.403513172385
43.279885904549 13.420711045836
43.283738765553 13.292144925025
43.201458951573 13.350503889562
43.26917047301 13.228661984798
43.244532912639 13.227939932734
43.340332361583 13.422610201625
43.351293895113 13.335692926022
43.277992216555 13.433029604833
43.298266494807 13.230440502183
43.380152338848 13.415649740706
43.201510237645 13.39633882532
43.265014601084 13.271567677761
43.255179198133 13.373827615017
43.291263428673 13.380689069361
43.427040308468 13.309165937991
43.264361336971 13.328564121562
43.408883549484 13.294214409934
43.213481665244 13.388239066784
43.216889829497 13.434289773218
43.244295285218 13.363112686858
43.188320462235 13.303220990276
43.332674897452 13.335341083994
43.252089677983 13.400060878808
43.333558560525 13.2820865397
43.274244422242 13.3011966801
43.195034834668 13.328146245039
43.280611553847 13.386730304655
43.216225062619 13.244843504527
43.226142844777 13.229608398524
43.417280557781 13.303563190321
43.369720549982 13.258038868803
43.320343427996 13.430253156682
43.346469794582 13.337235293995
43.241808009002 13.394591600839
43.373706375444 13.297961359538
43.403232449409 13.393223735242
43.330276061024 13.418157512538
43.21200208797 13.429402190947
43.427430618774 13.310120717788
43.389053744932 13.315586164762
43.295005731909 13.418924209878
43.387275118582 13.394590383135
43.332776697529 13.337358214139
43.382413081558 13.27560830364
43.262982409125 13.341869874106
43.406034716149 13.388543020204
43.272818555738 13.305457601487
43.356571423077 13.361523627027
43.405499444087 13.279525908327
43.398226598018 13.275289308429
43.329740668822 13.372391059723
43.310170256698 13.334807872018
43.252804172364 13.378365168079
43.291532659594 13.452122015644
43.272077078147 13.238481568305
43.255957595213 13.282798790991
43.379117118858 13.391148481256
43.293995565427 13.390500629058
43.355929072667 13.269660782216
43.295190664632 13.336107386919
43.249610402293 13.382277880529
43.200998822807 13.362821652278
43.395246064495 13.32622411585
43.274650337789 13.396507713684
43.23096599303 13.233289277776
43.358296947276 13.239310714549
43.333375043412 13.239779317884
43.289934451848 13.320991151205
43.307677011636 13.314918366894
43.190028509235 13.304743488482
43.228598158003 13.444351337612
43.355804839358 13.434699855037
43.223709265361 13.278051465435
43.386555773873 13.318684794644
43.287857427417 13.327664287934
43.276306918041 13.315533476584
43.207488254762 13.269957621729
43.307250464965 13.43790365033
43.21811904817 13.285171569013
43.288390168144 13.39726505356
43.319399004972 13.301372992502
43.316115776245 13.449267733141
43.42280395863 13.333835788248
43.24762183814 13.227951210119
43.30643469391 13.306056103833
43.38917840339 13.244547666651
43.372288619362 13.295878370451
43.216169054276 13.274299008921
43.395383475088 13.417513918347
43.276430404895 13.295420010267
43.269760305674 13.357240255178
43.243952260022 13.235317116734
43.326658660719 13.366222649073
43.185649261917 13.328365845314
43.370454866167 13.405371048232
43.213486893689 13.294524338255
43.235974308234 13.317660770082
43.25335168899 13.273521504513
43.21692582558 13.436851028112
43.260362519094 13.252814648346
43.157617004217 13.354426187183
43.181357668353 13.367539331043
43.260015554403 13.315331387036
43.162014879848 13.368480709574
43.382294072969 13.294630342787
43.24079646556 13.408928480676
43.310464962086 13.312478978353
43.252691365917 13.349187486057
43.302267808629 13.34873442277
43.363842746899 13.368730786915
43.230274392886 13.310339047273
43.243992108521 13.449999680042
43.304883308872 13.431060822902
43.191296333557 13.295951293475
43.230090242473 13.376639950751
43.186107135951 13.410077893387
43.30185456171 13.322486863177
43.209445704359 13.332356142056
43.410360758871 13.38339857777
43.259191047076 13.403040486597
43.249718482278 13.302905909413
43.410678436261 13.383234362783
43.314634955656 13.28453651505
43.265600713115 13.413218684242
43.258943495948 13.336410121704
43.306655704208 13.244913460822
43.384137707031 13.285464274851
43.238654698843 13.322302708573
43.40305217842 13.300837659438
43.370611421026 13.278206992579
43.344079790818 13.428817222116
43.42255102306 13.295761123924
43.221803813831 13.382765951766
43.309205977411 13.303103495086
43.422855786266 13.358118334507
43.355800045375 13.25317092114
43.389120430422 13.316074995027
43.415781768253 13.358663103731
43.314427785603 13.327642987195
43.236872638707 13.441657159238
43.380665640079 13.308746681713
43.301055751902 13.323034643367
43.393101589958 13.347360291235
43.213013701727 13.277271320728
43.20944585663 13.345212864871
43.285821949752 13.267333346099
43.198791199477 13.412969944746
43.364775730954 13.271845214216
43.416858170397 13.322072168517
43.382576795028 13.278861372882
43.197175025587 13.290896940667
43.419041961648 13.299464496944
43.304821444838 13.372830426981
43.31147100048 13.258410670005
43.247630268006 13.456529965858
43.370676786367 13.369066436968
43.391738299018 13.399591891302
43.291294252191 13.261499629964
43.352702945656 13.238826578615
43.411560934715 13.35397167243
43.269706654509 13.23097934028
43.258642099474 13.292261186213
43.428990677686 13.339495741476
43.295529108653 13.395143204574
43.440638604334 13.31998167949
43.185761933788 13.343122753961
43.232698184102 13.337589211009
43.405620566314 13.310524251012
43.322202539242 13.342551603163
43.392231457139 13.362587123368
43.259608449556 13.272509435805
43.346350442335 13.281369683485
43.384974459852 13.246969976133
43.357284214535 13.30613667674
43.334325222941 13.438796507886
43.234856674112 13.340800568641
43.327841146557 13.34776197299
43.220136485652 13.440052056445
43.375854705191 13.278173221426
43.322610684376 13.240792266226
43.328307637187 13.404705822212
43.323622207329 13.43879270809
43.399656376543 13.319986577781
43.381859001437 13.355328089278
43.270257754864 13.440953226521
43.307029486332 13.443615887076
43.302734674582 13.425135515384
43.361219950675 13.352339759654
43.257764543082 13.332069439989
43.372915044482 13.312536829322
43.29923085931 13.333560109315
43.216392904176 13.330588462937
43.416978566657 13.285658796006
43.243876494602 13.37949728287
43.379060533095 13.313746688123
43.359021754192 13.25347122238
43.403235511132 13.25418077656
43.214969186233 13.250203876894
43.417975850619 13.321173396132
43.286190718567 13.330208623025
43.328900881751 13.31065781757
43.432212258911 13.298442091487
43.306770868763 13.381450299838
43.35765684927 13.395729118232
43.244350759447 13.459814182252
43.406430980867 13.363194786668
43.239115581514 13.269663949644
43.198263422234 13.404652997129
43.431023308763 13.309327764136
43.216331029433 13.246988939723
43.342787815439 13.361765159949
43.235134184957 13.285644488563
43.235009289477 13.403948821802
43.226048801686 13.384066157243
43.220791636159 13.242635380611
43.326343999417 13.336640667348
43.288526495143 13.400121846909
43.238526854331 13.411794731141
43.442257422249 13.313615760467
43.204248774913 13.393048412836
43.395781258326 13.336892819676
43.226327587045 13.347836225011
43.23108368892 13.409242463044
43.402264509558 13.34296676488
43.204079553135 13.429299398081
43.291355875943 13.446231344012
43.349916603134 13.441248425509
43.382891913144 13.347013523053
43.231224911416 13.2688660055
43.319334719965 13.378182040259
43.316473159642 13.413222909653
43.185988799776 13.369666011266
43.205340378103 13.276013623141
43.181364387379 13.326284448789
43.271248577776 13.389657340215
43.326892777054 13.436127295476
43.32873115054 13.444568574191
43.308440908489 13.268704552815
43.287069634689 13.380741747294
43.283409494128 13.264459951459
43.378250221453 13.330927332107
43.269124915504 13.360696786272
43.246143758433 13.294641002705
43.17104867297 13.33004844765
43.266610635124 13.3843034899
43.224311906039 13.353492613602
43.258877391137 13.363543105968
43.401032054539 13.30445737408
43.364197252043 13.297617450516
43.301774031179 13.440480960293
43.208729772481 13.29689985483
43.307011257555 13.26536123469
43.295102448361 13.422908181077
43.170827075008 13.390502453985
43.17991772258 13.326775743799
43.265533216908 13.405440696725
43.262383291175 13.349796028992
43.354724595975 13.416076397272
43.360494403823 13.324633892332
43.360039507693 13.427077019807
43.348963312057 13.306730862871
43.356863027626 13.429063488019
43.37616843191 13.311414399816
43.196823607312 13.326007878115
43.307074222412 13.278922801057
43.372645677262 13.31491963489
43.405362189492 13.253395133791
43.283450729832 13.330213393259
43.228419030678 13.408772941424
43.358956754396 13.419775470376
43.191991626395 13.313561499286
43.380673885078 13.316823544615
43.299751166881 13.344217452402
43.254133952455 13.340747633197
43.422816076534 13.341696637863
43.366993072169 13.283797681485
43.158622646334 13.361700169
43.256796678203 13.459396360677
43.4085140873 13.371572587833
43.331897318073 13.40672588742
43.267021265958 13.431257261185
43.204079665825 13.261444128727
43.333197166388 13.383162086098
43.232173076029 13.303873900021
43.402108608953 13.280723161681
43.331039918762 13.322769494433
43.2174234615 13.267217044864
43.256138435705 13.245899765888
43.218127130653 13.38656036995
43.332307969861 13.372880125147
43.421619603628 13.359614857661
43.337477601311 13.303971325676
43.384668543204 13.365511534927
43.294168309932 13.437616946866
43.442305383965 13.311181142161
43.187359348048 13.333862622445
43.362294419858 13.302390242157
43.30994469363 13.350995839292
43.243419721391 13.253116405242
43.435778543111 13.31583469145
43.201057323369 13.32360829011
43.24818269829 13.338426788982
43.277210799196 13.369964532282
43.312840352467 13.30202954139
43.405372144864 13.399767846542
43.361525743923 13.376284342921
43.216752043582 13.323542727329
43.239482300489 13.303195820352
43.23061834568 13.461408598584
43.380913371884 13.412038846154
43.229306627193 13.455214842456
43.198440428471 13.285606401195
43.226408450991 13.410898438402
43.31356021732 13.305644485797
43.363551241536 13.318739800418
43.248760483365 13.321350219364
43.2694020473 13.233781157657
43.258867917724 13.358781121394
43.410714325707 13.263642132892
43.249251952998 13.328325644309
43.400480569082 13.31273269344
43.190446298213 13.350576596519
43.221347812687 13.346037815507
43.399967674839 13.38366258956
43.254955103761 13.260199385837
43.314448773563 13.451467749894
43.358536848055 13.271619675363
43.323486779522 13.435404819194
43.289061780709 13.323734814939
43.327251671987 13.371742784705
43.340745880914 13.39846382497
43.306362117804 13.352547262515
43.212662184265 13.294833383681
43.383339966381 13.296773631751
43.344316214504 13.268462117907
43.301197492213 13.452678601024
43.201041523947 13.377994380623
43.26073207022 13.299174005792
43.386039980422 13.43534571141
43.277457429712 13.386387738134
43.275606637039 13.265136681176
43.231213356963 13.421728809116
43.337850840941 13.261150565141
43.317118621134 13.309048338958
43.274647544287 13.301316642829
43.383720612353 13.362473288275
43.245012261109 13.306289991062
43.35924972147 13.366883438272
43.251917160254 13.411847386722
43.217220452736 13.316173726395
43.273090494479 13.269128600282
43.384832284613 13.261031892759
43.392938435747 13.320990781936
43.205872948864 13.334321716511
43.405071481341 13.396097448394
43.195209175926 13.418338105764
43.276313747429 13.44873438426
43.402692599896 13.267749176041
43.279754579219 13.265236698236
43.228789239784 13.318026945164
43.365516068605 13.334315872928
43.393943005446 13.396738670041
43.376699338864 13.385205457653
43.310529835222 13.367896355415
43.266730036266 13.251636855442
43.259539403163 13.375434719688
43.250084684368 13.329492941208
43.220860484646 13.236150135883
43.278872162255 13.313612313643
43.394543769043 13.243355813105
43.274119430836 13.322716655847
43.351643270532 13.244305404504
43.234188088346 13.409953737843
43.287800512432 13.253046277584
43.245853832127 13.289289609685
43.304802699643 13.319168723824
43.210083314336 13.369535689435
43.413387540476 13.270968785191
43.214129647826 13.429649503191
43.44581345771 13.315829117485
43.277019150239 13.283262966354
43.26720534559 13.371212559946
43.247641510932 13.304886894464
43.338980069563 13.397397743278
43.231339909265 13.314874689262
43.275784426518 13.392649742047
43.292968962033 13.341231170756
43.434475621898 13.321534536018
43.267220872134 13.235682617538
43.323087848894 13.406915933104
43.169171538769 13.379197708063
43.25387318586 13.231689765247
43.312735508363 13.437491319367
43.204849237693 13.266254415415
43.372000293535 13.385904825493
43.323509510313 13.320995239711
43.370799083922 13.401442053004
43.364121726905 13.315296298526
43.213058466678 13.267921099585
43.317615015135 13.328133377886
43.263634855537 13.304517450905
43.281444048195 13.435163436681
43.317133001221 13.327483988075
43.368485068629 13.355444335565
43.227707000111 13.396905717646
43.39750022648 13.29416063956
43.21009478078 13.356030926761
43.188982003477 13.330408791255
43.223484994503 13.311601529995
43.233110131825 13.373407851168
43.161784505568 13.336241581655
43.280784276466 13.251570579734
43.363057715543 13.440891935251
43.271074091697 13.391213366965
43.402225992851 13.326358291028
43.355268023629 13.277915048563
43.325471873102 13.238596458586
43.306962004095 13.381971543854
43.376335544242 13.408983126028
43.26267567105 13.427753148355
43.25210172138 13.361875625517
43.198715769799 13.395895362106
43.220155503259 13.443319823355
43.376454322795 13.410293744158
43.209742887996 13.354135746322
43.270601370519 13.358664162179
43.35109886918 13.336951745852
43.204501317465 13.413229884328
43.351525398622 13.347068301119
43.361335518028 13.269063342509
43.210331788871 13.275599942226
43.290335215156 13.252875942948
43.335233585155 13.281362865272
43.197232853734 13.311117499767
43.421322596942 13.322194747798
43.243116169836 13.452083943178
43.305407648138 13.295887909523
43.321487280245 13.379199182812
43.34746910324 13.299052740607
43.370804432508 13.244476665412
43.362662116256 13.433739425372
43.384260213668 13.378306767169
43.317260902544 13.285602118974
43.290999501169 13.393125285599
43.332126279537 13.353315788972
43.358248737829 13.263642040691
43.223242527465 13.374542112192
43.219063350588 13.345764604113
43.338539581459 13.41054380846
43.199495919163 13.281563320815
43.272273807469 13.402451776176
43.321008915718 13.240195470995
43.385920582074 13.357239074727
43.25383763588 13.242329551507
43.171237163812 13.327470826624
43.269537213871 13.444469898236
43.229132133664 13.352166258915
43.309564699584 13.4381995832
43.37233997994 13.387759409115
43.326710580556 13.434987247679
43.22389470519 13.439885930384
43.162319440957 13.343437866023
43.412019916557 13.364081713096
43.302442273287 13.296440141435
43.193898724503 13.326465887191
43.192244264408 13.298989540126
43.302611767942 13.341333008086
43.271740369646 13.420782160231
43.291781855904 13.241757890343
43.40548870361 13.360442386198
43.40975907047 13.302734182378
43.319457827771 13.286309025405
43.212604108852 13.42804732056
43.274834977146 13.44488436053
43.240206190983 13.450989262432
43.288869887746 13.311232261991
43.222704452122 13.408040378454
43.189373453723 13.335868945523
43.268469102361 13.379840934381
43.182352746477 13.308551496991
43.425241708509 13.337823331534
43.275131547973 13.36293476839
43.266305326629 13.291196363669
43.363968269159 13.300289294378
43.207353078878 13.428513118286
43.306057648431 13.290534370269
43.306660533115 13.291776505456
43.31493630277 13.385679907366
43.338979839526 13.417730400554
43.290524375781 13.230975897646
43.330638046551 13.370072907962
43.328023492067 13.4409942266
43.342070223013 13.262556354193
43.312303760255 13.283383043636
43.185699744258 13.339978445966
43.42881016269 13.321308678652
43.338493753869 13.250661486898
43.268826910906 13.437796685604
43.374660614608 13.243415581662
43.302503007626 13.243996502035
43.235265732873 13.316181568597
43.314446359109 13.428036227577
43.415369395847 13.360381677004
43.25185320028 13.302032558409
43.245495284112 13.349326287114
43.172482232199 13.330047651369
43.347293608073 13.258221861116
43.289033034506 13.232997161
43.286674951823 13.239956303167
43.217401152133 13.423324893913
43.358115786946 13.36147551132
43.289751041371 13.400837414174
43.286311044046 13.300051452753
43.290945092373 13.254883061768
43.240430072549 13.451848310184
43.32772064366 13.262021860716
43.355987255183 13.390138118265
43.395775544662 13.368232303026
43.179518537235 13.347116743397
43.363653250695 13.381223806844
43.391312767489 13.27495532684
43.219784238499 13.337900099057
43.232045818715 13.262516771121
43.330174625095 13.278690710349
43.289333138771 13.259783999205
43.32279689208 13.308439379257
43.20938952605 13.350518974194
43.207939855407 13.274587805066
43.38597497271 13.365507560973
43.267972205446 13.299944700834
43.37789400966 13.316047123802
43.427512144424 13.288379882618
43.37592245658 13.368659111398
43.42500381147 13.312616750765
43.351047565879 13.424218648798
43.291121642728 13.360341873674
43.418206706393 13.363485464085
43.416924703616 13.309704275967
43.310095640996 13.245786963632
43.30367586126 13.366388084559
43.256495398144 13.299694460977
43.298571785606 13.325111678974
43.293036115048 13.40565929676
43.214804014312 13.270598343255
43.31557238631 13.241989921446
43.398810489776 13.244766448294
43.24407615107 13.390003758685
43.167492995138 13.348856384584
43.326175046326 13.270195411199
43.372591644254 13.327672442595
43.209792998738 13.398593408728
43.348680356235 13.290530184906
43.400382656346 13.388170982447
43.228551774413 13.228349973109
43.424357677097 13.344687454584
43.232038391883 13.366333675762
43.29374882874 13.383461726563
43.185712028402 13.306829662692
43.34283783398 13.361740770008
43.340926052251 13.341763238137
43.213716347822 13.408094095277
43.276623993796 13.368546980626
43.210023170922 13.343432482513
43.189030510482 13.358724088596
43.281063253212 13.277371574343
43.290663599193 13.398874941489
43.343662624428 13.249006861492
43.34325197264 13.282852623764
43.352366654387 13.278985346818
43.359079759291 13.258051275882
43.251269747175 13.241151849407
43.348375604206 13.385079889759
43.344071135106 13.404411216941
43.326658363162 13.31357602559
43.290284603059 13.371558676202
43.236760242508 13.297270831346
43.316226741002 13.246493308941
43.221528557719 13.343892221055
43.399596552106 13.397268248928
43.315575774461 13.310936451124
43.428285794553 13.301138727156
43.323428976055 13.386687031682
43.268988829252 13.36287646294
43.320335143882 13.373002089755
43.353900481201 13.390140901522
43.218544632319 13.273578193653
43.362226509679 13.357518595365
43.254416794656 13.26172800423
43.283990670614 13.237094428522
43.299104137041 13.429121556913
43.295163745685 13.399650406765
43.249190234251 13.309885149056
43.323916254271 13.422031379988
43.391519168129 13.347247480132
43.359623498937 13.250207983095
43.239117769191 13.234192646239
43.297674606248 13.362527579725
43.284167157174 13.321876264814
43.231751102617 13.259476537492
43.271923953349 13.27299308652
43.21574496816 13.442956840847
43.421787887098 13.274720763937
43.234950732105 13.395552030504
43.233947359155 13.371919670336
43.328083844098 13.396026521661
43.21355172771 13.30076751129
43.284711495195 13.340090735995
43.317305016034 13.254886285542
43.345516606882 13.404106699139
43.364680713699 13.249250177431
43.29638017078 13.381340757211
43.318087831774 13.325929152021
43.367171686335 13.364733543903
43.359846294115 13.37340729284
43.364084608578 13.306665618602
43.231809883042 13.274473849367
43.284586485629 13.231636974158
43.269420622529 13.276150188558
43.323212011889 13.379670850665
43.408098872031 13.335094547076
43.318929869851 13.241330278239
43.221977350892 13.307197689243
43.277629302965 13.326302440079
43.249592836152 13.382295755869
43.381693627418 13.288322501505
43.21478115919 13.264418488513
43.180923626863 13.389824450219
43.232225487604 13.276542777811
43.204454799765 13.314345534593
43.243465765048 13.446532425234
43.238291038332 13.228963362181
43.417862389452 13.349865584818
43.287012022143 13.262517098481
43.365093726856 13.243528089155
43.420119086031 13.277982971781
43.267022607528 13.391624901647
43.20271186123 13.317895257083
43.224183700173 13.369661037072
43.30405371373 13.336896670229
43.319099811075 13.430961974187
43.332434104931 13.408167829017
43.266865174431 13.438520519288
43.270314003488 13.284996404001
43.323428703178 13.305543179787
43.354322694894 13.308036945925
43.25114992787 13.252884731301
43.219542758663 13.260951544766
43.373131043938 13.387643655498
43.26892566649 13.445754935728
43.338143564008 13.282457546018
43.218724761747 13.378476673934
43.19455304008 13.281795070659
43.243456786633 13.266439236846
43.266210685163 13.419596358419
43.263280165991 13.28666668261
43.311584019734 13.400357533454
43.366273483919 13.413628894118
43.24019925915 13.379474963259
43.275005044565 13.281256643276
43.280289872235 13.293454276555
43.399287785145 13.373008583401
43.419477992907 13.338148113519
43.256030705898 13.241688420664
43.202409746241 13.310939216686
43.242472800094 13.424002852975
43.303398342965 13.316939554346
43.245086101019 13.253355852933
43.378952194668 13.389646239781
43.395323997103 13.358909968009
43.300892870103 13.24627119782
43.306966864202 13.24186639408
43.348073839859 13.426078321166
43.251749531504 13.438871609738
43.329568728048 13.35949707702
43.401971885677 13.339208658498
43.239439854065 13.23919320632
43.21591267421 13.251205449596
43.340982238011 13.42820501629
43.219861682162 13.255908400892
43.42036536963 13.298754010975
43.404706567735 13.334570208741
43.35800177809 13.25000261762
43.38774975456 13.31052443262
43.376812106195 13.365208935649
43.289570922654 13.321308061185
43.43677222658 13.301171368615
43.24691593614 13.384913738552
43.389951225573 13.383119192639
43.296174666072 13.387752991371
43.28079001155 13.270969350969
43.24068212569 13.225814443208
43.23699677283 13.259069211923
43.335685097324 13.293813301408
43.359492882809 13.426784977537
43.273289980981 13.268342403841
43.39304748943 13.287133818181
43.20183047105 13.407093728172
43.308868832585 13.234496596865
43.387947648034 13.318964998407
43.341456324973 13.261086844982
43.398239841891 13.34152188822
43.363764994968 13.372706734304
43.373667617989 13.276316415668
43.218601313542 13.316226556134
43.325687371833 13.296193353059
43.31629384419 13.236378103626
43.350852999555 13.253274365933
43.237985107248 13.269833488537
43.236157004387 13.458847495496
43.246922481475 13.280063878896
43.346987276986 13.308131972492
43.323078403886 13.425959025263
43.22835782509 13.34497497994
43.198894797472 13.282387095656
43.291775374365 13.367284725612
43.271021821683 13.406032084697
43.376799722864 13.380808844429
43.383542986321 13.404723865655
43.403811597009 13.255715272529
43.245379900695 13.39002902081
43.344264026447 13.433931548837
43.393338994793 13.337124804678
43.358129807004 13.249474699746
43.242705595814 13.452740325359
43.400951198044 13.34599977098
43.237035937739 13.376278781063
43.312201432584 13.249051947284
43.320703569039 13.360989717024
43.251194626231 13.433630805686
43.247287526397 13.435247374922
43.361037708077 13.328958685684
43.339871315931 13.437023110447
43.23388325436 13.353852729499
43.425828825436 13.338021150969
43.253039464028 13.449647087834
43.25404852922 13.391201710066
43.414942073384 13.341411913925
43.393051638938 13.420363961936
43.357293911 13.31749918189
43.303332765283 13.244848716673
43.186300731372 13.32473389775
43.344190953946 13.261140546904
43.364124817499 13.331596204721
43.35002797907 13.386340931725
43.267098029755 13.304094873997
43.436844565664 13.301946045061
43.247172375811 13.244844180201
43.180924897653 13.356448292919
43.175701073474 13.32064856699
43.331819403161 13.372475984701
43.412258666687 13.366516172146
43.284816396576 13.383776899627
43.362714938078 13.291199657291
43.351518842111 13.295011245338
43.389831873325 13.327253582129
43.230867422314 13.445832920489
43.271128730064 13.377585145376
43.222464636558 13.447146647839
43.334020611541 13.257758231975
43.368956737879 13.244130124938
43.212293787514 13.330650833145
43.367056996288 13.265202822774
43.287431574116 13.310416116545
43.361865841042 13.394468068816
43.241679307207 13.323015651837
43.263477217084 13.34324849741
43.329859493009 13.264404915883
43.286444436447 13.351767367868
43.204190939315 13.268223243446
43.232587488032 13.437667393816
43.26013749759 13.247450226123
43.275969731305 13.408525645478
43.271012089362 13.266259892523
43.236520706341 13.259049986631
43.421003556562 13.311253067738
43.373105954574 13.263156289844
43.171480760545 13.375204279749
43.207885687823 13.272919839396
43.292981253629 13.412686997772
43.345857461165 13.302733945822
43.231288924011 13.24245089399
43.390431947278 13.366406485164
43.257029367286 13.365980348276
43.178252935979 13.31730953388
43.309445640703 13.251140502885
43.298333283674 13.432318300231
43.292318041128 13.29637755097
43.372296128151 13.342712179007
43.233405045829 13.280008045642
43.2125384711 13.387581812419
43.312263520135 13.445420651925
43.383705577547 13.401907509867
43.30112915316 13.361504074375
43.322956460234 13.362302398033
43.211092146233 13.410658451941
43.214440315617 13.391160369123
43.275473503545 13.348430973661
43.416434710129 13.277517264859
43.294947025524 13.318435212767
43.197951879466 13.283638210189
43.283273029294 13.326417867733
43.39300088046 13.406842992386
43.397799275556 13.25631954535
43.333075729375 13.432618958632
43.427805543632 13.302555247372
43.29923676762 13.285016069808
43.203176454291 13.358352422902
43.261017900568 13.298140891522
43.21598183469 13.37503826079
43.289579670566 13.390196118707
43.344968583616 13.395836862941
43.262703333659 13.430057793146
43.277737482601 13.396017131601
43.242527632642 13.261632287086
43.163752200179 13.361517039783
43.295938722948 13.295105459327
43.256618612586 13.329974930908
43.230376766192 13.235373381656
43.216410820494 13.246987271259
43.25555407689 13.344021118427
43.277277973165 13.353593124728
43.203477471717 13.330741809856
43.261493867872 13.280611242319
43.201754538457 13.329207950912
43.270251987649 13.345447073407
43.216455022926 13.339988973171
43.24863689779 13.45545259933
43.298034630876 13.408817104275
43.290301656041 13.416898267093
43.384848346668 13.393958314992
43.315639369358 13.295125375195
43.387227032535 13.276435567216
43.387209038451 13.393226138986
43.301733938673 13.299997409966
43.228604310785 13.453146073268
43.186655353863 13.401143173429
43.357064230555 13.276564387289
43.182358492272 13.353319395519
43.421602345289 13.306110695634
43.281127719361 13.368762114278
43.411911273122 13.28273003098
43.224377203393 13.239834989088
43.374657007595 13.351708624697
43.28423332578 13.315420256164
43.196409287975 13.36823422481
43.420706224379 13.328919045801
43.418994279794 13.356109789294
43.335919160108 13.236872311347
43.276564119533 13.371285320454
43.285531995506 13.369714664488
43.224801962855 13.27481881218
43.275304490384 13.313611047044
43.302321487268 13.235724838116
43.22075033759 13.419280539483
43.33160258428 13.405249704351
43.272495744898 13.23304532621
43.177297723117 13.326340304395
43.306183539495 13.40002108712
43.232774045913 13.421731190508
43.215970587573 13.342841238895
43.355560308043 13.390625598578
43.400600239842 13.340445393876
43.185391802448 13.40067937013
43.260723967248 13.410122526556
43.327914108696 13.346097184993
43.36943362626 13.408345422919
43.283103000525 13.40768200087
43.387926871159 13.365933626616
43.29874762024 13.256990114833
43.255853427249 13.411128952846
43.16789374883 13.34778585117
43.231617101597 13.287871519259
43.361765860304 13.310589214021
43.281900533627 13.271191241833
43.252350468793 13.349083730203
43.286239561779 13.328806959732
43.293046451797 13.281480498764
43.354747772869 13.314867858943
43.379418755614 13.308796098621
43.41709338057 13.374241163218
43.348908772876 13.337907958954
43.268118530192 13.419112927962
43.242231695581 13.366511542076
43.216115931171 13.311889848372
43.271542790959 13.331886379224
43.237578151879 13.450641531262
43.299450340841 13.433858992289
43.173513349247 13.375097581381
43.244473941759 13.413987270305
43.193597558531 13.393522082567
43.29411493537 13.444802189008
43.378786488168 13.404659917788
43.294568879222 13.347582308758
43.267463282828 13.256669670018
43.426132388167 13.295960528469
43.19033451855 13.362221770178
43.200086462891 13.26834408581
43.242232513282 13.346867521476
43.246035883804 13.382177544957
43.323153224014 13.260068928499
43.413403414403 13.262628797585
43.260368923333 13.292014981311
43.394169810898 13.323369468734
43.246156290309 13.239595511595
43.183555984976 13.403157209255
43.249187993488 13.35004860414
43.255437783106 13.228348032233
43.24614347857 13.240430328662
43.259409232207 13.302137178996
43.277319279184 13.281552576146
43.239128620496 13.459269746442
43.218470226165 13.376561949692
43.348202456438 13.426239039968
43.361110995713 13.27220780976
43.443732666545 13.313333964142
43.334748452241 13.240608492534
43.274530528728 13.302071934728
43.347073238526 13.315360989124
43.340331667282 13.299768080164
43.183389821662 13.379600718815
43.352656814455 13.316306387708
43.321411393754 13.323554431726
43.30046076204 13.413452687421
43.35086904764 13.440067143871
43.204444774077 13.305766812223
43.352483712322 13.248168775948
43.418348159391 13.334314137408
43.316950309259 13.370137355949
43.240328980277 13.387269157652
43.251075946398 13.318331273908
43.320943165275 13.367585232208
43.386565119695 13.28209282799
43.240803343843 13.353597143385
43.304526972747 13.295591180371
43.233775963205 13.258237815138
43.229916591325 13.225450118198
43.390726985613 13.393596113864
43.318672774995 13.307731919155
43.424104160848 13.278990975732
43.382352761658 13.396683390458
43.302184799382 13.291082233813
43.225094689648 13.348428098202
43.372581200869 13.329697755806
43.228134478104 13.349496720542
43.185998602412 13.371644213058
43.397879173254 13.37847136167
43.219983232797 13.30167183529
43.26805363936 13.36525960146
43.265717710513 13.282489654761
43.204036695999 13.348967641776
43.21968146519 13.421905749695
43.356030600332 13.322071848608
43.395660982207 13.310055533124
43.167733009072 13.344847864187
43.429580980667 13.321240036453
43.378896461997 13.289472324929
43.354258353077 13.337235840216
43.182790894633 13.318020012399
43.400622854217 13.341588778601
43.218433132518 13.339434041355
43.295845001629 13.342174824973
43.327002124103 13.271076861916
43.336408711216 13.308160586447
43.249007311787 13.241333386063
43.376640933762 13.38966538917
