42.944654419548 12.444294939511
43.724411642072 11.852336200838
25.418612383018 -79.749364542933
42.12429927018 13.530449987657
42.535139523717 13.61336822885
43.290285483159 12.977978266786
43.411985379857 13.600948498885
43.075870313738 12.060152228971
44.830367427403 8.2994695155669
42.791448082699 13.594093957282
41.947398599699 13.472668633106
43.042831291486 12.097628862664
50.849569742498 8.5549284599512
42.054020098457 12.604161744308
43.704280670616 13.63961617308
42.15768385036 12.931148073159
43.382817378001 13.014029963435
43.045093581588 13.528999700013
43.080925119634 12.506088099233
43.418513943191 13.154573291167
51.161773580667 8.5193383994137
42.94019552599 12.51241880169
45.943019502001 7.477010410713
43.266306385077 12.390011186914
43.789006770977 12.935976992352
43.555478274636 11.883037757561
42.26964621633 11.941456238733
43.515688990038 11.957385204268
42.388647737183 13.490806921169
45.806324868373 1.9684968660439
43.269759268181 12.375551727796
51.991126980163 9.5120909952149
45.026943837771 2.7167058054901
41.94816520577 12.434568969756
42.240148391242 12.454573780065
42.995849080403 11.871785050219
42.605632421398 11.878457472624
43.011079465065 13.494689064352
43.048079034357 13.043258837
50.550555891381 -1.1237621345714
43.391214740666 13.123635520771
46.049897730839 2.9433919838366
42.145606487613 12.685975843915
43.616414866253 13.673598216716
43.589990828482 12.641827710758
42.539772508007 12.444217473031
40.88926549359 -74.566242059157
42.791763587313 12.317022351717
42.23388245156 13.08389402932
42.361637089125 13.026717168312
42.466046884428 13.100438208853
45.234053853077 1.4273089293518
43.017742645956 13.17595037642
42.799838424122 13.811258022607
43.620384588216 12.873731140475
43.266320787981 11.926223918782
51.460563886194 9.4330072926511
43.73523231539 12.462477843514
52.347714769117 5.2374154536461
43.308803015088 12.246155134538
43.144927988849 13.578695021395
40.873201789488 -80.520247827769
42.740630319708 12.818039045605
42.307966214653 13.192600326542
42.929386983148 12.342896029534
44.825532414844 9.5844763568275
43.210697735313 13.087941283422
43.714463658519 13.683173303832
42.82692203851 13.093172470172
43.629968280287 11.988820644577
41.93812364339 12.601111011881
42.451775182736 13.589745851064
42.352815905306 12.543936559739
50.968120601246 -0.73095288073688
51.761518151388 9.4314238719788
34.417444972795 -111.11967655464
43.513705559801 11.907597596269
43.045465256595 12.14738922156
43.108533130565 12.744027518569
50.802260155697 9.7565771703406
42.652657059346 13.474570827801
42.970255480155 13.192011925968
41.834820610881 12.896109736497
43.128057802177 12.268760269654
50.617570341387 8.9582039420298
43.74827397512 13.283738565784
41.850054537959 -75.11095459405
42.415899415715 13.81191367789
43.458136584844 11.945157540026
41.868982271251 13.376701514899
42.863739981739 13.254647730058
42.872318097077 11.395983511187
42.81943287275 12.610473539054
18.456957636011 -65.372992716021
42.612674422403 13.800848868138
52.31150149359 0.33562818878593
43.559709491956 12.717208521796
43.726735395739 11.956575045363
43.250081351164 13.782005412424
42.21073639917 12.670490810515
43.433454635776 13.012603448731
45.941816937026 14.687609891536
42.009042230926 12.273821246493
43.211154061955 12.597016668246
41.97999940255 13.569942100726
42.404360715043 12.509325033312
43.348007964153 13.169803071867
42.967620902235 13.138043088458
43.220078061458 13.051462674093
51.703213874578 9.3217063594245
43.216981339856 12.820797696182
43.731829844311 12.327530711597
42.884581864779 13.355857671891
43.38661574965 12.991184270026
42.597086258997 12.526339707231
29.563781678482 -99.173439999685
42.549783354902 13.752968280482
43.240316367375 12.111860488149
42.398476361038 13.520186646639
42.264049164163 12.236921976917
42.342786712287 12.748745048788
43.188746826832 13.748960542862
42.829112517123 12.564995382265
41.931645020366 13.717486578395
42.697217481091 12.419886423491
43.674058454446 12.064781981572
51.438897888381 9.3058618550682
42.381508833927 12.965662020729
42.156178202574 12.502008067699
45.458848714062 8.6004098981178
42.049143361903 12.231821349485
43.461481724636 12.749505282284
43.678410001436 12.92133017721
43.268270793982 13.171231133033
40.940853683868 -74.460436161953
45.64151754598 10.563474664329
43.567615732836 12.355850646459
43.147907439709 11.964197218888
42.111676287445 13.7216712999
41.912965136095 11.988348496162
50.453666403635 8.3298016531997
42.320585795848 13.316836300009
46.808746976223 1.5133571077666
43.164749042694 11.967391519813
44.474909715601 8.6586552937788
42.860538707536 13.527104515383
42.387338253871 13.1156175901
42.449470385674 13.713689486384
43.09068896069 13.594045698009
52.876913347457 6.4243479397494
42.551140904704 13.534589897646
48.201186908343 -122.40629222356
43.653310932544 13.18645961966
41.350498140938 -73.728600830691
42.657873694181 13.250682244215
43.780094094959 12.108108072613
32.907354775813 -83.472141556103
42.69447368185 12.046170818196
42.638173580954 12.026665263843
42.545027245577 12.747620871194
38.114432491124 -78.444905512201
43.792778457905 13.140181754802
51.116384445977 0.013020166150774
52.657687057116 -7.2228976205098
45.595206096114 2.7938174697542
43.041520115494 13.804300567996
42.75711226361 12.025718912515
43.494915709151 13.018029681436
42.956031138544 13.75344738448
43.507282021247 13.106577633019
43.064781144313 13.711786157338
43.414942073384 13.341411913925
43.812769491625 12.298636674575
43.642476880777 13.715947909169
52.373774980602 -0.34544945576016
51.414626999951 9.0533550712528
40.600522137678 -74.597174646742
43.399709712921 12.1398972921
43.520490824508 13.096794574122
46.616737132248 2.9992660102431
50.831892962955 9.147970075788
26.609267480938 -79.291814547909
42.967096555984 12.36645082031
50.333349292322 8.3525626465457
49.536493849376 6.227382856506
52.08315445766 -8.8670320538185
43.713163677025 13.086929696208
41.984117581057 12.595953169577
42.650679378629 13.327713016129
42.037178933193 12.25287689981
42.74743023412 13.331953799993
41.898919837058 13.021115091195
42.639681976142 13.333540832335
42.177065005629 13.270648759937
43.68019521829 13.496641549068
43.182358492272 13.353319395519
44.887772212612 8.8211323376843
43.707914737404 12.106073531393
42.282492022648 13.386918062545
51.442849495654 8.4455017784822
43.337413906764 13.170695738967
41.898549683831 13.145834517754
43.789032636133 13.202419404521
42.047375773588 12.282555713471
42.837921800156 12.441680938488
40.713127757906 -74.984460704153
43.830137749144 12.431121241057
44.916780423197 12.820754264116
43.631887054386 12.797416354922
47.10542650712 7.1501473193756
43.248718002948 13.655089070881
43.673301522955 13.190266877988
25.311653920577 -79.43872685499
43.00625263902 12.061042569627
42.856615635521 13.782587774018
42.619812151261 12.602304534357
43.310295937283 12.677385651843
43.103637879318 13.607775514318
51.525598041958 8.2240047725961
42.712804168816 11.916047222429
51.526805079555 6.2283544943101
43.497220705982 12.094915569825
33.642255968427 -118.08634891021
40.114236236755 -74.259454372126
42.164502875511 13.103715523215
38.008784004491 -96.144134654731
46.728078315374 2.4266431012315
43.445243585152 12.243598184217
42.356175945327 12.685733822515
42.835905863382 11.925499222693
42.992555626686 12.030642357224
47.115950335337 7.1540965862358
47.381031642845 7.8103719660129
51.075406716939 0.22644401673062
