12.291068178758 42.546786622886
12.290227475267 42.490145412523
12.242814361252 42.541844292351
12.374476730553 42.533932771338
12.358490959929 42.59119255265
12.238410498148 42.557920748649
12.330387603666 42.607243374759
12.31119064817 42.588934227188
12.318919105625 42.616768113646
12.368231311633 42.488203642673
12.321304722394 42.541195846436
12.375023796419 42.470092487761
12.390979000105 42.584822001695
12.314266389869 42.592554562091
12.245787583893 42.572136868545
12.324872500435 42.460163536251
12.399289279917 42.518406582793
12.22971907038 42.535670161983
12.256681083842 42.600715931806
12.291419475962 42.619018055808
12.330459658697 42.609100302055
12.312841228376 42.453621104592
12.395304543637 42.55769895278
12.287724549571 42.540069029008
12.387030937444 42.523002447359
12.350441550089 42.556379930862
12.366403203184 42.47236395046
12.31634943856 42.547081385084
12.256746404014 42.58838196268
12.235316251535 42.549603460634
12.270182502137 42.606725414121
12.281981615036 42.627719554432
12.276795483344 42.616456273786
12.352122089545 42.539645229273
12.349923026932 42.478190967125
12.311048053371 42.51816493299
12.299013859077 42.494632920155
12.319675394969 42.456960639684
12.330385524489 42.555431001634
12.239783136772 42.516558307019
12.300586602346 42.471994024011
12.299269654017 42.576838873616
12.357159501595 42.611048925974
12.283572588735 42.634804861937
12.345427828955 42.570692578433
12.346475409526 42.591433848085
12.256506704866 42.534536707019
12.324616598603 42.590459036937
12.326420741329 42.58511718485
12.320468299261 42.617199503659
12.255777495122 42.578340806823
12.290111474383 42.622960581755
12.381435563055 42.587687739466
12.324854656295 42.498136629603
12.288451665236 42.45617528935
12.341539811057 42.485856063446
12.30200909234 42.52509375595
12.36151301321 42.518954531552
12.33925126278 42.635212119054
12.282559569146 42.51411853943
12.259785884668 42.493541044434
12.253994563268 42.52210451689
12.314417799893 42.451782029472
12.39187124159 42.53405851339
12.364311705068 42.477493228169
12.340636700106 42.462620802926
12.269830295497 42.562447046213
12.348021577295 42.597312763167
12.349670505335 42.511757692116
12.266845622711 42.602475983392
12.324936967515 42.618956046954
12.286001456124 42.533999272426
12.22918503232 42.538044547002
12.324379666415 42.484848746811
12.315468047448 42.499363374219
12.262678748606 42.554469809215
12.357516914794 42.496831021524
12.255012122588 42.508886880965
12.273516302145 42.596050942615
12.270314068215 42.60378267134
12.268177201652 42.550238737648
12.373413713378 42.558813595494
12.358944182472 42.541329398093
12.341995934205 42.591589610389
12.220439872828 42.536504797908
12.257331246185 42.555947492645
12.303615559986 42.530600808363
12.310095617713 42.548642144815
12.401556551664 42.544781962684
12.350815323366 42.509199899879
12.246453710502 42.530791405391
12.273507290202 42.498240224339
12.311351108065 42.54274533437
12.3371695524 42.50283731406
12.338537538137 42.621898336647
12.281201826095 42.587143733926
12.332130748489 42.588910172057
12.378299497731 42.540622373384
12.296720548692 42.581245571201
12.319696624933 42.56786274566
12.345163143887 42.51240976693
12.331225860574 42.463610854237
12.296496214039 42.50266330575
12.314685399346 42.458087000299
12.369919815294 42.518534342555
12.281371295138 42.515963571873
12.389123876316 42.509431396404
12.347224240374 42.61172071223
12.387890014999 42.49978086238
12.328448480635 42.551499230599
12.384537171307 42.492108455644
12.347831165601 42.519061868342
12.330116606958 42.612667680093
12.226220357358 42.533299097595
12.275597889126 42.638004632519
12.251670859892 42.51545270931
12.344669201127 42.471839600018
12.2516697912 42.543692486169
12.273690813835 42.495324574197
12.321401683784 42.574236780228
12.348894844946 42.598252084406
12.344963240619 42.588673631024
12.331008773938 42.620517858148
12.355343676824 42.49414732798
12.235790171326 42.529730126529
12.253000151039 42.57552135625
12.326585200323 42.64283975013
12.350976932047 42.621761538865
12.245902450425 42.581714769652
12.304827604606 42.640931859001
12.302915742783 42.451313528929
12.364442195003 42.508651628883
12.249765790671 42.54459968423
12.373236978156 42.59629156936
12.309884343462 42.507950501774
12.365612245356 42.530843052816
12.373369431318 42.582979861474
12.230608204042 42.554829231743
12.307446057607 42.643256190088
12.238763923889 42.518133000733
12.365195865934 42.59624819208
12.300358579189 42.607654578822
12.364012719323 42.626873972673
12.284939294835 42.510555604266
12.275776892584 42.628606853389
12.273753359597 42.540617006172
12.295949785198 42.565356741944
12.320045491851 42.48949870818
12.32807644148 42.48444617704
12.290942900971 42.602735924836
12.401010030623 42.555009810999
12.282383006684 42.478186074422
12.413940575188 42.541990326991
12.298797189884 42.576547701201
12.274717574157 42.556185478159
12.37930210327 42.604033911437
12.238170609941 42.527807671378
12.299331612114 42.459446599011
12.274278404806 42.612912150872
12.360626792258 42.52086744251
12.323625052985 42.638715063075
12.285708715828 42.520089434257
12.370972390015 42.521225194245
12.322603223551 42.636228452288
12.276194903218 42.592428756243
12.288348381097 42.522236617081
12.371048276041 42.571740664363
12.298017182082 42.583149525629
12.336052309434 42.499610850841
12.253518497245 42.542917777592
12.28714683388 42.466106311656
12.308084366542 42.611055733476
12.228778130968 42.522058654375
12.261256222756 42.592077904212
12.292138539412 42.619796308067
12.265971631888 42.482955561265
12.253409441234 42.587206571192
12.406503713434 42.553518728166
12.313373374454 42.627167509716
12.298079422835 42.555891654268
12.372694195908 42.60271237262
12.287220848576 42.483079403726
12.320054441395 42.511398372034
12.338624275934 42.635333301351
12.310831038447 42.49365628303
12.378111296065 42.598743600139
12.317544477229 42.535981782517
12.336634383249 42.457540421515
12.280324038763 42.495853458574
12.241998754575 42.554055903852
12.256456522877 42.575172677925
12.306055094279 42.600649873095
12.281142489205 42.579933958885
12.27721319642 42.501866506667
12.243596356031 42.53458925317
12.259938847416 42.595352329146
12.338600710679 42.549103300364
12.259290943064 42.551260342168
12.358003290558 42.61535167818
12.398526730688 42.540361037285
12.337479355458 42.468484884833
12.237833398526 42.561796277578
12.251219009653 42.548225396589
12.331520051871 42.586019540034
12.321288926232 42.593025785702
12.29962612658 42.452618506969
12.348832966012 42.528367338503
12.299249975893 42.560069318796
12.24244714728 42.553823671117
12.241803998261 42.518714428676
12.341333894705 42.605109138251
12.400596803727 42.515324192383
12.321236476007 42.605581561872
12.273325050864 42.615802800591
12.25276386612 42.585704839616
12.314736318011 42.462908403253
12.332004400611 42.611698257111
12.321757196154 42.580400038802
12.349978124907 42.507652022668
12.322006063707 42.608967313382
12.334431242374 42.479451721778
12.345874319035 42.468909945113
12.304342200677 42.570369191754
12.252449352433 42.57590632449
12.296499193805 42.470982986743
12.251802434817 42.568049593648
12.275112099629 42.620767688689
12.325745837936 42.531152545277
12.32933376095 42.539583857444
12.337189027752 42.494091262826
12.312547472938 42.488322470586
12.349025210084 42.477588376274
12.320884001612 42.459446057447
12.290526896871 42.497874719809
12.370373540751 42.573028940064
12.267106075917 42.516618138906
12.361333894362 42.533602818585
12.264114464312 42.577911091327
12.395842517 42.52192397768
12.34491769196 42.609272225133
12.300360677925 42.519080864528
12.303198149124 42.594938891307
12.331716308546 42.566028308874
12.381936261629 42.563463709135
12.303377137682 42.597263845449
12.313257460184 42.566844291804
12.35087541323 42.611545309265
12.357661032305 42.494683509478
12.377710188936 42.586946141735
12.245848762007 42.505856413651
12.28311203482 42.452252786372
12.321350088048 42.477067070325
12.366204166045 42.617243943113
12.347475510273 42.562863582097
12.248362814679 42.514848061632
12.287031748487 42.503706055483
12.29535854158 42.571304158595
12.355853119586 42.465876879408
12.241732087586 42.528293522807
12.315341936127 42.586053068578
12.345440868004 42.527037724653
12.404231004626 42.554475650936
12.35287792161 42.6145791326
12.355516296532 42.569341749705
12.37037571539 42.487242553165
12.240966094325 42.509664704816
12.389789754262 42.538709044728
12.360690344314 42.462009043203
12.330287615012 42.51824897228
12.270054066235 42.52216149893
12.297094229768 42.48159995234
12.281245075318 42.50050941787
12.274244812466 42.477482635771
12.346042562924 42.549058259276
12.379916044616 42.554299373459
12.307007546235 42.619850921754
12.36038695155 42.578388152934
12.402326169166 42.52472224765
12.309862526765 42.608631018388
12.278292930836 42.575544292862
12.319797863888 42.610746559527
12.285356139918 42.578815050248
12.32611920469 42.616283331374
12.325212916066 42.592920941132
12.257049957431 42.533117134859
12.286905044844 42.556374397409
12.341937823867 42.494452352887
12.288525634135 42.577393662009
12.298641165413 42.570891768493
12.391087730153 42.546967998423
12.274233436826 42.489190482783
12.296914348072 42.556906323695
12.31445597874 42.505620134785
12.341695539368 42.474501319937
12.352425052038 42.511760042774
12.247875834486 42.496830773327
12.248893015689 42.531077494182
12.283699201573 42.591071925888
12.383243891144 42.539723179575
12.275179580934 42.595771059692
12.246155881459 42.520194979648
12.303385881869 42.593217427208
12.293285503675 42.616298589232
12.304579502134 42.572975497981
12.290713895734 42.573497869362
12.359142326472 42.474080730937
12.260951338944 42.506463011984
12.340399156038 42.463375247786
12.356400773116 42.564721302413
12.321058178025 42.622481187651
12.360924392196 42.461700892312
12.312380924056 42.57471324672
12.369600136957 42.509261912459
12.250557235114 42.540800073457
12.343669649395 42.631000412012
12.358886552697 42.566133992565
12.239846713974 42.562917795315
12.280665300938 42.608615569143
12.337296772461 42.481402997173
12.280960566982 42.63552211769
12.373488256903 42.602974066347
12.348658293669 42.567979425012
12.240979890007 42.53161170733
12.285180463144 42.471112626379
12.323136554737 42.564951226865
12.317358305847 42.496880600947
12.259193672009 42.574332459187
12.360734801928 42.487234325862
12.376752024713 42.499081625857
12.26857491085 42.547685717509
12.370275397513 42.594747288916
12.274064528904 42.556436470059
12.293614454725 42.518233905343
12.399523396252 42.526747125933
12.390306037588 42.503971353429
12.387745541722 42.531808631298
12.346892602924 42.635674403832
12.36312657148 42.508772223514
12.252695602038 42.539011300813
12.350211952531 42.493120522955
12.273888201601 42.523004620601
12.374243077086 42.536454825933
12.361645999088 42.586555109188
12.269901204535 42.528355429216
12.359006333819 42.584407926365
12.280716248008 42.528590511798
12.27457794562 42.526859591981
12.228123956022 42.536039362467
12.310463839376 42.493912928523
12.337127630777 42.607549362654
12.292262680054 42.583438088944
12.399760827164 42.552512186858
12.240129230677 42.557221664396
12.330027925491 42.50331673657
12.271495107243 42.606190977921
12.306467566803 42.483798863613
12.373547833608 42.48402110279
12.225389521695 42.526144113192
12.321126022547 42.561742935147
12.278744833229 42.50174203913
12.284057737016 42.468985671883
12.282740763541 42.468612633885
12.289390315457 42.520691695887
12.273591609354 42.539421333272
12.275776815284 42.564418532238
12.242866911128 42.575892737424
12.272699957396 42.5014041865
12.307011000976 42.464508479698
12.276924022158 42.557560062317
12.280946095626 42.582627801983
12.237626235132 42.537095593094
12.400026712774 42.567985393858
12.267676781543 42.480394189956
12.34170019179 42.626944191135
12.330753540795 42.474755703248
12.405082938005 42.526571999105
12.268824619387 42.539651233044
12.394893805236 42.560316877722
12.29536701941 42.526801597593
12.382935610799 42.501158802559
12.323127444539 42.481937281102
12.252800192823 42.570012799285
12.367001796333 42.497044682755
12.353949062246 42.636476998069
12.347706667796 42.52389935058
12.351871613132 42.464266812666
12.368433889194 42.620575491649
12.366753674304 42.569474409155
12.290133305981 42.510557331869
12.348244053029 42.638306004313
12.315229808148 42.609556593306
12.280183104484 42.514734565075
12.34349102871 42.464270480214
12.384596789456 42.528051640174
12.263279147124 42.596368138511
12.279471110704 42.577252046029
12.403596699447 42.561924211498
12.225625154688 42.52883021048
12.292209256597 42.486634881949
12.314925539009 42.540378953603
12.356154126302 42.476600434874
12.369315088454 42.569223693392
12.259531551648 42.577152532815
12.241329563449 42.568754731498
12.293797524338 42.559995284586
12.368004925741 42.585828879211
12.261083845657 42.5135227314
12.255556702754 42.525545041343
12.337723038803 42.637964331863
12.340800734882 42.541574931045
12.323090593968 42.472256663031
12.37305126219 42.573914352161
12.348022238069 42.639982809632
12.302201126398 42.577032065774
12.302797528611 42.637820924485
12.303091746917 42.613982156226
12.326059372337 42.498854437631
12.309521424749 42.640852014854
12.369491542417 42.503012310037
12.315510957204 42.492287575518
12.324858299629 42.631928344572
12.290663264383 42.530147515505
12.26832955578 42.568350409443
12.275898748693 42.514490179047
12.283633827851 42.58303446771
12.336874600212 42.60402069597
12.384495126284 42.506399389148
12.231818895916 42.541864662239
12.268938302674 42.542587423039
12.294096621377 42.635560375955
12.305959511246 42.483256111633
12.355919850711 42.46854660358
12.349868122207 42.609200714461
12.397322287058 42.512837011627
12.385030756905 42.501157885672
12.28921235834 42.519433798066
12.328681316866 42.629395828896
12.327294946822 42.473256980776
12.265612519025 42.559297729565
12.308263178148 42.502588145224
12.329163835093 42.53263906137
12.29126001491 42.56691748398
12.286598897228 42.589993820821
12.279932675569 42.526989936164
12.389247351528 42.559066484964
12.372391799194 42.498000030193
12.32467702514 42.490443941455
12.278753397206 42.5769674264
12.288794953532 42.516509520617
12.378606768988 42.560535594172
12.265554859448 42.607547790582
12.299706358623 42.521625551193
12.368663210149 42.52643813592
12.256514917734 42.510978997013
12.406446113461 42.554877856094
12.32027536927 42.520090531821
12.351284149753 42.621303332349
12.313731393478 42.473847230672
12.28715220668 42.614328296231
12.276256143731 42.602059355773
12.397037131452 42.532055937954
12.289460844982 42.472663441914
12.306548846584 42.603551224642
12.344449746604 42.554062187951
12.277043270563 42.494921710594
12.378957313217 42.53763139275
12.343605159963 42.489792001217
12.391024382057 42.570371486068
12.355799009745 42.53405207376
12.33469545207 42.500866086476
12.308870720842 42.549168541373
12.346577042896 42.636531565656
12.290962702286 42.587555083275
12.254067241819 42.59593832383
12.368410580053 42.457861012548
12.278822676429 42.57504976104
12.233882219195 42.514359654188
12.355737603922 42.591970546468
12.26204821342 42.596066851933
12.355277408567 42.502340201543
12.28680132019 42.593989027496
12.260376757619 42.529196617927
12.276565876939 42.497657238759
12.301721056619 42.622597222527
12.342014818633 42.610223200477
12.288745728477 42.616826214205
12.366588008316 42.461293238917
12.346222657427 42.493836603378
12.289116898707 42.492461151694
12.346218814324 42.579702781339
12.33070745616 42.604506359738
12.375567019182 42.492118382145
12.266841117438 42.584271121132
12.238950247077 42.562808837093
12.299641751379 42.535600000332
12.315020568161 42.586664625856
12.260017576304 42.596890092195
12.286785717742 42.493423434225
12.347765733671 42.619316337008
12.253645385289 42.595180611424
12.331708594401 42.509740789679
12.32992900972 42.570285538498
12.278098190819 42.58988107817
12.305596175767 42.631527820917
12.307967100923 42.488837889179
12.316187508107 42.625157517693
12.278529671172 42.582084773866
12.328727070882 42.634743316881
12.309747856741 42.569459572255
12.281302017312 42.579282230988
12.24840900921 42.54864224726
12.315239741635 42.544889525785
12.303017937275 42.492477071722
12.383403920768 42.582028209989
12.345973995231 42.491215410892
12.316607002803 42.483968453728
12.355636311416 42.528715305298
12.340273266372 42.625689284723
12.311136420982 42.499425946057
12.355267074611 42.632055725752
12.284275595718 42.57969455031
12.293155095698 42.520665155521
12.359182863685 42.520983870405
12.280549371767 42.560015084504
12.298044102426 42.467432863318
12.268044004363 42.523954438311
