13.649370399627 43.435961742644
13.659903835834 43.413939891131
13.629665964597 43.401452935043
13.667571378738 43.425708387732
13.644321157918 43.42094292234
13.632431053406 43.420487831098
13.661277635352 43.396803260521
13.643020474672 43.417558070022
13.643433829624 43.419001449581
13.670445425303 43.4152512627
13.643841981277 43.388876753596
13.62302007697 43.404180494346
13.638019285017 43.412521465895
13.636095710882 43.436971487702
13.619515789982 43.411844344557
13.655986262346 43.428809055814
13.627833996747 43.421801160307
13.645442761802 43.430938226393
13.635160769653 43.392093502654
13.651276242778 43.422965308404
13.661140350954 43.398344896475
13.629796832649 43.385146978977
13.678172273898 43.396274007131
13.681515523571 43.389054964033
13.674468104597 43.401216627772
13.692934893415 43.403649152466
13.685303936121 43.42250612493
13.652891265553 43.448158120966
13.640912973641 43.387170211148
13.640260331652 43.445174733871
13.613614470539 43.413293154658
13.66251983154 43.411916205872
13.63562351171 43.415735464292
13.61205535692 43.404405105137
13.645613945411 43.385911067217
13.649791315522 43.426716992851
13.676743035541 43.402107105799
13.654312274744 43.416204471822
13.634508361425 43.391197647171
13.657577410202 43.4238849182
13.647515573396 43.438982807325
13.681017828512 43.425415569204
13.651647528958 43.394882727619
13.662644367995 43.439172884209
13.662151328617 43.437912012675
13.625321301478 43.407441778319
13.624558220929 43.409884941045
13.655515974248 43.404132490256
13.657339349716 43.393405338022
13.69959626009 43.411066071343
13.642955464166 43.373778988337
13.628677511901 43.391509136388
13.677449623459 43.404877454718
13.683056678496 43.401034618936
13.670199090948 43.393819331862
13.649672664094 43.39471334286
13.646926300457 43.39459874874
13.635503291469 43.430415826605
13.666393684089 43.417279132392
13.665502768806 43.424719359479
13.620026287932 43.428457846154
13.661692097647 43.402101023797
13.683815459129 43.406332676043
13.661346777671 43.377588207099
13.672462009228 43.407564504283
13.636572649089 43.417511995166
13.638179730011 43.378055306349
13.688747839878 43.418288176629
13.648778821199 43.392804322503
13.641930003039 43.415842277213
13.659190498155 43.408701379063
13.646644132068 43.376275989423
13.667882501945 43.415295057679
13.618189935416 43.398220336737
13.652122655742 43.425467998474
13.680489295966 43.409106345593
13.630380690878 43.439279240316
13.635858576131 43.428217102994
13.636524778643 43.389658967235
13.633057775292 43.441311499796
13.617474269896 43.411792563022
13.636152855438 43.418888395403
13.643913945504 43.399669086768
