53.139138452075 6.1453660164938
44.448874406169 10.29403337673
43.798967146242 12.24745223452
43.303810505359 12.991678528505
44.342741580185 10.697126208452
43.469808790607 12.950664394533
47.365122846032 8.8485016915242
42.783899197741 11.914373843446
52.17329633244 -7.6567789859403
46.755378348639 2.120994919036
43.727746968517 12.982568727819
43.387283233196 13.57208656595
43.128868672612 12.440595141838
42.606725414121 12.270182502137
43.398594029454 12.104962961818
42.748310980291 12.328686726919
42.578340806823 12.255777495122
41.986498575207 13.155353752524
43.332913176333 12.44506605784
50.943954008372 0.81043587517945
42.655926730345 13.345167356725
50.372443149505 8.3948791140667
42.471701901181 12.83148853801
43.756479330268 13.022545686954
43.819303404942 12.507363905456
43.129176186479 13.282076630428
43.419122500096 13.417612798262
43.223533378573 12.052659242459
43.682101725008 12.210045004848
42.322670765392 13.025768138036
41.957819154953 12.133941073054
42.158730030155 13.033265076149
46.575350525684 10.254968305028
42.921105863045 12.805985196424
41.906697210833 12.239352044316
43.535482018991 12.17557556565
42.707672269087 12.162517331428
42.356816369296 12.605767119048
40.726287652763 -74.397067560199
36.529432487372 -122.73903970238
43.721424186028 12.242159929726
43.741371346073 13.42489836806
43.640382591023 11.970549938276
45.587125616887 2.1755160261763
51.844407016805 8.6707645774217
42.029271616169 13.758909374384
42.246207623413 13.095852950188
42.641453786607 11.935449897768
43.492065060203 12.420077678498
43.781826146332 13.20145541767
43.548818238356 13.376984261173
41.896645251169 13.236439574175
43.01426733707 13.433151730559
42.057889738168 13.621422001937
51.357391087039 8.698252303851
50.285470364748 9.6356162259521
43.28721107232 13.010823411893
45.833601170959 9.6583872080797
43.218883846078 13.764577811961
42.636335605607 13.183567152465
42.817270366877 12.225377234756
45.747875756467 1.52899539635
42.13094640357 13.337385316814
41.992444739695 12.861057313115
46.750857558081 9.4241097955611
43.317783292086 12.264889749843
42.048022614835 11.924847410978
43.00429155773 13.679949181492
51.183421205349 8.347161938598
43.71999192972 12.199427908866
51.156464753745 8.726061355195
42.957032433246 13.723931261696
45.977246396163 11.69053210483
42.458863311682 13.600696517921
42.413829549895 11.991776583733
42.481884997118 12.391812517977
42.574111469844 12.239536781462
42.369600961178 12.380976881565
42.205277437926 12.233954828362
41.918068887649 12.479324354103
42.415669022808 13.105664331536
43.68085013131 12.451647079781
43.646528834333 12.360973177201
42.952114487066 12.01464643891
50.735519420232 8.3744828358174
42.022553826248 12.526938188156
42.892797896144 12.861533551433
43.565527218678 13.754037845786
42.676338545383 13.809726070079
51.577607354884 9.3950477551646
42.311114898117 13.511689324657
43.140655335591 13.785863442268
41.997737791875 12.038154504766
41.997626379618 12.833114523384
43.122740422919 12.298500262827
46.496443077222 1.1474686638207
41.92247080196 13.345984557826
43.754437968507 12.85072376807
42.222881337287 13.577431134704
43.422790643511 13.142321622552
43.315106110815 12.955504194368
42.625396643612 12.469616998692
42.355871315301 12.243184020877
42.91704725938 13.779783417389
50.287836969033 8.4989476518235
41.945734929289 13.186056663856
42.057654880035 13.231023160404
42.994599391725 13.674304168541
42.237215204296 12.741655832057
42.988272869975 12.867736721371
42.876845155806 12.104184285341
42.594104993455 12.866728446405
43.384374445504 12.621946044577
42.516506348532 13.413217877717
51.853604197434 8.7823954703204
42.794845122304 12.68079800891
43.34033917188 12.503838204569
43.148802112878 11.93798890616
26.5715100595 -80.256247979906
42.95571989799 12.666142897546
43.648057275309 12.615875286358
43.622310887867 12.84732961184
42.602084265392 13.039442713877
51.53196053418 9.3505455815934
43.051526918121 12.868024791085
43.601356561131 13.184878951511
43.511576007845 13.040097415021
42.870061906481 12.146429372109
51.698793971771 8.8243406991588
43.527040904189 13.485458309544
42.626946278229 13.772533350539
46.869505290813 2.5291016197433
42.571950946291 12.810804602623
43.437675497719 12.625500043235
40.204158655292 -105.06172072739
42.93305824696 13.483131142113
42.793669237215 12.247405614374
43.039083238265 13.302128005003
41.85209200573 13.335443751132
42.318383436819 13.231993049047
43.763610483989 13.445530507942
39.752059311722 -73.788223383636
43.013041418539 13.790574505383
42.451528850708 12.376153142853
51.911283026874 8.0743689937863
42.120667917731 11.949006803331
44.795573162076 7.6449027641653
42.584155650171 12.578439680218
42.880303575623 12.105423803977
43.300701049783 13.753663595206
45.101291456635 12.706999394159
41.505903036255 -73.831828745135
50.510374017414 16.402116019233
42.10286618357 13.007486493351
42.045769147152 13.586846991271
43.511643966454 13.664899028703
43.078602915222 12.775628102394
38.714248599526 -77.869901958752
41.948996773453 12.722803696882
46.427829213174 2.5207942102667
43.330108110036 12.245567659517
42.138708310753 12.459928083003
43.554288455099 12.453202548203
50.697578336204 -0.41371125286617
43.010478352688 13.126268602056
44.120935173717 10.016361363452
43.284816396576 13.383776899627
42.000241558089 13.643770683412
42.066173264343 13.502581499306
50.595554909248 0.087084174145522
43.224423493384 12.649859063185
51.934304606139 8.7390756545305
51.442490670105 8.7819868343798
50.343944046341 8.1322010416222
42.505636917218 11.936340658451
42.540378953603 12.314925539009
41.975617224826 13.313620528839
43.243062615994 13.817220750201
42.363012893781 12.402632002927
42.208189798637 13.615764138597
43.50283476829 13.22008177371
42.788774568045 12.354843826219
43.277737482601 13.396017131601
43.04475074219 12.781818400988
42.759273304047 13.205204069731
43.113589965347 13.586779550943
50.605348803152 0.46777919324012
43.810790806942 12.74725009957
43.828233853855 12.939481219735
42.222101070577 12.055978294509
43.302724338764 13.812389889666
41.965859220834 12.920979951493
42.963465408426 12.676967246329
42.829126607102 12.635389018189
44.734359169118 11.776972758664
41.978296543482 12.557633104083
42.98744690932 13.42600902611
42.747677944038 12.255662321719
45.179228456218 9.7602756898665
39.902712344545 -75.752753282349
43.367109458154 12.222647179974
43.572800507591 12.850710969835
42.610696363568 13.462675028717
43.62812974149 12.693176714116
42.411127353765 12.467129265197
47.035630706249 7.3803715484125
42.521627952609 12.640079812931
41.846681235773 12.926284797011
43.652870180876 13.749217595809
50.465792066169 9.1267226902427
41.898195684395 13.224683257877
42.039809112942 13.734163274886
44.844405950438 10.251343960434
51.617052523241 9.1485620123095
43.179559910775 12.318544524425
43.119639280795 13.474216523822
