38.747133329209 14.012898759156
43.368002677063 13.677648761646
42.525312292655 13.15446416717
41.871788429989 12.678051070647
42.8125773188 12.301250098434
41.960010348822 12.167551513395
42.280425463955 12.598143591845
42.14416311597 11.921704887397
42.732433275682 12.900925296334
43.58047302143 13.107755086456
42.950569272505 13.784188965256
42.902409655949 12.560837904274
42.209434496357 12.349333324188
50.174252432387 9.7727653718427
43.338318957194 13.516512822156
42.169934857271 11.963051020172
42.622906084949 13.375372708505
42.993926689047 13.81787236401
43.515803932939 13.233764478601
43.005601367471 13.512749338782
42.101378448376 12.289766150683
53.768319958902 -112.77260052123
42.438865988741 12.288755249853
42.405312356283 12.605459204712
43.03605875237 12.770746656608
42.701020815757 13.339813240052
44.268298150794 8.164985160632
37.000005678191 -121.62502750659
45.170954591164 9.7152281925874
42.47539665062 13.567339289753
51.795736651773 8.1521337871217
43.464265234074 12.227830192201
43.662286183661 12.186222424838
41.885280472194 13.007156119241
41.931228102174 13.787655858711
43.368590045913 12.826810033467
42.606780553075 12.659676534452
42.275766460374 13.264892397593
42.465032020821 12.71606921021
25.33431840795 -79.152720395356
47.748700666844 12.531825711055
43.44355546473 12.480090460053
39.16491292305 -77.658479138002
52.217967461198 -0.50569607578948
47.959635144546 7.5950882563345
43.335223804405 13.461660706208
40.88520862295 -74.403614998564
38.366909538102 -122.64451005384
43.073256373926 13.307249438647
43.291489533771 12.192113499268
51.814993849404 8.4562248203234
42.966631367808 13.154398766905
45.392690099493 1.63411725342
46.041571942203 9.2168966082935
43.628916984738 11.960844182412
42.556900893618 12.434766810611
42.250441358097 12.836741012466
43.669497672336 12.127102721097
43.734030764913 12.7326015368
42.485025882036 13.025299613862
42.598799630834 12.662469622543
43.23222880544 12.18331670213
43.525265617096 11.844658697438
50.653710922065 9.5156536109353
43.470035098267 13.263399668182
43.804599299957 13.442152259167
42.134347482202 12.329222654632
44.984990305752 10.028555787368
47.913585015998 8.8767121382415
45.870892219814 7.4725900310685
43.793887711521 11.83513125632
40.021155847864 -74.230429026537
45.939714076461 9.2287201083399
42.152141328062 13.297615193921
46.102575990885 8.433385058508
42.120969156346 12.401845558289
41.965963995555 13.655572162802
43.319025789091 12.613979051662
42.637350011469 12.03147968374
43.618024113897 13.30261037934
50.318357551619 9.3354927056169
45.101291456635 12.706999394159
58.582077561683 25.173734555567
42.479752803931 13.076026818771
42.640559959079 12.78186485303
42.638173580954 12.026665263843
25.525124194794 -79.302060009396
39.705619993657 -77.513740680845
45.459153161572 9.3806961591941
43.341928540909 12.091464085568
51.19799905978 9.7132627334042
50.730446493128 9.9726068852342
50.427535368794 9.2435066193545
43.302925072307 13.069800340624
51.891752765464 9.4707548867309
41.929439079936 13.289771936524
42.761478631667 13.736647908009
42.490454002533 13.33647235361
43.374784357576 12.097514405913
45.373461290437 2.9920753533915
42.512837011627 12.397322287058
43.708339320847 12.874226373583
38.198824928974 -123.29172984523
43.306355326134 12.792692805565
43.671039508058 12.969071107923
43.054100637836 12.681214378088
42.9173696162 13.602852253079
43.092513368529 12.013917224975
43.305886084843 11.843351216469
42.87886580635 12.338565610062
42.111922397817 13.632957449964
