43.830687751312 8.0846990480715
44.09872253586 8.2176983825269
44.269284968553 8.5727968663106
44.43554958819 8.5992492866909
44.611538771664 7.8760583736146
44.514243290303 8.2332841983709
44.418574845148 8.0750989709376
43.501063107143 8.6466718820374
43.576683345848 8.4041451979681
44.294883821159 8.4998013852862
44.53674566012 8.2163678062457
44.693027868142 8.1006220376332
43.887924489841 8.052804801009
44.118657659191 8.5175569635665
44.197426591489 8.2816875204126
44.659853419759 8.0667064476393
44.151477812092 8.4281566384635
43.959664015802 7.8201224034513
44.753521473989 8.2669143487523
44.194220160853 7.5145334354459
44.209027373192 7.9818884798474
44.55739474076 8.0209606609638
44.200097586166 8.4985336489713
43.91131521371 8.6019684487264
44.603329783284 8.3544944593727
44.630567572632 7.9011560695228
44.620192255508 7.8641371103092
44.147813375221 8.0039008253482
44.189622001762 8.3114269432875
44.525118506318 8.3183757600926
44.268393477319 8.0941764065992
44.296264429412 8.6487097195832
44.053373391809 7.8337322904164
44.347314370655 7.7846123279256
44.014994105375 8.3255472131868
43.588333246435 7.9733150748644
44.164517886876 8.7519116925084
43.744669099243 8.4021018639194
44.154345822455 8.3217888241502
44.631253793247 8.2213735264593
44.300164281228 8.0359987372024
44.082044870328 7.9415749154968
44.091702544683 7.8317266490668
44.497764419693 7.7204691270252
44.53436913429 7.8501286233333
43.5605018969 8.5834564213797
44.41679007456 8.0245710757931
44.415882526064 7.7037740775657
44.540115905153 8.4801658576705
44.414557444032 8.5276325688826
44.575624117337 8.1751720968053
44.076986027615 7.5366755416577
43.810516105273 8.3473326927038
44.237590038957 7.702434666528
43.440877588441 8.1350331386016
43.016964217891 7.6645284698412
44.658143471558 8.0059896232355
44.04588734272 8.4142702389785
44.408995390292 8.4041746453657
44.088194492943 7.5711304005357
44.156150986841 8.5813308848214
44.606349041453 8.3429660327723
44.427918413551 7.6973220115305
43.992380234034 8.1698708230024
43.808726628778 8.295415210908
44.268298150794 8.164985160632
44.486045498672 7.7124265662197
44.056788234488 8.6856574780031
43.825379655871 7.8882339381791
44.357943419697 8.5099527649418
43.749684458251 8.4590103782545
44.649434181002 7.746086130315
43.646165403347 7.9472632521728
44.322289990414 8.4827229293006
44.529724861139 8.1566295189814
43.046163926158 7.2946038853375
44.548769048927 7.7390849751835
44.190910824177 8.7545275612312
43.967942427691 7.9715109330702
44.570773828344 8.0426302799711
44.421507189968 8.2583939904386
44.336782405473 8.5719730747523
43.734518334474 8.1173490336013
44.497766873335 8.4809118027011
44.21699709395 8.8376016078925
44.600771333999 7.9531687113494
44.376286636445 7.7915618909739
44.631671990588 8.3192699466456
44.691211639622 8.1942986589131
43.508551797929 8.4410819667815
44.255267639437 8.288292523794
44.721086328582 7.9916318425171
44.244314742086 8.5116794556224
44.72098481118 7.8450237506767
43.441470609203 8.2141311951723
43.859063154277 7.4111084138793
44.285202850234 8.2937055692303
44.422831351505 8.5071233488908
44.468803479252 8.5829741340307
43.799335986073 7.7005802694012
43.829193594576 8.6028220055405
43.835203253843 8.6049610928423
44.613874961933 8.2187258366582
44.565676567736 7.849790907253
44.410616391693 8.6298519610822
44.184367807107 7.5450768546667
44.426667826146 7.6476360909187
44.145582512324 8.1771587917032
44.078490300841 8.0326440055564
44.523784099253 8.3495079213751
44.106226545205 8.498873220826
43.741017834885 8.2775349687913
44.161903936189 8.4277385281784
44.373884055516 8.2959289038279
44.442548617624 8.1587542847794
44.604324731489 8.1125251853687
44.092875842677 8.3304561957649
43.448302160945 8.3153019682365
44.055568515978 7.604039060445
43.424984417146 7.9876229111956
43.8985715613 8.1775963344274
44.117288943598 8.5689882771223
43.176008840409 8.4543796240163
43.582086176745 8.4072361910051
44.102808063129 7.8850321347545
43.773756794528 7.8917454887353
44.736962242092 8.2780357788936
43.789384982779 8.2590088690207
43.489874511117 8.1980993039199
44.448630738537 8.1226728563535
43.655993503614 8.4241609263113
43.467944685753 8.3846763075048
44.093172673808 7.8827822158754
43.982171633601 8.453810418073
44.579592457567 7.9301968472452
44.548944886261 7.6828174177267
44.061182666296 8.2203216369614
44.467979028364 8.1361851115181
44.594078517796 8.4434434685104
42.977869874557 7.2967611808548
43.840269245855 7.4498498120344
44.695417827016 8.2712026674888
44.201288606297 7.9321220430485
44.469894626187 8.1640337463999
44.089022991152 8.2839484489215
44.401392395492 8.2532890805547
44.403169918669 7.8095457643338
44.321293596491 8.4458306971475
44.031537605699 7.7811892725928
44.645209066821 7.8342656561799
44.646554841521 8.3424836889573
44.399359037962 8.2863029607996
44.285374951938 8.0929854009501
44.014862720862 7.9071298986218
44.604408770778 8.0932856237274
44.426484044537 8.4415347962158
44.022560855712 8.0267388418674
44.500838803852 8.1019150024266
44.514091477315 8.5048096243757
44.051700911672 8.2187052195303
44.442919100538 7.9052808528581
44.133449329754 8.4655327922294
44.390181734827 8.6326692509827
44.168169055541 8.5296293339597
44.673664102973 7.9787114232912
44.00042038956 8.3372630863391
43.574829998556 8.6665883875995
44.371877603497 8.586904472989
44.35520103381 8.228993847656
44.713726967931 7.9093484527219
44.076647776378 8.3991159847258
43.300817313514 7.936738472917
44.488407244479 8.4392247198309
44.262646023935 8.1067986910053
44.106268875048 8.1766539619451
44.341961127097 8.5917195314758
44.569573091634 8.3746682562747
44.207848914786 8.7413963972085
44.212590098643 8.0675786712777
44.53533249995 7.8955645832934
43.585540340417 8.1506130438301
44.571457644655 8.3669075999953
44.102131790529 7.7227860706476
44.421196262246 8.0609981978852
44.396135143843 8.2468892391035
43.236738072588 8.4729415898108
44.280074687502 8.0258675378192
44.632679336093 8.2750729561645
44.701991574607 8.1329732371648
44.099960612808 8.4234727392804
44.298050476074 7.6730598766021
44.604310331612 8.26208316943
44.301777126643 7.7494398229077
44.017809788986 8.8535820170765
44.55475426028 8.2981062246012
42.983569841128 7.539939599412
44.203963602851 8.1938648060168
43.728457328972 8.0877290429513
44.182256634129 8.0091153809167
44.002935523497 8.4224220491352
44.400859281936 8.1704246121554
43.795884816137 7.613643388992
