42.219863293816 12.50819316439
47.590211954708 7.130993460366
47.554074905393 12.959387169454
51.810180412983 8.1077961857001
43.693929034629 13.686865019953
42.693522533746 13.418045709591
43.460636003644 11.997272832805
42.098186500903 13.534018344516
45.534392870071 12.212983832235
43.818042384863 13.198188637497
45.144560528521 2.71052792748
42.988568654765 13.750000743566
44.710900834955 8.8400269716466
42.246685167445 13.726431946629
42.771292681255 12.030879061704
42.879994605167 12.611696888067
43.820200127021 12.714887762796
42.307432253544 12.211941284713
45.997539424828 8.4928275322974
42.210807142433 13.775334479669
51.505546445728 8.8618988789906
43.732859096852 11.959784506822
42.439713365624 12.284897437473
50.908762116408 8.1142101274404
43.361621744189 13.07515014993
42.435343791023 13.055144895846
43.727683723798 12.91479648741
42.919311116433 12.30213091818
51.442883124316 8.1810554434457
42.247051788164 13.447373374129
42.55011870926 12.219443207264
42.710530003419 13.187254567273
40.062381010955 -75.730952390649
42.976274790252 13.310532105787
43.007072797535 13.086444861783
42.110957986282 12.645206340444
42.599209781571 12.093963818224
50.574858098559 8.5299929001043
42.0587126683 12.438980457598
42.141421654814 11.99922354894
48.021383135843 13.463341424711
42.436415777766 12.333556995438
53.658603179764 -113.35436303418
43.163800207064 12.548352128637
42.775517928331 12.915873486065
42.907596224431 13.329283639497
42.234303118325 13.134530196516
28.043923156208 -83.462125067005
42.32915886509 12.218355953816
43.522809749734 13.077230473106
42.892071119015 13.310991409866
51.598229236481 -0.095981647822062
43.349493860451 12.57017494953
44.95362607297 8.9066608922121
42.233947263695 12.406673100987
42.479917172587 12.999105832094
42.781232665678 13.060755166274
43.06331946799 13.328601081098
38.570656498403 -78.389052875015
42.484208964058 13.134719356978
43.501579616008 13.766702708701
42.581496748434 13.01849281558
42.360197507499 13.204930427601
52.537295404839 4.981547297552
53.122173924754 5.4336781393195
52.652067203611 5.5452019655123
42.88658824653 12.12602793573
42.82780839916 13.148020301104
43.087466430912 13.692624900368
26.206026129503 -80.853798138185
41.049316378028 -74.18993218452
43.376454412668 11.869513144211
42.019103933621 13.418445815548
46.897216068067 8.7659102723775
43.604270397988 12.976548398389
43.3037375218 12.723994938084
42.431950300223 13.213953422969
43.45558033255 11.948547332545
42.817284542537 12.498723889023
42.717197654192 12.874764868952
41.87165680291 13.380509993725
49.501107727993 5.6573085848299
51.169498031572 8.3266315228895
41.860410596666 12.376981720059
43.051242303614 13.314222747162
43.507703489416 12.234125139787
43.109415021331 13.236496264246
45.34763778157 1.9106706380428
43.449587181907 12.997857006287
62.709751957427 15.902334162454
42.678099850529 13.699835849807
43.83047935128 12.28280623645
46.515479138827 1.9056198526666
42.426786460668 12.588564301205
42.478001727966 11.971275101889
43.460649843098 12.972390782096
42.404163385019 13.004991879244
42.475748992768 13.631478551159
53.161605218733 4.8485616078128
