42.128568809095 12.204254489974
42.203842858434 13.631938197034
43.411974163473 13.25024549444
42.495455924673 12.532205721167
43.171372556694 13.465524604782
42.896945951014 11.972821700861
43.143464792608 12.81043055414
42.32593885873 13.546390896007
29.021560280497 -80.849271181704
42.988529828858 12.274299057349
43.274048384893 13.602379652973
43.418227596424 12.386400645334
42.627052040152 12.019585301664
43.472479062862 11.895892229835
43.590701435989 12.609441052496
39.073330874843 16.544394430257
42.15148016773 13.72689229379
42.505213585938 13.33884692955
43.709468661693 13.711080494223
43.708159278032 12.43124351207
43.577437459781 12.591410560364
41.949419427661 12.07544732472
43.806390750618 12.913833503592
42.924269856871 13.804377064504
25.468674236178 -81.113012414288
42.743851113035 13.45155214262
47.428474910079 13.756503900188
43.495036252095 13.416019574022
42.72023180675 12.791053856647
51.249533660034 -0.74789249549988
43.206167193247 12.577017438888
43.380553552613 12.29268610726
42.017957294855 12.177083909615
41.791329923606 -73.75611053409
41.575204434861 -83.561836583543
43.603027042303 11.89664363579
42.38453298734 13.477368093339
42.181166824524 12.95692653535
42.429172851366 11.895284170257
46.674758443457 2.330489293826
44.614201668817 12.910361099041
46.098283251793 2.0228295950325
42.586535444777 13.014209498679
52.965076736857 5.702281120211
42.979829777509 12.445415647463
42.069186104049 12.810211701717
42.431899471431 13.089680402137
39.310127000183 -122.13900487915
42.30456845758 12.932538721234
43.774330549324 13.570109381627
43.308398039245 11.898209695212
45.695844616741 6.595694894437
42.955739582889 12.169224721479
42.750052772833 12.610640384097
50.271314382679 8.8046564375072
43.098954986848 13.391269992309
43.76872550734 12.940206159365
43.549293705539 13.08787014621
43.820898990084 12.197055863329
47.524107551912 7.7709067835337
42.402519961096 13.586889233269
42.480754608533 12.594935075212
42.672986260484 12.345400403436
49.201114611445 16.304653304072
42.263040018877 12.995732205939
43.106316799834 12.318979715167
51.707469837837 -0.02709579474157
42.795610254091 13.193801649492
42.399126718028 13.767594468227
45.691471279946 9.4708879165681
41.589140635046 -82.122318517681
50.779372378615 9.2869010284948
43.732665513073 12.585995807606
43.151674342433 13.487372160672
43.346954515386 12.967047160031
42.688630808021 12.860248644792
45.749777099492 9.0347024525677
43.088897377315 13.634094832781
52.287818804284 -1.0371388691231
43.775160387075 13.19546115689
44.791751671951 20.319433009866
41.059725602337 -75.229114784166
43.658549561027 12.59498000687
42.839161171058 13.58742897242
42.697745812006 12.826633473333
43.171599981942 12.197648577971
43.596415157729 12.638238672951
43.114194163195 12.142015750141
50.018194131096 9.2883232539931
42.897140369258 13.035705952477
51.148765426897 0.36471564939931
43.632648032009 12.45402403851
44.58621281301 11.21142080834
