42.327831303409 11.901996202742
43.316583215427 13.448686029992
47.950031939337 3.0192969555801
48.025975909494 3.1392042053325
43.498054711401 13.460240086776
42.677998795976 12.556745837257
41.850533110972 12.146251583095
43.473500207308 11.864113173871
43.153090621437 12.415008840365
43.793235826231 13.371855879397
52.071781634154 6.2688076661522
42.275123697855 11.898902250893
43.677222106011 12.86530599413
43.23721621059 12.994816009439
49.411692558912 3.1150875206386
43.303149277972 12.04564006398
43.116426277515 13.572865559076
43.684844114692 13.665385891083
48.223677247799 2.3738663815516
43.111258520818 12.453690577065
46.372125146015 11.904774827557
42.326061324855 12.769264027856
59.85188362694 100.36119229084
43.718147827668 12.385738924812
47.875773860016 2.2007729405285
43.167189235432 11.916167377476
43.805922108167 13.0207706448
49.439294808216 2.306504594093
43.326361226091 13.44557523564
43.096795313592 13.150538962891
42.911098126302 12.734512434704
39.055198565405 15.198820498629
41.911155810094 12.175593800014
43.511095188351 13.433874612432
43.787049333487 13.293560963747
43.194636937808 13.313547036778
43.74379124436 11.870360345075
42.358594895063 12.114600661751
43.811096071664 12.018695058796
42.955722995103 12.858286042653
42.846124350508 12.230200785806
49.567832743015 2.4983880734274
42.556863457245 12.585826828904
38.602031143242 -123.3309058215
43.290285483159 12.977978266786
42.397936021184 12.511647879405
43.470806538368 12.668784014747
43.523246974949 12.287797111242
42.501041679897 12.129999629769
42.40786063925 13.195457284916
43.361385830402 12.397216729094
42.299512351092 12.794954865165
43.343732502958 12.462491010552
43.616599771968 12.705010318547
43.545977782733 12.698940644853
43.122147738546 11.964493121956
42.624989145282 13.389235933514
43.059438539252 12.649613127436
43.362939805448 13.757556204127
43.097928132928 12.091929487017
42.583101861471 13.313501576129
49.546686043684 2.3270869273097
45.179589974568 11.334009215764
42.801762926321 13.573521783863
42.14416311597 11.921704887397
44.123315507513 11.115194348623
42.094547124645 12.417810951575
39.715922847512 16.059336986651
42.637467442398 13.304168584454
43.79486262884 12.843943251245
44.054990355791 10.869794926497
43.691803646151 12.619276180707
42.425378301167 -83.08298826056
43.717137230449 13.579983461939
43.143821242819 12.448202816534
42.390442107076 12.257868192765
42.720428150504 13.624864518023
42.349667344426 13.641051060374
47.991404002782 13.279503598728
43.617776452407 13.061524224517
41.85004878851 -87.598125519059
43.011237962663 12.523422858011
41.990611291507 12.072286598439
43.031839148177 12.51567738995
43.490566450886 13.206746246317
42.18294764181 12.515962459874
42.669789575373 11.922759339664
42.343914683158 12.601426452234
42.691501359333 13.163676045932
42.915170010626 13.470636794584
43.314545554975 -83.504973167065
40.954698427245 -74.011875630959
43.268532183167 13.146311748396
50.82720210628 9.0552662103694
42.02790926959 12.718556580024
42.962222523059 12.03039325591
41.858979448166 13.318488266488
42.809737280409 12.916816631314
43.166300773253 12.491357436653
34.250712144485 -117.58597282004
43.196158785485 13.61510260853
43.425849143169 12.071806586402
46.476206937561 7.2630449404302
43.733091044602 12.461359243145
42.257146884362 12.031422886567
42.722154874246 12.760864826295
46.677511426659 10.579277690935
42.576836665451 13.119521720877
42.461227012103 13.73577950093
43.796922936496 11.904386437009
42.041643152985 13.816378456476
42.799420325944 13.198182457706
51.641113429862 -0.36741692781328
46.376917326998 8.2037145887519
33.870679103423 -118.48814580874
42.513472493067 12.175272232024
42.484985274044 11.888485361325
42.514836450834 12.485153252971
42.351222144159 13.199455325606
42.094960960159 12.95877727587
42.081858865045 12.127909942145
43.561918496903 12.494739393489
42.663233539885 13.500814746854
42.636390472614 13.612141395759
42.447009816995 13.463909409246
43.731791546464 12.521378758162
43.290004909195 11.889036058883
43.721976406764 12.552267771027
43.68954196979 13.45410002931
43.691804076422 12.078359936421
50.420985866534 9.52531305725
43.482951609664 13.036301448979
41.985557684223 13.570110850788
-37.457677229521 144.42049397424
42.811626864996 12.626475692108
43.821562960216 13.597834892405
42.636713838522 11.919914346172
43.831387768908 12.787243090026
42.720291665646 13.219031491906
43.547802573812 13.281896073989
45.68477030056 12.36637432674
26.136190621694 -79.902821058637
43.057464569855 13.520016185271
43.393819790538 12.431679588033
42.065866200771 12.304987862869
43.350867503041 13.129223872989
42.258886449181 12.036598066837
43.329615291848 13.480622452929
43.409546659074 12.325927322903
42.36787641999 12.179460564267
42.900155483254 13.112456444724
42.587661828675 13.442310087144
42.82375861186 11.842691227276
42.541329398093 12.358944182472
41.915877749194 12.098710702799
41.913615821376 13.191518684494
42.510439467875 12.629038601031
43.506639367226 12.414523081137
43.216689084313 12.888434618681
42.652297163707 13.084893036694
42.146422018386 11.944324708539
43.643651920226 13.276717035715
42.2587552859 12.656273993059
43.734216606142 13.481406307559
45.279363950754 11.192477239944
29.216843414696 -99.074668609599
42.251694635161 13.086034799987
43.447303560326 13.423291393308
42.61205476879 13.609379826884
43.176237297813 12.242157568358
42.838512408493 12.446376603791
40.916086564661 16.366364608922
42.463389382003 11.906882665563
42.492128919129 12.812637122747
41.892594902747 13.415362758311
46.031191056772 7.7448756197466
42.282499948203 12.052836134144
41.952048595528 13.743206485076
43.004037627042 13.545621255222
42.562995184962 13.767128408799
43.132086651948 13.740159920782
43.76443931079 13.502344224391
43.608561357322 11.883692538333
43.020067181003 13.792120036128
44.406682261294 6.8814443452453
43.300701200657 12.294693046408
43.031065426337 12.785255608536
39.53688956862 -90.177280586661
26.367335867291 -80.201379271593
39.445794073861 15.658509024025
43.224853963251 12.566979240445
43.3193213336 12.605213711341
43.015720582595 13.324682474774
51.510027143643 5.8526141071239
43.520501151479 13.21032222512
41.210643567848 13.30509770005
42.988685711768 13.456108596409
43.174860278247 12.186996005118
42.210027091324 12.906529140171
43.598032048272 13.587090283461
42.359728512543 13.67209891077
42.146303059622 12.037890079004
42.342946651572 13.028374782332
41.853585627814 13.065378689259
51.194401477787 -0.786177650977
51.449016009667 9.1355306427626
51.159523704862 -0.3777039593494
43.584230189039 12.702874455018
42.538536736082 13.204556861543
42.426000398803 13.098999711286
42.619325300988 13.216412510379
43.198204692566 11.93932540714
42.794008423965 13.557386479621
43.008673925909 13.22258296016
41.835654444937 13.413460116581
42.564115186971 12.920615499358
42.410713781349 13.17063220647
42.39839305889 13.315107577648
43.521281796771 13.183734556301
43.051591510929 11.928906294039
42.334035002803 12.433100796527
43.671445895786 13.443699318678
42.300426120565 12.054317140998
42.319462145848 13.630381523015
43.520186821728 12.830954598671
43.657756354987 12.997910288183
42.690970257733 13.220262547613
43.315814736002 13.031526727172
43.467959988636 13.15345764961
42.04594685514 13.478446855454
43.308157310986 12.673168186433
36.794488884458 -121.70288378423
50.471026313711 9.7490731676803
42.467737974372 13.047470944045
50.76465143881 -1.0538707096893
26.206989491438 -79.54314012692
35.229668758021 -106.900934578
50.910962887067 9.646028479862
42.789567193871 12.532469504782
42.611416892454 12.886174192154
43.334630268337 13.213053333228
40.026253684208 -73.278985054855
41.911511491964 13.166128898603
43.703451594221 13.078548011893
42.582979861474 12.373369431318
43.744458848978 13.576966868072
42.338616021622 13.801981338229
42.615522265742 12.12208492922
43.044433448505 13.272083243969
47.430334371969 13.716756818472
43.475885496252 12.77580005155
42.613131563951 13.628077569265
42.005708602746 12.823829675964
42.139063170265 12.489071523554
43.645208091797 12.437963359749
52.51127455281 0.48355877955811
44.890323968579 8.2066364477419
43.604918198963 13.718221458962
51.465697848921 9.8326023029315
42.890746886838 -71.590198845664
43.720007823671 13.114956993684
42.26701955279 12.503734682477
41.987517346643 12.226456925865
43.615996283321 12.31076367542
50.627595079424 9.6686237126908
42.10365120375 12.430045442877
43.204079665825 13.261444128727
42.621817269207 12.873138093817
42.925453486839 12.692338143819
46.228109282082 8.7446764841418
42.258233131051 13.831388913969
42.33582204598 11.899617265884
42.033729427531 13.384605156924
40.060234938099 15.537059018869
42.810629290927 13.02368092121
42.957040094306 11.882978206933
42.960145620166 12.974242586186
43.828337768965 12.280467903859
42.820617171873 12.866440107539
42.962288964078 13.579356799193
43.258857434226 10.619784943606
42.181167746999 13.380568223738
42.266722210362 13.039030678609
51.761966060969 0.17177633850918
42.899039531101 13.2500870164
51.668309411112 -0.943008155121
42.224493223834 13.523773564756
43.494972988283 12.955198019743
43.145715219058 12.03863051491
43.738374184716 13.524494159301
42.900515540012 13.234853351153
9.6434528295153 -79.762909200398
50.885280331543 8.087499507278
43.682042400691 11.861178867941
51.795363063363 9.3688836541813
42.264897465385 12.335573628722
42.055870785891 11.997872680911
43.34825872136 12.874104802459
43.254366597766 12.882779535338
43.72059823748 13.402694866735
52.485705339343 4.9215857471207
43.190526680665 12.263034130124
42.243998935581 11.925511647002
42.780925361359 12.741777725884
38.639039318163 15.210487254293
43.507514163178 12.210339447602
42.988998467119 12.565076291845
42.29962988633 13.07622885896
41.957706429997 12.123876316086
42.073170820306 13.139477164571
42.775141556198 11.93884643539
38.558317138608 -96.250805079122
38.199562641128 -76.849849250988
42.80358122515 12.507472642955
42.501986388372 11.89154392571
32.969699221689 -84.438266556821
43.616238053265 12.285773107936
45.462772909767 1.916987946684
51.125406903739 9.3599396969005
42.471656931805 12.095749764303
42.241521970502 13.068366584887
43.513484479654 13.089476825266
43.311703650447 12.550779546423
42.265424347162 13.26987602297
41.987979950399 12.337483144078
37.164963593783 -96.229874149072
41.263288618328 12.562311748582
42.586019540034 12.331520051871
41.922526673399 13.04754977631
45.214740336253 7.1451495271386
42.929075928859 13.185828945707
42.595836054832 12.873102548494
43.094134497987 12.066702801321
34.667770098493 -118.93675988466
39.020911603964 17.138296862428
42.954845354427 12.576845357484
42.182436234424 13.079550102877
43.496948849197 13.758664144577
42.884450169713 13.759379538616
44.617152229264 9.1240672872048
42.588792844505 13.464032015535
42.399658808692 13.324745950461
42.606704440271 12.989933254214
42.677447915414 12.43260795459
42.919868231269 13.516514625196
42.837574369219 13.342880886694
43.687943546443 12.245626745415
41.913834772519 12.753839503414
51.853257668136 8.7320468177703
42.308518003837 12.796447323561
50.6816649808 8.185985377145
41.4368551647 13.157829046134
43.335154174538 13.747737446703
42.071326213012 12.622311684148
43.268524021522 11.983101036878
43.001260918587 13.133341996082
33.423456939451 -118.07883921572
42.378938393399 11.87268125262
42.603313830052 12.21061567229
30.24518818793 -98.600125266546
39.009441605096 15.442053338949
43.692319023766 13.467418090679
43.754974320903 12.539190627907
43.384374445504 12.621946044577
47.419389351466 8.4834159787201
43.784006623472 13.024409531182
43.186278047148 13.59292229155
51.951498531248 8.4625341070176
42.770096292334 -70.440728708581
41.984187147128 13.377400546531
43.789482307543 12.420606689279
42.682740521956 12.783556519462
42.056175245019 12.166054234007
43.726374166446 12.291122496285
42.172598639605 13.125658955505
46.600327818468 1.9965215907416
45.478607896938 1.8610046565817
42.176480011652 12.076529565324
42.431966319437 12.484096490093
45.132441786154 12.553155413013
42.54464974375 12.825066757328
44.945577889816 9.4502687287961
46.425191456345 8.8212605899509
43.448395469456 11.940016586327
43.717786633299 11.854952264996
43.767722882709 13.297799345266
42.823293473976 11.903021933952
42.36736179209 12.535205203379
52.796037881307 5.9857180990445
41.905214361358 11.96447788645
41.861892100846 12.639185932318
43.47449379811 12.054796337197
42.499242914163 13.335395555655
43.337472262505 13.223230264275
52.134835481474 6.0467004116144
42.82429336471 12.287074559523
42.514488233048 13.087117901599
46.638515535108 2.7700157504389
40.048889673592 15.953687848267
42.625391769535 12.663588504171
37.376831025909 -121.55124772707
41.858577901453 12.340329059113
43.211752182924 12.227347237651
42.406390917698 13.15700811064
42.67703414742 12.215575462794
42.372694846903 12.521507459957
43.367952397286 12.781625996729
39.457591195592 16.606671255595
42.523408817392 11.863223198759
42.290945352212 13.013631154345
43.484687065021 13.220496265807
41.904256029497 13.733196325963
43.294879933512 13.485457333518
44.889670607978 11.116658653117
42.645055689076 12.448919342667
43.224197939164 13.532146878809
42.514263461604 12.209909909058
42.872321988883 12.807054396184
43.296438676464 11.877556935382
42.105488173268 13.814544530054
51.329418474962 8.2599842801038
42.140771759295 12.600579420405
42.968690039596 12.980419331708
41.976434686697 12.098535765495
43.556674160343 12.770106825892
42.20647383493 12.891222858772
42.732320457128 13.350085470078
51.055118144748 0.70779975671219
42.761838532429 13.67941002954
43.693511682906 12.511585021651
42.21706250229 13.442013283021
42.642240879446 13.485523140771
42.926058006925 12.936215950167
42.591049784625 13.741651429695
43.932086111855 9.8058545867451
42.867256779649 13.619756567602
44.555945269997 9.4522853399615
41.996782193446 13.532703307261
43.218544632319 13.273578193653
43.785270694564 11.845555097745
43.385307294517 13.801809821207
42.728144392731 13.180287029233
43.38293532302 12.103900194703
43.648911159343 12.510681586133
43.669359556266 12.498141560491
42.07550228579 12.82019342988
48.257539565727 1.9811764040619
47.862554898422 8.707793789314
42.293574043707 11.937757765401
42.132563413669 13.540503156178
41.488781796682 -74.561718762314
42.166312879516 13.771941290617
43.480983442406 12.166428974462
43.112466125357 13.605816765526
43.420943069489 13.210262211159
43.064069430886 -71.031865377711
41.920939129296 12.703267837757
42.67205068223 12.645268230555
42.367357835366 11.858619350895
42.963342558131 11.844697388303
42.082055463515 13.336838318213
50.318357551619 9.3354927056169
42.603965945844 12.885166332559
42.461361266443 12.458982267186
50.667943066064 0.46567983662509
42.963124268226 12.339796412915
50.028596185627 8.6553635241722
43.726127100536 13.371222384002
42.416917637206 12.223769203419
42.767233846622 12.959295243493
42.472851035426 12.853034527925
41.88023064282 11.84972163704
43.607652982535 13.388820824415
51.538037418638 9.8011917824862
51.132014010163 8.6077094029671
42.680559667631 12.414994009985
42.604983521462 12.958995605821
42.617013484548 12.525625384213
43.39459874874 13.646926300457
43.755278893653 12.275788767878
46.431649675328 8.4809197594788
42.729698503285 12.251982253649
51.148661444499 9.5514230875072
46.052049891582 8.9150131004467
45.524787325726 11.456568643198
50.862530938751 8.6939804589813
42.418450114999 12.269952507371
42.119528901374 12.019990643982
42.673403438515 12.813655467638
50.914662436542 9.4867361278677
42.09180397512 11.852061211805
42.778252561029 12.863517478997
42.487644466354 13.76820234154
43.01321926576 13.228773296007
43.403529317327 12.434217021558
43.002674490236 13.136860730677
43.296128917644 12.077305345853
43.343548874552 13.724270401415
43.768239140889 12.210749004621
42.916161811893 11.88636620293
43.18326804425 13.274934458695
42.576010624702 13.185748976763
43.760288423768 12.009328010052
42.293616263472 12.518086535909
46.691468285253 2.052450943297
42.617359753075 12.81411537149
53.431809456056 5.8699435466528
50.228229615944 8.5928465321627
29.55188712114 -94.508220188765
39.606962323646 -77.363409944007
52.140955912713 -0.088258214387227
42.724768874128 12.028437829145
42.71035760816 12.085570222293
45.857596240406 2.4499256920302
41.945573613975 11.896899204209
43.788297817033 12.994276030473
42.222519371783 12.873221639971
43.755346421525 12.323441186626
42.869237267838 12.152376528921
41.833524146992 12.855901710643
41.991601616161 13.391042601055
43.436357154269 12.01980571219
51.509222351717 8.4022617081191
43.066595415171 12.342286854231
43.321532681755 13.182005353378
42.310881264208 13.30844545474
43.583077217745 12.556325688773
42.600575920495 13.139755498238
50.437645465805 9.0730031147008
43.380614527234 13.194968935214
41.895221636137 13.246972980579
43.390431947278 13.366406485164
44.53533249995 7.8955645832934
42.102227286039 13.746650256585
42.793315932545 13.243663216144
51.480864370931 9.9140593111115
43.815566802798 12.128458809188
43.384970432813 11.958421885969
51.312029125547 -0.69584476426515
42.152152767962 13.808773880756
44.442810772614 9.5541596434099
42.74124803617 13.23722867122
62.225770943903 15.596037716417
42.076345078704 11.958349136172
45.028536747223 24.777471566004
33.497757039544 -112.06708103748
41.901399198895 13.668841286429
42.62100209839 13.452776723773
45.528744200586 8.4595859097129
42.550266421444 -82.111148793044
51.699364270642 5.7586683523882
43.832564320358 12.123275862619
42.830720580591 12.693412296818
43.621708417622 12.751881075928
41.982875278698 11.92783791524
53.352557510069 6.6935324566176
43.455933925929 12.570649853263
43.432739302739 12.531857286383
42.24507746859 12.860760745083
42.028277483803 13.546673821561
43.708806166311 13.162964787897
44.454522741008 10.465823279142
42.718378765398 13.192776143662
36.927626449389 -122.2425422418
43.706018416561 12.808409133858
42.003403267846 12.773740735286
28.868489666789 -98.754591857462
41.841672167595 13.707259716816
42.954305824823 12.335859462331
43.574167642565 12.023679508394
43.02862569926 12.298691607706
43.563994474061 13.336701935801
42.995665397514 12.741544851003
42.510675345806 13.360204206968
50.411306269193 8.8054817019987
41.950031108221 12.972630303827
43.100074318771 12.954905763734
46.609365120814 7.2338175942347
43.681258963759 12.403631117404
43.432199891413 13.786326797135
43.657655441995 12.091220429231
41.936620794694 13.625288318689
42.306487593498 13.536273044339
43.573272264851 13.600038718267
42.47290446354 13.733374133603
42.841248843766 13.455357305473
42.517299394851 12.209630494125
41.867438359145 12.333327325703
41.23471492321 11.761016465889
42.686792511834 12.633182908259
43.152126848324 13.201462494324
42.609200714461 12.349868122207
52.77968168458 6.2423484127467
43.65318721705 13.621519107682
43.263995130225 12.680000791664
42.084143184651 11.87761998173
41.944724767464 12.899102363244
33.131829903236 -118.22546100004
42.287204782168 12.198381174003
42.281318501721 12.663639945774
43.738612868722 12.848562702021
43.387209038451 13.393226138986
42.406091381074 12.839231202325
42.329974039167 12.718759100774
41.025490825268 -111.20551990853
43.56714166869 12.743380856136
38.311488076641 -121.42845379737
42.070150214767 13.441363229177
42.763732976657 13.074360644035
43.281127719361 13.368762114278
43.191823179013 13.097154166616
43.338127296596 13.141366552648
41.980067095265 12.613382483208
33.398233516367 -84.844017583246
42.829106072371 13.584592519156
41.479695833651 12.438187364039
42.757079624013 13.519065406436
41.851139886256 12.145713654436
42.782353517053 12.377283316302
45.606867895279 1.828915041326
42.660870282774 12.52484254845
43.333419373901 13.505672759167
41.900921770346 12.249709169518
42.987919165768 13.183845664015
50.271356901746 9.6114459981264
44.895896445937 9.2640607578978
25.565780817777 -80.29628602317
43.372459870492 12.165291886875
42.922401411909 13.3486530764
25.443212606202 -79.918695487785
43.632248285076 12.068255539571
42.918355864921 12.210736563548
45.914956244135 2.1139205615567
43.825239437572 13.454338114941
43.289449861895 13.653297753399
42.052491583907 12.076093326845
43.629665142239 11.98429723551
52.042671845547 0.56624515189615
43.595167130996 13.366216428769
43.27106760457 12.938286744516
43.632172672859 13.018456925668
43.515334331691 12.162204166971
42.128517166792 13.134588375306
42.055453310302 13.189629006775
43.482211244215 11.603787757292
43.027790780679 12.132849813056
42.034158608913 13.266785126325
34.126366086403 -84.964859866428
51.854502610795 9.7553272083194
42.995889843926 12.18534878559
40.944622904642 13.383491910518
43.114194163195 12.142015750141
43.348618953206 12.211889949281
42.025412706225 12.360388766697
42.451242462497 12.79491606161
42.278981526999 13.519602170477
42.33856420004 13.116272638627
43.183314856248 12.160899085089
53.867416326361 -8.7753489775468
42.338862155743 12.661759707009
43.809497088592 12.160243181607
42.466696921974 12.083831303347
51.177231373814 9.4486021592508
34.074426676221 -83.642125549932
43.774987785528 13.530445799034
47.095841870222 8.1556323231923
42.286660767781 12.598929462323
43.054203066555 12.103183254669
51.87708676624 0.05818148886235
42.448327489427 12.051043545406
45.206809599514 1.1184476288587
40.007823035575 -74.441978100009
48.146465326981 13.116057930356
53.39901526547 4.7815854782386
42.663523689708 12.309274954886
42.934014433985 13.651153167103
42.810553387206 12.946223833594
42.845843880387 12.09768835555
51.433424589892 8.0476332670299
52.53503163114 6.4790311156442
41.912968039027 13.67168021934
42.61868031121 12.864458550657
42.478001727966 11.971275101889
53.238076246222 6.1824276207166
45.163603082375 1.431163175698
51.91491766759 5.2168651881939
42.117806694081 12.085868500234
52.506822018887 5.2661274776403
43.071101486737 13.011904944692
52.724581607722 5.1879029816193
43.062544274194 12.398525458036
42.833106228094 13.600777710623
52.089803750436 5.015466782388
46.579577661389 2.2157769083119
41.929448985483 13.217942555092
42.307739301283 12.59868712567
42.928359130851 13.490086712192
42.766870275984 13.665841478254
42.460630003598 12.861673057502
43.315945692063 12.789064922758
42.374960310953 13.623499993546
41.896534820991 12.63831563838
33.851357053004 -84.778442343035
51.802482722002 4.9657992670386
44.659251291356 11.170726859509
42.684192241975 12.757293306665
42.207757729689 13.399408444969
50.108382726139 9.4466900222221
41.995077537857 12.122085241213
52.419184607416 5.8931948552575
42.438920467852 13.377396516699
43.040938544593 13.419159533672
37.99153396387 -90.422527104713
52.663905954065 5.5629750512601
34.654222262087 -117.70103678591
52.457265548854 5.02159683419
50.728617079895 8.0690712868558
41.436255348258 11.510014894002
41.235140242397 11.904421637067
41.532160300683 13.139868604362
42.835905863382 11.925499222693
42.51210008646 12.818992123666
42.119966239398 12.237663227521
41.534177318138 12.334526977935
37.722054269035 -96.437279717269
42.394704827312 13.448459109987
43.555255792383 12.612843435098
42.642187015008 12.810508974761
42.87737267228 12.909571302102
31.552890107526 35.043023021563
42.139112820935 13.092405499489
41.916881082562 11.941631070798
42.03130904449 13.686783900825
34.253304564828 -117.46826637675
32.78531083005 -97.619507394246
40.001010679349 -76.968089694567
42.42588129615 13.650610877059
41.96181413811 11.996005187296
43.753900430537 13.678829551546
43.443078042701 13.279989029898
42.311467973216 12.131249951281
43.155713508465 12.748749125187
42.83049475163 12.601523234344
42.181923828638 24.793587201179
43.540976462227 11.954196438659
42.392757482565 12.525745076393
43.701254727201 12.146535376642
43.659142637488 12.174169531194
42.53388164266 12.788414187186
42.695355749103 13.453683692729
48.290373911125 -121.45960504537
42.700073402722 13.072831071503
42.520670821222 12.953176566399
