45.530951120302 9.3441602670793
45.12927573099 11.940555376972
45.449970475726 12.068183327193
45.581898056384 10.994578058733
42.294829599718 12.434399150535
43.213429568921 13.466652761917
42.624795689559 12.842555494927
42.400950607586 12.556084405445
43.521763016268 13.780917373871
42.535670161983 12.22971907038
43.682088253427 12.598255986647
43.536751165326 12.918012777792
42.833057956713 13.070972207522
42.833471698164 12.351593639886
26.716661601178 -79.435799334211
43.768601775083 13.639905274233
50.236671239248 8.2376773093071
47.180446427653 12.424135566675
43.099359249763 12.007629094204
41.850829136044 11.902014287164
42.814192854734 13.450046653624
45.606929499126 11.850549152585
42.003463931404 12.727553298125
45.782644894804 1.5383879973266
41.839359714596 13.443978213933
50.46043805101 9.8919448470194
42.077238362339 13.190802370308
45.995879638126 10.778545108588
45.78119715072 10.692815358675
45.477757814239 12.002718559372
45.572829423392 11.032200135839
46.369488206517 11.103109688614
46.792943525616 11.866319372324
42.114253652822 13.794967096224
46.527810865446 10.599743888129
46.62294901343 10.558762738343
42.155709776655 12.774016695479
42.627052040152 12.019585301664
36.890448505962 -121.15465749812
42.120832208156 11.927579381956
43.249846353799 12.82399440085
43.348555710816 13.044626751025
45.32457743301 12.328821138853
46.451335328164 13.047160982896
42.685481614773 13.006952563325
42.559764766882 12.918680351676
42.932775238984 13.734698192114
43.068724393898 13.12020093024
42.449467962372 13.236338983421
42.893253071671 11.984836690142
46.786262042374 11.22383288125
42.659540906411 13.060877596543
42.62086878748 13.485379713834
42.30005460528 13.485032604323
43.298156616904 12.224187547466
42.315354008861 12.017786725919
42.992086203321 12.512575932107
43.758383652104 13.807157165302
42.574159820387 12.071155262699
43.276306918041 13.315533476584
43.207488254762 13.269957621729
43.258823523439 12.594389295503
50.758517753453 -0.35237682585715
51.255828560449 8.6858280346197
42.982913783764 12.010598314486
52.031798891971 5.1773741731548
42.855239198497 12.275077695642
43.254250624356 12.401495308358
42.042235840153 13.361158868487
41.850486338556 12.096197119048
46.318700994325 10.713260821492
45.74708382564 11.704818521463
42.774849757003 11.888511130555
51.756189928509 5.9030197170344
42.162090601962 13.675313753877
45.278861863322 11.963251420813
46.318712162587 10.755599151319
43.111915102767 13.362653499193
50.50633016392 9.8706225910553
43.680422114081 12.724996752464
42.37239639108 13.52810935144
42.035236475095 13.748570139424
42.745522199567 12.799249856195
42.818411342736 13.001194099452
42.817205584544 12.819828545612
42.400596575553 12.269590495301
43.804603767511 12.250908295296
42.031541666052 12.813420806014
42.742912358971 12.427200548105
43.387924408742 11.872490074447
43.664599262508 13.003883336694
42.323739714161 12.210403907232
41.927463038812 12.668237927236
42.116332120803 13.034496989138
42.318436346652 13.513890858069
42.38494873812 13.172433687941
41.887890697426 12.984893804896
43.618067081395 13.557397925576
43.722981643289 12.114407261908
43.154452788271 11.999461018035
50.894931218305 0.64139211295704
40.675526658539 -73.914353096484
42.769852778788 12.223129771775
43.235077477191 13.745342201921
45.586245420429 -72.972497650081
43.716425154247 11.98918699987
51.709569601207 8.2162672184483
42.215033962978 12.07729910832
46.579478434353 12.454016121212
42.736292648959 12.193075765035
43.384970447249 13.785849546469
42.268820409344 13.759401369283
45.426719670036 11.071531978537
42.040284409228 12.368954361609
50.274406180379 8.1297449819416
43.3799020948 12.000609456117
46.184113766267 12.495485143131
43.804904586566 12.313616657331
42.688890972051 12.961088634099
42.860411451154 11.917777037231
41.964352288753 12.730956490513
42.683869718913 13.691365896136
41.866234947886 12.438202212324
41.880184361676 12.572033664033
42.525801413958 12.174045651788
42.667639704287 13.114131276104
43.477833303401 13.200219388234
25.470920507533 -79.24630402347
41.942167869763 12.452733477809
42.35343651818 13.346288906593
42.957279928495 12.660572950591
50.709208526513 9.8802690058389
43.444627669402 12.198303717768
46.368926335764 2.5574854796554
42.415830863389 13.147395174109
43.563102224659 12.701919091748
43.125416176939 13.650985134158
62.874970727542 15.130119520766
45.742557905213 10.763508806102
46.540228251154 1.2385213762701
40.932526761786 -75.072043021374
42.930035905435 11.858229120217
50.224840226222 9.1126618180949
42.540844286599 13.297671935681
43.167597852281 12.770147325385
44.951715121291 12.674470595154
45.321511241876 11.13643970633
42.796936151032 12.541565489763
42.412146132187 12.155406765733
42.68835626763 13.725541999457
42.447670209451 12.940444957458
43.587844963946 13.405610857276
41.918958534004 13.111490338648
42.65430820533 13.60153269565
43.82709295157 12.384176919437
42.819528234594 11.971031801783
43.212701222979 11.901297633977
42.301593315483 12.729507207766
43.664138111616 12.375843874841
46.161373596981 13.104524932606
46.315154397194 11.845904539801
45.164769507346 11.165197437147
46.057672614049 11.56397612503
33.272341969396 -117.98124806142
42.177189819644 -72.050484054997
43.170887358587 12.657120108
42.043563928496 12.391039272508
51.121303646416 9.7259898980735
42.603508472745 11.953757210634
43.674721259959 13.754100628104
51.030404526522 -0.43007259654815
44.930497937107 11.336736545033
42.812694791638 13.195997236874
43.812095648543 13.37548835828
43.153217709716 12.121868807435
41.907174370229 13.708039958381
43.04849077067 13.360921660162
43.305112376041 12.429871367046
42.540617006172 12.273753359597
59.50918881386 99.983160644762
43.490632204123 12.798016786037
43.48313122407 12.006193757081
41.915322303288 13.288502135469
42.499721152962 11.955005357508
42.71019019082 12.835849737693
42.043566330377 13.803649485041
43.237223185265 12.498793182217
42.187718079534 12.099714473423
42.550664674302 12.835910549332
33.875293327943 -83.781241425118
41.939203451846 12.763440343928
51.755963274863 5.5516684189447
42.453429341548 13.667218432628
42.090553765915 -87.97642882029
47.274509402374 14.03666943851
47.615429135114 14.024838554473
43.201057323369 13.32360829011
47.66891847328 12.524519848204
46.568478636031 13.105592704681
42.054746227851 12.185640578731
43.026788054533 13.216105557634
42.740036217861 12.915580921322
26.760701239912 -79.518681120179
42.156950903685 13.225845323536
42.514732390463 -72.09909443913
43.730839449808 13.405130266422
51.893172641701 8.6356127083467
41.891109160584 11.863623138475
41.924384634928 12.764549744692
43.185520040444 12.205981671461
42.257334613848 13.702038348535
45.868180977515 10.699378712824
43.73296865438 12.996845300329
43.266483642772 13.187947814461
42.281010131504 12.709575778225
43.229306627193 13.455214842456
43.396991000251 13.488247739399
45.297844894953 10.890345858426
43.469853809809 13.760946499559
41.886359570516 12.226646294478
43.357340617293 13.689187729607
9.5369148191702 -79.763103389537
43.371809968919 12.27392726127
42.833595973849 13.11990600832
43.145126043907 13.230748072861
41.945195341013 13.518832074741
42.716662116238 13.091859010578
42.235015230849 12.69458774046
42.780460817192 13.153811684902
40.552672784552 -73.932133901879
42.784549540295 13.07730541058
50.870451935041 8.0932312268267
42.353845132701 12.808642204783
39.97833197479 -74.436961545575
43.068002214708 13.373778914296
43.367287552176 13.597179326528
43.800215788579 12.974248589026
43.476117919908 13.820844694444
43.09723523033 13.740526846045
42.472967222109 12.675547285341
43.187019124735 13.668938309752
42.212051631537 12.260833894976
47.064187775396 7.1622876264911
42.806973577874 13.478673051821
52.40955946078 -0.29424306070629
42.128702439449 12.471780146247
42.343600803236 12.292252974742
43.035270473957 11.91158223057
42.442503880471 13.005542646651
45.870887549653 11.802476562535
43.328803165524 12.895042702993
46.008337558905 10.236209557201
43.134114315817 13.596405820288
43.43263348028 12.909311602802
43.261742663713 12.947749313895
42.3671790205 12.084896798772
43.394722182974 11.903557226038
43.17904464585 13.760105934835
42.036226131991 12.496112463782
46.412562480854 7.5073287927114
43.112330326884 12.76825048533
43.644907504641 13.797163497583
43.315106110815 12.955504194368
44.081888835405 10.66315102657
43.067766663671 13.035948998798
46.651676972819 11.189565115298
46.904269542177 11.714513529795
42.832276586386 12.817879322387
37.56641462751 -97.056781229124
43.516641306487 13.535141774723
41.930554273993 12.095678394726
43.163079881206 12.774377334779
42.303221913682 12.411305659663
42.470049376839 12.606597502088
41.926994706491 13.287258028208
43.104781130864 12.872974835764
50.888609016262 9.8676678500453
42.010522651046 12.316054661461
42.553810625616 13.455287683523
42.140133229171 12.644730502129
41.968512398663 12.813460688507
42.524379035723 12.527877553633
43.421024956958 12.273217236771
42.347759107311 13.395385246463
41.879339985049 13.592739517166
42.753251682873 13.145766804084
44.967732902531 11.208046472193
43.747077534344 13.377764167461
33.745071987814 -119.14177704308
43.573565043797 12.260719723676
45.947696803113 1.4359346504491
43.792229394353 13.27649320677
42.336233453071 13.446536128172
42.831982375531 12.533339224094
42.300951270082 12.794895596728
51.173442000371 0.12810296286741
42.421187922576 13.519651925454
42.722387956347 12.981257993275
50.991082976801 0.71850627549389
43.281498436037 13.654205194069
46.116736786171 10.366026397404
51.801264287346 8.9172158152411
43.650273179959 12.397999240757
42.150065845901 12.028812272974
45.429685490059 10.821105211492
41.980113882118 12.741108379693
41.546062944965 -82.890275024034
43.532573659242 12.819780872606
42.170287578001 13.82746648084
43.012027418268 11.855058858125
42.161052403602 12.651092022982
50.821936686208 0.27129850683795
46.913725202982 11.011776167507
43.806388418587 12.494009517384
42.323202243246 11.979951183323
46.320254598682 10.080955860361
40.447392799838 -73.2540844231
42.067283454403 13.288802554521
42.324919875418 12.555304820463
43.00596499166 12.320458789992
43.29066474146 12.605530743325
43.327259164011 13.683216220107
42.228117035363 13.459571546179
43.195149469301 13.774680177132
42.308681335931 13.59634809645
42.789722534751 12.486291759895
41.858988963954 13.343787560886
43.576440494331 12.655078070564
42.960666798058 11.837574031149
51.773203647823 6.3035739052825
43.567864019244 12.591052803507
42.707074392472 11.916523030941
42.077812445873 13.801756889954
50.504014781445 8.8884337031694
43.310523565559 12.323483204175
43.113498585233 13.233613636013
43.638930881575 12.491778934629
43.561725861675 13.488123753356
43.058659332853 13.495339903767
42.245017944505 12.724994278406
43.317559742538 13.187294148483
43.070455757024 12.316286455077
40.021155847864 -74.230429026537
43.266845371719 12.004058057
42.430955033505 12.238830213102
47.256182901934 13.811541549096
43.496389935977 12.058919207707
42.432307767904 13.441658592544
43.381618416136 12.96247055801
41.997327902374 12.399359457402
43.53239385764 12.322076500099
45.785420922116 10.569412185212
45.222287951725 11.72833630949
45.37960350217 10.821860646348
48.254558318038 11.747893355392
45.435117658549 10.967924800288
43.043614802458 13.025931701563
42.507517656103 12.121209414288
50.607953416467 8.6968293137368
45.000568670447 12.342953780252
33.87372178222 -111.5747219244
42.311125502622 12.664960059668
51.712085180083 -0.076751684856947
42.754436788522 13.132631386713
43.828569889941 13.816614549077
44.112543501434 11.082504188704
43.730894616235 13.555353799183
44.383033512294 10.047633924567
46.297097883582 10.607887666862
42.294287093607 13.78075676543
43.564815975544 12.494029627898
41.995550398268 12.484433100805
42.615447593229 13.681146132632
42.404311571014 13.129284443881
42.917522592918 13.739324105337
45.075278856079 10.20702710685
42.598672254311 13.719161271008
42.725900180531 13.58030429791
51.109631419699 8.4224325029284
42.283690571007 12.525685471748
43.297197386316 13.54340712381
42.815781169972 13.707687102609
42.095245508542 12.583258851724
42.211876964782 12.225728122178
40.473189786763 -4.8400091099739
43.335449094596 12.302271112961
50.136592871573 9.5907640050122
43.560650917052 13.23799157668
50.506155413811 9.4509924414805
42.718161111122 12.527805647148
49.627156616879 2.5398146422044
42.526269776081 11.881360048394
43.283985141818 12.177664195291
42.644844459225 13.639035417551
43.192941899988 12.583388105793
42.289158968876 13.091101824835
44.32963140392 10.958796392062
41.853696156246 13.519060603606
43.091198568761 12.405655124435
42.584348739884 12.643057761103
52.449517142004 -0.012621067521447
42.422319355638 13.683515677568
50.60043340181 -0.94574469144257
46.651133505931 2.2200232777838
43.031952098979 12.956814616454
42.72790965893 13.669298753475
52.128347120075 -0.33153856007453
43.522997484807 12.077777304278
42.54161921264 12.871373578867
46.670823357846 2.0425762469147
43.052057573151 11.886727536531
46.381625187414 10.402155424257
42.745407913714 11.874519243333
46.859131272535 11.724596157283
43.278230503818 11.979697350424
43.819296741795 12.681574446022
45.427071360723 10.986027104841
42.251260330107 13.514137769844
43.617303675815 13.375978230695
41.934068239284 12.316421957389
37.201187787123 -122.17491889257
42.249474821284 13.563642307468
42.937597376752 12.365221199305
43.426001585308 13.725884477501
42.144414273179 13.049633367031
43.394193068351 12.688401720828
42.344558655 12.70786761155
42.673290803897 13.344678389556
50.5770427124 -0.76111201656568
42.749464543441 13.299933309362
40.291781340082 -73.530524438626
42.662058344906 12.671394886783
41.85618410674 13.083822286282
42.718762331532 12.412992958658
50.02657781496 9.1012444021652
46.576836731206 10.961696964738
42.130886277266 12.602951288991
51.499180977931 8.9629154680124
43.240543222188 12.24222414628
59.534094940654 100.64910803719
43.266210685163 13.419596358419
46.690546191272 11.350579014279
50.168782122046 8.951726020757
43.464025668571 12.552931689936
44.390181734827 8.6326692509827
41.866653739434 12.684893192598
51.186468002124 -0.75279731457025
42.727622122398 13.622721395766
43.321055898148 13.61379238761
42.468985671883 12.284057737016
41.835493959897 13.465227989252
42.947293592148 13.15962950662
41.937099526162 12.832092449943
42.83031387016 13.603503097151
43.481530885923 11.922705376506
42.823703621453 12.413751612631
42.643712850143 13.196455583554
41.943006369745 11.944020292251
46.94375696415 11.468809220294
46.611163790275 10.403780383779
46.309070185089 11.516624118044
45.374540387015 11.159095110048
45.932993690571 11.182193669643
43.340208748069 12.002154706999
45.471152836795 11.350878958356
46.505365973693 10.986680450445
43.602133744698 13.306374226395
46.963052349267 11.184110443727
42.089787037175 12.524475996182
46.726046341928 11.24669691892
43.740943413128 12.95988834929
42.347239691016 13.64271608353
42.093487556623 12.676981050392
43.658832030233 12.035767938514
43.487122250503 12.845884504677
42.741050745727 12.762366408393
43.785081995572 13.026231223285
43.170572993446 12.028668830671
46.502996171712 11.875364492657
43.358361393867 11.86048584753
42.885932385889 13.142861821776
52.187136504188 -0.012567902506589
41.849658643312 12.676208590493
45.679694889083 11.062705540195
43.709343104043 13.78265008788
42.371266275838 12.554294845834
43.22859807139 12.688277257017
44.721088496724 10.795113358528
43.574463567054 12.680079043249
46.910195560618 2.6243756597975
52.423814224509 -0.03195521661171
43.562331219952 12.448503494958
43.325150741437 12.175151772434
46.460611934057 1.2349365191697
42.687682543291 13.175880990094
43.462534346854 13.640276675432
43.314275508914 13.476642076169
42.9913210408 11.986070291154
42.254536016518 12.487012934653
34.390039385192 -117.57476890702
43.676679575686 12.18981490528
43.192193451448 12.771052642174
51.90145297763 9.3178412254517
42.430643986666 12.205559798633
46.792591358529 12.20259898417
43.175701073474 13.32064856699
42.922825671252 13.112052433732
42.960981529209 13.58927617205
43.294832979022 12.662472294507
48.065299924747 13.322332715088
50.336937396944 8.099169847136
42.096326988256 11.834709829595
52.933202086684 6.0533605889899
43.735659384067 12.13160261846
40.846113322383 -74.545601569502
46.91531252543 10.707980937722
43.402566895563 12.9049155046
42.074424895514 12.933002074705
43.201166906974 12.686845766721
42.5135227314 12.261083845657
43.513053425848 12.608389329004
43.528766777634 12.65001349556
42.475265947413 12.988328678083
43.277032315415 12.54699065005
43.257029367286 13.365980348276
42.230093839706 12.50605335671
42.880936272408 13.743153044855
41.973452134998 13.601903239566
40.209599794138 -74.928422532608
43.487957315768 12.552154024875
42.869160984603 12.278216777986
43.187540658392 12.648008166204
43.722550652813 13.410065771293
43.693827856676 12.247267150922
42.317671877967 12.996080883798
42.695435513156 13.082877073497
42.091225325193 12.290713793754
43.463978531076 12.728612058225
42.413096305196 12.51289492173
42.424830747987 13.504484445113
46.317007156237 20.607294056847
51.551761225356 6.7291097780592
42.062188803734 13.005246942421
43.208362235806 12.383587995278
46.487874631531 8.9773624441481
42.059316280347 11.90224767241
52.561434058967 5.6462773167977
46.289854039107 2.8705132942975
43.174854671219 12.033503036983
43.545381934657 12.032666148654
47.98539716682 12.763754999409
42.433524681478 13.476828479917
42.399534258267 11.929659396864
41.835008630473 13.014928958407
43.084839092162 12.14148946348
50.295447497766 8.4979364552991
42.504196289251 12.192717441468
41.044941113631 14.596482818733
42.379237461567 12.22788947228
42.935686980831 13.737858782887
25.710221245267 -80.575442895371
42.407102944074 13.32898098015
47.625596323596 14.122781775737
52.811059197556 6.0333117881246
43.728443821787 13.78330700138
42.566617041645 12.898561015233
42.305297841947 12.764679233921
50.65859608022 15.500469800085
41.937295817296 12.219004015096
43.128876174415 13.29977184457
42.789847659802 13.450483018763
45.609410499308 12.002836644406
43.087120491607 12.26524886969
46.117688300355 11.711224926059
45.753182209378 10.019643730048
46.573375061887 1.6230720913145
42.01516564426 11.980258712557
42.241973017476 12.204433496226
42.581238955085 13.258773389414
43.471758370994 12.510618916506
43.240909183997 12.08913579636
43.60380196229 12.180336524837
42.607547790582 12.265554859448
43.779379773338 12.28589296077
44.042696270504 10.816428140281
43.241591649101 10.610986203801
42.984933425221 13.379233454552
45.157356510478 2.5210201831167
41.873392298314 12.782534603415
42.792336430791 13.245661993181
42.786641695924 12.895090623265
51.321394468342 9.4720364378169
42.860185074576 12.698104956068
42.909026457441 13.75486213658
42.988986793921 13.712250535263
44.75616199859 11.572752889752
43.717503710074 13.00309222706
45.049643660637 11.075301805288
42.498425974298 12.039508658501
50.070266091763 8.7670571146379
42.733683956218 13.60492577015
42.776282844051 12.509193157104
43.440833208843 13.277024590095
45.670954636585 11.65464964437
26.065434829811 -79.833258654189
43.260376445626 13.153444646019
42.233119540512 12.094417283842
42.432850291709 12.771933272861
42.304516089777 13.540655513567
42.884748611567 12.470337294282
43.508669154511 12.920636751207
42.291140765108 11.959611972796
43.775109586688 13.343539254455
41.956041423604 12.028574102593
43.283168026399 13.607493888891
25.37995821207 -81.113369172301
41.574364254775 14.599118483367
43.780444405426 13.594982997347
42.052477334671 13.646823854042
42.653907950362 11.943108939095
42.220630350181 11.945871901694
52.140435977206 -0.2597771689155
42.02653492292 12.800622085038
43.28969840721 13.553105803951
43.621161741049 13.31373239791
42.003327655163 13.604284587619
43.251075946398 13.318331273908
46.555519218138 13.309353624403
42.168813091337 13.815203375584
43.421366295855 11.916786130505
42.899203889046 12.364961124216
51.553399135151 8.5019307213379
43.413461793428 12.77454726995
43.167716623849 12.741903529403
42.491059602954 12.459750232522
42.309338053388 13.16910767053
42.484272856046 13.229421597568
42.02065404461 13.430838894321
45.039597209561 1.630569729782
50.56701997042 9.6675554861629
42.658113838967 13.292572296382
43.416150829038 12.770868453577
50.378749298108 9.7083224904297
43.177776862971 13.475761274584
42.034644528795 12.927168791635
41.686008393644 12.969035675667
