43.107624808863 12.1428063075
41.835023158174 12.367585532094
42.304330175905 13.60795830826
43.466724422533 12.355614325684
43.055999168242 12.834525963701
43.283874055524 12.306252476457
43.521763016268 13.780917373871
42.809827939074 12.578681385435
42.520977119713 12.455868152203
50.507811667634 8.2600438330602
42.123524230052 13.183506439546
26.956031484026 -79.175260450582
33.776645798444 -117.66322693145
42.722252263579 13.829647335631
41.983117658192 13.530806837872
42.866239159327 12.60064182088
42.809952821049 13.020818803956
43.397037623656 12.220390002367
41.591746618467 -73.571464447236
45.110868409258 10.688672842197
45.107024240357 2.0560225728229
43.156304204465 12.917488362623
43.367174821166 12.877123323699
42.281147618464 12.373062836201
42.123960273652 -83.359071437178
42.613973070243 12.928830502543
43.602302605588 12.338262569803
42.704766950919 12.78948053058
42.637777665482 12.705354604754
40.008907560458 10.0730799347
45.695798325325 9.9249198336759
42.843161492556 13.398696359919
51.9617736521 9.858558301748
42.662883530235 12.102705323672
42.366144468734 12.849478475235
43.21390067053 13.010774804771
38.359948837236 -74.840050287226
29.644898952351 -82.06939168104
42.634507608451 13.135475237007
42.121913719069 13.674537834581
43.774692282928 13.360081391598
41.889572923973 13.622186057115
42.779904271394 13.566680117329
43.581239783962 12.121510494578
43.692616950133 13.291969783295
42.145289553418 12.620449935396
42.468914621283 12.24834285271
33.088435702694 -96.741556395814
53.663761325955 -8.8257878212378
42.804780163267 11.850604853079
50.47295101754 9.5554746629463
42.052368800201 12.718266889343
41.921934657715 11.841321138147
46.41362566427 1.4924541625625
41.987859257978 12.950736742465
42.101378448376 12.289766150683
50.027239872621 9.1986495504149
38.665390849934 -123.25532357563
43.724868390602 12.697458094797
43.375503597046 12.749148937778
46.919244861193 8.9426358584047
42.56177989608 11.869984310081
43.024399758815 13.788294394889
44.133624547901 11.499212456054
42.726793775229 12.470986675246
51.339721308248 9.1379561047712
42.26049778159 13.106312253583
43.803066753246 12.928376310027
43.139948260125 13.467599849921
42.354601639043 12.126192770512
42.821909348884 12.843525779382
41.847622301845 13.053319356916
42.823707723929 12.261665153926
47.110578420412 12.681406281994
43.285420498033 12.573340547093
43.3838193386 13.08355088538
43.001674923602 12.36349134725
42.905214644014 11.858684710648
46.646154590726 12.440937980166
42.272732597924 13.316069109999
42.165522506559 12.096852067458
43.09562168696 11.991180937288
43.116266139392 13.516749853064
42.46963732667 12.632465470432
43.514241736177 13.314404089637
42.163741828971 12.751899515184
42.145039668162 -83.145943497117
45.93441466982 8.6484024900027
45.815402853242 8.9033813966919
43.196874633078 12.842219241842
46.193607875329 9.1247064022019
41.994769397676 12.147688416388
43.04416167973 12.346895082571
51.654628757925 -1.0274436250969
43.654307886352 12.961682426281
43.30427563067 12.286772458037
43.330827240542 12.677044616883
51.486758535023 8.6164461968543
43.705356106512 13.662114840796
42.337002024232 13.116432561149
46.851118826704 1.4982874745029
42.985844426803 11.888616992595
43.733042568331 12.808180523037
45.23828819682 9.7943736662341
43.131185095374 13.322367275771
42.65448837853 13.132082129911
42.993809432741 13.813591185891
43.651204640836 12.754989829753
43.394310109056 12.586116452995
43.509915515322 9.9678567482264
50.359951528423 8.619079624591
43.475703567975 12.011174128883
42.29570768836 12.924317255602
43.032305905631 12.087580934694
41.85547721847 13.523895045076
42.882486661862 12.276242724304
42.986539753634 12.268748252333
43.104175756755 11.995882712789
41.945486667096 12.555710476637
42.766953869635 12.138334830377
50.189562095883 8.2355401167812
42.780877435965 12.004159819358
43.0958402381 12.96321723564
42.906695540972 13.544843762922
43.186594120335 12.221522076645
42.780157711276 13.073180893957
44.84164467705 11.530707107545
42.685321750459 11.947751158845
42.265238826308 13.31928562483
42.306292185724 12.270599498095
42.39918273289 12.711079061383
34.339908659656 -84.266282083032
52.631404914954 5.8215679964384
47.566868131567 13.456090343651
40.575460502776 13.252889764334
42.021305590433 12.862273586405
42.45349548594 12.152960575278
40.359660921938 -74.317187919561
43.521200443882 12.660605207414
42.296970695882 12.106609996479
41.927944785437 12.16619692287
46.44758796573 1.9309057932957
43.040583693928 12.777365932158
41.87351252973 13.484855771777
42.452084486604 12.902416456466
42.905531423609 13.20289553434
42.629202176665 13.300184840963
39.16491292305 -77.658479138002
43.782662586694 12.901105274887
51.45401513877 8.626044565172
42.899039531101 13.2500870164
43.646209528992 13.449683689277
42.077351144572 12.66501032827
42.559357148411 12.618917375181
42.893628802588 13.366109115263
43.386917139605 13.193804171513
37.273819554642 -122.55964745763
39.882971345567 -77.804995715021
43.051223862961 12.380325510365
43.424943468287 12.809797569576
43.81937253888 11.881185018423
42.799675576782 13.154225145559
42.466106311656 12.28714683388
25.560477433039 -80.078321050233
43.196290820949 12.300896125541
43.779673955322 13.509904272647
42.144987365785 12.093598944665
41.943418328645 13.529854152154
42.655796695827 12.788707028531
42.78772102568 12.712992497607
43.238699963914 12.082063046809
42.972620957074 12.793009290862
51.473230092075 8.906738158272
51.427482756519 8.9089621868492
42.535981782517 12.317544477229
40.42025387686 17.032469540361
43.400918679054 12.130497418891
39.933877169276 -73.763826864327
42.987162789345 12.101262009771
44.234332577297 9.087488050916
42.348417527691 12.732146419015
50.348992317146 8.6849463701644
43.7692776708 13.450950376455
43.821748061044 12.666440410871
42.902176393171 12.521976884253
43.017131311848 13.421542383482
43.758683685588 12.840200205746
26.979510764565 -80.740425535632
43.359149332347 12.924364381921
43.540675078791 12.315287306141
42.024331011842 13.196582545173
43.357762240992 12.948706196618
41.916769978107 12.983530947952
50.107752462434 9.3437238230108
42.943410712755 12.830379233638
43.717626223696 12.597598458474
43.210083314336 13.369535689435
51.125267255411 -0.46619102758178
50.85141672094 9.749843163765
42.776653543032 12.870399712546
33.073322667022 -118.10770571219
42.693534468645 13.10453560024
43.685837154151 11.932638433752
42.140822242101 12.743729809201
42.706188326586 12.234790756497
41.975014945967 13.184200289766
42.931287674222 13.508181296547
45.182036167587 8.2577470120311
52.276928577934 0.37709229591633
43.79991537465 12.191767364385
43.106683183532 13.673944692462
41.837078895496 -75.275101029574
51.964160550835 8.3269949650052
42.7497585671 12.773015955378
43.553950364515 12.991542834806
42.629607626086 12.792400261312
43.292371641536 13.085019558263
42.525963305762 12.601471504963
42.539602671557 11.850588109296
50.881179743391 8.4281513450798
43.527528236887 12.7558761294
42.023096186141 12.893971372833
42.225509703285 12.429043872968
32.967978541885 -96.234730612288
43.375808100878 11.953339722938
43.818881492998 13.477826766913
43.014474177295 11.989484109001
42.795673677624 13.615518762106
42.515147881378 13.761038902591
42.728339658479 13.439584955333
42.193247800804 13.174214461455
49.370356229306 32.09201642037
43.020602549923 12.405602918216
42.957523476334 13.242292747501
42.063473497568 11.872011925055
41.945092264558 13.065926505304
43.029051173979 13.444934803289
42.501528213986 13.698641474705
43.728910920105 13.497064377434
42.247635563972 13.230805481913
42.325638018255 13.534420788558
39.637667122255 -80.013107453755
42.305407205294 13.463148614628
45.349168607525 12.788097403098
42.556907493436 12.946761836294
43.409295043188 13.080689610506
42.050993146885 12.705298864632
41.86463511405 13.689484848052
41.941916758654 12.886887241589
43.023431868324 11.985557032298
46.203642130924 2.6397102436236
43.219920784358 13.163517319694
43.694044067403 13.598207814453
42.455766237108 13.512000300715
42.44654252729 12.426902287859
43.225971019487 12.828514124674
46.59218334667 7.3043198545018
50.178370638834 9.3812028129498
42.679180920461 13.201638437922
43.207174383221 12.338135669186
42.445696330858 11.879053043166
42.791351036092 12.808230278014
32.871214451501 -84.351668145435
41.71131131545 -84.067434948604
42.337545475635 12.120433285444
43.452205881242 11.921812050029
42.958878373729 12.445170133137
42.498187541283 13.052292075054
42.856616067654 12.849655170876
43.765923473896 12.845318734129
52.023878247255 6.4108465466
42.55186044406 13.475888865311
43.31036286678 12.915504165441
42.793728993199 11.834069086182
47.862554898422 8.707793789314
43.011068640769 12.898803676452
51.331693720227 8.7871517863996
43.15952125434 12.784381708517
43.150281866638 12.126330324063
43.538763732921 13.450704863992
43.813297778302 13.278620501665
42.515154651161 13.46467487724
43.084894578033 12.756343264506
43.680011313746 12.651705407862
46.485983592219 1.7781049268218
42.354500523023 12.353186422679
42.78145520707 12.040949605445
26.953592359981 -79.347260804353
41.126528280067 -75.254633581981
42.980064810731 13.288993852834
50.26012034866 8.2577939234943
41.856850685972 12.949304564388
43.368829356699 13.213721349956
42.291247377329 13.393468225579
50.080129477698 8.1651000646712
45.930180972875 1.9279787661172
42.538052480008 13.5596561607
42.973587371418 12.660546277513
43.245434043133 12.377943573251
42.088641729268 12.388404234514
43.242472800094 13.424002852975
50.113868766634 15.95818650837
43.283444480192 12.961558723825
43.081395926013 12.356923739147
26.772282430779 -80.554434868109
41.992258768546 13.107508049418
43.623682618918 12.749091893339
43.637487091442 13.730939904589
43.020471414582 13.772940296595
43.435841959194 11.877087031455
42.557560062317 12.276924022158
42.092519195349 13.081574189536
45.620784359808 1.6119330588784
42.728853046789 12.717678368447
43.55180012416 13.311786221506
43.32444365852 12.598019975071
43.594868119664 12.857539787145
42.686982256701 13.80473124322
41.883434244398 13.66347000874
43.170643122502 12.306236681692
42.413642917042 12.830128895992
43.780275846285 11.857093489683
42.231738410088 13.73261488079
43.177785035327 12.963943187152
42.683156510688 13.362299333982
43.738791722238 12.126678329972
51.614378781344 8.759540818054
51.834879225509 8.8894973578348
42.514734565075 12.280183104484
42.08217045531 13.000820880312
34.458781059619 -85.295469479214
51.709032299793 8.5669650582443
26.230657266543 -79.876929456586
46.577489439667 1.7352036455344
42.795132598765 12.665845980733
43.24994700602 13.60397495639
46.664060693543 2.7597938169538
43.403298916038 13.570952138219
52.503550348293 0.33475298571385
42.392630335613 12.658843737423
41.558091797334 11.800131380742
42.440285667537 12.410365482073
43.720005848336 13.131659690373
42.09143789538 12.107161055856
43.510673801208 12.995552522149
43.488299872975 13.046764461366
43.136919854759 12.75883761272
43.453620033105 12.022209289049
43.411502531477 12.88458275652
42.287140553972 13.343799624773
42.236754038968 11.950857188085
42.458792433843 12.835892001112
41.904792575608 13.736790854382
42.383299919976 13.488068892403
53.064442619479 6.2334117425994
41.918965285162 13.076637839024
45.648346344311 1.0474757808482
42.053554417611 12.291431476053
43.109790918955 13.011370224904
42.673582137431 11.834468772113
42.001618517585 11.99929308288
43.189075310358 12.451892021809
49.336774837965 14.960978031839
30.825683679583 35.264461188351
43.437612301429 12.013342316755
45.613414647835 8.304296081606
43.234598500784 13.765684869984
41.996016536393 11.96727132565
42.746224274762 13.001855632778
43.30290947731 12.869275425987
42.003345388476 13.382236519562
38.786669387383 34.081624532156
42.694775989158 12.378233361721
42.526519019889 13.578749686304
43.070696515551 11.99137173455
42.892832352285 12.868629416876
52.619802929517 5.4038153130812
51.029428847613 9.0574003877386
43.427985531964 13.551503920274
42.55519897053 13.379903816816
46.963082849497 8.2808329492252
43.086567455964 13.52032972107
42.333364083142 13.43174020782
43.831247531286 12.444444709685
42.506106851879 13.81983438547
42.91469452668 13.024390536393
42.703285270253 12.992145387939
42.256548836968 13.221876017408
50.5377388152 8.7206961297061
43.670304742975 12.647288841518
39.902712344545 -75.752753282349
42.955748355948 13.669303895773
42.036778637246 12.555593177956
42.033979379143 13.240676914009
43.781281325885 12.910092430168
43.1415379323 12.155525949877
42.949075330977 12.38739876283
43.152630417234 12.954787243158
42.929186674754 13.160294094219
42.29613591374 12.853576282923
52.437456316286 -0.49937317781586
42.173200938487 12.067645695579
43.176191135413 13.688890435143
43.759034688028 12.324755543549
52.720976112979 6.2867916112471
42.037675378417 12.741118634486
41.926156376009 12.898789958537
42.970140929341 13.422279859645
42.907842114546 13.200623697716
43.359863030913 13.104588734521
42.217595974571 13.726547344481
39.823107949084 -77.977621863545
41.452344162286 -74.712839602956
50.096144557044 8.6909922033972
43.037319241596 12.76277768277
50.901167885354 8.8062685466401
41.889915140315 12.691071508329
43.52006810697 12.855011758814
42.159158500007 12.761414671692
46.56523303062 8.9326829877369
42.192188652808 12.398640542498
47.763297189636 13.121474379518
42.364541475386 11.872141913007
43.699940859687 12.199621413483
41.863383494275 13.297203059002
42.708398385324 12.127274452789
