42.436789313556 11.948769493957
42.404414170631 12.389714928081
42.155060074851 12.095092434501
43.108994137102 12.858985368583
38.93915228293 -105.70566031824
43.195034834668 13.328146245039
43.117326646653 13.569298439014
43.768490838266 13.734946987024
42.66370911091 13.457002105891
43.100492094246 12.480456984381
42.341058037424 13.780316615396
42.699476400737 12.30940440593
43.939029714351 13.051801544012
42.609672960665 13.452726579037
43.033549170512 12.530857588433
42.708342635424 13.50639762336
43.593202487397 13.176528884667
43.493546343194 13.028277165756
42.386983123343 11.966846270027
42.712089049982 13.121030966829
42.198256107626 12.209076844274
42.488074389069 13.242223587021
42.824727517492 12.702320806565
45.06452982913 11.218074319359
42.6042716427 13.089543894927
44.791090975858 7.8288432444325
42.776752212002 12.33812994295
42.670616570262 12.509914500897
42.014090570649 12.294159220224
42.62570280287 11.882263062488
43.022307986891 12.993217037543
43.29498654387 12.39377401743
43.82797642931 12.877128855289
43.531628982433 12.636755574812
46.444509958124 2.104063733995
43.482835718676 11.965784893376
50.985282974776 8.6354463443325
26.680734019561 -79.999191639289
46.260221209033 2.8165545807297
42.895645039128 12.38156601853
41.935935324515 12.681804567448
46.032408473097 1.4922212988568
42.790967762394 12.474792129602
43.740155090012 12.475174886417
44.510438866313 10.177691523443
45.228478159489 10.123889012229
44.980530832978 11.514398033414
43.011496554155 12.83922659321
42.331481766131 13.398172980847
49.842263752055 32.085545193909
41.882973232739 12.619801434532
41.861965208737 12.857751166868
42.122141416728 11.945095046419
33.906787609826 -118.28348734932
33.778140476058 -118.42771295375
43.399289016353 13.158920433933
43.262092554154 12.329444521281
42.811225068689 13.552161427027
47.377074405515 13.235703523169
42.738859895982 13.731418594148
42.319742713293 13.271496231349
43.394601096604 12.806145881699
42.504862843337 12.224194603632
43.33962959069 12.626939795293
42.6249801203 11.943492063782
43.178790622495 13.449758168075
42.308314704501 12.765824203757
42.238951891327 13.82329971244
43.33246937598 12.060207054999
42.626657931913 13.470169573797
41.995353286173 12.196401039251
43.095788864019 12.609859659176
42.488318444944 12.168368975266
43.61296473381 12.013746680719
42.788789677356 12.361455707534
42.842876872927 13.397978646421
43.086161140414 13.434058672506
42.269236218331 13.012243445989
43.296065366986 13.101195603677
43.188025007599 11.985351238414
43.401568453967 12.800140419437
43.609513535003 12.256026426005
43.388722403177 12.195704893321
42.313016972671 12.13815657477
42.96572661866 12.753069387655
43.032917938232 12.026490727007
46.284150582871 1.3501494691475
40.253259553266 -74.008802625157
42.111273515577 13.805374578969
43.5740940285 12.174918120829
43.464694547704 12.913321671057
43.039993816095 13.001490347575
40.521399468256 -104.05106558036
45.605445798277 9.0659495570748
43.494507097425 13.31892529892
36.746012005043 14.106454904499
42.280672385043 12.972453400967
50.838927219081 9.8971688136911
37.540875464601 14.766279848908
42.917717243062 13.587070253972
42.565969159646 13.527809212717
43.123278319914 12.955628612079
43.620643664461 13.500618048732
42.653483016742 12.712992350458
42.572378274341 12.40822782342
41.991863538994 13.673656773623
43.093546886993 12.628493840654
51.642059063139 6.5169915239173
43.304157546418 12.165240954706
45.306750747052 2.3454455087639
50.266187244219 9.9086533346719
42.473004739507 13.254537596041
42.515730831568 11.905630611792
41.269058969466 -112.45128813882
41.956342476421 13.668764611573
43.655083883414 12.741706487623
41.945392767894 13.311255228406
42.604557301686 12.170116954118
43.252446423423 13.157246299182
42.010292995281 12.246622638447
43.156779435557 12.938715659074
42.309579497368 13.220568803263
42.245208047 11.974701420879
43.180827773281 13.125361908307
41.84589700908 12.109774262716
42.53573097176 12.486397110173
42.967561018659 13.510025665423
42.093251140387 11.941940764891
41.954493814613 12.873097125403
42.662356586525 12.547029152323
43.812408792254 11.943181218574
43.256198770973 13.465571687795
42.580400038802 12.321757196154
44.509295850645 12.132785749243
42.078530357743 12.198974582015
42.886766404347 13.714475546386
51.778973149731 0.80465677971703
52.080105776237 -0.71899025972419
43.107467772976 13.772422596262
43.780453257181 12.996797810794
42.401551034975 13.234181490857
43.587133228142 13.657163528121
50.623074637783 -0.1765887156532
42.107707345464 13.596009083856
43.210202324789 12.876664802861
42.202582070719 12.955629370641
43.79151708206 11.982335843624
43.013094028951 12.736721079695
43.10524733651 12.237807658633
40.921253855921 -73.624424029564
44.785230256796 11.222387131661
50.601380794822 0.60885175014793
43.831009807939 13.260543686946
41.835484876707 13.241323509853
41.986088903635 12.432136051113
46.351576478384 1.7258692647917
45.569556728736 2.2305907310129
37.929663778295 -122.28855036602
50.059009734103 9.6658326926016
42.558634685168 12.634444591906
42.520008219204 13.62344575751
37.940233766007 -90.587803973059
42.752065846136 13.673229606225
45.244438440527 11.709039331004
43.354260930977 13.530431000784
25.68225572102 -81.00050154449
41.864595030392 13.330750423659
43.608547693423 12.59701002326
43.411066071343 13.69959626009
43.609921304348 12.508780794476
43.544540102868 12.98977287255
43.760308261195 11.777207327691
43.045160037042 13.549821187553
38.686062101062 -90.574732397385
46.277725594525 9.9086316200456
42.913261697143 13.144105353015
51.461045841435 8.1401046235767
43.006177894329 13.08056920633
43.006180420076 12.125067905136
42.338078130681 11.987081032727
42.344335906389 12.738447116121
43.825264646146 12.414100754754
42.902375505747 12.147606959656
42.250441643547 13.204076880705
43.53393324445 12.64973051599
42.263568899272 12.292204852839
43.039144935591 13.269830245671
42.031581020484 13.200089850577
43.205752827344 12.688569906509
43.029870948789 12.12791519527
43.190227961743 11.96490124241
42.551727036758 11.929785998992
9.4096919132442 -79.793066391159
42.149567540826 13.487955305508
42.423876868314 12.902766220713
52.208742045662 5.9249193040537
41.86581669604 13.02279231002
42.299763871983 12.22122915055
42.035946768746 13.372652689655
42.727610796584 12.884804613856
43.701560095766 13.581546420058
43.163271520849 12.318431531714
43.614620258408 12.290886638377
41.931941040781 13.277101755758
41.952388606964 12.738624222476
42.002913208701 13.471874404008
42.166257810647 14.089353672224
42.674119812771 12.810010490872
43.723446213533 12.519301715104
43.504792360379 13.533043465846
42.182655776026 13.010876549434
42.851203374516 13.007749093721
42.615463448996 11.847140142178
39.231703564462 -104.1381100276
42.691607424401 12.259542687472
42.111454493439 13.038626101838
42.236087286976 12.015820065076
41.96837069058 -85.369800336646
51.112296894478 -0.40045147226678
45.526298749971 2.5534562499046
52.778325680773 4.770573334778
46.718599882777 14.181159867989
42.071887023336 12.658243931692
46.144817232222 1.2686716086551
43.813173602269 12.043792483904
40.677563551815 -73.849559993544
43.363784141563 11.854658183129
45.210910646343 1.3425171120756
45.252607476179 8.4746976569177
52.42530368591 -0.20797278607169
52.06976405255 -8.8846335838943
42.904747846513 12.599030946216
51.621151592872 9.8631830396425
25.356334949992 -80.950873449232
43.17808150883 12.276004126911
42.31570905231 12.004356483021
42.467598830588 11.944191784593
42.764516973314 12.243112953514
43.279172873275 11.932462897607
43.61434354431 12.174575045341
42.909159350653 13.798069162221
43.062832984192 13.696723305034
46.081986310464 2.4630011266391
41.355029830548 12.169904190938
42.158143551649 11.971444648698
41.86172744348 13.657763703122
43.252576661435 12.49461466751
43.687871152876 13.030277365388
42.497944119639 13.641817186348
42.309861626176 11.851120132439
42.999774150106 12.836442825329
42.319574628195 12.515095611364
41.920379815141 13.368351105793
43.169937945071 12.476475802493
45.96000876043 2.3553761971907
42.043193860021 13.460402711996
43.715422250219 13.112333300131
46.850526808787 8.1650534079713
42.923177064847 13.105438724696
51.478967452878 -1.1154895849645
42.06587172072 12.553928511962
45.3529208523 1.6307936071562
42.223667221269 13.803902192902
43.563873566505 12.721976072885
43.768665318291 12.643200285588
42.243710253988 12.520667960665
42.397392643356 12.724352559433
43.134304594798 13.698934669022
46.046808562263 7.2806552957188
46.45867282127 2.3976864621032
43.239842686935 13.554346732143
43.036045780909 11.887373172647
42.740870795579 12.29951636323
42.124537506685 13.614195850519
41.851442670401 13.494128743438
41.919766757324 -84.066320971646
42.464821140519 12.250255119659
41.972862495118 12.392762781325
42.294236357482 13.480463904108
41.876660305039 12.870716749186
42.865287903655 12.783487409739
43.261493867872 13.280611242319
42.431673403586 13.660454782055
42.810899624068 13.602303440053
43.741968956211 12.168985794398
42.191649797483 13.560256331044
43.418986336544 13.584519643164
42.911103165222 13.302493062498
43.563993520387 12.719288181404
45.404862869976 10.092799379417
46.557894659023 1.2767781532727
42.596768362281 12.572205706787
43.396200971883 12.638195676582
42.973109764521 12.879031319602
41.941761367483 12.619809383836
43.79337040048 12.400121898132
42.184508392229 13.787647123836
42.116129785386 11.884701347412
51.590996037513 8.1456290563315
42.782183636365 12.287564078966
43.594096132852 12.898838765427
42.103461390896 11.996842525453
52.8694867852 6.4016319162453
42.035569023379 12.577129997603
42.619812151261 12.602304534357
42.741254213167 13.38846895212
44.588557853195 10.582203952215
43.662647165222 12.829778266081
48.119670281962 13.129906738957
42.230672482064 13.016555241338
52.411093162797 6.7267286069583
42.377336291793 12.822565935025
42.538224909261 13.563622415815
50.921540586474 0.74211193417763
43.729343497089 13.788435548001
44.683564075468 13.000395966254
43.791150991263 13.095208490798
43.714470103271 12.500438794748
43.120952426068 12.154406849388
42.542682770913 12.983237078892
42.821147297172 10.840691156497
42.678002131974 13.7731399051
43.424398660878 12.418102489069
43.457479181468 12.12755990083
43.565490246569 12.618327357184
41.883851449438 13.566023232234
42.359850028253 12.17493041289
45.294858038563 1.8626642757387
43.74060041494 13.461284491469
43.363367426399 12.574351833025
41.88886936844 12.020290924732
41.857793793503 12.251924095348
43.415900110947 13.240604019857
42.405075486493 12.752613267767
43.611782050997 13.030829610804
41.836549189352 13.261970217948
42.279456553201 12.291598342982
42.383290761816 12.224851695946
42.600809197242 12.434117126036
42.950068250296 13.411027571399
43.612660733824 13.180930875347
8.431769182641 -80.622970697294
43.045516870027 13.036110778843
42.495452579363 13.10186429934
44.261789840184 12.066857450233
43.639605013972 13.425123805865
42.574045652812 12.557022838202
43.088053673102 12.590112269686
36.745055509995 -121.38137700442
43.05975184967 12.211154549036
