42.725818734509 12.600998309742
43.529487159883 13.005237854719
43.755055706389 12.15380569417
42.993041554018 12.586421412244
41.983226311872 12.110976183394
42.231100653892 13.072659905123
43.346582509294 12.213131288187
43.269646020287 13.56404743046
42.84863634682 12.446658331664
41.988171388411 11.837566681152
34.872205170589 -119.10430432141
43.553944866452 12.741721771558
42.498243933797 12.103527638665
42.019881741174 12.630285571178
42.490520457987 13.315650866069
46.655019878249 8.7916191200687
51.768306315769 8.1449771901336
42.607243374759 12.330387603666
46.26129008283 2.2085427349473
51.727826581675 9.8875996344199
43.375203324678 12.261077295666
29.350962165272 -94.569188464907
46.285040699078 1.5527359254438
42.020654632275 12.236449742355
42.261429176343 13.141668758908
42.600711354355 13.426376363482
26.516372523028 -79.658223403268
42.13137975483 12.800869187268
42.616233131225 12.026406218797
41.877665380446 12.721669062398
44.347928629957 12.222917757916
43.156013290491 12.746111682053
43.24859970682 12.926926969072
43.054085237952 12.767406060739
42.636414001548 13.270782097856
42.269896970277 12.724993452323
42.124180670906 12.776887829333
42.617178632721 12.79680372255
42.525982292169 12.79170746628
45.861573397143 9.3814541500907
42.489199387158 13.126781689549
42.592554562091 12.314266389869
43.616419700748 13.298914719068
42.87238067306 13.329628823178
43.774572986094 12.957212570124
46.402322163993 2.4520599923339
45.714993853921 2.0803082753347
49.567832743015 2.4983880734274
42.466768366057 13.397622831372
41.919426881226 13.613385162623
42.009572640553 13.801345432571
42.503064631274 12.823829520433
42.713026467132 12.978173416584
43.769149667031 13.554518854059
42.74622687222 12.382526629804
43.157388834843 13.153613917156
42.836449698956 11.836558157989
45.04824543815 11.574700814735
0.97696391585142 -0.39414378925885
51.297316450764 9.461387307598
46.743296050347 8.0974976933084
47.339198303101 7.8711079516779
47.365122846032 8.8485016915242
43.468785360695 13.331421131909
42.733796195955 13.657236258361
42.59850267118 13.75623388486
42.884154761177 13.1596483361
50.825665850577 8.7324752801715
41.866949243896 13.285191247394
43.09092560184 12.86183765666
42.775806112716 13.248441445568
42.858104426834 12.186961361315
42.236272499096 13.810923871983
42.827807356544 12.005472046347
42.564692846318 13.45289486763
42.320466667118 12.432036398201
43.793482433464 13.811389678091
51.643182314301 8.6155618455333
43.788972298537 13.325058541899
40.234750450486 15.721035027511
49.124944545969 6.1504500653154
42.759021298869 13.430778024008
42.056936963043 13.012070301947
42.094242157945 11.873440322428
42.083711384856 12.122817222107
43.382174680674 12.926514951965
26.143922143611 -80.713908850653
43.233890979681 12.100841975373
42.477058631611 12.593553357589
43.141024931886 12.075211750399
45.159929675171 8.8168490401292
46.684817383385 1.1088748216205
42.911827649435 12.505633612885
42.187116588108 12.65953446259
41.957278986463 13.761518364216
43.008859760619 12.738138229485
43.131135048892 13.430124377122
43.229489775037 12.478543933259
41.929853313125 12.000110910295
42.160657319802 12.256270987588
50.311455544229 8.4086142677854
42.664976465034 12.922868656701
42.807937172173 12.727544966514
50.08833830668 8.1758067338615
43.317135713232 12.263037866125
43.707677613829 13.019585993637
42.270002037899 12.727669983065
42.744868493075 11.895347563988
42.258166548937 12.036111223549
51.437130141741 8.3662517496228
42.474208778012 13.178011853817
42.541209473548 12.643136944011
43.728630060225 13.53244813186
42.001365377124 13.582008364437
39.88307946263 35.093264816372
43.813934334954 11.889276730797
43.420487831098 13.632431053406
43.49133217546 13.446350894166
43.505384019832 13.684364621867
50.795906430947 9.7376523649961
42.770455304913 11.940275036723
42.275536189471 13.095742557729
43.591130120976 12.710903182512
42.622180593045 12.784980425066
42.064248638279 11.937230615868
42.536014782535 13.660623181009
40.008907560458 10.0730799347
42.92961625288 13.348309622795
43.788841887766 13.509800107477
41.997855226064 12.289870753575
42.262995558469 12.960668539165
41.888441726534 12.766398495441
44.983846837277 8.9206337153076
43.143335693138 12.215277577406
42.123468510885 13.469084498246
42.483654638999 13.243876134646
42.637892294993 12.961627132728
42.841197954438 12.186882132307
48.380768635886 2.2581852762044
42.095905741742 13.545800241451
46.981657788149 2.1401559389849
41.964128395081 12.310114951038
41.8617238835 12.402445942372
39.609837976768 -77.993809359961
43.005786511139 13.016550544678
41.880274950958 12.801801247451
26.404274519238 -79.191158056623
42.522471945997 13.783946647695
50.026040889335 8.699052789574
42.369484429441 12.049494054213
43.766833489208 12.019567000244
43.579946061422 12.718343669904
43.576902129511 13.523948809863
42.623717765635 13.67145621158
44.497764419693 7.7204691270252
43.378245113615 12.173670810284
43.11454915775 11.966913748072
43.076706700084 13.047714203639
42.510455049833 13.520094552341
51.733713552697 9.4928806789652
45.331156060205 11.27744481041
43.587425791022 13.429471387749
42.554476532899 12.536801747783
45.214860173775 12.202682840953
42.113938543088 13.495439059818
41.932185661037 13.109309963954
42.172403836095 12.612075629091
42.85007532588 13.188257070367
51.118735360968 8.3453833020038
41.896188171553 12.914685050007
42.925512047005 13.771885376338
42.51253375763 13.017663551524
45.400064841099 1.605617552812
42.191064068811 12.795521286498
42.209608957756 12.37627452585
43.247767092331 12.941744496108
42.87420716878 12.146300118971
42.883976074834 13.69035531149
43.355929072667 13.269660782216
43.655552068586 12.01875158542
42.296007852695 12.737444253071
43.351531596108 12.683109301482
37.29081653398 -96.849413506617
41.961021573286 13.616770244512
43.332913176333 12.44506605784
50.082859976256 8.4249729367089
43.321172076448 12.558505985701
42.286433149749 12.138858353805
43.758265366686 13.104364190786
37.884490713889 -96.64398523357
42.57772232528 13.138740707274
32.091256255022 -97.520372305
43.456171768951 12.8038266971
41.903447495284 13.636278339513
43.003976659872 13.829170823039
42.756482857187 12.289753083296
42.663464074819 12.578561290458
42.087162583662 12.365096967393
43.754139922466 12.44563947734
51.965188099521 8.2560155760758
51.533030921376 8.7596547988987
51.973019185929 8.1728994907685
42.359301301839 12.544600480511
44.575624117337 8.1751720968053
42.662569932969 13.029630750918
43.725782658332 12.973937494223
45.480685431268 2.1117904633804
52.037782274437 0.74938795512514
42.351704509648 12.887775887704
42.10240311555 13.261687490301
42.147663341459 11.988471497797
42.573865676121 13.070081131121
43.502467945007 13.722085358932
53.343689019719 4.8263112795895
42.697633420929 12.129162815015
42.954295647796 13.572380668771
43.711067861298 12.648899896394
42.686269897235 -72.014722462552
43.041758119169 12.714939366449
46.461871859833 8.3876911985631
41.895352439927 13.413821353325
43.737730229172 12.644724415005
45.682378839088 2.5163289371488
42.228665586223 13.418987743773
42.77462982052 12.275793231707
42.481110416132 13.231584824751
42.399719292971 13.012981822741
51.199784481525 9.1652008882562
42.576836665451 13.119521720877
51.877890506702 9.4755034625882
46.293293497222 10.149462010502
41.7568630056 -83.559273891153
42.435463901367 12.810839811739
43.049263972367 13.702790522831
42.034693193659 13.307543313761
42.11780068379 13.338963063613
41.935321065588 12.738549247283
41.920745314549 13.832286382037
42.225931037809 13.663004096927
43.113889703135 12.573272879523
43.416620052635 12.947954007887
43.380376933806 12.932400223789
33.754165971521 -96.705814848999
42.116015357506 13.825654649116
43.645735496045 12.875185285192
42.256606135192 12.891658365231
51.77508351662 9.3529377050479
43.510433766318 12.586239423897
41.951621161307 13.331245402515
43.396564771627 13.451542324618
42.622359608145 12.119951878751
43.289298373896 13.043134594843
41.853569737588 13.660861286663
39.073330874843 16.544394430257
43.68954196979 13.45410002931
46.090290947859 1.0209951121458
45.391602454889 2.0461109518288
42.874514582064 13.164209414371
42.417141928087 13.820255970985
43.108474331979 13.777601431973
42.036104428154 13.492183269717
50.658634324865 9.0838744487073
44.931630828481 7.9930639208728
40.697612824861 -74.245429053683
42.806816474931 13.171485640675
42.975659273574 13.08371101093
43.256489924761 12.462067373799
53.642849638806 -6.5982794400009
42.51329540627 12.538281479191
43.667237473518 12.350924732814
50.853787255871 9.3048095695231
42.530379628099 13.313134469259
45.267617394781 8.7974847634987
42.770814819176 12.821148756364
52.931339199537 -6.3981354307087
42.328662358398 13.299473815758
41.957819154953 12.133941073054
42.18992028862 13.006896559639
43.555254498311 12.156356684957
42.587309202474 13.61622159307
42.886721766223 -71.504376286616
43.231090374885 13.028804622625
43.440878137707 13.568975795346
46.366954267687 8.7717747945207
50.916653188605 -0.93211186679178
44.353139555202 10.279101471104
41.256557326953 15.802824277225
42.489257381546 13.147570763339
42.1053125398 12.744501511934
42.238892415205 13.355752510205
42.415825451008 12.65549323787
44.42007440164 10.793370541692
50.726123189892 9.1306547965531
43.620816944477 11.850409268819
42.436198843402 12.921640744417
42.45946677658 11.963229643651
43.427207940012 12.595231556166
42.69871089549 12.024097973513
43.165591647015 12.102040011504
43.400898946657 12.044269985561
41.880043377134 13.738380137264
43.469264016726 11.853519778651
48.597936400067 3.2556490255118
43.504028818826 12.942589633161
41.910588111708 13.233900661245
41.428615258427 -74.11863398524
41.712309976126 -74.708722547158
43.769443631551 12.411030975383
34.21176261608 -107.28378945056
43.488840728316 13.293861409807
41.042416008421 -80.147885443489
25.556608078312 -80.138431140096
43.779428957251 11.681071929115
42.948531915431 12.837345077601
43.271489783338 12.990848678181
45.889564482488 7.9839673729749
42.696370350542 13.659365836393
42.085810009451 13.038615105713
50.586240269982 8.2370965924287
42.835062989909 12.846907722248
43.087461108869 13.347244212121
43.147630364258 13.74539077505
43.042616611387 13.754805798549
50.154148097222 9.8543934206732
42.317057440692 13.318309062795
43.3906063975 13.23644077139
43.453325074864 13.241700642876
51.322094757027 -0.93719326241276
43.817877569172 12.82160896662
46.526883521153 12.381710687737
43.016002199175 13.038204452993
38.170869899125 -123.15438172951
43.729701507732 12.933791353357
38.239748430933 -122.40174184401
42.704048624611 13.279882388806
43.591175515501 13.785436165906
43.641036421846 13.720541788156
45.967435000449 2.3568095687576
40.286861229585 -74.068782182751
51.678444470595 9.7639517564159
42.115359579955 -88.473838337467
53.507812016414 -7.2181528477083
50.103942494422 9.0064162588708
43.529650873307 12.504662854853
42.50283731406 12.3371695524
42.977539648666 10.089371850241
43.299176189743 12.132443474688
56.688270775583 37.201050490744
43.460044007984 12.118877028191
43.482368987765 11.896227424471
41.91074255619 13.490320581726
42.602833050139 12.78510486187
43.741404437361 12.894737185882
43.290182937093 12.414175468711
42.587143733926 12.281201826095
43.391738299018 13.399591891302
45.14671286342 1.6261997537809
51.038776505757 9.1189323827247
42.736893125243 11.880877623766
45.00234436612 10.895144069076
52.232885394121 -0.32279294795952
46.648112754639 7.7468095243661
43.719096422086 13.725247425852
42.516332194936 12.172918883254
43.315215751231 13.659260291003
43.194573117066 13.533530863271
42.229959361849 13.826846720126
43.30427563067 12.286772458037
42.639734757917 11.878269619273
47.962904086319 8.5461389825429
43.692208890215 12.201455649569
42.586125658188 13.583153366404
42.803703647968 13.743086730497
41.935612156047 13.078229001781
43.08233327797 13.037243471054
51.510027143643 5.8526141071239
43.428979557694 13.217114882666
42.282376210823 13.360980420562
43.625572846583 12.218714144204
43.682461183391 12.113705862387
46.289365817858 8.7985827121411
42.244010048587 13.591774316336
33.348804430579 -117.74308660826
42.552694626431 13.602973714307
39.732878660644 -75.211898580339
43.559543393834 12.325474672192
42.509431396404 12.389123876316
46.760025859233 2.8332817469879
41.966682160744 11.901716059049
43.790312289184 13.516521622223
43.59683011409 12.736770839794
43.7087681297 13.761815889649
42.301124101666 12.439578297308
42.328012804675 12.517218552792
42.401862880423 13.613604410858
50.051925212635 9.6316372806354
43.182493350109 12.312145402821
42.840489654749 13.348609246963
46.728839278682 8.1286572672046
43.268756614678 13.493298593228
43.118871107774 13.608921819205
42.061403848746 12.305711461394
42.736901159762 12.433874245956
46.118218542132 1.8749318764894
43.546145328596 12.139691157353
39.456604387549 -112.35270216645
51.879968358148 9.0799420681223
41.941409536165 11.980902238295
42.931385158085 13.286440127684
46.67618394954 8.4840196503718
43.70751569688 12.17748041927
43.004462247272 12.415793576492
42.882486661862 12.276242724304
42.014510205975 11.887322315915
51.163503846463 -0.88802354410198
42.465228791121 13.21123522532
41.844902171702 12.173798566786
42.203248247154 13.601298392586
43.010535259757 12.701855786027
43.131961810485 13.116847678629
42.297975438807 12.114415073842
50.462703609589 8.3318186925407
42.673287421334 12.831428538485
43.076567961425 11.855947383168
41.999052804915 12.674199373796
52.958364868431 -5.6500069505481
51.581116428869 9.9428646620097
42.651229229149 13.165162506146
43.459691105646 12.294696903014
43.59415123688 12.243601312995
41.936506568446 11.953417950775
42.086760384558 12.072873104419
43.134459571531 13.790206596179
43.389193951355 13.159755978829
43.740474252862 13.796805075296
45.321511241876 11.13643970633
42.484376128078 12.230143853126
42.6083239157 13.264942315086
46.875212035803 14.083674501455
37.744212991905 -97.802722586227
52.798363476665 5.3865686392582
42.636039974019 13.789898875558
42.812865016916 13.768314773596
42.801224679149 13.07746734243
42.497596070423 12.930809033092
40.49423534927 -74.618354538409
41.970545752913 12.061477697504
42.457129546209 12.232341836801
43.637056720761 13.665608956344
43.615803039475 11.914389631692
45.485220191623 12.073574246591
42.819548431721 12.159516935332
43.297066653772 12.83553708246
34.600170783358 -117.95090350345
41.239732015664 12.765443331264
42.498313541312 13.162962932702
40.100775594915 -89.679435247408
43.739096984632 12.055812229915
43.63805530159 13.033863535188
43.138580476019 13.311713656577
43.361272033959 12.075732003488
43.980073617042 -78.912590386168
43.010939294964 12.910466725452
43.035650444255 12.70721316978
43.003920135577 12.551842935196
43.140780750749 13.463730676802
43.27689610297 13.475048439819
43.522594372541 13.350996283999
41.995353286173 12.196401039251
43.645734811989 13.646174502881
42.59981588118 12.23209529383
42.840429619833 12.695789322602
25.958891541195 -80.814281446117
51.966557579099 8.1710427534632
42.319462145848 13.630381523015
50.833698723853 9.3885214037208
41.471150812598 -73.862604833741
42.116314993315 12.540717317064
42.644186790422 11.86862298004
43.740283437905 13.294282073779
42.273579714968 11.948587293734
41.919566604758 12.492698346981
43.664540130975 11.857206235129
43.291355875943 13.446231344012
43.767763727257 12.794789253194
42.735885076123 11.954776729923
43.312300847544 12.152081791869
43.785262895669 11.840430919493
42.531518084731 13.492539657996
41.949076925402 13.002012160629
41.966438442008 12.391082112415
33.450213029299 -84.985717277409
33.19758635074 -84.915532501282
45.569743762058 2.9464452401486
41.908303036798 13.337903069045
43.210755170442 13.09026864969
43.556322978158 12.045337299858
51.070993576465 -0.4407316602537
45.016050649349 2.8286227573774
42.705526292674 13.625976899951
42.802170245371 13.023317286777
42.72023180675 12.791053856647
43.399780172596 12.025635561473
42.504722548439 13.278754957637
43.521200443882 12.660605207414
42.271564971337 12.739811214518
42.389483523292 12.0648505949
43.504547573416 12.391876481211
43.043566720136 12.960079190789
42.111083097363 13.237702082509
47.305760755346 8.5008022130936
38.035623833554 -97.253413246597
26.366937038643 -79.319534011144
43.404700685968 12.880768172408
43.206167193247 12.577017438888
43.330518822826 12.047963175035
42.796979263351 12.961994851477
42.861862517272 11.171290179745
52.863376467891 -8.2518207054827
42.310951474289 11.96816183115
42.275469473712 12.0204123827
42.824076357702 13.488018130666
45.239486307646 8.6010686639026
43.148686026779 12.387808480502
43.018332954526 11.930451870885
34.595438259292 -84.072541506758
34.425641339976 -84.045541961606
43.325704781511 13.099478661616
42.970912239056 13.326115496629
43.077221732644 12.668292539061
50.968120601246 -0.73095288073688
52.090524626239 0.70761978560948
41.790749330023 -70.829511896414
46.149237447816 9.4096477191452
41.924673172166 13.273920893352
50.458897057203 9.501197713195
43.271842909659 12.230255350133
41.075663963985 -73.900789663746
42.969479569706 13.694829434501
26.355312102157 -80.147881532898
46.773380826401 9.090485109431
43.331897318073 13.40672588742
46.014327135409 1.8577784308501
41.954195095692 12.091635762312
41.834895873852 12.69703669089
51.597586374542 8.0521047679019
41.839127551245 12.844399387897
40.973835594148 13.541196427977
43.528224744635 13.110423341932
60.995941882485 99.755380564721
51.434990933368 9.2157305368296
42.971746840522 13.583039976483
42.541990326991 12.413940575188
43.708409294837 11.872024929112
42.405367133883 11.92162963793
43.631986171788 13.082003282442
43.186663538791 12.225754634138
51.622147641202 5.1131768018767
46.317568947034 10.58802801554
39.957873671004 -77.141275805446
62.071390272617 14.966319179147
44.589879808107 9.7165530099355
42.393347422331 11.908014619701
43.013044213903 13.41191672881
43.387044341039 12.215973276767
43.604160128929 11.96982169152
50.053166863533 8.0151123614121
42.114116201251 13.46158225532
41.963721781973 13.495402721009
51.972888266888 0.80834631654357
41.404822914724 12.945819874546
42.047895522366 13.218732715242
43.209193492427 13.704004252213
43.21978266177 12.715650553704
43.703650319832 12.521584010481
43.144227545331 12.044989835979
41.977217463787 13.414657783909
43.140126200479 13.213356269178
43.576423636461 13.080515570531
42.012253064689 13.325982747772
51.278812191113 8.8910416345536
42.156950903685 13.225845323536
42.460470300403 12.605105362204
43.734936847715 12.899091859788
42.344857738535 12.403822839935
42.941284603899 11.958878691776
46.399404362056 8.2849540690356
42.456469912316 11.983934270232
51.826062165585 8.0867918339031
43.086327399654 13.554399520438
42.818894819293 12.840352151955
46.428127408481 13.510649090193
43.179511497833 12.776226616847
33.247919054428 -78.643349941477
43.65638098619 12.312069181054
42.188028600641 12.626822074257
43.133995351465 12.555082266964
42.811615287725 13.332613123291
44.724155845251 11.810338959477
42.447447211245 13.414119897624
42.646810851848 13.393415607716
43.978714009947 12.190561320675
40.777341895618 -74.741808675156
42.295886524646 12.566743551107
42.120833298734 13.677520786749
43.819179630775 13.020534276527
42.570606068063 13.667882828374
43.812743706562 13.72602047388
43.469853809809 13.760946499559
46.464325723455 8.6500827491517
43.61337792159 12.692798215308
45.52745438252 2.9615457779549
42.102887986297 12.389892157835
43.657988760016 13.66644350845
25.692089187752 -79.262315418969
42.211883267042 12.45815285179
51.727545539256 8.6398295632749
40.963988630772 -88.376016975571
42.751759342755 12.374298892179
43.312734753526 13.214736739295
51.846549720898 8.798571273125
41.853273684112 12.226170932535
42.139284689997 12.330269109167
42.871670652142 12.315152827818
43.233954886104 12.117872783524
43.787955646791 13.369859491203
43.741128155862 12.456946036081
42.010292995281 12.246622638447
43.620623810992 12.279579435161
42.242751943082 13.257805785305
42.818353863369 13.49961133932
41.846209729971 13.645206948132
41.971905758147 11.878612959256
42.770506950941 13.001779792852
42.325103392997 12.729149830422
42.70452171273 12.071043872794
43.058730529204 13.702382476883
43.605414084625 11.239219928598
42.226936136033 12.374733333671
42.365629205206 12.623785348455
42.919311116433 12.30213091818
51.010318659018 0.59456067554866
43.635096728187 13.275349386186
43.56721788813 13.028382417314
43.366144364891 13.484194768839
42.237934274731 13.324795795777
39.97833197479 -74.436961545575
41.993682629447 13.645022503422
43.506405107934 13.800071312508
44.990637321512 11.771195083613
43.476117919908 13.820844694444
42.531757707511 12.988290218652
51.505854821534 8.3293812537237
43.208896475497 11.8938471968
41.883513247095 13.356947003585
50.519641803354 9.206809901263
43.331708173443 11.936351044561
42.805145176989 13.473843456488
42.539836625841 13.521257518123
42.283876209673 11.85415547383
41.567307557431 -70.341752773981
45.146402231046 9.1604822112995
50.381136555402 9.6097788869449
46.976076187555 7.1225078437116
43.438818739487 13.544005727204
43.156139738951 13.480707442167
42.838390747962 13.131541960024
42.850928590817 -82.952638565748
43.616702823277 12.260956447714
43.163792671267 12.224377649496
42.920871379304 12.659204687786
43.706789058983 12.398223906031
41.951929265166 12.049803947143
42.537869475122 12.910396425033
34.10074139745 -112.35673061729
43.693095030607 12.473677272219
43.245012261109 13.306289991062
42.920570967703 12.50093170048
42.977391163363 13.083062015534
51.839344665799 8.5316099908816
43.731355463051 13.37430535323
43.350159231757 12.644679671009
43.323851658669 13.763135736253
43.655203153705 11.836491590311
43.332070930105 12.157858484054
42.660510036957 11.998103655895
43.744509576256 11.88914396797
51.781014434891 9.9685125490504
46.745628692557 1.4084364610763
46.3956547074 2.9908279497134
43.15346388109 12.801704710744
43.596959957686 12.134538363749
42.9770332859 13.557513619122
44.735291900549 9.6048074168641
43.538676387716 13.058792158756
42.71715611348 13.097769544526
43.377938430488 13.100271464859
50.380668390254 9.676608898992
45.090221740138 11.060663469537
45.359903107469 8.2233030409451
42.609776799174 -83.722558147818
42.560548839907 13.695609498648
44.550941032267 12.617633443937
41.452222254024 -74.159145125393
42.51216117924 13.191183627693
42.286977468213 12.632485722973
43.910094599244 12.614931245691
38.01413751208 -97.244898425995
51.814993849404 8.4562248203234
43.508908083455 13.433581857234
42.316531603859 13.208662817838
42.589292306283 12.792601310572
51.816407662032 -0.011900721640275
43.278872162255 13.313612313643
43.644907504641 13.797163497583
43.322775208097 12.546803295422
34.05190842446 -118.48753818918
42.315052895974 12.080150769616
41.979585239675 12.335581062073
42.931232318271 11.844522010484
43.726735395739 11.956575045363
42.140292373107 11.867668522481
42.093648463552 13.764615019229
51.825216251577 6.106972569766
43.101875720614 13.389119627622
42.681210854429 12.567924659519
42.857428414236 12.013991287471
42.471761315836 12.000953300878
43.23295132596 12.019695977245
45.812210961227 11.463240140799
43.385605005282 11.942234396463
42.677447915414 12.43260795459
42.120257249645 13.287570019408
41.844480671868 13.763268254142
42.82912693016 11.292181387165
42.891405021742 13.318084416149
43.479636747634 13.559172048049
43.335751243579 12.693056538113
42.571189530015 12.558815855348
42.040395152795 12.685730569405
43.101851058261 12.781816010748
42.686983932616 12.266368284035
46.888364125645 11.80274509739
42.56268762546 11.952696580904
42.859404108908 12.169515529747
26.72422337145 -79.495531425386
43.815681503555 12.003558960766
42.303221913682 12.411305659663
44.843182722311 11.928803590347
42.254113314347 13.080622871931
42.936752544708 12.507351184521
42.078846175747 13.698177688636
50.652724223283 0.86993703467769
43.566919318685 12.116454701015
41.975014945967 13.184200289766
43.479340131173 11.916181597841
43.631775779965 13.599328954073
42.467723204527 13.163035268992
43.731596084208 12.895572571522
-37.176198495634 144.97763747178
43.695311196959 13.335035709841
50.533394791434 9.4743107880812
42.156657243241 13.032719836607
43.417215384293 13.406272460917
42.821449065984 13.370215892054
43.534769979576 12.979939235852
43.518906004524 11.989527174288
43.559874844553 12.965658811392
42.703326044487 12.386260003984
43.238580207473 12.312728765587
43.582196320699 12.168609574071
41.985530327554 13.152088685519
42.683098057158 13.037769369354
52.15322776728 6.5338839515037
40.475733785798 -73.438209868372
43.292140599963 12.107469978813
46.500118032587 12.334350902184
43.135347999251 12.034999667238
43.387211231716 12.936208293299
48.751909896548 2.3885594517615
43.680128192401 12.324570413851
42.265619654353 11.844289195672
43.065080874185 12.684408671562
43.145415923181 12.950782863421
44.789864542659 8.8444852556542
43.814294287869 13.566793419706
43.357601030917 12.573997814962
43.314867894333 13.695374947386
43.765052507543 12.258695210006
42.718678477576 12.920806922003
42.393705802243 12.362836422589
52.530537074867 -114.14810693457
45.722340491031 8.841552144029
46.506933326601 9.7330345304394
25.891936071615 -79.543429796647
43.495316514066 13.486115843771
42.601966484751 12.511326658799
43.119173484465 12.126485203938
47.761086010517 12.493876348268
50.453123195308 8.42226121734
43.63704704525 13.573446917636
41.764831837648 12.792140364017
42.933893550178 12.967502353719
43.747077534344 13.377764167461
46.530917908871 10.623607038999
42.468200716429 12.796878352688
42.051699336663 11.838689408677
43.508415209387 13.708637392499
43.722781133264 13.432920595854
45.336268229662 9.3537222816859
42.810317277802 -71.00436278549
45.217933693467 12.172510688204
42.159087350687 13.826911298964
42.992731678783 12.670616858506
42.305116379331 13.599506700246
42.179276077647 12.514661935884
52.289347523725 0.18183406957977
41.915560881123 12.711550710609
40.154328003284 -73.992534916045
42.789915183482 13.681975530799
42.110433598587 12.100449286935
42.282727793943 11.834885644671
43.071302025475 11.974829203719
43.37128669136 12.232597381472
43.740157236711 12.08597154642
52.737370428041 -8.7338079850812
40.564684987316 -73.965352692206
42.355807225407 13.232273699379
41.270523955938 -73.704567271865
42.303872274397 13.450399856779
42.15290664425 12.24994925237
44.27828465853 13.286239843411
42.589289789383 12.830856396759
43.381867810817 11.879395818303
51.339038028307 -0.16356447770891
41.937701200593 11.96662320104
42.985303117908 12.25351959248
42.227097368926 12.990411035733
41.856892144728 12.876950602011
42.850169932421 12.47207703512
46.271606264457 11.986262833648
43.297379529729 13.549239323286
51.682499534768 9.0260554663958
42.992435773852 12.489630221638
43.646353504477 12.705889265868
46.052047507887 9.1580291807456
42.115838842076 12.600820649716
42.183926658346 12.455585991731
40.125413635024 -73.618835471524
42.411129808266 12.802810567826
46.142904866088 1.3685732601995
43.514491676148 12.496712371028
42.505335263258 -71.157223156978
42.716323002596 12.364365821895
42.782230439981 12.150650348605
43.502760805445 13.547039842043
44.60195703204 11.123392736821
43.55615181923 12.206284990186
42.932357045346 13.382527187666
43.202465188805 13.463071118346
43.304033572948 13.064483902002
44.992172591664 11.014557342306
46.539579925844 1.0917438860479
43.539411139015 12.018266420841
43.089857925258 12.013097181478
42.614860638352 12.760406321755
42.03232063217 13.205030907062
46.42581496368 10.156657980828
42.710412664691 13.473724246732
37.179609659212 -97.791418391648
42.752948058209 12.068367995375
41.969048168982 12.998688886428
53.6090364568 -113.94306800978
39.267927977555 -78.280214275789
42.256337571098 12.0656213095
51.053764692533 8.0894113737575
43.047526430382 13.097767036475
51.49969818024 0.48199835762941
43.831668875588 13.559000871426
42.974770896146 13.448398393809
43.524849110083 12.899638952662
43.007737503877 12.490621328138
43.40470882107 12.820672966477
42.418174793694 12.815788436616
42.639199561758 12.209911974731
43.81574195291 13.109471056217
42.337424363188 11.851728493765
43.338835506879 12.649380150109
45.068952428998 10.892091989185
47.459014821546 8.0108103291182
42.989284495839 13.135588342874
43.427384656143 13.004279834707
43.695007220721 13.571540461209
43.430014837754 12.456609187416
43.288869887746 13.311232261991
41.838045976536 12.929559146974
50.255899085782 9.024738175806
42.287307888424 13.50270595427
43.456777813612 13.479445777612
25.676266004164 -79.538152562049
42.49134836464 12.489093479483
43.499846397687 13.490042131643
43.691492189996 13.392337626981
43.000768232646 13.549663941187
45.881176888422 2.0300277606724
43.427561796956 12.766945987852
33.426977185577 -118.60932455591
43.562635525878 12.556254240964
43.213309726333 12.765103763347
43.244125629444 13.806145122671
42.502059359824 13.145965099424
42.200819868243 13.538837342795
47.828876509717 7.5273992677812
42.05354398447 13.479311871587
42.65062635564 12.657102274104
33.116507025303 -111.01027897886
50.622477865136 9.048592577711
43.290648157865 13.605820114096
42.665662473864 11.89636767001
42.591546228918 12.150114728694
42.034928683229 12.33389856684
42.725109830392 12.932759320819
40.32140030742 -75.100669869866
26.164459778987 -79.657617022399
61.820058850022 9.8546351277524
43.61806780643 12.304865935515
43.804599299957 13.442152259167
42.643112791091 12.640200733992
42.919383700455 13.554120321571
45.244438440527 11.709039331004
43.835299754762 11.59111310113
41.93800122616 12.90307615695
41.852910217316 11.852551453699
41.844467066177 12.632237778826
39.457591195592 16.606671255595
42.84143878654 13.58760311484
42.303872972889 12.52288235797
50.278563545215 8.7969880759702
42.072897978648 12.511680627035
61.418443168708 10.726765578485
43.592316395434 12.537919525794
50.118104700054 9.4441503889133
43.258955673456 13.181107853645
42.36425844273 12.152206191419
43.400196888226 12.174404123435
42.601111995823 13.128053839399
43.136204830921 12.295607020771
43.053902579052 12.385569734699
42.049143361903 12.231821349485
42.388948150181 13.254466544045
51.976243657049 8.8904399242673
42.031762375532 12.887732977482
43.476653612927 12.840022287744
43.543104662834 13.708647358582
43.083287973482 12.776869926519
42.86000029552 12.207818045864
42.458327513423 13.347414231576
42.75480705956 13.728851559932
42.182006429987 13.194930669032
41.951208102515 13.216226552269
42.167089415813 12.178628465265
42.198670121489 13.788538524338
42.610746559527 12.319797863888
43.147964237813 11.905564032472
41.8607632075 12.21014621726
43.077481796091 12.181294767291
26.230724794881 -79.79304408719
26.533054278463 -80.661246391131
43.348299902581 13.549937031509
51.776913913794 9.2506058794682
43.187829016351 12.661927239367
41.995489982441 12.508723830131
42.093000232306 12.619395675913
42.561789416525 12.160062897115
43.475521134921 11.833510553408
43.178332544036 13.622957125152
42.117941971944 12.73408860703
42.085981467334 13.430407427473
43.585300957612 13.582973653743
42.884878619076 12.566803391842
43.333562340764 13.105850685924
43.539706075371 12.868747604505
42.880697623326 13.284418612872
40.940853683868 -74.460436161953
43.290831296861 12.827156636339
43.363892148439 12.585462892722
42.879462063277 12.514662116561
41.935928662299 12.895930396831
42.296001010268 13.745414722613
42.975974158394 13.251431301374
40.047151817648 -74.536913626277
44.779212952626 8.3420781376757
35.419536487431 -107.04295794494
42.641830424632 11.855407006061
43.687150775796 13.335095463498
42.151902986316 12.941409451415
43.762256274841 12.78735573582
43.305006808299 12.962467636451
43.379833881941 12.445043395967
42.224551881789 12.563385465466
51.119714093217 -0.33957943154945
43.024331271215 11.93003454943
43.548631701429 13.312120930924
43.717019176 12.546666593566
41.006705027229 -75.073223174715
41.840615699946 13.669496160799
42.422493327161 13.034327602517
42.44945111335 13.668127367605
42.293390359421 12.993215399812
42.452436135848 13.694784474904
42.102386882132 11.866080050781
43.118227972259 13.744348165015
50.104516432669 9.6571606791844
42.616298589232 12.293285503675
43.324215862606 12.305526154279
52.736359371681 -7.8690552925081
41.980643276836 -82.345932442598
42.447362383591 12.539765214354
42.969848505228 12.848232866681
42.221384463956 12.422266987836
42.3749675301 13.39317041004
42.556677172241 12.983693115892
37.85285743226 -97.460955869155
41.709808892223 -82.114840523135
43.088763034499 13.113753317464
41.98728088617 13.671273233237
43.07254265394 13.076286831462
44.169303522945 10.292300680346
41.995550398268 12.484433100805
41.850586015683 12.417438104498
42.368064580212 12.881546638406
42.789685509556 12.785218708604
42.093538418011 12.760353199581
51.962958207104 0.69825923982461
41.509215111601 -73.920066736182
50.079726740755 8.9467308963401
45.822704892337 9.2836670652422
42.329459031287 12.926931384938
42.671271903308 13.791289222816
43.514615364168 12.692501359497
42.577148084819 12.856020791876
41.795423484464 -74.671676759587
41.981544285559 12.309517337174
43.375665351013 12.256908374979
42.266321370057 12.162611260176
42.241274600516 12.966797362087
43.439274118973 12.688813307664
42.728008515794 -82.751871582212
49.522131671839 1.6281083552973
43.319025789091 12.613979051662
42.331582497981 12.522758148875
50.622081636277 -0.28080987801119
45.857204245991 9.9885994647599
43.533164920555 12.133268578992
43.453573389211 12.767834225582
45.043941262944 9.4086200265254
42.923603701391 13.369246552891
43.766835644754 12.131145685528
41.856599648437 12.839354757166
51.760018950216 8.7928809331697
43.116871644353 11.985474130153
43.644373432123 13.529488642502
43.787822095599 12.202842180733
42.354013653192 12.99011772407
46.193405656725 9.5331906252229
52.245559625675 5.8431738554934
43.316825074312 12.06920586718
43.809426364421 11.987968577553
42.20211730257 12.212305121709
45.617110663821 8.8650169909048
46.444611129558 2.5300668708654
43.700607776523 12.966392712207
42.94996113749 11.97221448413
51.909436977094 0.42565614771562
42.837164787055 13.51902601382
43.029048264527 13.596834484787
44.843722462765 11.968471833581
42.882379110869 12.896656577448
42.988517688137 12.93908847402
59.842064137751 17.556559100704
41.93776453891 12.473490858226
42.111320607903 12.277740339433
44.576410881538 8.7803496113887
43.534900751235 11.929616518773
43.034917560443 12.244309020829
42.198720201963 13.294037091238
42.144337253733 13.136716670441
42.816101674392 12.524660499566
51.876076654241 -0.67967912079285
42.955263682641 13.456346420339
43.513588151223 11.924735497204
42.694049824839 13.73517958344
41.901400702515 12.733276627855
42.845110584931 11.914188925158
47.331267928859 8.6901258652518
42.101139764835 12.097235396105
43.265619170065 13.044989526779
42.603924570442 13.412256217309
43.39471334286 13.649672664094
42.354610410705 11.903508023335
42.547573366944 13.651708179012
42.158866924329 11.849217675577
41.948419147168 12.594266023319
41.951921240891 13.275961335898
43.651089583382 12.63783539584
43.687507336835 12.663283220822
43.411249938633 12.008279834433
42.249474821284 13.563642307468
42.882554377861 13.483971266788
50.922933707443 8.8205960229135
43.351176900042 13.124110896219
26.659252331416 -81.092485564614
43.304647867265 12.661988878952
53.755040057355 -8.2063536123402
62.83208668131 14.507338001629
41.922935407128 12.781055099716
41.845408941102 13.680258776399
42.626576904986 12.095142362705
42.437033987829 13.291655289632
43.381693627418 13.288322501505
43.009948578689 12.582683903458
42.125002962151 12.700844956444
42.333908299161 12.876426230148
42.570834338952 11.874767256863
43.295484508081 12.837332640254
42.47397126887 13.63224091133
64.331930840543 26.833024171569
43.037122261749 12.972522088335
43.18486230412 12.437902554629
43.017141401331 12.215801918535
40.092393548888 -73.565513679687
43.742614223523 12.124418020793
43.674133698325 13.135315131946
43.25484726266 13.818456674397
43.534721991783 12.050342281859
43.553888280224 13.715938647166
42.967035777873 12.988040733632
45.808575258967 1.6118872182499
45.384105903036 11.607727434196
42.02565607525 12.086143817814
46.096618437228 7.9111253280455
43.750213404556 13.096811521864
52.77421410022 5.9890515954416
42.418114131532 13.410010761793
39.487344365075 -79.480746964925
42.632371783572 11.866675697692
43.487524392797 13.090498214185
43.478388060128 13.244905774617
42.52316766445 13.54079807903
42.492129105393 12.427752380014
43.096385771009 13.507396082185
19.201328104339 -66.346078836287
43.155184444133 13.339087499485
51.895887732224 5.4861571885348
42.411792749752 12.364127315306
51.504227214728 9.0327712511796
42.834535753764 13.68550059699
42.752661939616 13.019089750975
43.647403769983 12.971146899283
42.366273252485 13.627251813036
30.361065241973 -95.675997923187
42.874755539428 12.010840327971
41.528041505525 -74.400796406103
40.434324076586 -73.899416103493
43.383827739595 13.156786776242
42.538052480008 13.5596561607
43.767838339234 12.758070649953
42.473265341724 13.578318942629
41.900471366917 13.23786769774
42.935752045354 12.85530708679
45.279386206194 1.1619489887552
44.051700911672 8.2187052195303
45.991066739425 2.0054099336292
26.666429059873 -80.250333745424
43.734576278729 12.581472004124
45.073821493925 1.8778785969493
42.486939139912 13.030533668155
43.361983960218 13.138270676221
41.930681930378 13.80168003768
43.000998931493 12.402858595107
43.411783628844 12.933470955109
43.738261465348 13.092882860051
43.014511525193 13.533876125505
41.030407909805 13.348040488129
43.570945214301 13.416737509175
40.502404830339 -74.419208178623
51.281242170502 8.8581248362819
45.511292894937 12.434312977283
45.863094736621 12.262544631799
43.162080104094 13.603390346583
43.738136046465 13.362713320371
38.831025561685 -105.67343681405
49.287795616564 15.799906166876
49.312546720525 15.545687802157
43.510022819766 12.850786443751
43.469280224533 13.117334332393
50.739136123443 8.5143488489624
43.64978620908 13.048196585427
46.237930891215 2.740703201732
50.816601956643 8.0367441796869
45.176453697137 9.8724893346766
42.510672152767 13.314817504659
26.469206880048 -79.403271582441
43.294576228754 12.258107427649
42.409664442043 12.114192245137
25.270113608909 -80.742650916024
42.679109001404 12.111271790767
41.903185456967 12.691564373549
42.422933701644 13.142693974631
40.208097855383 -111.322070573
42.500796361149 13.011074376784
51.398116329637 -0.28470645351088
47.63852793334 8.9636250622401
42.575461500148 13.28088777155
42.20688495657 13.203440384589
47.953773099748 -121.46705155422
43.078487130405 12.120498748108
42.390368383316 -87.680588518136
42.5544745408 12.848455928682
42.320811246227 13.16516899793
43.079982922936 12.913796849064
42.826745052297 12.348599015918
42.604983521462 12.958995605821
43.385746061537 12.041601221118
42.04372176439 13.542269601294
44.939086349466 10.201980428305
43.230272215454 12.426958310172
43.820437644546 13.773621481293
51.931615982173 8.4633497523439
43.116389688813 14.063172705894
42.163137024365 12.420356865723
42.394530995954 12.161827046055
43.078602915222 12.775628102394
42.214805723755 12.145818616818
42.138697361659 13.054684527265
42.13216208116 12.62569671528
43.435841959194 11.877087031455
46.308133156648 1.8507093148542
41.889691025454 12.789780600851
38.595056721926 -76.801421732509
38.387584028654 -77.108800633355
31.142153015194 34.612913135375
51.567184468064 9.8453328161711
46.100198875251 9.913863802568
53.29244237379 -112.51301464882
42.0885291333 12.814306793203
42.382221531788 12.206455612207
50.055553149458 9.2741701017479
43.427749790937 13.546256442364
50.713897098421 0.73313039570262
42.278159995714 11.892710952059
43.21276114474 12.487181583202
50.331288212133 8.213101805287
51.477288348823 8.8215589387443
41.835498435367 13.255546145281
42.415840848098 11.952458191662
43.215383286709 12.281382897089
45.626764505625 7.3258803164497
43.352111420313 12.696211592174
44.810474796945 12.283127880347
43.72191317648 13.124231421002
42.683932546519 12.760377150194
42.521154409072 13.354803252686
43.0793131651 12.764262738083
50.751037292532 8.2163118376473
44.888768038451 7.7352845397244
43.312675688582 11.836449128055
43.312915886453 11.883031331901
46.824932007503 8.7724641458003
42.254172137612 12.702450949115
43.517460149509 13.421777701688
43.67345712833 12.85755279842
41.598355930729 -73.444611112926
19.361529257084 -81.084405365206
43.172321856589 12.476940007658
42.013456056387 12.946404751386
42.404524971475 11.885639077486
46.33060303814 10.010549375047
43.358129807004 13.249474699746
42.297362854864 13.354016295354
25.530489448688 -79.73179900149
43.369362570538 12.740885130961
37.567975649397 -121.78154877007
47.788725622179 11.615515371487
42.485875162078 13.434217285122
43.430840265227 13.04095108392
42.358957844509 12.349737513529
51.87991669815 8.5907367465974
43.564641075027 13.105494951434
42.111977419423 12.275613970273
42.833170058149 12.476594225746
45.84106182861 9.9525746225158
50.541291240622 -0.65379309317273
52.06976405255 -8.8846335838943
25.348960758798 -79.854491836599
45.56289679397 1.0380691029309
42.254768482549 12.386996401675
41.277260619962 -74.499015992405
42.149213422625 25.289872376383
42.471604277155 12.46035547578
43.343793822634 13.494665046008
42.678179385012 12.489441214844
40.024913754943 -74.836792943589
44.713726967931 7.9093484527219
43.525909405002 12.970956145328
46.991284113839 2.886397601518
51.587245544692 9.4610557292872
42.522998434756 11.925910507781
47.880072016467 12.835564862183
51.623949768312 8.8325043012539
42.546544562369 13.480102190061
43.013281351448 12.767609151924
43.562022014338 13.285240408653
50.86171512439 9.6708813848304
38.573720413527 -96.332486957932
43.146957941908 12.591892567294
42.066514796164 13.216472504317
42.700493187991 12.542099806288
50.365974949843 9.9152686795757
42.998334095834 13.147374600727
42.216095710295 13.251622480478
46.208794083076 8.7519077344596
42.140002514322 13.73130358978
46.40931956894 6.701584902921
43.137385429899 12.305185252964
43.712207695822 13.058610030498
50.583970803716 -0.29672082702239
42.620575491649 12.368433889194
42.42269674431 13.724644082491
43.344196761208 13.66889648033
43.054666245403 12.542988679646
46.955069131663 1.2213832080464
42.72917615798 13.034636003934
43.166196317045 12.784918135419
42.687798763501 12.82342156948
41.966074917471 12.706776903827
42.909159350653 13.798069162221
42.291796906542 12.674608465619
53.309998012059 5.6040252283467
42.708747266677 13.192306288629
42.180747057882 12.022854112586
43.272516059371 13.569053071837
27.093676053956 -82.10386650364
42.994049183577 12.175867635394
51.605209420717 9.8141671120255
43.547869458139 12.217579558614
41.92408057068 12.140412537002
42.250309030663 13.06153544416
50.258860027538 8.7349664693395
50.715698592698 8.1813344146038
50.216799198751 8.6501266908134
50.248519172076 8.0135486186545
51.048124997899 8.2353570578784
51.878122765048 9.709633417758
50.776377656393 8.807629056651
42.426726875115 13.521868710204
51.682842232139 9.5512481837306
34.071388333643 -84.218361987741
50.93270014363 9.6857768579786
42.363733463645 12.554458196088
42.03450203225 13.674180693794
50.131889797343 9.6550076518464
50.890731135332 8.2450627974444
44.341961127097 8.5917195314758
43.583023213608 12.388230016191
42.256318743481 12.729771105002
43.174692282556 12.811748838917
42.685418803585 12.053555957553
43.54043034212 12.367526133737
42.258521361418 12.88666193836
42.448041543594 12.430705200171
52.708956230063 5.8672705563331
46.659289601566 1.6345505377439
42.232771647876 12.577351235399
42.318148355169 12.686867483767
43.669663173014 13.384781241617
43.368650429143 13.607854067186
43.329859493009 13.264404915883
42.455933539896 12.051123776052
41.969960861381 12.680369414261
43.060988374104 13.002685424894
42.649314960788 12.069671277476
-37.233370463472 144.82863923916
41.990962778701 13.16183169382
44.833982031275 8.4376307469036
37.654779328662 15.237872835918
51.156349586396 9.3481750769299
42.484966750969 13.088251397541
43.39728384439 11.9572203625
43.703873527585 11.855904405891
42.465471125446 11.904154571681
42.755057943426 13.246271454399
40.846113322383 -74.545601569502
33.673726426939 -117.77071339896
43.680953136983 13.768303553021
43.206877634512 13.162978852265
40.379426402168 18.695515470668
42.95822848892 12.848154865621
43.20639465435 12.445180934617
43.041953379795 13.245447037877
42.219122464426 13.124781773505
43.31778253399 12.408408846917
45.25993626626 9.1557666795565
42.267198977206 13.206178085996
51.863168644422 6.4878245302186
42.666163431346 11.985776511967
43.697617890659 12.454209547722
43.813706079432 12.42457980731
45.106782196605 2.4252325684881
42.094185551228 11.876838062854
43.486048625098 12.424293862409
45.160864293407 -89.078732650346
42.258412770603 13.104243560298
46.903960896146 1.7750270901132
33.269646126942 -84.69002441945
42.012444732738 12.820368132026
42.585307848002 13.718975191826
41.887660018603 13.042846378446
41.930139741383 13.773002228149
42.158800383193 12.625443169694
43.545844946332 12.694537517028
43.402269636024 12.224123567002
43.42648508608 11.939908591558
43.527115060283 11.919917679376
43.815566802798 12.128458809188
42.700541520373 13.422855450058
42.290120873756 13.770579189908
42.87625584934 12.595061953943
43.04481747611 12.101399603834
43.294947025524 13.318435212767
41.990056857017 13.614850392872
59.133986520643 99.781371031786
43.577750518277 13.351704632583
41.13707831988 13.042765722907
43.411502531477 12.88458275652
42.746961088754 13.285827853405
46.605855972323 7.639954584483
43.166048554802 13.705361639499
43.097699790794 13.573338841842
42.792990575003 11.970361153602
42.231107925193 12.556501950417
42.434823392183 12.847208714994
43.257875525068 12.996193177086
41.938311662983 12.482291789971
42.781229351101 12.319868830668
51.165128404584 0.16807502231471
43.397799275556 13.25631954535
46.673322651171 12.388559403798
43.344469336443 10.076382272936
45.135366873669 9.5460427808091
41.89654187576 13.230793992652
42.317318929994 13.062603996651
43.474389506746 12.882619966719
43.35460745329 12.159584473914
42.491167435672 12.533812757385
42.850494761809 -74.102044869749
43.796936051381 12.274121172875
43.780499114574 12.091501426481
41.890579836879 13.648288232597
42.503245524852 12.78223834365
41.918670253811 12.535839354424
43.011433223289 13.436963546314
42.510675345806 13.360204206968
43.162486172844 12.691966320731
43.38283175669 12.028747751878
26.092441672951 -80.092615324857
42.421074059078 12.526991307536
43.564772570324 13.27226197129
42.337052085615 13.014980441919
43.613623394938 13.118821454776
34.493527134458 -112.22177671419
42.049158362716 13.076471406557
42.23378222309 12.520723823721
45.77895638802 1.6662036723766
42.372115412921 12.903323785378
42.427730449696 12.124225915954
42.831858624181 13.826610974908
43.226513867393 12.935378288375
43.001851749628 13.27893804541
43.680918148126 13.281978051796
41.886462998545 13.581829226868
43.29082061366 12.567092216859
43.571191795457 13.490155171852
43.601480173248 12.118169504294
50.131962127579 8.8465490498797
41.578390720086 -69.863837503064
41.840487755782 13.729090800869
51.804810836122 5.9185914048779
43.067527984787 13.158796125652
42.741370051068 12.618309541914
41.867561780807 13.768676480657
43.00159988927 12.961616203658
42.974003425343 12.724511790913
42.876292002351 13.402333905197
43.228092266819 24.135455235436
43.01295871104 12.969409033197
48.968110640635 5.6895742899014
43.667749683239 12.782403199387
51.524998346588 8.3229359152368
43.627003165741 13.207955159365
42.382280238172 12.306944609318
42.339072976906 12.422274703378
51.029345760834 0.27129352705614
43.5821320939 13.017022991582
53.118008202695 4.8096050387526
50.600745196734 9.9670176249775
42.67994657798 12.76312471731
42.305659918744 12.498001105405
43.736646672143 12.686248299541
42.505561250984 12.098069699082
45.96939555929 10.160022727102
43.675007923842 12.460891709899
40.848625260952 -75.072744845112
43.37769038669 12.866661244497
50.477419324907 9.3194256985185
43.418986336544 13.584519643164
42.425356246284 13.242102670151
43.348305291679 12.829840787628
43.156792611443 13.800431169963
43.75260220738 13.769273972518
26.0869207741 -79.370352229551
42.204564632964 12.474745922498
43.105206552963 12.580368813419
47.609190778159 8.74901236908
50.636557011696 9.6185222280298
46.465787680338 -74.067919683346
45.549287299416 2.3250136935734
45.544807154939 1.7483627427129
43.679117192386 12.860965229061
43.396310540122 12.322796742137
45.422325221623 10.086799875874
42.714165252521 13.291900176246
43.61231560151 12.844643957396
43.75737214964 12.269780598262
52.022983708662 -0.45736591404646
39.908153520642 15.801302335363
42.727305428485 11.851851377588
38.497277526416 -96.903400906782
42.802579548605 12.990597511658
51.835109424701 9.6845334282539
46.71621108908 9.3578183289631
46.848196093854 2.8121383915712
64.407249238532 -18.940701336572
51.702732112586 9.4830003550663
42.429111912136 12.071101026664
43.445880575334 12.283214655392
46.640591484115 13.842246748687
42.053190279332 12.240321494772
42.715350119751 13.626112288177
42.040694509673 13.072232562172
43.406088264869 13.576490543607
42.06492549838 12.163034962587
42.591652102599 11.844702535258
51.113884756162 0.51589757269523
42.646992240889 13.47880020017
43.755989514664 12.428806253464
42.826728956714 12.921648152623
52.043640312992 5.5288160884654
43.390969754865 11.967919963418
33.073527681855 -117.72354035142
41.87065943606 11.836849116665
47.44431390634 8.32757527443
50.859689352503 8.910905941348
46.092451998076 1.8230245433855
42.074974803776 12.206834165031
33.622869530231 -118.38015688723
33.575575728417 -118.82372004047
33.841694397026 -118.64474427852
42.487006920172 11.881895086694
50.766887310085 0.49871466140669
43.788711897951 13.604702154477
43.747532640487 13.598863492554
43.471292915063 12.290597511612
43.295169740608 11.849465038113
43.510628758257 12.189756778178
42.500552327161 13.572790896342
50.859971565595 8.1243345309628
52.604513444986 5.3536094057391
42.662275684861 12.829406099336
43.037367409599 12.493972153654
42.965205536229 13.023993799029
44.734638978001 11.860801165111
42.499806890518 12.692558277276
43.55024186922 12.806797535555
25.917833451126 -81.029956315468
51.383702000316 9.0810866398183
47.10542650712 7.1501473193756
43.559996612652 13.439569308648
42.997266285141 13.056156777358
43.016011582716 12.010426674064
43.448274183317 12.272316355406
43.718762722688 12.904734998918
42.665796920057 13.04850184689
43.361765860304 13.310589214021
43.057192057884 12.033272017761
43.120377224016 13.169380550373
42.977691740274 13.620703819052
52.990024367576 5.996969610102
34.825088198532 -117.16381175614
28.681172048067 -98.745113252105
42.199684087301 13.543301483425
43.627055676967 12.336889300208
51.684573226927 9.7349703771691
43.599736711311 13.703506345278
41.933832117812 13.821798433488
43.211454214182 12.021837651295
46.144220990662 8.7518280934318
43.655204173038 11.90027334492
42.042911705602 13.100069995571
51.675042282406 -0.43810518530574
42.295520813363 12.18098522221
42.978596331563 12.396338206921
43.706850834075 13.202888954546
43.793526661507 12.527630272122
42.128517166792 13.134588375306
42.579871017311 11.844470329997
43.541515577858 12.132275993087
42.924784706426 13.06061958154
42.193011059583 12.942877092072
43.384350816919 12.112392005118
43.621168198374 13.348240579196
42.92556268767 13.506345945667
43.51924824089 12.686744718688
43.391267555969 12.527033281313
43.231994442305 13.698350935589
43.248587088796 13.647481653696
43.697512844923 13.391989964264
42.880181531853 12.449704881988
33.53237909587 -118.35837557864
43.114302295334 12.489155449222
42.164754717243 13.047905207189
46.068605966525 9.7271577754417
30.207272569577 -96.246409590214
43.515550914016 12.016174263349
50.172590677241 9.4712307697494
42.407268539282 13.781526024373
42.167624642706 12.528480127255
43.574591875831 12.62639628708
43.055445755413 12.258703841504
46.681618527827 7.3708535793102
32.909780517218 -84.403351536581
46.906400905413 8.5496914761838
43.659247928161 13.501707520125
41.964651492429 12.363661059834
43.076470171624 13.612066975635
46.94150038899 7.8135255564998
42.783590452666 13.594209779352
47.035630706249 7.3803715484125
42.117565624026 12.762173511929
42.83637330303 12.794543137699
43.540009562199 13.38602751467
62.660972525673 14.2282361515
43.246161033069 12.714632250257
43.121615290719 13.36977485447
41.863392881075 11.908130330943
42.734822085956 12.542741764611
42.099116868407 11.924864506335
56.046758845005 9.6143713857114
42.895700857016 12.209976873479
43.517932040413 12.744149352791
43.240328980277 13.387269157652
41.858693115368 12.419871441305
42.872191317807 13.514663597364
43.239128620496 13.459269746442
46.739219036952 11.736876330847
50.934320902654 0.74687290221308
43.690143651671 13.693235390698
38.947819981874 -78.481812587657
43.551678758392 13.486524679946
46.669298505257 1.0723262126894
43.72191232432 13.410079119008
42.390864595043 12.651521453493
43.678715311794 12.126011543987
42.257759717434 13.460629087643
43.223848627074 12.153926412202
43.513125365394 13.199563120606
39.530750668098 -78.233983206631
39.489557195391 -77.200914101728
43.145478936467 12.022325603323
47.219870366978 12.501426165014
46.30231096889 2.2126339060313
51.699168748082 8.7924605872447
42.956381285564 12.046425183812
42.24395917742 13.437440016532
39.59400060818 -77.807904277332
50.972441347303 9.2826685576153
42.932048405976 12.266978526633
52.817526485409 -113.9450388462
42.488062167788 13.451473404419
43.828825997596 12.890102044649
51.246221911763 3.1570615652749
44.687114601155 11.122230654893
53.85404671601 -113.92087441912
41.049111608643 -74.599121140392
41.979057364643 12.962271395608
50.913881035482 8.0540213845922
43.514545844197 13.303093382785
41.849335022222 12.728044946107
43.250549747746 13.223116131624
25.883788893859 -80.821015658049
46.14916788202 8.3920604004743
42.338862155743 12.661759707009
51.573027218959 9.3591762093637
42.418940093584 12.092930297897
43.460649843098 12.972390782096
43.686555041807 13.228128054772
42.249969618532 12.078967188543
53.010770710423 6.3586484303738
43.103110764245 12.020406693716
41.996681719572 12.915099805668
42.487597520246 12.784748217012
43.130790648598 12.871240420228
43.680956355634 12.709104801414
43.072062546442 12.075257900227
47.885440230782 7.3352701041546
43.493951400993 11.835617560372
47.39617602825 7.7722877076698
50.921540586474 0.74211193417763
40.408617498994 -73.993067149116
41.945373810823 13.214610536704
45.668981481681 8.2941860201276
46.161930820514 2.8455839035314
43.185154918223 13.470162000747
42.504627272743 13.304822413879
43.364505823427 12.590593904087
43.214853197923 12.243280187383
50.680668853307 0.5454323694275
42.633251944407 12.517716528644
43.569990550454 12.157779499517
42.945270230058 13.449470473684
41.92372982901 12.29992964647
42.145466704942 12.54119324013
42.138572358146 13.45314704324
41.96132757841 13.743132056104
52.317859726873 5.745568185577
33.857683733693 -117.80136925522
46.225677100327 10.550205340237
42.034644528795 12.927168791635
26.232034626508 -80.521232112829
43.185998602412 13.371644213058
42.335806768099 12.276326076743
43.419297884435 13.152450099679
43.154515006207 11.972511633308
43.735121660764 13.011063484036
43.279418357333 12.76207410023
42.089129147648 13.649977186087
42.349909078979 12.053667608229
41.897906484987 12.767052640585
43.646230899119 12.981857155462
42.823065522531 13.404705485073
42.227708003611 11.860839166169
55.209118041307 9.7886590607411
43.659782858428 13.061988134918
51.229714226085 9.2120976593402
43.522451147701 12.787716274072
42.761940008405 13.227693447039
41.88434038308 12.913842034973
