43.830687751312 8.0846990480715
43.658014954702 8.866990770454
43.63140920379 9.14675111221
43.576683345848 8.4041451979681
44.294883821159 8.4998013852862
42.838639104219 13.62700802445
43.673236645161 13.819471619495
43.570070293394 8.7657774977459
44.118657659191 8.5175569635665
42.907067398053 12.966330005327
44.793287462624 8.4250420944183
42.370079827223 12.186178423572
42.573142416597 12.98417163921
42.120541179164 13.225854334082
42.378883691236 13.800967501405
44.017864318435 9.410034851199
44.209091068578 6.8147679147868
43.704280670616 13.63961617308
44.154345822455 8.3217888241502
45.130183085257 8.7848083448758
43.476959574745 13.480646178837
43.008498766484 12.646102668108
41.894985019201 11.991800044215
43.668698572099 9.2986843354761
42.216757862951 13.515318847522
42.296007852695 12.737444253071
42.538170731432 12.207478279366
44.866448326577 8.3205341379975
43.810516105273 8.3473326927038
43.583512902087 12.513294238857
45.713141846337 2.383648597814
44.900576419013 9.8960126687521
43.331277554564 12.111323073114
42.194152006525 12.22865493003
42.063418932775 12.997989326736
42.215858825138 12.221384573852
44.526822615988 9.3218612819779
44.010320103595 9.3756897626564
42.668123549183 12.906898907363
42.522051770504 12.705656010541
52.958364868431 -5.6500069505481
43.838417657904 9.5258681900687
42.582310697822 13.462472485149
51.284387773035 9.000694710296
43.902053574685 9.8376870257257
50.377103130043 9.4424053721327
44.523784099253 8.3495079213751
42.401205241422 13.354127572104
42.661618132473 13.111688467281
43.447315372756 12.524236778994
44.106226545205 8.498873220826
42.67990696464 11.975025166301
44.476306961468 8.667178708742
42.446945959931 12.162726942081
43.789384982779 8.2590088690207
43.292140599963 12.107469978813
43.193901361543 13.224960141941
41.933299302113 12.597616909837
43.310354396401 12.423462158753
43.504564582161 11.842626763921
41.993806947041 13.00172192233
51.98363082343 8.2276763889136
44.168169055541 8.5296293339597
43.395323997103 13.358909968009
43.423587362035 12.261032708597
43.48617258444 9.3616015189381
43.610331295829 13.603389856242
43.556336693122 9.2909122747094
44.071001642745 9.4945133515375
42.228361862373 12.777598181191
44.276270091059 9.4450909812446
42.857312247112 13.315214001276
45.261876116491 7.9952714679042
44.908149060613 8.182517432064
42.172145096686 11.892196516012
42.413743702443 13.455294337822
43.494721538639 13.654205320263
43.055206647655 12.282159594506
51.510860018437 0.28219193786951
43.481219309678 11.333298060616
44.379246319218 9.7549536239379
43.188606980831 11.951561248394
43.009090554926 13.60778580357
43.735405356055 12.909271733348
