43.081871256291 12.318147568201
43.127436189993 12.325228158557
43.089791610434 12.309506649782
43.039860584347 12.336288658148
43.075789314751 12.26917300388
43.072362451403 12.346644387297
43.011961311594 12.354077026434
43.011539465774 12.357120437735
43.168513746566 12.303857752284
43.036765534469 12.321289594456
43.075633070954 12.274766468592
43.161313618164 12.367097915342
43.112405400331 12.377583832211
43.142567682167 12.305422008201
43.161768252592 12.393777979277
43.066175789158 12.304694187059
43.012725123697 12.340168282569
43.155232469645 12.309270143208
43.086326028747 12.359448773043
43.150228151677 12.273268214575
43.108234872182 12.355022157263
43.137675186239 12.311126532199
43.116812614799 12.373188098622
43.04444892243 12.393816758617
43.075456035845 12.311062737534
43.154867205862 12.287214066522
43.119782220183 12.352935049868
43.069612964576 12.322904373225
43.148164002315 12.378290707443
43.079777901119 12.341704612312
43.141313423489 12.337785626474
43.127736411138 12.282456496417
43.06329934956 12.296597856256
43.092526780971 12.331005337358
43.159757885712 12.278883300873
43.12334811835 12.38036882059
43.146501021549 12.284214498163
43.146123193759 12.283220312245
43.17511963482 12.374360634675
43.087594129207 12.366332599153
43.031115322409 12.37971828013
43.083650682647 12.415231756615
43.083541225702 12.293099324842
43.173550771651 12.388696081207
43.102333544822 12.270311655624
43.027737571892 12.298211991947
43.092468297639 12.424893813892
43.116513548028 12.333782953852
43.072481350097 12.408584428231
43.115898273029 12.292492002406
43.090557196241 12.268162868597
43.107050431963 12.400658318049
43.026667722534 12.261866306098
43.068904566166 12.340024080307
43.105902069784 12.293082510744
43.02212847167 12.279938881903
43.053361098328 12.287916159412
43.00917538258 12.346099308408
43.03041860651 12.376809051457
43.093055793614 12.352936445921
43.042352746282 12.273294374029
43.176178219831 12.309801503716
43.057593246038 12.309586213601
43.110061676314 12.402927295513
43.163040371243 12.361087918005
43.105190247833 12.376020646385
43.037142286115 12.306112179231
43.108831324686 12.285247643632
43.125078365752 12.314796596933
43.165180735854 12.334742244976
43.046832129868 12.279416636249
43.063186029954 12.280418072047
43.099305392776 12.273592368382
43.029920662323 12.285190818985
43.103043518098 12.392392448353
43.02564169237 12.388118560162
43.030887037085 12.333439797805
43.149534819738 12.385252549513
43.129477657459 12.294328331174
43.070497873759 12.381037846406
43.109896486697 12.380968778593
43.165878046402 12.363896014825
43.061885430993 12.295768757509
43.073673345204 12.293873432716
43.179997602117 12.347646177464
43.101730033358 12.321416631512
43.16713870932 12.292332063586
43.07098909566 12.352165713626
43.138230916198 12.352462926599
43.132496725385 12.330218715302
43.138920173135 12.327662632509
43.139759835873 12.386518824581
43.029033055098 12.357001847309
43.119652215934 12.335704435306
43.144761828328 12.322234740186
43.155482728593 12.350401725804
43.008632014531 12.371101077374
43.06302311975 12.380986594328
43.01898408265 12.351282527389
43.089322125136 12.285966047706
43.109288907682 12.414653185038
43.11698154647 12.357481097059
43.060880022638 12.271073091457
43.082419601328 12.417266125075
43.137077852237 12.381934000844
43.04416167973 12.346895082571
43.133226113011 12.378836243145
43.051064932298 12.358956561146
43.085393341785 12.341454365005
43.032420803363 12.322196701713
43.051593810365 12.395308443085
43.028077275992 12.297921458885
43.039078845216 12.291965337627
43.041579786263 12.347051190395
43.049020707185 12.35663777236
43.133164188908 12.405441309535
43.084970402126 12.326762124604
43.022011909199 12.292915726704
43.064268765556 12.271552472057
43.099838894394 12.271245776823
43.182493350109 12.312145402821
43.12833381918 12.297140713009
43.156885757671 12.362406552493
43.100910354474 12.31838227546
43.008215110774 12.363598925252
43.079361192009 12.351407016346
43.081576741825 12.365325535839
43.026302812654 12.271091240605
43.047955619215 12.346408322636
43.079729387129 12.343086731801
43.098338826626 12.287374316404
43.12763445879 12.297330349378
43.11518737169 12.325222979007
43.059617706623 12.301784950936
43.120852466284 12.31908523774
43.024811917017 12.387406724241
43.132811652114 12.324097491973
43.136386025316 12.363787057069
43.044315590565 12.345620215121
43.017025309178 12.375612738738
43.11417166477 12.390249887218
43.170987378907 12.392529261037
43.151000109593 12.268831482303
43.14189653992 12.378725744981
43.111754125523 12.391156440804
43.118477033527 12.278574521804
43.099423816961 12.372538527203
43.151012429128 12.305108366697
43.080969248026 12.327594712084
43.114234258029 12.343843259098
43.105548569537 12.363422361393
43.091277319536 12.261075504732
43.172241166801 12.344869455504
43.048311632636 12.366625863319
43.169287283073 12.386319214679
43.061106424363 12.387704612889
43.095087274043 12.412978925024
43.089238008081 12.272016229256
43.150116396693 12.290120269328
43.148686026779 12.387808480502
43.093956870557 12.41906558837
43.079302765487 12.397685339415
43.004704027926 12.365433881716
43.095443829494 12.323211067062
43.025298147495 12.312085698059
43.068436553755 12.262459581395
43.174378571668 12.372705220439
43.077592835353 12.338023088585
43.033857088573 12.299985707898
43.128634057554 12.387470889572
43.168917463261 12.329982330732
43.048562964468 12.34469356406
43.096810487165 12.357234392037
43.119890027756 12.381913084736
43.142020186496 12.281377878192
43.06181839486 12.344212059579
43.053371438802 12.359792652263
43.144212972927 12.388531988223
43.12446424792 12.402102109719
43.043898159214 12.370432029206
43.02065846653 12.348002686814
43.100126664222 12.417391274805
43.056473172317 12.41291849709
43.051223862961 12.380325510365
43.066237284854 12.292854212382
43.128057802177 12.268760269654
43.051472348672 12.317354342138
43.101135117536 12.316490272694
43.09257581883 12.349611556807
43.045704898001 12.38162825649
43.019040498447 12.285173406513
43.033393288533 12.331589665905
43.11464191841 12.376440053071
43.092691326112 12.401262644421
43.073884673006 12.420244936582
43.012387745575 12.309207040516
43.076088381522 12.308578148649
43.016489449917 12.353780699148
43.178444393549 12.324619827033
43.06907273648 12.388600692821
43.148931280335 12.328624813991
43.159870833254 12.393755811471
43.078168400621 12.395735736676
43.127984184852 12.340763399091
43.116785851383 12.376023838958
43.122740422919 12.298500262827
43.127632115117 12.327018073933
43.116633020417 12.341168002405
43.060856190094 12.375070258705
43.08960797318 12.288563212535
43.032198454755 12.300657182162
43.078410446701 12.368836800295
43.11744811114 12.386028933074
43.170654503729 12.391156674566
43.144281379035 12.355915968959
43.130470147904 12.308804876802
43.064320288184 12.404521159571
43.110365518907 12.39077724397
43.113758492358 12.370451343905
43.07912264351 12.397979209406
43.16956369682 12.344504160057
43.088249496712 12.267140000273
43.056218325673 12.282075700968
43.053742055362 12.354974023253
43.068021536392 12.395377661307
43.139653755904 12.352346778567
43.120830655641 12.28600628736
43.087160498431 12.327718337706
43.10835767917 12.420306312603
43.088947324145 12.289348931208
43.041170083027 12.370730980493
43.067660839349 12.382233264589
43.026770223431 12.295478020488
43.023159631094 12.264950230862
43.105500593852 12.307121387381
43.119838373812 12.342600653594
43.03915500412 12.286714522788
43.020044161503 12.313499033152
43.122876031402 12.258450574383
43.088482108029 12.327366632583
43.06181326141 12.416788549843
43.137501963965 12.316013484896
43.148101388101 12.343897802005
43.120811373399 12.357800943969
43.051542315677 12.37007246698
43.082481674444 12.298568852872
43.14834383046 12.37834115579
43.044736707159 12.330753036018
43.11085573172 12.404292017431
43.110800300797 12.267979215511
43.063963085464 12.331814536535
43.142210850579 12.397098235061
43.160702180679 12.322894876063
43.088113035137 12.284417566997
43.105150031927 12.374018054651
43.105920478306 12.341241635096
43.147189998623 12.313624878115
43.142733154906 12.352405334077
43.072580665405 12.292204830021
43.175042658215 12.359967428914
43.061468912804 12.374978022846
43.110679641904 12.418878355745
43.039985664228 12.365628886694
43.136736855927 12.399586631192
43.090088836446 12.317788324488
43.044461015654 12.35745868059
43.152076419535 12.349904469864
43.109608525482 12.296854207451
43.136204830921 12.295607020771
43.077111292222 12.353968665655
43.053902579052 12.385569734699
43.055522009777 12.288206457316
43.0926398738 12.406087947288
43.156368763746 12.350163468809
43.084497610167 12.35305512715
43.070455757024 12.316286455077
43.051584638235 12.29512149903
43.170937834874 12.355498753209
43.11966206793 12.390720690338
43.11559700042 12.347589291815
43.069317373966 12.353910739719
43.059318806093 12.303389439056
43.117680308485 12.383349224659
43.09614924674 12.41101105253
43.085130182621 12.291667712544
43.120906584508 12.260422815245
43.139057218649 12.361998734254
43.038746667134 12.378523900837
43.094604360936 12.413097219289
43.093998208707 12.414998755073
43.089593359332 12.338968509521
43.136728030714 12.303747520479
43.147920586259 12.389362361019
43.107927946445 12.27886750471
43.157127329243 12.372513733999
43.089905167061 12.372952269119
43.070035578737 12.2825105257
43.144212395972 12.363851497606
43.168920401583 12.326539147353
43.114184009451 12.323486211881
43.037422359959 12.377282319321
43.153801699727 12.397918369362
43.032189282159 12.33200802625
43.126609862862 12.28719512249
43.154804966506 12.364901705836
43.078490885963 12.268237373472
43.091198568761 12.405655124435
43.070145163273 12.363289006245
43.058858178139 12.299580565814
43.084541794439 12.390027162822
43.157430987899 12.317789999006
43.047785222108 12.311534610743
43.076758443435 12.402942904014
43.106687873207 12.275590917711
43.069792194345 12.34901258554
43.127257540437 12.403035919856
43.129522843833 12.261980282751
43.156414038596 12.325635673185
43.143219154881 12.388289438762
43.105486553698 12.302971691987
43.073132547139 12.361822439547
43.16142241713 12.352124993409
43.07712009648 12.369008242811
43.045056968969 12.296193056433
43.083310419288 12.39240584962
43.01707864835 12.379669879761
43.048248657069 12.405556556979
43.025774886399 12.371500394035
43.103638012963 12.307479288593
43.112032585385 12.372300285109
43.152256669103 12.308256648645
43.028335196 12.27936251011
43.163271520849 12.318431531714
43.117221174372 12.40631598814
43.123057211362 12.404302043118
43.132143554826 12.271804560589
43.020872963157 12.359725876434
43.012389228706 12.361351804531
43.109408210569 12.301793117703
43.105186130921 12.301605620117
43.081395926013 12.356923739147
43.106316799834 12.318979715167
43.096692278582 12.356292322931
43.03981694164 12.320869011975
43.052110199396 12.275138324741
43.076865869165 12.292907216278
43.085369332289 12.429811026657
43.073253878447 12.270357220581
43.09152254422 12.357234703099
43.081819234009 12.325225558304
43.158812029382 12.281075369719
43.099079107467 12.272513811159
43.145777124069 12.40507476239
43.056699482771 12.310956494583
43.142665297812 12.301969132548
43.037481919435 12.29956544393
43.170643122502 12.306236681692
43.126844201783 12.342227743653
43.008819446924 12.359071147816
43.026308650184 12.313379077873
43.137210918675 12.406669785945
43.113707822356 12.391792566253
43.137385429899 12.305185252964
43.016487534652 12.368703331991
43.138205384921 12.306311240118
43.053678867453 12.375136110196
43.01880926735 12.346942717858
43.133454926395 12.261262971119
43.094071064675 12.407279239712
43.141860625328 12.362174074821
43.113515689112 12.277793801074
43.171344341345 12.338734565947
43.066595415171 12.342286854231
43.083407688014 12.384605140625
43.123035351358 12.314228635914
43.046174882954 12.265122180949
43.047892682763 12.336164812269
43.174919164376 12.312920784744
43.033094858787 12.348490341284
43.148866520819 12.288821884121
43.099364523377 12.342178372847
43.178624904819 12.358735069355
43.169384973224 12.336820236119
43.173745125168 12.330520979769
43.088702679208 12.428643494599
43.077416971849 12.425244389321
43.114490375928 12.376524424377
43.08598797821 12.269053609722
43.091398314171 12.271431113275
43.139585183554 12.343953164941
43.049501028887 12.364310494815
43.102995857665 12.285008901418
43.090254670072 12.42298583941
43.036844369528 12.36837032084
43.105978065706 12.326057546014
43.02862569926 12.298691607706
43.102334061241 12.394904604852
43.11833631674 12.288160140781
43.038393068166 12.334874837836
43.127510575192 12.347412381038
43.059606459506 12.33398197283
43.057963660501 12.392167638725
43.104127375944 12.377457423332
43.11571929425 12.367515980924
43.088880840286 12.333975495481
43.111514550707 12.347013701402
43.087120491607 12.26524886969
43.033737711645 12.327354089996
43.040685474447 12.299935904027
43.145465139388 12.355450497195
43.023030699262 12.316193522588
43.076869759765 12.294687280124
43.081157738867 12.33017233311
43.152305271568 12.314694781955
43.014883068418 12.367706840584
43.127860779489 12.301537007721
43.074481232939 12.395297301677
43.14177290778 12.398402179332
43.121009308457 12.287434009059
43.077396337 12.259250377447
43.031424273772 12.266494509909
43.126498011952 12.400831534735
43.044573585079 12.281015163439
43.088709002423 12.277018298545
43.141604146076 12.40281650864
43.090144699502 12.38703372955
43.134292256171 12.324437760454
43.077305334212 12.294573831996
43.099496580728 12.409301064189
43.094709474659 12.388179662374
43.091042700753 12.260253557612
43.119703848923 12.29421733289
43.049501545771 12.3573656559
43.055206647655 12.282159594506
43.106311790716 12.270966771206
43.14755770154 12.340746660897
43.033512757196 12.391277019603
43.125963777849 12.312118875495
43.066524297517 12.319443231153
43.038780634796 12.354567797575
43.107692130912 12.330161085527
43.115059817284 12.287688943247
43.027802129776 12.293877187809
43.04700071788 12.338597284343
43.13666219459 12.379310777609
43.104122759844 12.311551286539
43.064972483604 12.340741391939
43.007747306979 12.357105338202
43.168615100539 12.315041663293
43.07978767209 12.284296004255
43.043670687866 12.396099872627
43.062235401062 12.413400820204
43.098901944768 12.350164031328
43.050766460177 12.345795957554
43.004698462807 12.373539980696
43.084836985045 12.349980811307
43.091503548034 12.309764215422
43.017982692487 12.287012973955
43.019394855045 12.316841160581
43.038274098692 12.266678594664
43.141921130096 12.262747268801
43.062544274194 12.398525458036
43.138585071165 12.339992946659
43.0996081094 12.319814047015
43.007192723943 12.338196747183
43.031944949216 12.340984533721
43.138635726731 12.396323156749
43.028311119449 12.309160664377
43.069621365105 12.381206270506
43.061476442547 12.408943747847
43.127996975637 12.260798682601
43.165104959258 12.347468994275
43.0208266266 12.290410638477
43.106152204867 12.323265739422
43.064371259003 12.409768796738
43.045103613795 12.287492543614
43.126316686706 12.294769966667
43.045324754943 12.386516718395
43.179559910775 12.318544524425
43.157024350577 12.296672654497
43.143822128507 12.263329768231
43.04682669886 12.404639749997
43.165779255429 12.36872616383
43.107579536807 12.378107374265
43.070696280857 12.286416958706
