43.152426621037 13.573344174595
43.072222511339 11.951199383473
47.215861361574 7.1398157645668
43.423984091507 -71.755313587979
43.759213675654 12.750513590311
41.943306670519 12.479753726872
43.405433549756 11.904860866698
42.47259149352 12.648890420652
42.193466874536 -87.957508296986
46.253845828729 8.2304367873028
42.239308654929 12.730459445517
42.387274612874 13.122047540344
46.821955726187 13.263315445189
42.00500596643 12.455300452421
43.587146970738 12.066232790757
42.645150364232 12.620578320076
42.801942685548 13.041164877399
43.471232531367 13.476400599592
51.501837003511 -0.10573143848019
40.147521410136 13.344371378976
42.494486322412 13.774554920299
42.349616736823 12.630271328462
41.971374361318 13.239531225192
42.796222312768 13.766595305787
43.398226598018 13.275289308429
42.724149400727 13.541569118196
42.328802977397 12.912823706846
42.905996430642 12.486153640566
42.45082334685 11.997924533693
43.653118281485 12.636162030362
42.116437074338 13.258578553472
43.685378564862 12.056393069728
40.70854015844 -73.495074125546
42.00487176145 13.79645577252
42.883672783584 13.418946421456
51.726633375383 9.6431016785293
42.364491466158 13.163677934189
43.378228975191 11.878794487996
42.016353871236 12.691188053571
43.591667569073 11.925802077619
41.648960509814 -88.451908644334
42.503313643648 12.656039078581
41.917426792422 12.470169411746
42.435959909335 12.785098479982
43.804007822112 12.076031521019
42.993274946249 12.057777328465
41.939012363546 13.618364297628
38.665390849934 -123.25532357563
43.659185977049 12.845910741431
40.965831482765 13.838983164883
43.306767165825 12.27364101462
45.749718460138 2.2926713816322
42.644603556343 11.925935537541
-38.310492705698 145.40482640581
43.180987942603 12.67209058009
42.609976789753 12.411427616354
42.028079224319 12.722784132123
46.975182394951 1.1657430902895
42.532863131062 12.471289292684
42.003390252613 12.29256213379
42.009869202066 12.152549212425
26.625981494593 -80.176391076188
43.868649869074 11.497831551683
43.520547942056 12.27624957325
42.835062989909 12.846907722248
43.295066891862 13.592018933332
42.799783199953 12.394432714879
51.510182471718 9.7339189740521
42.499305623371 13.536079679886
42.901359179498 13.508707901721
42.199981700743 13.112143423016
50.244045611119 8.7681738230252
42.235208775047 13.526512950925
42.261903111966 12.608031923255
46.618014343834 9.6982995418381
45.684298372678 9.1458367211515
50.162307575886 8.913063623902
25.107993899878 -80.918928272794
50.555325406164 -0.012093779222148
51.572871561196 -0.52388912282599
50.751572545968 8.0638174237981
50.498839202104 8.8251745499788
43.065753402706 13.643490367424
52.173028676618 -0.14191443391699
42.145903965082 12.708099766519
50.98412118409 -1.1079434269191
43.325398931452 12.638676075118
41.860963557337 13.58618076175
42.337428714793 12.072358691654
43.776638527318 12.437916177084
42.004590692953 13.690001106232
43.134755733507 13.218079014338
43.604157459759 11.944423328149
43.691547624842 11.898912306158
43.469323463046 12.927114577951
43.099841361933 12.252506406185
43.387989825771 12.180936146167
51.194401477787 -0.786177650977
43.692141899717 12.359195713608
43.818888113771 13.682098586451
43.3153959696 12.778723693371
43.637901418695 12.924855956328
43.776176869786 13.402443111617
43.092576691945 12.71625878837
43.231681332587 12.713920953106
42.054499992681 13.821800493573
42.87569692215 12.974421049477
42.243055685558 13.526280184542
42.652599375554 11.948522937481
25.52959142478 56.445702174351
41.943229282735 12.346280002217
42.349022232645 13.751997594161
42.166837750101 11.844102067356
43.167304691026 12.568512948981
43.494849964762 12.85541068851
42.44696842902 13.542519573862
43.348316461497 13.0336834025
45.01348999841 12.960561261537
52.106700033232 5.7944925953841
52.262220539973 0.69184980335732
25.178241364724 -80.794934672949
43.221264513799 13.4718814015
37.158325946964 -96.291687879382
42.167385101417 13.623256387035
43.530131401296 12.241095429885
42.781349533622 11.907610700444
43.703825487173 12.083355983779
43.599981609567 13.399357658552
42.881195041782 11.979962433234
43.201289724208 13.808301417089
41.913141406587 13.627003365975
43.467253469169 12.775286899796
34.558577771838 -111.56796181183
43.542049405904 11.921939913168
42.000702878482 12.615711412235
46.362145755143 8.6416957586267
42.595346339811 12.420907750011
42.889437380216 12.378483193658
42.212486510751 13.791570354643
43.414174753921 13.584882875732
42.823838080684 12.81854016374
42.410655614201 12.716237466206
42.451137379974 12.583030310286
41.914261285662 13.506466526329
26.504593721809 -79.465604766298
43.787955646791 13.369859491203
41.947108728342 12.956561025233
51.51185394894 9.6783252249837
43.148916821552 13.089653340697
39.513690023414 -75.401328578617
46.284936298283 1.1932998351722
43.344316214504 13.268462117907
42.527218655484 12.826872742675
43.468136388582 11.894389108727
43.256852020184 12.467233976588
46.715820971744 8.7671770443056
42.431909098046 11.857613881539
42.73421121425 12.405357397837
50.019508895008 8.9750049584429
42.983400632641 13.41350536582
25.67900392769 -79.168057376872
43.176344320747 11.91230862446
43.026952405494 13.294590594871
42.00153692162 13.507772091568
-38.97884549153 144.09758216163
42.847920141133 12.826334047071
46.302831715114 2.131887679981
43.075969661177 11.867665248882
42.068297778309 12.891006431513
41.955067148432 13.259890555546
41.877387300563 13.628951968473
43.267569477815 13.712331295366
42.870641294828 13.387698635195
43.754258449096 13.060327755336
42.45593384211 13.247451719033
42.036226459351 13.699422471572
46.10632546437 10.09806737532
42.529176506016 13.523293145731
52.647610965254 5.9151421646425
51.137184531492 8.3079050608482
42.94093169737 13.348061340113
40.135768805845 -74.730263580574
41.940322159317 11.934902215367
51.074178407469 8.8797944629936
42.993697063084 12.499741217841
51.291284335447 8.8147690211492
-37.176198495634 144.97763747178
51.17615830208 9.2434538943895
42.130189728539 12.82792646106
42.083234364692 12.933192120389
42.032894108015 12.19380104646
42.443993895542 13.627184541743
33.421012498902 -96.296120422431
42.639007627817 13.044515934815
43.282549713891 12.038807217536
38.256204701531 -122.53654801374
43.771512956273 13.271568940634
42.514603351503 12.972822088757
43.595810022504 13.30498909594
43.139639975589 13.716488700715
43.070565331781 13.507241513372
41.886894975757 13.711129184699
37.787592215282 -122.79881844583
41.999644703718 12.435943635405
42.802478452608 12.559121030664
43.756878742856 13.192645301222
42.933708954593 12.38292220767
42.260902358362 13.182142131602
41.847323351955 12.997929388212
42.958343812266 12.827522538543
50.63635658386 -0.15137476299953
43.333909362265 12.5756558993
43.332009432082 12.827387399446
42.129337726242 13.39966535263
37.292279727938 -122.62173538468
50.397439340315 8.6177529900417
51.317463723159 9.2478466733582
47.2448327617 8.3244865142389
42.170107238561 13.25590741369
43.175104193958 12.035877673924
42.305349564809 12.192959447968
42.580890773156 12.630565143039
41.842331617553 12.250321533203
40.346853052114 -74.705713331694
45.8954096582 8.3737026098317
45.744127168667 1.2567714756619
42.514659329113 13.683771610599
41.861798627259 12.664358590129
42.013459422653 13.059734264438
42.645312931244 12.888803019158
42.776289291131 13.016730000759
51.838277828804 8.57731280689
42.128644182893 12.436794495434
26.278279336748 -80.561123009842
42.740888204326 13.8268739045
42.906880535163 13.825014974861
52.897735799064 -6.314077064885
43.813603016016 13.377983830135
42.950019042471 13.418341118593
42.182483311849 12.872244405056
43.291952006676 12.043205749285
43.4578523424 13.266333142441
43.512038677725 13.829489549564
46.357700089625 2.8841281621177
43.581303621934 13.192003840225
43.715288692974 12.170359617665
41.870285045316 12.948342412707
46.824990936473 8.7969124162555
42.620328521666 13.205636873027
41.913195436335 12.106079309318
51.678397246952 8.7462194183591
45.009619467896 2.4107643218761
42.935571557833 13.597849524414
43.114885171019 12.535132037746
46.031550418391 11.409037613943
51.801149879024 9.5636152902449
42.95782818366 12.146484619096
52.237964053051 0.50851692324436
42.356591421832 12.514911011588
42.052715160464 13.746898859177
42.114578058288 -87.946308720847
50.042998536044 8.175739341963
43.17964919178 -82.344192729233
42.136980241249 12.596591004935
42.6816103364 13.329445292882
43.339636449881 12.075320446454
56.124763112108 10.158622548989
42.229247781576 12.024927190538
45.388168056746 10.433198388402
43.594456362836 12.953292861114
43.15482358085 13.393241529091
42.578914404672 13.215690057846
42.798356793282 12.851740609806
42.512530309873 12.743153036473
43.802059868279 12.8467457741
42.056289875461 12.428748072811
43.6600107973 13.151595274078
43.63402102733 12.258750734992
45.043941262944 9.4086200265254
46.031159841936 2.1095847930338
42.134459278164 11.921400065984
43.584506273097 12.876786594243
42.296421169928 13.040702177717
43.627124791347 13.431302484812
43.421787887098 13.274720763937
51.206748698003 9.9488253248617
43.093995534414 13.830083938723
41.896530589062 12.222896993285
42.521144026688 13.12132769272
42.6601967908 12.711859841252
43.208486488673 12.024039966086
44.576410881538 8.7803496113887
42.406313611405 13.27136891024
42.72790965893 13.669298753475
42.301550211546 11.934147735582
46.410694161551 8.2196230649597
41.846245443863 13.354545307997
42.666638908308 13.20764405199
42.108243245237 12.492546445009
43.328136175113 13.612658050683
43.260195594423 12.501625456171
43.188494689871 12.368407455931
43.49597751421 13.66639382239
42.764214070891 12.860842836977
29.284142559824 -95.852004913288
51.647167945116 8.5584347986423
38.666383394861 -122.63076824276
46.959640103839 7.282355468386
42.861084787131 13.496646642006
41.959373948166 12.932592226182
42.518784470653 13.299930235532
8.3649021719419 -80.120072626099
42.269602686313 12.789020615553
42.989777603203 11.905635332666
43.360853967446 13.148513155148
42.344740961394 12.914674338866
42.548459473808 13.39465054797
50.922582211403 8.8888963404526
43.111814637742 12.187125024494
43.680303638673 12.095207289392
52.714002998645 5.420888664979
43.348073839859 13.426078321166
41.960145198277 12.865593471523
43.242767712235 11.862148105124
42.511284460107 12.020167707496
43.628313405287 12.216466227202
42.855542011513 13.573622771361
43.104708194337 12.557382028365
41.933257497837 13.742375854769
38.628670952642 -105.65253207484
43.38774975456 13.31052443262
43.429888908973 13.445943256137
50.660648000269 8.3772156300848
41.868207711686 12.38383939696
42.073775152266 13.318789480424
43.702809723908 13.602144742686
46.238876322512 7.5015208570969
38.165649877652 -122.04997073527
37.676170730992 -122.21686191579
45.353390900839 8.7087846536463
25.657091249069 -80.480792386025
33.343931236178 -118.44829557467
42.932707141609 12.911635711769
46.893727636847 1.2435787926631
42.013456056387 12.946404751386
51.988958358527 -0.20545411264312
42.576360123056 12.115439571515
43.116853580886 13.198786008285
42.636892275271 13.781647073956
43.687336022375 12.757852150967
43.775451563215 13.248235926169
42.896838281742 13.789479412527
43.475564424657 13.112026387899
43.657877317491 12.755152702239
42.439451162929 12.513300935998
43.11708432071 13.48818882859
43.756577113085 13.248064506004
42.943191443099 12.080984511471
41.884625044619 13.07472338859
42.026962211855 13.317728898191
42.193922753091 12.807871862712
43.245379900695 13.39002902081
42.054442457435 12.561847689379
42.867728867062 13.629376109538
42.568633181794 13.207958294662
42.758677301837 13.07793744892
42.534832162121 13.656583278301
42.868918185082 13.53334306999
46.572954716546 11.247166876864
42.842100648623 12.42227305354
42.224312428976 13.596171301623
41.952520121819 13.236621655655
51.228521004891 8.2416095171317
43.723803950366 12.718165337929
42.2486395488 13.366519501624
50.044966774082 9.2943864368342
42.034461392127 12.163496899516
43.760878560509 13.680025917816
42.406255359972 12.807161108522
45.494523597602 10.377268765975
51.910635117167 5.7198844142118
41.863939575809 12.639090594689
43.259482075602 11.908263585509
43.124226308041 13.13781480034
42.783023236239 12.471106487567
43.05046137939 12.116924681776
42.476158746761 13.270179853456
40.926377677309 -75.284977655572
43.813303742492 12.651988960662
43.771754097574 13.720545514843
45.452045151054 9.2050484906696
42.617612464196 13.215623849193
43.332723015164 12.268534506352
42.388336794653 13.059612791568
42.983461197945 13.612844630451
42.276388787349 13.29791970893
41.905944797653 13.527640742982
51.136066692013 9.7070701665744
43.284651589268 12.268340517913
43.210812402543 13.742120385537
52.014533232671 -0.1123552528314
51.986350027838 9.7146828587701
42.054207027005 13.37429509704
43.577377120323 13.671677424441
52.198081398242 0.66073110213072
41.891190602414 13.501519562465
42.056578709326 11.846448481964
50.411306269193 8.8054817019987
42.576841187953 12.042076725553
45.477697450985 8.1554884513167
42.484320040573 13.768424626819
25.233650232757 -81.000458629612
42.662521674162 12.948304967952
43.195624161158 13.475148803797
42.048429791859 13.310573475601
43.298034630876 13.408817104275
42.499375738457 11.906818824798
42.819900610421 11.925614035675
42.832096718195 12.505679990421
43.501766380643 12.513055559042
41.849697469685 13.501153820449
43.278756089659 11.988211404548
43.321588024202 12.613087195744
42.08087459585 13.224563844628
43.429870988929 13.477242142671
43.121009308457 12.287434009059
43.52793760671 11.913252649809
43.170180480562 12.203361527644
41.99994761918 13.110242506096
43.20140455209 12.823582571404
42.771110432137 13.50063104627
43.293819129625 12.023262299629
42.944958213712 13.554525145143
51.603880237371 5.6674601523753
47.010220366069 8.450273594563
42.090985032328 12.503587216394
43.338243661627 12.284278775253
42.666618605476 13.255207094038
43.276564119533 13.371285320454
43.186754325047 12.355502666161
43.681079703256 12.059016922537
42.264952549855 12.335146448286
43.506391120866 11.867071143776
43.595643598419 13.620271245327
42.121449572112 13.701793959246
42.156495928393 12.181773819601
42.794971539564 12.427985327539
43.833214935324 13.167850947107
42.512062258812 11.903081119502
41.940139651292 11.934981899792
47.037358192279 7.3338830137317
42.27404524168 12.722309686601
50.585997538914 9.2818887025499
41.852075534163 -74.824008051584
42.444872561139 12.322618561502
50.217260796212 8.5079927316438
43.472016883323 12.175993449623
43.320296618792 12.677886570675
40.713127757906 -74.984460704153
41.900228776478 13.032440973482
42.762903280467 11.954375176225
42.385066487561 12.869634866209
43.64688657303 12.033685647454
51.960593013075 9.555886753628
41.86650012476 12.341651584202
43.348908772876 13.337907958954
43.675852317699 13.570779632598
26.190436834541 -79.42163847434
42.722429968774 12.156126071327
42.951512347905 13.242710243113
41.972097029918 12.41970612922
43.70613915741 12.506859280426
43.407519641543 12.607723279694
43.604557481431 12.94370317738
43.397170918268 12.874990402684
43.056951036724 12.545499251033
42.910578420831 12.666809708677
42.909860098714 13.780867465225
41.838700419238 12.602186199579
42.512057401499 12.834187001865
42.265828711126 12.208124917584
42.318306734955 12.056295161183
51.12117021909 9.8089398722206
46.825010525447 8.3967785976812
43.522567530427 13.118274347467
42.997501609401 12.331516132865
43.382273439051 13.723699930948
43.684419699819 12.698234706066
42.664722220371 12.55684253974
42.327248009095 12.97109874944
42.498837138779 12.828767641854
43.473082494698 13.328850973572
46.549104274506 8.3318788480628
43.63312424844 12.098837031119
