51.710905706608 5.7603395106319
43.524000813518 12.550234817711
43.612320295841 12.877086228655
43.090557196241 12.268162868597
43.677630965469 13.542513668811
43.179460750066 12.764378459104
42.407265251713 12.228289684874
42.420435990424 11.925090439138
43.575404350003 12.884511205801
41.85917917262 13.103464721771
44.251428709694 11.048343320495
43.048741431485 12.836901245118
43.813762654485 13.294052858529
42.34050261166 13.397024418689
42.601586942396 13.476415098422
53.447748024458 5.5519829656938
42.323075604331 13.045823291452
42.162068432759 12.926331673735
42.311605533751 13.088892464123
42.283876209673 11.85415547383
43.670205311717 12.516577687376
42.459989881844 12.25291815088
43.717670031713 13.749496686177
40.68099402387 2.9156088087979
26.40761194442 -79.182041966716
43.165756412414 13.71167647315
41.888078194546 13.689111323438
42.536692305739 13.125008518421
50.011529231449 9.4755606024878
42.521879807844 13.156114014891
43.493431893894 12.933782914644
50.507361919972 16.427157118417
42.857369307383 12.236978087706
42.290305500541 12.392877177074
43.551490029598 13.273292559813
25.381567799181 -80.593309453309
42.254536016518 12.487012934653
43.619215948351 13.036784465463
43.24812140376 12.515688707848
42.872027869298 13.356411981583
43.092045542848 13.476900319346
42.369495039068 13.660140891888
42.769554719708 13.756291541644
42.282492172126 12.503311931411
41.511618297937 -73.86516097614
53.323567386634 5.1421554826163
50.56701997042 9.6675554861629
42.658113838967 13.292572296382
