43.127436189993 12.325228158557
43.681020318869 12.678525456099
42.017424530844 13.136006263169
42.770764817864 12.978528692398
42.786217154391 13.370389595356
43.643422373425 12.679472561797
53.139138452075 6.1453660164938
51.955228500513 8.4656935145453
51.65951472016 6.4535572876705
42.981377682661 13.114288839586
50.375241284899 9.6130580071421
42.614400594337 12.953998473472
52.848056827368 4.7730060555148
42.093350010523 12.308194898233
42.027061476406 12.127631792413
42.261562775963 12.110962879917
42.977804798178 11.986312901616
50.484142134657 9.9613170777267
41.934487038748 12.799255336097
41.920087172634 13.633620737902
43.552094577158 12.670623845754
43.010283550273 13.265665730606
41.924015757148 11.921832042265
42.516636969318 13.274416990727
42.433816340044 13.150905194318
43.057836605284 13.320475286509
52.337026702164 -0.24348662577266
44.748074846443 12.896131232128
43.19264505023 13.374026388591
42.374136500721 13.623722043666
43.432803459688 12.885041926489
42.485198049101 24.734027052174
41.844232188952 13.03701269351
43.186229883335 13.507956855722
34.536088940042 -106.11582863395
50.443000742441 9.9719128780867
43.804669105844 12.877359436789
-37.627917426465 144.44215157199
43.022858614134 12.105801829673
43.585819638628 13.13213701275
43.722088896095 12.100323814501
43.362593239363 12.250180406633
43.602838365197 12.509181272031
43.53615915523 13.718737149967
42.359301301839 12.544600480511
43.717514149734 12.948764608704
42.5961714972 11.959950898311
43.069626644307 13.52929790857
50.171989807008 8.5599986024015
42.731053102192 11.915397173241
43.379848900915 13.709837585574
42.090560777176 11.924027952351
42.764965723646 13.561658087469
42.890512707148 12.135826951443
43.237934560647 12.560593875873
45.18883594274 2.0543659129433
43.019934222132 12.4645151177
42.571678542354 12.440883248805
43.446018169397 12.366036324488
58.910978732123 26.809711332344
44.226720772601 11.185440784195
42.031769679429 11.949074048081
45.464743656716 8.8396105201168
41.966313571674 12.612427005385
41.968648554298 12.41041144517
50.549040149687 8.9939293209435
43.081044049527 12.754996334575
42.444806052134 13.491648562502
42.520909844696 11.92853953269
30.246715057588 -95.868415295294
40.547378623879 -73.524222046633
42.895807412891 12.812529437178
42.413054720712 11.925338160699
42.294768509148 13.806165139587
43.381629292121 13.159050429801
47.951496347286 2.2056009786266
41.839104195071 12.281360715314
42.583700916091 13.210566918485
41.88034373984 11.958479120398
43.711321633196 12.368957726943
43.47396036541 13.077049716433
41.990308200957 12.493664398109
42.420111883183 13.015124026714
50.875896536455 0.13677465590964
50.707366692697 8.6539860235779
38.183965180983 8.8494954166528
51.31556638764 9.9246707069337
38.983103677519 7.9894986117505
43.518116740772 12.46432245919
42.663777505378 11.953769209794
42.832858576382 12.587029685561
43.708466340207 13.699773761325
42.746698382446 -83.051057768285
42.815212028502 12.58041298046
42.012664333013 13.203797008492
51.727665650531 9.8226307205961
43.356863027626 13.429063488019
42.108874622338 13.770168303892
42.904795381683 12.090079503663
39.131070728837 7.6543181860436
34.336142365225 -117.71015196495
43.531670123607 12.273173126075
43.489865808531 12.583574148188
43.422812978024 13.089254333235
42.211689468593 12.193021217006
40.120593823446 7.8493725128066
43.093228395161 12.687921088065
42.815262468932 12.753624648228
42.691208286554 12.696738077673
42.847979304331 12.687274881514
43.809177249602 12.758491527198
42.046039838852 12.881372639875
41.941280273714 13.128770635079
43.762831390746 12.779033942066
43.142039171973 13.312382506839
42.358178402951 12.401507532432
42.587778012097 13.50109279088
43.678227828221 12.169520463429
42.895515933605 12.496404287657
42.131028307218 13.117500528303
50.333883901282 8.1517694425545
43.360162821787 12.060155847625
29.968992964824 -99.180601528492
42.91551008679 12.096979945964
42.22584878759 12.352538387476
43.303023568982 12.723851616852
43.620627987043 13.017904632754
43.437085010802 13.101929345237
43.706300372142 13.331222612586
27.850255884529 -80.986138235575
42.745108316555 13.574216306964
43.345168205626 11.994052983839
41.970621400986 12.89682508071
43.333264493094 12.155414810498
46.291543999569 10.51434306361
43.69770007522 12.349980160312
50.658033419707 8.0820208127061
42.325638018255 13.534420788558
41.959548072426 12.527590359828
42.496456206097 13.390137401146
33.159130013468 -117.54074405464
43.034159960262 12.544123934856
50.503233681667 9.4658598557421
42.278399497421 12.19713547418
52.202838288016 -0.54407487840115
42.975974158394 13.251431301374
43.078015164995 12.667217796534
43.568866808719 13.282331013273
42.548769500383 13.560673955179
42.211881194849 13.5516043853
42.737908605851 13.648060505601
26.717261062786 -80.93036216056
52.548189546004 5.7433158047466
43.551864636874 12.109644424242
43.785690674479 11.914428776111
43.600213827866 13.32123783341
41.84436671291 12.318128409499
52.410797637846 5.2890931547336
27.008431335432 -80.197463047127
51.154989826099 9.7199163784831
42.886352997707 13.570766653687
42.044677373064 11.922419549882
43.117279902642 13.5430490517
45.555407425182 2.2753605182634
41.872089709582 12.960384817797
43.384491450819 13.150067324375
42.005310372473 13.038425842805
46.439268042633 9.4623089507047
33.286370662214 -84.358304299488
43.601126435979 12.141243519814
43.494851734741 13.830543420685
41.912838024068 11.98678126793
42.208596624552 13.364077285123
42.893206431967 12.546621533386
43.52930709793 12.539835123618
42.824413924883 12.551962613406
42.812106213 12.573287962293
42.916036676597 12.510022763421
41.935192868104 12.122397857331
41.981081190066 12.294586839778
43.120197909961 13.387149108775
41.964714581617 13.168787939574
43.427013194874 12.276686486007
42.085378788938 13.160409415236
45.569159422032 7.6574741360323
43.207487595851 13.143987399148
32.119637564041 -96.482479283969
46.029993512544 12.549326083131
42.160282033591 12.190512858907
42.098938204415 12.769385312598
42.59451976262 12.843451446802
43.29631504153 12.980139901408
43.54655866725 12.200499333556
46.237941174276 11.690738034009
52.208742045662 5.9249193040537
41.86581669604 13.02279231002
46.530956038519 10.26366147309
42.623623200072 13.102396749494
38.848689195526 7.7193124844612
43.704109769663 12.315996885934
42.558526531143 12.799308248257
42.295878304327 13.136430540207
42.008929511092 12.7106721591
42.405256961682 12.001719481799
42.599683526272 12.246571361689
53.465482573475 5.4026251768938
41.003797124104 -74.235860997348
43.770440567855 9.8303399326211
43.468673533534 12.926211914966
42.829349257925 13.684725996447
43.701965781277 11.969409889083
52.335589823702 -0.64213353756448
42.533757305042 13.177611284062
46.743716452617 8.8615975258227
42.112922297399 13.749686849674
45.420860762929 8.2945214005627
42.181779831754 13.587245744016
42.126267110077 12.201215371139
42.713938739504 12.053799978969
42.757073804644 12.319796168415
43.086737679845 13.553398819919
51.961219059984 -0.94248002397477
43.407564504283 13.672462009228
50.232853517976 8.4708122897292
41.833634491488 12.399590058459
51.540972326901 6.5064563982917
42.842937413551 13.625815139465
53.064442619479 6.2334117425994
42.473008574694 12.909314448924
42.095740979603 11.894447790896
38.523690393801 8.2772142685673
39.655091544349 8.0470970843502
39.465808635691 9.2426440341892
38.446288261667 9.3147764414447
39.815832615175 8.0410097499864
38.634317533305 8.0548659928694
39.197591259133 9.0132365224308
40.108948562242 7.9075591193377
39.601344242869 8.415911927763
38.496338197624 9.1930275585765
39.812163086417 8.0906383001963
39.778117504696 8.7795684422566
39.978386745675 7.5521823875679
39.235134361318 7.8932149332746
42.492761065037 13.281189401786
42.709395428074 13.640385205245
41.862508980049 12.745575134079
42.48885481876 12.495792833874
43.623908181055 13.638244563101
41.940274708898 13.30077178513
41.928304093412 12.890769504912
42.123337427698 13.2249090114
42.839246103952 12.638916019203
46.153851717782 1.7104129016914
41.994651629142 12.451840280787
42.665023199148 12.611595510811
43.621398236447 13.410196667749
41.963600675579 12.612483733174
42.130847887218 12.364621190079
42.299942989063 13.303623792412
45.544468719861 9.0428030074308
43.515255861245 12.121035324487
43.402748238504 13.797289885973
43.311709036285 13.481878117438
47.084594657684 7.0066361404055
33.356560507203 -117.53901682289
42.676559765228 11.987735951335
43.49801220677 12.954013954848
43.286661435073 13.09257987148
42.894439448109 13.66152256993
50.894322285379 8.2488044543419
46.848196093854 2.8121383915712
46.469503134708 7.882834959255
42.619315328852 12.568454403716
42.164632827141 12.984716197955
51.099176449282 9.2057872820673
42.591764285526 12.92181810642
42.153697021398 13.435004012417
42.22538883531 13.448922143548
25.692274762623 -79.570108445436
42.599439362364 13.680788049812
43.51924824089 12.686744718688
43.095091654053 13.498056349597
42.642757109221 13.35127656739
42.952102300244 12.490099933713
42.573164883358 11.986092904131
42.554223405942 13.229903843382
42.827028571568 13.141076652886
45.974864545758 8.6041012755614
42.058560642462 11.902671993686
51.377273442865 9.7143812620614
41.951582042965 12.371923842662
42.020719761991 12.897411613698
42.935971860299 13.136662280272
51.424099943353 3.8920562369246
42.693163531711 12.059247528251
43.725535800108 12.031064113638
42.418940093584 12.092930297897
42.49289960253 12.868452292827
42.528065778116 12.003382604126
45.515608117716 9.9298614660883
42.246144974274 12.739805844512
42.056462827652 12.141717902472
43.832267922758 13.557330918779
42.767541043373 13.480457196723
43.119639280795 13.474216523822
40.987802060921 11.504574614623
50.596426775931 0.54972172023251
43.229916591325 13.225450118198
43.116748649702 11.929918596509
41.940319641486 12.956518274733
41.99683365088 12.585637665182
8.431769182641 -80.622970697294
38.424587261958 8.6113054482614
50.315099298635 8.8416690937437
43.002431604102 13.815791984024
46.827666946141 2.7002186713276
43.587966540657 11.849109572309
32.451325976018 -96.842651290762
43.161715619362 13.688165986786
42.513301758356 11.845249540121
43.512055851779 12.591945942322
