42.183303836374 12.663944506882
45.220995982972 12.351000416148
52.052625857551 -0.8455409486571
51.382978046957 9.1756917984112
43.33675197716 12.225607373412
42.844182038628 13.404417651915
43.40179574557 12.548058799279
51.571435338385 -1.1277417401959
41.986791227493 13.127790569408
49.416408838475 2.4168955195113
43.39829978414 13.543300617295
47.381624292294 8.9902867823794
42.672233535311 13.551910439784
43.277624680811 13.682217331011
42.291501683805 12.558454732226
47.450932182116 7.5746874234521
43.252291851815 13.50385005658
42.683538456787 12.623504818263
42.113582632578 13.405370339495
43.665020205411 12.711444461605
51.4026725024 8.6191816491164
42.014279496418 13.518724275084
41.954310123343 13.110537112763
42.919201077411 13.064366334635
42.858502265487 13.05201432905
46.88269798685 7.6272266887255
43.193722451683 13.617528808612
38.755274019135 -122.8563270691
51.571960097911 9.0754226260238
42.419405475941 13.576661633617
42.019050628908 11.986007648069
41.954901715275 13.032195237501
43.686211961662 13.578873483755
41.851918083568 12.624973716992
42.167367307103 13.076754701846
53.294085073352 9.3722611215768
51.952178458428 0.50691184466561
50.58703271164 -0.23847293963119
60.012901947374 100.79703981513
40.962920033578 -86.653641027252
34.054658042937 -118.77179602645
42.054811750585 12.93032758449
29.350962165272 -94.569188464907
43.442510420218 12.977754035975
42.80620731779 12.986734064311
43.052780439191 13.544531990583
46.810830315275 13.045678225155
51.139469028748 0.7465288446455
43.218357814133 11.906709175069
27.015757193314 -80.726577441356
42.819355785318 13.347726833258
43.503527221991 13.251797670637
42.145175354644 12.293285705307
26.550764464081 -80.753528529473
40.103628055443 -73.714453565085
42.8125773188 12.301250098434
41.397205371281 -73.811242437965
43.041876389686 13.445244387486
45.988501428647 8.7144710505914
41.952405049464 13.328676442324
41.939071425695 12.643594840862
42.769259810827 13.215976066543
43.503357810689 11.914431118388
40.310891091798 -105.6399849683
51.240202074749 -0.75482138333135
41.996251473688 11.938296468455
42.845536765126 13.109186522734
40.967213234523 11.641264254337
43.555370425619 13.105677132565
42.256308586477 12.62753612626
42.954007454216 12.647461043528
42.600711354355 13.426376363482
42.382684258012 13.754679887928
42.50747560037 13.249188947628
45.962323490513 2.3988736799913
42.898317534916 13.19801574072
43.495863849549 13.213072592513
42.037125782148 13.268399549328
46.52148057079 1.9173998534295
43.047416399276 13.033806687723
45.339298779769 1.3005152755885
42.550260077042 13.547743349612
25.19367517026 -80.733074733207
43.705409919727 13.563526029516
37.426490477818 -84.918740771625
37.085907797835 -96.58442481681
50.006361749957 9.0966839460175
45.411305017961 15.636555038689
43.418333439838 13.424830931923
43.42969983978 13.07858800335
46.701229090198 8.1403939529045
42.691268707503 12.119363017922
51.717344827586 6.4589101051488
43.42375901503 13.128108201629
51.876442512673 5.2513785029302
32.939324588361 -117.42438886956
42.763301209923 13.489980445493
42.824707217454 12.443984493375
43.122451406516 13.3875863759
43.600058213642 12.511866061742
42.005466340133 13.03474074699
42.997981866376 12.62294140722
43.280884410406 12.05521826637
50.642989013643 8.7332020447278
50.680905702841 9.0444802167101
47.709020983758 7.0667547253271
43.530440212495 12.945854109242
42.867427333683 12.753482540044
42.227343028072 13.361813896525
42.094117306703 12.487834529268
41.610756073571 12.343576399115
42.664420725177 13.039917482103
42.284361832463 13.393937026821
43.392281884531 12.852740723127
42.409709354609 12.864279134622
43.631985149196 13.225020520049
41.938948320217 12.393156796432
42.809833604309 13.799188064804
41.234730933576 12.293248404231
43.670971696133 13.778672759339
43.094676345186 13.022482892064
43.514006344862 12.572564492755
42.063774683563 13.205519380165
43.285481722714 12.116493271739
42.583275706334 12.224008123981
42.398158458734 13.052774104801
41.805074273204 -74.624080735215
50.473233216663 8.7118202823735
50.811374509154 8.5054149117812
39.163546336367 -83.912585192432
43.652709823427 13.738803674366
43.72493442277 12.244486029395
44.588591890614 11.639479280677
43.706778549939 13.723573278994
42.449460648696 12.49776044001
43.311433803456 12.646706206115
43.184635479576 12.909017332808
43.155232469645 12.309270143208
42.468325977453 11.935737711834
43.364860555814 13.195333373379
43.323610745076 12.030462435948
43.645575652221 12.715648314339
42.630805374904 12.188021553789
43.601125896278 13.073060022256
43.820425414883 13.196691477318
42.793364380877 11.877490775158
42.983637407435 12.233957478441
33.243522647511 -118.16547499589
43.083717620526 12.121261752754
43.182779497107 11.867482579738
50.894237988812 0.81506305639868
43.438740771489 12.152152023836
43.31071296118 12.748138463028
45.891219732327 9.2943445917658
42.103837768151 13.410961726427
42.520748954995 13.096166236392
42.938060431733 12.794078270364
40.514499786626 -4.2884098690664
47.08089723954 8.8825278388721
43.55662319325 12.71255688358
43.58012345928 13.452489562564
43.696862554989 13.580839278468
42.630267230643 12.753927174862
43.080754283874 13.286789181797
50.694405204125 15.307912482325
42.42631550388 11.952694370876
42.475688152723 12.228487179742
42.834070094339 13.423508583321
42.540613834553 13.296721683509
42.511036802808 11.962921645962
42.874035056643 13.10149986164
37.269669886721 -123.03879033326
43.727377964543 12.173489561406
43.616776254802 12.6725307874
43.194075978472 13.185522583421
42.380127750069 12.694284628955
42.615823920658 12.169706284169
40.993508413878 -75.259784353936
42.123447558921 12.786275788132
42.589524937623 13.278100431582
51.470951127806 0.27611565737339
43.528482956148 13.471637668329
53.20247822768 -6.9098978534565
51.396082981208 8.2585011107188
43.795669798199 12.456831782824
35.317065156249 -107.25191712078
41.976442531693 12.115652613417
42.126797873141 13.036770107263
43.423976537059 13.71739457816
42.998225044479 12.827679494802
43.686134480797 11.347615020395
34.005975002241 -85.132757855658
43.617848617799 12.998703923562
43.673171142916 12.610097538985
41.917778847722 13.28784734585
42.049891612705 -84.141344241893
50.949950673594 8.0612157965364
42.051486365503 -70.103831073548
43.33856345731 13.747555273023
41.987579532914 13.357763283142
42.116135899984 12.107397455327
34.578460765759 -84.336241844901
41.93953667301 13.17195565217
50.552579542181 -0.86017445287209
43.785519758161 12.544188843849
42.11399176957 13.331640931487
50.715631412675 9.5122854237036
43.695910802456 13.047173740851
43.953095014185 24.547370524866
43.526455696473 11.876408122909
40.631377925611 -73.58730427775
42.529780903633 13.155777333398
42.08204486553 13.005358668533
26.302494457581 -80.848121768068
44.550631982091 8.7401241418627
50.14337009431 8.0894269328981
51.704872136332 8.776314892702
47.036778083368 11.876284393771
33.968995629835 -83.722337050141
43.75789821325 12.320524017497
53.369256821081 -6.2869417281008
43.825265855934 12.987672841192
43.212954855644 11.951154119333
42.414879344152 13.780628851999
42.341049424552 11.963353888601
42.079242615087 13.396855368485
42.871308643798 12.954180157743
43.490929917682 13.580365725153
32.859863296591 -84.053671535502
43.461584567328 12.23438049959
43.711800641733 12.313193013127
50.234343781245 8.9588114749448
41.962401712782 12.297848751463
43.534131814064 12.648421566325
43.420370794118 13.582448090719
42.369618632092 11.976961338437
33.664250896196 -83.544432429757
43.309565606227 13.542273097945
43.084671852705 12.148874352776
43.345504091769 13.194512563404
40.030670811879 17.54419543927
43.178215080976 12.450701988533
43.25549384174 12.261626352699
51.395626685068 -0.25441803567317
51.522402863494 -0.5738677008468
43.664125009304 13.212011140891
46.644145548734 10.7460089606
42.576838873616 12.299269654017
43.057545080829 12.877434986142
42.563938616127 11.852863010437
50.251129614772 8.463957995858
43.066093142196 12.025947200633
51.104039201561 8.6331880505351
50.657323479027 9.5882532245425
42.330827932514 13.211891436138
43.154223500378 12.154040407948
51.657524170893 -0.52652518760251
39.952535965183 -112.47356544536
41.850613521829 13.443554066815
43.015766661177 12.283167394497
51.963984746935 9.4226206165844
42.51253375763 13.017663551524
43.526975281803 13.785739810127
44.393225935818 10.874995387383
43.452363969524 11.895039750235
41.357955592991 13.322272015697
41.938050558901 12.383033499577
50.326695388801 9.7013454892213
43.711312156523 13.37211577148
51.609924001903 8.6913064353593
43.602858874783 12.058840294417
43.143993004779 13.720780519194
51.074939767865 9.5876597071009
41.952118830754 13.030158639455
43.292738767498 13.082578266099
42.917847358604 13.007371005627
42.445126259462 12.819590204332
52.49868315272 0.10660763503826
43.272818003929 12.233421348165
42.887715515649 12.500793264036
43.70267131261 12.836148220525
42.031357806677 13.575760701029
41.973451084 12.183908921307
50.372443149505 8.3948791140667
51.37561014964 9.5466016272766
42.089946943631 -82.840542100969
43.358910437396 13.013677810346
27.750880309167 -82.149814827241
40.139844240877 -111.65722535521
43.273051215018 11.872976852077
38.052793501353 -122.11673372912
42.316760601644 12.664474558881
43.29748219221 12.507359905426
42.804669374996 13.760399016461
43.812508956929 11.901876047229
42.003408044811 16.139908047712
43.419899814513 13.501226541375
34.515489700586 -118.67170511528
43.438337384483 11.997273440027
46.199028402892 -73.418191267975
51.903652609747 8.0522893918922
42.693700970495 12.213592870281
42.100848357261 12.996420080327
42.525972653912 13.444031520974
42.373902573911 13.1577469158
41.884397113197 13.059725917459
50.8378747652 0.43944035765224
42.42517420392 13.70423484256
42.049160832117 12.135019116653
43.360857340696 12.658349535756
43.783414692072 12.611579900448
50.70502487533 -0.41988388753025
41.992214122805 12.242115936376
43.410380755763 12.655965190242
43.283279446572 13.048676268707
43.804007822112 12.076031521019
42.993274946249 12.057777328465
40.050256310672 -73.708093065298
43.330993406184 13.670800814273
44.237590038957 7.702434666528
42.82678568916 13.409843094393
43.610704456296 13.199145111369
42.421364720197 13.567627609527
43.810257210329 13.083294527665
42.469760535525 13.582307517355
41.847038966553 12.835139665697
42.620206707933 13.570250608314
43.62343423705 12.47913630564
42.30654634086 12.806141309371
43.244256854658 11.985604980509
42.717564064899 12.91924874902
42.156598010194 12.764152776361
42.618304378662 13.504666622053
42.04725277335 12.906942210604
38.884938275096 -76.713685253927
42.462620802926 12.340636700106
41.289031012095 17.576974011577
26.294682445125 -80.684345814993
46.990292055993 2.0994793321469
43.078227968944 12.847799113436
34.230272762925 -118.48035929671
51.862441342958 5.3500838790089
43.23858156441 12.011614116401
43.659185977049 12.845910741431
42.888433320417 12.420353064996
42.571716292117 12.851845349137
43.030466987787 11.863696552771
42.677050105632 13.651024870899
42.004292150517 12.127553487743
46.625917707861 1.6183522798206
42.045353946784 13.414115811446
43.794735290036 13.783473197291
42.415053067478 13.241081857256
46.296355363585 8.8787793479295
42.061112717309 13.78603564614
43.707921232448 13.24959548949
37.575045010331 -121.2915127591
33.8682385796 -119.06273732087
43.369848931401 13.831616575307
42.106325374521 12.484451153097
43.696137331306 12.840358382503
41.977036585576 13.032319598402
43.447679415109 13.096688844795
43.812631409083 12.198954767661
51.956866886679 -0.70464281263511
43.243992108521 13.449999680042
43.511341231669 12.085453030248
43.774261191128 -79.169979204831
42.156176125259 12.954664838966
41.934248116789 13.407222947782
43.67253104817 13.133685381701
43.325151293711 13.495264965361
37.105244320866 -97.257456028023
42.84007083909 -88.585788903318
42.890116196096 12.972631354359
50.7826863042 8.6677364165279
37.990854413162 -122.75718268011
42.867786959239 13.231522545813
44.606349041453 8.3429660327723
50.860350343799 9.4080340547525
43.759507815728 13.20688271022
42.741730387223 13.003220665757
43.203187214792 12.733039164812
41.957566091792 12.054512457503
50.139144896129 8.1810472356999
42.848220876834 13.232293513267
43.643724595983 13.379312539671
42.73266599317 12.970536232002
42.961262420754 12.168137988641
43.295172786033 13.074269418195
42.149097712335 12.258835435055
42.31373148242 13.209392127234
43.573110389345 11.890164549898
42.972694739708 13.6415086294
43.283025968507 13.769078417595
43.352168432622 12.130195859901
41.999273122775 12.016365761897
42.355036912672 13.513704921845
42.800249829351 13.016962569236
42.987257902526 13.684717384507
42.013081530602 12.455645157723
50.391777865771 9.8136197262507
50.862746172288 -0.78919299407824
52.03665875296 0.74027225963319
42.437727693672 25.735759429976
47.775386525213 8.7809091921807
47.507627676477 7.6877317184991
43.823753219037 12.163033258732
43.469264016726 11.853519778651
43.814140481343 13.029983096325
43.361928343497 11.875593990982
43.535743335532 12.94621009938
42.332958387853 12.356922550314
41.428615258427 -74.11863398524
42.717727076152 12.391619800328
42.452491947216 13.364724363857
50.250549801742 9.3660327980137
41.990473018976 12.504550942941
43.264665756053 13.184495894345
41.872737170159 13.372834889878
42.644489209489 12.769754677925
42.651330175668 13.271911042424
42.589394810905 12.855308098672
34.043196948305 -84.971582918787
42.33028345526 12.106695437875
42.061455899899 12.468132316374
42.474253579285 12.927414599793
42.283528690845 13.279895677848
42.530791405391 12.246453710502
46.379218991091 2.9339904193459
25.870581360457 -79.191515667263
45.645893005489 1.5529545687851
43.752832397259 13.712548995743
51.322094757027 -0.93719326241276
42.283802009806 13.438220622709
43.358176389897 11.902950610476
42.549711083805 13.549225888026
42.538003176257 13.649126970998
41.681195534769 -75.138868348403
43.469401870162 12.669793452003
46.402922906169 8.7520611191877
43.739050598249 12.061040323277
42.57488416723 13.540618914918
43.447146958435 13.265138846501
43.526511096662 12.972385057722
42.521104737449 13.359126696086
43.740944954467 13.34996710317
43.451296975602 13.397622829509
42.051274722487 13.823104513748
42.919261021523 13.792296216282
50.38814851846 8.4009528092113
42.682981600858 12.606469482487
45.524165811261 1.053305596138
44.920839877718 8.7559236172637
43.001905364006 12.652886303001
43.80411888652 12.129719282582
42.489010123785 13.345394598036
42.891229664412 12.454161172965
42.414462343538 13.132986633656
43.790200226398 12.113408395163
43.045817575925 12.656880101982
50.846640713209 -0.35284805179706
42.390724188851 12.377640526007
45.928941871498 9.949540632474
51.039883673442 0.78330261571021
42.664775670371 13.807821023209
42.81424470705 12.212338664223
42.915204072353 13.065226102765
43.137077852237 12.381934000844
43.296010589386 13.785025170459
42.7501047248 12.755512364582
42.299460685041 12.414284804584
39.305430326497 -82.693049536272
26.980660203353 -79.550984084672
43.570832297493 12.453495962777
42.112332374515 12.12136703763
42.139954380312 12.268749415555
25.107993899878 -80.918928272794
50.690794943455 -0.9695950877292
43.007977784636 13.5431227575
42.662580974264 13.137136088303
43.53198897167 13.079262050858
43.812458490421 13.225396148986
43.150178433021 12.562908260435
43.794503305498 12.893562670303
42.03408740092 11.90432759698
43.690536602743 12.02161326961
43.795629310347 13.3937025333
42.967563657562 12.934671072746
42.848507396827 13.038724639026
42.893007986684 13.239258951174
43.650028620239 12.46587857395
43.644735827432 13.234657603912
42.730230634927 13.396443871987
43.295606714366 13.08830178023
42.467362861853 13.049634095325
43.277553720084 12.633304441664
42.693338424777 12.021718338629
41.953602871857 12.516515376773
42.195919055138 12.940975891885
50.266551662361 9.8033326793478
42.961749793034 12.562160435415
51.570141685694 -0.26157678634467
43.524909630218 13.339812767405
41.858045916959 11.88809623799
43.363823691108 12.087235607734
50.063063156355 9.2059699754258
41.899493383218 13.426677128054
42.526261034688 12.654001024877
42.407510647295 12.40649873505
43.423692594501 12.972620824826
43.516858876479 13.67282033
43.090737984579 12.037294165735
43.682461183391 12.113705862387
43.750644539388 13.015652813046
43.261972139267 12.554542674497
42.343727845414 12.563151981499
42.534727548053 13.5414541576
42.61172071223 12.347224240374
44.765990007534 9.0513348509075
43.469323463046 12.927114577951
43.099841361933 12.252506406185
42.654364533117 12.270534466168
43.766274491237 12.110427794585
60.219842129489 -95.268189703239
41.954474365338 11.854705498973
42.88265756328 13.810908122852
44.499901066979 -80.278612113084
51.934190473023 8.5194117564333
43.038629918864 13.791521785239
25.342418879879 -80.321384909522
43.328307637187 13.404705822212
42.615576176746 13.020168371995
43.595579285007 11.993324783649
42.18986165907 13.403650513128
50.187157537875 9.886446369759
51.363651341462 9.2287600656174
43.048682025212 13.035116668828
42.315099630673 12.475644394067
42.032012916206 12.318097266538
42.488243317946 12.650856685683
43.235213376247 12.801628308299
43.35476682572 -73.745550649177
42.884389202078 12.75520868171
41.959659730552 13.482017519198
43.43881971365 13.721058522708
43.618679006893 13.364796860334
42.812780075206 -87.229082648436
43.587801435326 12.018811401475
51.879968358148 9.0799420681223
34.260312078149 -117.1242936602
43.345992600727 12.884230974097
43.40377099507 13.212891493578
51.80512001822 8.3783936097186
50.492923226903 9.742778779819
43.008215110774 12.363598925252
42.788245660641 12.104315055138
47.619972843034 7.7906820116521
42.71108647052 13.004272331041
42.009331661302 13.475171732959
51.174489150371 9.1987616304302
45.716960916164 1.3166508843734
43.485381838647 12.093127308012
43.050754429351 12.910509575603
37.082691426427 -96.270252212542
46.707082108458 2.6501402089606
41.33349383 12.052461316645
43.147269655109 13.338552680045
42.859338690017 12.3872206106
42.000888287577 13.570548140265
42.598252084406 12.348894844946
42.042664596852 13.205801624456
46.342520688354 7.7305266902459
41.290957522273 -73.814317268178
45.747875756467 1.52899539635
42.137131978377 12.579470820084
43.489143235858 13.187172854893
43.821693947477 12.409724951934
43.489980518601 12.827918536902
43.280888136628 13.176762455246
42.265436714194 12.777301483239
50.509722323394 9.7783503652449
45.770190938294 8.8360338957217
42.51508453235 13.29327568707
42.030164715869 12.467712802586
43.45414681104 12.293985696667
50.347699879831 9.867591530023
43.7294645029 12.731613145106
25.636753041111 -79.461138117617
51.837083921226 9.082280293611
42.218777992886 13.808947316303
50.492637160464 9.4314042541345
41.015466400581 -75.192584762105
40.694743948175 -73.213867308046
50.127667164489 8.0782875316582
41.610252812009 -74.862598653485
47.424809896585 8.3155057259442
42.787881907464 11.834955868255
40.828430801535 -75.161866734392
45.239018399613 -73.029428375105
43.452481300336 11.84471246921
41.915051439293 12.003641900163
51.749610666069 8.4490974906129
42.857137207362 12.748260074199
52.226657536685 5.362777274853
44.762337111317 9.5670339525524
41.240402932376 -74.402134629666
43.420485436202 13.133586633102
43.231681332587 12.713920953106
43.578396742988 12.828635171463
41.958127185704 12.196957684235
41.580838816651 11.74554426332
44.436464348967 9.1542545413618
45.7765428777 9.1708384419655
51.9663130096 9.9987843623379
34.256054436621 -119.22523283253
42.951854987534 12.209382769305
43.135077242823 12.024226570534
43.447924557372 13.718341145089
46.750857558081 9.4241097955611
42.275773872771 12.220219265327
42.063367201532 13.79394972736
42.851427074939 12.826191446218
43.596584337597 12.51289059108
42.040052168111 12.001722567737
38.802302520804 -77.531305502375
43.099068615653 13.716181535163
45.619708847499 9.3202721079696
44.954863123065 9.8763669884444
43.90830494513 11.385095590788
43.151000109593 12.268831482303
42.123178728003 12.960797143172
43.321965169798 12.3169410114
43.548110160322 12.857862796589
40.83522380244 -74.402376470475
43.00910778579 12.76603953485
43.495036252095 13.416019574022
42.06413679156 12.007434296912
42.787779862449 13.022537825195
43.32873115054 13.444568574191
43.217401377513 12.578985644795
43.282083857957 12.856854172378
43.540715263498 13.536278296533
42.478615268377 13.714876682851
45.805430498349 1.5733886345166
29.22703656967 -95.094044171992
46.082032761109 7.6204439837581
42.510629670953 13.375692017572
45.411578028214 9.9055120978996
17.468393220668 -65.888079936331
42.872265622913 12.867979814258
43.209451594509 12.512761635034
45.542255552738 15.718674652147
51.856499701904 -0.19386146231734
42.92926997178 13.508299355653
42.52657646014 12.537093349538
42.071173160857 12.176718152697
43.018340898242 12.027323936612
25.846492479932 -80.631855266738
50.598311439901 8.9655281593863
43.594154901635 13.625391373723
34.03013141752 -118.35991889098
33.607400513716 -117.83793272751
33.465322714394 -117.9587791311
42.402691388711 13.528637784335
42.310118048617 13.822447587209
42.878862402832 12.748259148464
52.81904208838 -7.856518075269
43.402745660603 13.604094725404
46.739146453673 1.4513589830377
43.274594287071 12.210575502951
41.829143992571 12.816601586375
45.239486307646 8.6010686639026
43.826974683847 12.088533944513
41.87569789771 12.546087209411
43.192845966312 12.47235020833
41.937004107974 13.111138178108
43.37616843191 13.311414399816
50.305700196561 9.857008017533
26.543441897494 -80.933500731143
43.764863867224 12.479747582937
43.703825487173 12.083355983779
42.36795448857 12.621180554231
42.565356741944 12.295949785198
43.303493646136 12.562863488965
42.03991788164 12.397453417742
50.436100192571 9.5145290165742
42.758789101059 13.564995520567
43.19754473271 12.264184673926
42.784568695738 12.527747646707
43.020813508921 12.95669736853
42.431976001001 12.286249774662
43.364421853986 11.879165244253
43.211212430734 11.86142407493
43.03902539801 12.804675045819
43.343598398561 13.031115003431
41.89658939696 11.998623805607
45.154015469437 1.0789387952904
42.688713844742 12.624733044612
43.335747021893 13.451956155941
41.996489896924 13.065396348997
42.153377995919 13.236736471896
42.593132465444 12.707788008616
42.607128859336 13.109072563776
46.944230529919 1.9476228654141
50.865933278513 8.4653770706921
50.922635272575 9.6432203220405
51.630244187839 8.1095136558216
50.197097242902 8.7658465163623
43.785985222008 12.528067850309
42.576547701201 12.298797189884
43.587903685697 12.846846863111
42.302722459355 11.925876943847
42.098052242837 13.114482417777
43.309276208912 12.702750964438
45.806064999106 1.3327567499749
41.911279537695 12.160516803714
51.569443882243 8.5720181933474
43.234966420699 13.035172361918
42.912369795124 12.899274280269
40.373696501693 -74.601862617249
55.576282217436 10.135586922586
51.152685022751 -0.80978739676987
50.24387720518 8.2586296350968
45.20378031172 1.2945016349175
43.179084647551 13.250720797244
44.410616391693 8.6298519610822
26.226610349114 -79.885429601873
43.264963738299 11.873017835858
51.426176300005 8.5381499251994
-38.120670694914 145.64284293493
40.249293758397 -79.084703401014
40.324938622201 -80.035310696139
42.013315487215 13.25851152898
43.359541418685 12.056156860246
41.911836559399 12.005004718457
42.935018283306 13.237942797729
47.214759411405 7.8096493856372
49.253968115072 3.1264719658226
43.728930737252 12.315885613841
42.378057811606 12.311479940245
43.480146024621 11.963896144186
42.180589606159 12.8082382045
41.909143574049 12.297806871749
42.021846032267 13.420732509096
51.12414983107 8.5552776705265
42.538767592322 13.030707005447
43.662703423625 13.443158462405
45.772871920759 9.7531367727337
43.442311444081 12.522643962674
42.219086963341 13.302674232213
43.687515489167 12.835373801589
41.950151234397 13.300960799375
25.496327034412 -81.046488223894
51.869725412861 -0.18962809364294
51.327054958012 8.2990127686872
42.739070654048 -83.572326108821
42.665973688807 12.414779604161
45.330853290079 2.5025704542653
52.081114092181 -1.0162437596015
42.433637708183 13.230277006177
42.166193893278 13.439105420599
43.405372144864 13.399767846542
43.212837392119 12.489751021161
43.372464591832 12.503657903312
42.246253817012 13.547269148097
33.930666985042 -118.35035396853
46.037395718525 8.0981499203938
42.410115164451 12.038553990463
41.897476101267 13.647936375669
42.179796846223 12.747729540706
-38.744346557997 145.36258830629
43.727683723798 12.91479648741
42.830660110282 12.327781813393
43.715880074427 12.547097983115
43.05764879943 13.815139266132
51.097790139773 8.9179246108597
53.127565162781 -7.8795918644777
43.674650477581 13.484151714262
43.562264552157 13.216043624217
42.439822099863 12.016117807506
40.963988630772 -88.376016975571
30.52974829784 -95.884061002328
41.99839351142 13.086685060119
41.883261357866 11.836988289786
42.408875050235 13.200094779136
43.26662037443 12.169457495778
43.249190988156 12.397035847158
46.532084862484 25.019215289978
43.466401096206 13.626241924554
43.314038130622 12.984531486886
-38.10093754395 144.18940273837
36.604895564566 -122.79737327988
46.458353305449 2.0866630878703
42.51716260126 12.405909981323
41.887384262836 13.221766786774
43.155541747902 13.810080903515
41.894501085365 12.660850140129
42.940321372349 13.636040253416
45.053158097019 9.1836342027335
43.226996299472 12.60963856925
43.17606989258 12.076995036622
41.98305687589 12.639844622782
42.800805234744 11.926462700577
51.424942486419 0.70815622368742
51.51185394894 9.6783252249837
43.626593852728 12.25365816676
42.658014658235 13.394531121217
41.863105719401 11.842627143901
42.129113135941 12.065562045719
46.802318032739 1.9248888562084
42.878516672144 12.110603830384
42.369660784218 11.909081845989
42.875239033681 11.851562431034
42.062775073623 12.394314244594
42.306845863979 12.673768544904
25.536779947812 -80.261048730394
43.06129118712 12.481814108103
43.34546436667 12.837343858035
50.034858236571 9.9448374500241
43.148916821552 13.089653340697
42.723083285041 12.835238100439
34.726205778826 -118.68222990134
51.473230092075 8.906738158272
43.415794885466 12.019982691419
43.087574617068 13.603868625895
42.434399882555 12.834769161828
42.943414290896 12.094015141548
42.811199188166 13.159350847921
43.823103957748 12.407209936274
43.684294288386 12.323799635455
41.853402133052 11.872727919797
42.579507458315 12.426368798814
42.240839329681 13.204272940871
46.05896064735 7.5413057718153
43.340927316056 12.33127974131
43.568208331062 12.024348593815
43.19331990566 12.336947221021
42.202825415064 12.465222908887
43.256852020184 12.467233976588
42.266622019611 12.220148014028
42.217163894913 13.535560778147
41.921768603365 12.597607073208
42.017484933633 12.843355060503
53.396104887545 5.5105645976777
42.621724312271 -83.459810508836
46.449370724824 1.6120402410682
43.187960614559 12.425309039871
43.693095030607 12.473677272219
25.446101536234 -80.15050947887
51.423030569415 8.569861211148
42.637230836638 12.091511355777
42.779964801308 12.302387248421
40.160104204196 -75.021814171366
43.342778378813 13.748488438685
41.959422593938 13.706016062177
39.587702266665 -75.249995066948
42.572963862502 13.09673283116
42.121126980624 -70.94707394414
42.458487617552 12.893557060016
42.064306271313 13.823482057018
42.056104748557 12.66030724007
43.769846057433 12.059904286687
42.652172925741 12.431368154695
42.295579011245 13.024390433016
42.916867533215 13.58660946909
43.385911067217 13.645613945411
50.579765711017 -1.0488549783634
43.42446063993 13.796561578215
42.674901203588 13.291178360738
41.872124500534 12.288980722583
42.847920141133 12.826334047071
42.545263577528 12.992278497218
43.687981463844 13.148448388182
42.409542641814 12.564174366002
43.297423431809 13.800367672856
52.234433039899 0.68934943926491
42.225259154695 12.653671230515
42.653362044924 13.497900421984
42.755571972952 13.628073857479
42.501705049326 13.092056319181
43.380095481139 12.146420328036
43.638853855284 11.979067723744
43.350099540034 12.07912837906
43.753791046701 12.214205278204
41.875711974185 12.864715010817
42.836191391983 12.163019053735
42.637108675988 12.731245453831
43.173978952793 12.852555017871
42.387940021899 13.541991422226
41.875781712085 13.634024902097
42.858681683849 12.367889685283
42.74827303914 11.89278439802
41.975668645474 12.413235180293
42.290528434485 12.714337353483
50.778360745766 8.4721805278548
43.267569477815 13.712331295366
42.870641294828 13.387698635195
53.187665889826 5.2927307083936
41.925806252738 12.609509805057
50.957386783304 8.003202119378
51.374174073047 9.4533197216007
42.919214541542 12.318627293857
50.354846463238 9.939996585222
42.071874715908 13.552096692192
42.357836165187 12.704111712402
41.600235234806 -72.064121473862
51.495075910251 -0.079318392842544
43.746720604036 13.40007685425
34.05190842446 -118.48753818918
42.315052895974 12.080150769616
43.518420989422 12.751221146805
42.857981639403 13.069509896037
50.642402085309 8.005808423276
43.277019150239 13.283262966354
42.094076902205 13.44956707698
51.308262887554 9.919378430545
42.035271543306 12.969783531721
42.727388834475 11.979699064523
41.866318588569 13.805504876585
43.385482121925 12.449147496603
52.58083717715 5.0060002311394
41.868448825047 11.940548682579
45.316333399302 2.2652782175063
43.231339909265 13.314874689262
45.129916702248 11.816795789062
43.625409912165 13.507352350071
42.407879104583 12.470593744198
43.114778473116 13.614995142287
42.669840480534 12.370683574311
43.094189788745 12.870710165666
46.171988452865 7.048110682074
43.723554493752 12.037424784658
43.283405618895 12.05961297597
41.856970571867 13.151133741809
50.865385690176 9.6865986397893
43.622290617166 12.87587395167
43.515259296429 12.76677219235
42.614153631339 12.778197586454
41.918593841588 13.692568210297
41.97839935451 13.538411706958
41.84245000821 12.985945371925
42.383064720048 13.646406547954
43.291195869602 12.051290317483
42.04402040089 12.544009009651
43.374832773777 12.947532203511
41.905105739343 13.73273554108
51.20150064407 9.6072951455635
42.373772357786 12.676390093622
42.120177233203 12.951857812236
42.97370716325 13.233591340146
43.538002608615 11.993690717518
42.146002921365 13.257755293652
43.328565774659 12.815188166155
42.526809250737 13.547684847653
43.219845289488 11.935447602989
50.778682852759 0.64477397526371
42.731909234439 12.085032028672
43.132398726967 12.457733444638
42.26108865361 13.385390847656
42.171001438618 12.872091854418
42.097332630373 11.841983811412
43.042544902809 12.85619626795
43.823652860647 13.742541702365
42.408650011967 12.725780425487
61.079465543423 14.165218995961
43.775499884887 12.92451154253
43.21621122689 12.672517805229
50.497228378196 9.0592504772634
43.65384485186 13.178202175639
25.077862588242 -80.675876271104
43.796388779227 13.554661265854
42.454212610377 12.056692297152
46.041074876925 -72.996131463578
42.053552919579 13.532232980513
41.999644703718 12.435943635405
42.802478452608 12.559121030664
43.452562873018 12.58113670192
42.695721437568 12.153323017153
42.060636861299 12.335625369279
41.04403554571 12.122721772044
42.877681012348 12.077691777457
42.890526467439 13.47241267912
42.033079215362 13.228945222811
43.078544885909 12.620173139342
42.585826165802 11.897313415512
26.489377235739 -79.157116171787
43.358362098878 12.712274598776
40.553945923622 13.990886295627
46.146186275476 7.5653937238107
40.048823815071 -82.56389256393
43.779434966773 13.160122284296
40.764849747561 14.593330677826
26.160577077476 -79.733590691967
43.21152364102 13.008209977789
42.09625850997 13.25286335186
34.036946918648 -83.844204924479
43.484083033413 13.241681934002
42.260902358362 13.182142131602
41.998262982836 13.181003894762
42.999761672246 13.149871741047
42.355640241597 13.025412898078
42.660499171217 12.695355123254
42.426129042856 12.328490507963
41.872563101313 13.513420686852
50.069307387955 5.2465253771289
43.552284618186 12.783904738179
41.950977170838 11.967401912442
42.750990264954 13.735518174609
43.358431907093 12.619378480438
40.355069015492 -74.400645478947
41.680948887955 -74.28657744246
25.191506733724 -80.38344082887
42.258227640904 12.004688878101
43.644192267996 13.147624908105
42.118286849076 13.678932377474
45.663577162967 10.018476090312
42.305116379331 13.599506700246
42.129337726242 13.39966535263
50.475333815662 8.9372096815785
40.032828360032 -74.0115155593
42.690262064215 13.360755471702
43.538640688911 12.103345145541
43.105500593852 12.307121387381
43.282928045526 12.950685367452
41.889563747186 12.837376994492
43.599215416538 13.832738138678
43.812998562985 13.357471228765
43.344320189389 13.075021707974
42.291077192564 12.289236879598
42.897651937298 13.34515542462
42.157974590642 12.997743005884
51.502647032264 9.5978816205626
42.19236162735 12.42542420303
51.810152209043 0.3472204530785
51.906524679114 9.4574725536897
45.980045806607 1.2527895878315
50.361311266367 8.9335244921658
42.844224194945 13.520378252755
51.663565312821 8.0330642224443
46.857421693791 1.5482821238918
42.808463292594 12.724411700745
50.119920281284 9.6842875656133
42.256671305421 12.751467847171
42.595632453747 12.52638761493
42.463433637521 11.995192215797
42.80163347062 12.061823263349
43.63085987171 12.479694263323
42.603745598648 12.152386626321
43.610803865667 12.780442085502
43.392877531908 13.493679537223
43.246696286039 13.667935547751
46.363166083751 8.0641215294898
43.461125185018 12.366988343379
43.149040912368 13.674051096066
42.092947340169 13.766870565625
42.234833059963 13.738573959462
42.711130971441 12.071051570641
43.295062046191 13.809795515544
42.363589660921 13.822649447651
47.280275467914 7.4124787102512
40.346853052114 -74.705713331694
45.8954096582 8.3737026098317
42.222994591234 12.526160952901
50.193122143016 9.5642016728242
45.960330612234 11.856019593135
45.699908108537 12.241380662662
42.66186057716 13.48844288035
41.234007841237 -73.746569331749
43.199202784451 12.980851621379
51.574339331861 9.7778765227543
42.221464569339 12.210272316009
43.007624955598 10.843960193265
42.683340191715 13.018690685771
42.565550924563 13.586843361907
42.400188522621 12.415831884584
50.563917092776 8.1972248909051
42.150642072873 11.886296576323
42.397644992658 12.15635195151
43.37390117879 12.244960192726
41.953358755446 12.993989644125
42.96614805982 13.610236127235
42.188030783661 13.39062711058
42.60249301542 12.392984747159
51.540665468453 9.8269086409485
43.435897988957 13.810795718737
42.080314234423 12.208531677841
42.550354752967 12.942347021768
42.347721494452 12.56945306557
42.577793058764 13.680259548465
42.581241243811 11.916055334248
42.976266408815 13.761883316937
43.636404070389 12.577189827162
43.677153850311 13.319395545108
42.013459422653 13.059734264438
47.547706164587 -123.05538810381
42.139346390117 13.579401921306
50.723316920792 9.6932631720292
43.632117559983 12.67152097063
34.390920663775 -119.27425715822
42.45249002776 12.103112910012
51.060978930006 8.5627282609058
43.482426036395 12.070264217032
43.388754378275 12.021944254668
41.85065662111 12.703027523937
42.958363918124 13.246156118946
42.298808418374 13.441376548953
43.676262651906 13.828162356686
52.105620369132 -0.69989239695011
44.498389965227 11.314867815264
43.498839692 13.050460030835
43.616240855614 12.975235937638
42.053851856896 12.527456770918
43.12329803741 13.660191958167
42.748863774721 12.073133877999
42.676023999565 13.217936592299
43.017483525473 12.613626405438
40.373154359769 -112.49758619918
41.925336787929 12.420713085432
43.240206190983 13.450989262432
39.931709931391 -110.67198185361
44.579592457567 7.9301968472452
50.255899085782 9.024738175806
39.968452324606 -82.360720355874
41.880697642418 12.677467926742
51.804215619017 6.0186139746889
43.137808545578 13.068006424752
41.871964469979 13.048505922357
41.883202691063 13.749388715157
42.186892618999 13.737028756077
43.221066055245 -83.54233492398
43.361284468978 12.490637428377
43.728810648329 13.20206793316
43.576006183224 12.793172286282
50.716934168114 9.3454378472387
29.697672254739 -99.040479801641
42.295716452105 12.283455598787
42.451781376031 12.529436453047
41.415567722391 13.71634571374
50.213166958286 9.3795785072165
42.323187228464 12.991089704929
46.825488048059 1.0780958487085
45.309788051206 1.9015233697842
45.35912367532 1.6077809155024
45.443976194805 1.1774802059762
43.457612294007 12.130054659757
43.594924358018 12.657769799094
51.195392161233 9.3969589138389
41.483012858276 -73.872950806952
41.875296208039 13.51039642494
42.945572518739 13.520021491482
34.555387029862 -117.47488819859
41.939553250552 12.239902244548
51.980739797689 -0.073486960578466
51.77709667933 8.0090769617861
43.290648157865 13.605820114096
43.328023492067 13.4409942266
34.51288101738 -118.18307402343
43.657333517774 12.950915920081
42.52216149893 12.270054066235
43.354567345418 12.640815032965
43.278400079032 13.487832864995
42.815262014913 13.162318791359
41.066337503198 12.117125577625
42.813586561409 13.307897996787
42.521272176209 12.613031518486
42.412400311538 12.530913560454
42.148804206491 12.122506585516
42.508430018347 11.873375921472
42.011533333946 13.446714706948
42.747918411993 12.500997240909
43.804836184182 12.29393037145
42.952052937354 12.284869838194
41.84732375289 11.922706203055
42.303277575573 13.148864223246
53.283871424284 6.5085432663367
-37.818291668696 144.91939632887
47.913585015998 8.8767121382415
43.321936854332 12.73522463291
41.968540734152 13.778730799828
42.781156007585 12.592085129412
42.869170036593 12.315153062977
43.761715656522 13.584881480611
43.506346082572 12.070402562672
33.804750693585 -118.47333272737
42.877726172527 12.686688847249
50.954257573678 0.6350925292471
43.512038677725 13.829489549564
42.530973160442 12.549770598577
43.624557862836 13.661043933922
43.676032381002 12.99731219655
42.269939286781 12.089953174412
43.484683649395 12.275779764317
50.813938161737 8.9073338754975
43.426010693177 13.47348276969
42.788077807908 11.861663181291
43.064079511496 11.859409617681
43.077481796091 12.181294767291
43.641395506769 12.343025160203
43.283444997076 12.69809643726
42.407100949647 11.961272402669
47.27247150563 -113.08588629183
43.763257457785 13.280658987037
43.168502395141 12.866080681752
42.89695014895 13.506938409783
43.372706790649 12.332364455973
42.301195255642 12.676682149396
42.131032151252 12.393540593534
43.259424859334 12.087830524488
43.547821945321 13.253882829705
42.28731778978 12.051883333873
51.117588674006 -0.66061464965837
42.21539835318 12.290352475054
43.132372946095 13.750763797106
43.318132945506 12.828217749891
43.698446135383 12.846968989769
43.129884918302 12.186347351983
42.285426288997 11.897192801322
47.217686484204 7.1706738877905
42.348015344885 12.043745141052
33.185128864614 -112.43525750407
42.323783063036 13.47196005728
46.78143101967 1.1423744811408
46.455203809547 9.9393183008485
39.011012410152 -84.791065309983
43.442665752716 12.102703895489
50.44353961779 9.0234911143889
52.375741562748 0.86694903986387
41.862868798388 12.520624511207
42.340036040351 12.008814238503
51.387793587701 8.7534722172438
43.702639337512 12.004212418128
42.670729560645 12.49651849947
42.612533662774 12.754689003713
42.898801043138 12.363172718048
43.481041694771 12.315283416938
40.965739513871 12.033188855102
42.329153715807 12.993105333316
60.131661902709 99.248524917405
42.136980241249 12.596591004935
42.597798906566 12.825776220705
43.690074522856 12.15262782676
56.668996660816 10.344172658093
56.293912047657 10.846051433518
55.650302902167 9.2150100070122
44.891131605693 9.409825068321
50.851398061659 -0.095217045492123
43.687341391916 13.670982927883
44.643249925342 10.105079233251
42.790324038868 13.053221032791
42.461834312653 13.361692404098
43.487124524327 12.521695992242
42.68357761471 12.767647565255
43.403234501112 12.948718294033
42.794611184783 13.545195990517
43.832698846645 12.777045818894
43.163792212591 12.877501029485
42.229247781576 12.024927190538
42.037015065589 12.955984044821
42.724280898352 11.949486842376
43.15482358085 13.393241529091
50.555841193095 -0.053903828451361
42.215086198533 12.328684067993
42.876252793205 11.877565537543
43.503293187147 12.465594050712
37.204291896058 -96.207773692071
37.403498960381 -97.695096216954
37.03699754739 -97.58850634498
47.050752716779 -122.6557972494
42.444920890261 13.563101211846
51.853908147129 8.5165541458486
32.871214451501 -84.351668145435
51.792855176513 8.5936784365185
43.651806856364 12.773549256296
43.520083036071 12.956499628723
42.603250886616 13.418807639491
42.867855437991 13.784033515411
51.001625200967 -0.58213494657172
43.651266376347 12.001188961345
43.816747081867 12.504497495736
42.942755363876 12.668060306792
42.218420010648 12.930498044926
42.488439094058 12.556974564494
53.266676857493 5.9729296575407
46.503294378288 2.8271356652617
43.795219644364 12.773554205344
41.839772458135 12.056520362898
43.802059868279 12.8467457741
46.303077648998 8.9912647115049
45.804761969419 8.2109266182458
42.033971163015 13.093410912034
41.125707443083 -73.682011174021
42.38090977791 13.463210042803
42.171364727997 12.052230341871
43.407026624983 13.083369083762
42.509261912459 12.369600136957
41.891307385609 13.139631137804
46.019510980705 1.8672419483155
42.96631580452 13.336121151867
42.909386325141 12.193682943116
51.092131589815 0.59621889399655
42.430049624981 12.740454047818
42.299471398045 13.093961173733
43.215028185519 12.578638383943
42.154756035749 12.573995786542
43.358707303369 11.987630518634
42.015592943905 12.553876856621
51.868475703694 -0.28145463410367
42.985481288298 13.138504169501
43.085969949668 11.886059360547
42.254254350112 12.698947625116
45.054531518861 2.6313999791776
42.188798959942 13.604567888961
43.033547439183 13.078246095275
25.35901758928 -80.750252567391
51.116773186306 8.121718111039
34.687349933242 -117.61655857666
43.48550411385 13.292034477152
42.427272152841 13.060397766114
43.462015212284 12.69329233502
42.116077633184 13.488019534635
43.404470936139 12.425897055525
43.017246747884 13.244609709964
29.356698291854 -81.7364598513
42.044628554997 13.639738227094
43.285214837026 11.949013096813
42.462967467731 13.098815602783
42.784248419027 12.28397844654
42.036109817718 12.592776699289
42.671922785564 13.664072018913
43.347584078737 13.031247593498
41.903969784244 12.734267552746
42.795375009459 12.979766966787
49.34833437017 15.097739426019
42.677331697998 13.777467876124
41.91385418361 11.906538251299
42.576738501723 12.942951241037
43.313440639227 12.212648374149
42.374191666683 13.605036299047
42.235192611944 13.203139400225
43.501936506735 12.102921970258
42.017670846108 12.49593436976
43.239353218248 11.901353041616
43.488556192505 12.969945562079
43.718641550636 13.799193324914
42.406213591551 13.404421969061
50.289112193295 15.540031286906
44.524807745861 9.2191549463287
43.318087831774 13.325929152021
45.164995169784 9.8564710755374
51.329322088663 8.003676457798
51.126242196712 9.9504795693562
42.506589810621 12.929012853175
43.39471334286 13.649672664094
48.201186908343 -122.40629222356
42.023563451631 12.708451946617
42.110022026652 12.215625678311
42.525502555338 12.010842096552
-38.068427973924 146.02286152652
50.053368910706 8.3406231642424
41.848101397927 13.268450472184
41.866531785536 12.939194773782
42.236877654345 13.431426750718
42.97595461878 13.794303025976
42.124704413661 13.524791695443
42.306018352206 12.079668544757
41.946864980735 13.622537836743
42.577441790897 13.158443040775
43.236813349781 11.879204804974
43.618024113897 13.30261037934
42.107331543301 12.260963524834
45.674407881065 9.2064103032515
42.345569898556 13.683404832486
50.240883730464 8.7428941557849
42.815489227353 13.271661155539
42.148880325814 11.947045408186
42.689286683097 12.28173303014
45.103386757012 1.9303155252385
34.012157401721 -118.94836709116
43.182671560546 12.274471860528
42.47397126887 13.63224091133
51.774059523723 9.7045085773359
43.606533554686 13.728400695498
43.25484726266 13.818456674397
38.666383394861 -122.63076824276
41.550519742582 -82.906814453822
42.013195314472 13.083959847749
42.774918821091 12.784021796113
41.920160599968 12.437564829124
26.953592359981 -79.347260804353
42.760331113732 13.151062197143
45.239162777662 1.1715732697265
41.921040023196 12.933850758699
43.00660670132 13.442007569823
50.820299091665 8.1726050093642
46.959640103839 7.282355468386
42.629021255148 12.51573904723
42.626826821674 13.292863505119
42.293636247673 12.018573505834
42.526747125933 12.399523396252
42.987386830632 13.683658371088
43.005466794153 12.785397307403
42.561248375851 13.105673732306
50.844522095679 9.7371807567483
42.682524823457 12.29624851157
52.42002768904 0.41838949979674
42.074682365227 12.555115739629
50.858543225498 8.3998648358508
42.84269857122 12.087701371933
45.548521035141 1.9830852006483
45.297173276216 2.8046441310107
42.483424946446 11.961806579031
40.462290259278 -75.26409281295
42.117990640999 13.129045821807
42.17754077782 13.402511641126
34.209278857612 -117.61215049458
43.749222522971 13.574346102131
43.110323277374 12.578153075009
43.65021563866 13.275657696333
42.414531208789 13.40411150523
49.59058336813 5.3845651286372
42.22230417061 12.788428089038
46.222026401768 1.8758828164432
42.075983230547 12.810081242982
43.105031794473 12.528418850421
43.476104848795 13.555131515768
41.840079470484 13.220205695026
41.94979568105 13.321408573243
42.067428351432 12.20210722566
41.895408437094 12.066416226845
42.641091158467 13.205213135225
42.275706948396 12.925754882382
43.671029383184 12.94294351106
52.305254815056 6.3587086548138
33.749873502569 -85.183264306739
42.137927321337 13.386509685978
42.977322266448 12.256982706628
50.080129477698 8.1651000646712
42.711207478659 13.200032083432
43.416982514999 13.594564461913
43.266970203869 13.655098422291
26.986614918313 -79.959821760445
47.490315982835 7.6601214016136
41.951876772101 12.058022144299
43.118229371106 12.883863747087
46.075017018279 1.0825140704785
-37.391287956569 145.08746708345
43.558871960549 13.056704001549
41.684205537639 -88.288944009579
45.411366676638 1.4135107860963
41.930681930378 13.80168003768
43.103713156259 13.480455586
40.13915803567 16.242938382015
42.015586753404 11.890521281369
41.030407909805 13.348040488129
26.933600598898 -80.262132545399
43.162080104094 13.603390346583
43.082054933592 12.026841225136
43.351452243699 12.774511202155
41.577157711618 -73.983253234787
43.32404582499 12.943120004138
42.941562145477 12.332540754405
45.411410682095 2.1339718965506
42.047661092176 12.721493429861
42.409901563756 12.128981567535
43.313157397489 11.993050972018
42.380019408383 11.849419663611
42.656821137621 13.427036073744
43.174463472431 12.008557593941
42.748201561995 13.298144425425
42.101140395341 13.467199458048
42.045763461427 13.663240219331
42.722781621277 12.284522569892
42.236445515548 12.945739278566
45.676884593317 9.5332355331319
42.636229576395 11.854823801154
41.923769099623 13.390382875891
43.39061839666 11.964434355502
42.556125477702 13.035884672814
41.897297350663 12.397155835965
43.385746061537 12.041601221118
42.885938333781 12.391570225561
34.604533059527 -117.64078540562
51.931883597948 0.73926501936711
50.770643239967 0.27018508741641
42.093345819571 13.198498390263
43.429888908973 13.445943256137
43.829729241726 13.000838920495
42.029327916947 12.48396607513
42.900005981999 -83.408266398987
43.753909835964 13.479074467218
50.57485736747 9.9843344846667
42.177775462262 12.81009453994
42.724686899115 12.11621310616
41.874755558174 11.492500179954
50.633361903314 8.3457873609596
42.917658164614 13.387888530471
41.909635157769 13.13505960823
42.550599294061 12.530620785698
51.504481648796 8.6405518397878
43.123885193918 12.825498230229
43.358597764468 13.650451199941
42.147606907968 13.74267357252
43.542230645934 12.099416711435
43.507647803776 12.048982452179
42.394431524649 13.686311580116
43.326353163166 12.797826463283
42.950212158261 12.817524664506
42.011482217841 12.18534302955
42.264287043041 12.132154820104
52.340115267709 -0.56478766849021
41.914396260381 12.177253499265
42.182600347897 13.085337018655
42.196631527618 12.566852279758
41.883693525069 13.291494105634
42.60041087989 13.025704775504
42.711973474367 12.130205754063
42.874886596538 13.045468049166
40.999982562999 -75.316153356153
43.28298576564 12.212460922663
45.678310821892 8.8118072878601
42.625149216815 13.143023931975
42.053743112413 13.764194938265
40.180766409073 -112.00653159465
43.447435110571 12.555082585942
42.521154409072 13.354803252686
43.630813348887 13.641105717368
42.071586109752 13.647818699336
43.148814578165 12.802938101742
42.971971402418 11.905992498599
43.071766895762 13.59196106281
45.977089580138 1.4447276803873
43.578700987913 12.167836164223
51.711471509054 8.3235494742745
46.690483091721 1.7359323076605
42.040941837749 13.012202717856
42.491049867373 13.267386476655
41.924865551745 13.804429730796
42.16634890121 12.13179831215
42.560787001907 11.841198535583
33.98072489261 -84.299471721565
42.492287674238 12.201522043555
43.619218907628 12.959428115284
51.988958358527 -0.20545411264312
42.576360123056 12.115439571515
43.116853580886 13.198786008285
42.636892275271 13.781647073956
43.687336022375 12.757852150967
43.775451563215 13.248235926169
42.896838281742 13.789479412527
43.475564424657 13.112026387899
43.657877317491 12.755152702239
42.439451162929 12.513300935998
43.11708432071 13.48818882859
43.756577113085 13.248064506004
42.943191443099 12.080984511471
41.884625044619 13.07472338859
42.026962211855 13.317728898191
42.193922753091 12.807871862712
43.245379900695 13.39002902081
42.054442457435 12.561847689379
42.867728867062 13.629376109538
42.568633181794 13.207958294662
42.758677301837 13.07793744892
42.534832162121 13.656583278301
42.868918185082 13.53334306999
46.572954716546 11.247166876864
42.842100648623 12.42227305354
43.106318560499 11.974602745855
42.987509930522 12.310957042201
42.275839573388 13.648313827204
43.110845889037 12.718519999536
52.062321406585 -0.47321682171114
41.916583910101 12.076758381967
42.401551167223 12.789150341802
42.501158802559 12.382935610799
45.766575869481 10.084016735102
43.672284792511 13.005181631097
42.290713783976 12.357840918658
42.441853077843 13.639798078074
42.676754007452 12.608379686556
43.768251519563 12.541726794833
42.743086264836 13.13703950503
42.737438923112 12.270057923773
42.103776197019 11.934676619703
45.058235744603 8.8009870007173
42.370548860829 13.095616677376
43.480095268937 12.188190384877
43.165814616816 12.652170148072
46.063186456944 2.1588013009908
43.420229358815 13.610055366836
43.041935395024 12.99299337251
50.974681572744 -0.67342447665679
42.428574223758 12.412501239897
41.895765346447 12.124903073614
42.107926650044 12.186530304715
43.765809499571 12.919368389046
43.481414072926 12.96358775767
51.639421650972 9.0742921051915
43.444878849429 13.608909646819
43.357777300013 11.917363041529
42.386863779012 13.51947694205
50.127503216792 9.0884729735965
42.872329920958 12.19237116549
42.453797394176 12.757138680109
50.205136974903 9.9350686068344
42.64907998624 13.090976916783
41.978165589284 13.428824093414
43.405778769614 11.839469777832
41.915676474087 11.862852641338
42.553989307768 12.496765247798
42.84119774489 12.378886796732
33.659050581066 -119.03638470576
25.932460089166 -79.491429810916
41.652991274362 -74.657508884529
42.003747142993 12.433371351114
26.581825119697 -80.182701039954
47.40929155583 8.1466618520891
26.644523721429 -80.590029083199
42.092297940113 13.20930810983
42.021291279265 13.413116590333
39.209352371846 34.634053746999
50.063000790338 9.0619359896807
42.726191255623 13.071229555698
43.248829461771 12.65269213342
42.916830096376 13.606131699239
43.668102821202 13.618137475878
47.694752033658 7.2992722295687
43.760878560509 13.680025917816
42.406255359972 12.807161108522
42.784741274933 13.787650826309
43.12835433901 13.713631603754
56.054853260077 9.7012870687532
43.197719879096 12.745157113667
43.006080377871 13.094665205171
51.13829176763 -0.12591479776236
42.628965427016 13.216281436971
50.910374713554 9.1054675961404
43.206518518856 12.878451783174
41.863939575809 12.639090594689
43.745705369297 11.952232876791
43.163560620141 11.924191880957
43.186586627379 12.870528911667
42.72418790556 -83.487425758006
43.332122960304 13.751961904483
42.617534406792 13.500436923721
-37.354913052802 145.08629211245
43.334157691048 13.82568066468
43.191661832964 11.834583982769
42.004456406017 12.24079195563
42.413459229031 13.153146574366
41.944302590093 12.109549067521
42.261087464777 12.46523602284
55.403914638052 9.9584054499671
43.710889534445 12.571020474479
42.795132598765 12.665845980733
43.618798130967 12.967146280693
42.366819528589 13.148763089997
44.233601772033 6.9384196081168
46.218338082181 2.1301236921596
42.025598738841 11.969827537897
51.737053855666 9.4055274936396
42.091099854156 12.83828801796
50.73027881688 8.637562947179
42.740858283982 12.216967472025
42.272138472794 12.706621515915
42.06760065775 13.194435099251
43.525921440484 13.696628493602
43.788253249989 12.907186212462
42.391313973086 12.840311170502
42.699883723513 13.754688791837
25.622108585008 -80.07702648112
40.926377677309 -75.284977655572
43.771754097574 13.720545514843
42.856119892514 12.013269440764
42.3377862323 11.919196853398
43.286444436447 13.351767367868
50.500756467227 -0.86162363829632
43.694945587656 13.756052984298
26.197054022532 -80.703025725342
43.402147829741 12.484132691999
40.895951852345 -110.83697518638
42.921033542587 12.545248347144
43.198715295756 12.176172967638
46.470004784092 11.082333686264
43.609203405517 13.506745801564
46.515138350201 7.742581028837
43.763557106633 13.663489021225
43.275969731305 13.408525645478
43.621518724443 13.286727559442
42.088407264153 12.79669626888
43.731590591733 12.259238577124
43.201523740425 12.069018387289
43.430425551941 11.864391338504
42.114725518115 12.137727501422
43.285060665258 12.42606135666
41.458064125285 -74.120183534642
43.805324654491 13.144751623361
41.922999145914 12.410420560024
44.74911923455 12.18970495604
47.780973188943 7.9910722318995
40.309251273347 -74.525732431937
43.204673308995 13.763742774636
42.100960158811 13.825789211258
42.753446418698 13.095067637106
42.361504922345 12.795625309386
42.221026807216 13.420969828715
42.875818472319 12.777953304268
43.673839689567 12.938175087787
41.338014525658 13.282310248296
43.674123730845 12.097640072528
34.036758381604 -119.03013041366
43.643830412388 12.894752404625
43.669370107685 11.983400024487
43.177482233952 12.596312576272
43.387802448791 12.539969286688
42.706540148124 13.555195648968
43.77794334843 12.769440397534
43.777888125192 11.967274083762
42.960800698961 12.146593463696
42.001012106913 11.993919127639
34.852931504723 -116.9826529961
46.783537052471 8.0025352393289
42.472600167858 13.731792048447
42.723643139828 11.951752877327
42.180812582944 13.435425109919
45.435107855795 1.9074176162982
43.112158506716 12.712857338953
43.502827014564 12.682228598151
42.859521064863 13.659492296029
43.487763719416 12.729885605525
38.568412682451 -76.680208609039
42.455532429042 13.503889196342
49.536493849376 6.227382856506
43.702088957535 12.725228046891
42.746758991491 -86.822142836105
42.701205421587 11.904442660487
43.097699790794 13.573338841842
43.316847959236 12.644607571275
42.04474490792 13.818766046718
43.760928101282 11.944369107014
43.757470021864 12.789006455724
43.15666594552 11.854535017116
43.08598797821 12.269053609722
42.0893016854 12.660961196155
51.528389320489 8.1258723019277
42.662532562254 12.334857395561
45.198995738849 2.1188094644429
42.781229351101 12.319868830668
42.43195552308 12.886121609216
42.774666737681 12.460099433784
42.369557958755 12.260855224592
42.706002952881 12.915277792122
51.551796183946 5.7072594938601
40.160263329505 -75.060387676741
46.426621807728 10.883131811713
40.673262525349 -74.327759063155
43.103879777784 12.729404390685
42.690604436554 12.017661121703
42.592304576019 12.43654182436
44.899828811686 11.286626657323
43.086758819004 12.823770632906
42.490692143112 13.517002573964
43.655787853385 12.648952022052
43.806696447009 13.577918153081
43.707263029065 13.085273098727
43.136551715984 11.851085531943
39.828969565648 -76.772312665575
42.689945068087 12.920807203262
43.472780992984 13.557161917725
36.713526281778 -122.32499014338
42.817944659322 13.514782239944
51.803946430238 9.0641229059846
41.339922723658 12.389449733768
42.021301096336 12.333133043897
42.118570988608 13.293674239581
41.932465407987 12.146592619452
42.523002203353 12.461229950425
41.934263682449 12.173021313836
44.299709562489 11.05012024825
40.396788567048 -73.922531330401
43.061884369751 12.070387935785
51.304140566524 8.7400801613648
43.375847973126 12.030229964329
43.517107418534 13.651863863551
51.139625191288 19.675720589084
50.298659605113 9.6794169674066
25.296880496321 -79.7434244516
42.564894710951 13.690197016921
43.231508011593 12.604818992154
41.928299065201 13.235805874821
42.459704134383 12.998922445366
42.037532199678 12.291247102589
51.445678884837 8.0317120948023
41.91545956906 12.561135554503
42.32253936509 13.358826376686
41.795304394951 -82.536256744983
45.674721086109 11.337443504824
42.484157348764 13.177770509954
52.927582362633 -7.8527661067679
42.093537280401 13.253063234174
25.233650232757 -81.000458629612
43.42305045131 13.415073703723
42.379421629209 12.028486730099
50.661362347035 8.6580410779724
46.647515384782 1.4524076313024
43.410293423317 11.910442500355
43.330527371902 12.145710654646
53.211603425775 6.6349158151471
42.469974876156 13.659189734936
43.355861056783 13.465711226925
39.756054667039 16.012065146029
41.919788929152 13.035406156015
43.578037984494 13.442921265256
43.172085048266 11.966797909705
39.74036962746 14.693678125035
43.226696111854 13.484910514918
43.164222979084 11.916648100578
43.378186680108 12.193015955499
43.828233853855 12.939481219735
42.455872246298 12.126683855509
43.762609816067 13.524909471427
42.116564742365 12.465707717701
43.464559134799 12.547456997257
43.643060237024 13.416968684393
42.383891478846 13.748909975306
40.904317174087 -74.570372153284
46.060920977968 8.8542218906569
42.904388738773 12.647415616872
43.080503785576 13.717497658805
43.669535306615 12.374602778545
43.679547375871 12.618494656246
51.867184784667 8.0221250252901
41.07089413069 -73.748492667466
42.671454924027 12.698335838385
51.154107460125 -0.4583202044332
43.56048286455 12.100971410585
42.953057624864 13.736538450132
51.392601712091 -0.010780904963972
51.176422360202 0.24263274768956
51.220038493034 0.26077267534602
43.812387199075 12.481955205336
42.67174674278 13.393341754767
43.435466196146 12.637540218738
41.377189158426 -82.988028597288
43.687564853454 13.024757070499
40.140425909102 -111.78068659896
42.611962072857 12.916100969986
43.010830045238 13.566914880933
43.109821788107 13.782884023538
42.291250274208 12.569711813058
42.167199318862 13.596902925354
41.999472441638 12.661975833917
42.89171180778 11.886006679354
43.458866664909 12.397084098981
43.09144437366 13.060869703584
42.275300840996 12.45196536905
43.814184143142 12.258987235978
39.943988197453 -82.506662573613
42.468613313285 13.470226335579
50.758472761027 9.9692361126511
43.094200070081 13.093534578634
42.2568626815 12.909574438797
43.554464113712 13.423991969539
42.733865651199 12.396616447457
27.765505936205 -83.176156993694
42.584984441581 13.028218502213
39.799872980846 -75.659291994691
42.763486915645 12.446531049205
52.063212394511 -0.50936976942204
45.678414014673 10.92811569119
46.838561729918 1.5394021982976
45.700466440851 2.7044457032832
42.06492549838 12.163034962587
43.789984570274 13.035822317973
42.635760679692 13.524471383807
42.591652102599 11.844702535258
51.392507143036 8.0366930440239
43.664546106807 12.833829006124
42.754926916584 13.08602360223
42.729328749131 13.811452734217
43.741195203171 13.415004181424
25.762768902688 -79.338152912878
42.804175270185 13.139717543584
46.14118812389 9.1934383370417
45.512212543987 1.903605150014
43.086268070681 12.078712224087
43.117215334513 12.021717091588
41.86911148993 12.368419273018
52.385925914573 0.18468764194972
43.693709451118 13.779790533625
46.057223593892 12.058220361617
45.620891858673 9.8723229096608
42.518464476133 13.83179982094
42.808594416759 12.055561570498
53.567485573966 -8.8099019503267
41.12163692239 15.764836101588
42.985251208781 12.296915063794
43.248001679449 12.670247044747
42.968466508674 12.63908524424
43.325988231865 11.857789652377
43.180225861829 12.628503007662
42.78734446542 12.906753990777
42.856491628057 13.743454096275
43.183127769841 12.440352424274
33.684872223563 -119.142585575
33.220189859441 -118.65368591401
33.690116091201 -118.32577080277
33.393795652678 -118.98134292923
33.7347931136 -118.29883807894
34.841899765761 -118.44960934951
33.066615690688 -117.29746953534
33.147881110913 -118.39915377368
33.413305026385 -117.72430824039
33.639515992265 -118.87192603969
33.853363053984 -118.86500578303
33.075173411267 -117.54902680226
34.347037124788 -117.78973781802
34.232840845649 -118.33530096382
34.327340988308 -117.84627956732
34.519707429178 -118.94752831737
34.466683791881 -118.79914187846
34.186804414062 -118.85960180148
33.108138906068 -118.60850658185
34.310148716762 -118.47766458155
34.693777586836 -119.07527448968
34.29840999827 -117.46132678216
34.36125813925 -118.32113044054
33.869496694885 -118.63441230089
34.746210460612 -119.15104416002
34.795174032534 -118.32148223135
34.432222882201 -118.75632584951
33.358690188613 -118.6843730846
33.542794030126 -119.21100654864
34.451702510862 -118.7128837981
33.648444184118 -118.65534004442
33.79565060799 -118.09230389712
33.405938353292 -118.60173690236
34.410587910002 -118.59739102666
34.016802453157 -118.88713944727
33.758169062968 -117.3291833624
34.762562662897 -117.94653284576
33.376240644959 -117.35177133743
33.215598861967 -117.70133410083
34.258672473786 -117.58437096337
33.469719641309 -118.12206059775
34.279678969488 -119.02936095216
34.35499306337 -118.45185963673
34.481985693736 -118.33559459679
33.733113999068 -117.91529233406
35.051748705766 -119.02977340699
33.471137008563 -117.2900904873
33.714916063519 -118.96991354161
33.847463370409 -118.45190313602
33.153672700533 -118.67901809388
34.226917653164 -117.44663079691
33.652669877763 -118.79075376289
33.952004196279 -118.63356972358
34.510050664607 -118.97068910049
33.661310927033 -117.2631783592
34.477756733942 -118.86496227909
34.24510710157 -119.03084838141
34.304013609276 -118.46275347615
33.622869530231 -118.38015688723
33.64411292925 -118.95265828845
34.324358838941 -118.23146961669
33.6937957751 -117.80974157361
33.713912796275 -117.37533200672
34.96836570108 -117.49095299333
33.121179907353 -118.52332260699
34.800538061273 -117.83449938123
34.520470729985 -118.53294568004
33.35127045621 -118.44235041228
33.168658242353 -117.48780149646
34.849561955423 -118.382352544
34.154259075196 -117.35005457465
33.221295688118 -118.42283071812
33.636508028964 -119.05440180547
33.476396673294 -119.1149697717
34.971002772151 -118.32613356269
34.412061424831 -119.06576406662
34.176099381671 -117.34036244636
33.870211514763 -117.79860590045
34.440099522856 -117.72315738366
33.099160716629 -117.60393227927
34.058450759595 -118.35405112243
33.056272036602 -118.03394494422
33.65528822273 -119.14407959616
34.884359641126 -118.31584726178
35.000213486788 -119.21666953007
33.56724234156 -118.15857402737
34.156561535104 -119.09553037012
33.937250852735 -119.02483402921
34.668323789748 -118.40491674795
33.82178853229 -117.76718774782
34.928447516781 -117.54043634988
33.585339236991 -118.30816697745
34.772098625152 -117.63423151721
34.275880360818 -117.4103275193
33.270265878018 -118.83734755612
33.609231774693 -118.77160209249
33.81743973503 -118.33148542557
33.896973216106 -118.46066528237
33.681582795487 -119.15726438434
33.898833537141 -118.81319323994
35.0201318373 -119.23725098644
34.554095076834 -118.22812642988
34.938973010203 -118.16525521678
33.592180637632 -118.95847636023
33.508093779391 -117.33208980968
34.344053259925 -118.74966061319
33.647748364617 -118.06761135985
34.315727457265 -117.91958209851
33.335245982148 -118.74311833939
33.068469456143 -118.15596009827
34.430390740193 -118.98656550264
34.009492340216 -118.86056114476
34.729611153302 -118.68539184206
34.332883003968 -117.59292594633
34.695979585443 -119.18018321591
34.861643800627 -118.61457729304
34.9643375037 -117.54883199519
34.52301787767 -118.70950169737
33.392954729394 -117.51452075929
34.42689335384 -117.60410679887
33.517313959963 -118.13489088405
34.964394294354 -118.91499658094
33.989443134225 -118.19481128772
33.08867961982 -118.33678949622
33.217218354625 -117.29322320126
34.235764616458 -119.22260486886
33.26344465448 -118.65467792995
33.745855613207 -117.54188321119
33.093794538397 -118.43811617701
33.830892433979 -118.84627504343
33.409319240038 -118.77624004632
33.655178969279 -117.96986625418
33.728288479202 -117.98965644166
33.86651486822 -117.64588483296
33.09802775806 -118.65979792563
34.415921830945 -119.24397922953
34.69511575209 -117.87119195121
33.427883168595 -118.43471401513
34.751746025 -119.07988084559
33.274081478668 -117.41623025948
34.835395397255 -118.33638089986
33.575575728417 -118.82372004047
33.48471571173 -117.84847010508
34.822840482559 -118.68134141495
33.182526376363 -118.09532592293
34.208521745444 -118.06036343457
33.294444000665 -117.88756986312
33.172927335165 -117.54270493293
34.959563233584 -118.821219573
33.655699317363 -117.42431116572
34.83354511355 -118.98593228339
33.776867485681 -117.94083205544
33.20941500114 -118.43518222964
33.345018419777 -117.51932236885
34.5720652486 -117.48411935154
33.454115331564 -117.84138309698
34.2004337551 -118.36321525973
33.089349568577 -118.11496322962
34.109982851192 -117.75043017015
33.25445270149 -118.8144432164
34.430995691016 -117.88882637094
34.573792315069 -118.55662206615
34.818318557555 -118.78975228193
33.537603330762 -118.20355328956
33.236054451494 -117.44654978582
34.023666611132 -117.35559551463
34.484241301599 -118.72836330503
33.073442509611 -118.83693776254
34.955357535435 -117.32054384097
34.731211887261 -118.40902338318
34.093876457065 -119.06783618065
34.103450275254 -117.7651753921
34.61144599784 -118.97312096813
33.242663208222 -118.86097813467
34.050000192334 -119.24687652051
33.420503104015 -119.01467057906
34.555743781822 -118.63362625579
34.460606821275 -119.01400487108
33.578172324208 -117.72882111154
34.064709742297 -119.05136407291
33.738130643556 -118.69371965682
33.227383985004 -119.24407270451
34.042043541291 -117.27831016569
34.669943586949 -119.02251929401
33.841694397026 -118.64474427852
33.406902638167 -118.99157906771
33.968097321854 -117.53002857424
34.538212668115 -118.9239257246
34.196981825671 -117.77165408218
35.018006914949 -118.24276428291
33.345902756197 -118.84009052043
35.023829689905 -119.07284334474
33.080190522347 -118.25067853083
33.499527753277 -117.97254322124
34.439488010865 -118.78479955271
34.150395826686 -119.07487143655
33.340717319271 -118.08301312369
33.869068139351 -118.96544506707
34.801021721766 -118.79356888282
33.250656583642 -119.14870291006
33.476501026126 -119.02279804072
34.311039254859 -118.06148581704
33.562129897972 -117.38324468909
35.044784441325 -118.69775679164
33.564737151354 -118.57845692625
33.744559436631 -117.74090652138
34.910716757316 -118.2352742296
34.434675435452 -118.34659846405
33.588173391285 -117.64160877525
34.474172935756 -117.9299801735
33.156995288814 -118.72690782153
33.135583069884 -117.90875573248
34.210672425384 -118.20893481412
33.72764895396 -117.93755426144
34.571764839327 -118.84164257648
34.444777685138 -118.84229618007
33.827771202295 -118.54341432925
33.056963535697 -117.41319514766
33.304142302223 -118.03511145043
33.786089625755 -118.25515436375
33.588829100586 -117.28953787121
34.757158228728 -118.67557158428
34.570164509562 -118.29281114364
34.792098741595 -117.76189221413
34.125932349596 -118.2924066139
34.153245222074 -117.76314688492
33.42397377538 -118.25670405099
33.300609389639 -117.67330613048
34.164196697785 -117.93475026477
33.876632923848 -118.58107450754
33.819857824689 -117.65688671324
33.971226358952 -118.06357271582
34.292345662917 -118.40967968713
34.715561011853 -118.48106935392
34.618579458447 -117.47549174963
33.458229207826 -118.44674628743
33.240941583005 -118.13693490054
33.210957828721 -117.67968034432
33.586156796185 -117.43858703881
33.077868715144 -118.18287181379
34.886798237577 -118.45553364934
34.108976274493 -117.7540449553
34.516430647067 -119.104562112
33.399639885307 -117.59554233552
33.598584379993 -117.2692988682
33.934096083194 -118.33655096216
34.920480884754 -117.90600072431
33.276113575167 -117.38068149379
34.276595448452 -117.85288113564
34.866270915722 -117.40651876155
34.632315173753 -117.87416823092
34.327346326649 -117.89707629407
34.484819799601 -119.0956403826
33.13480202971 -117.39129905589
34.776093801093 -119.1942768883
33.625122511764 -117.64928669355
34.589559629548 -118.64003908227
34.21775314659 -118.78678073753
34.82539379234 -118.0123520692
34.199585093458 -118.05548441488
34.114271660102 -117.38557675202
33.641736174946 -117.29340967718
34.402351532964 -118.9426755959
43.461899562975 12.905933368928
42.168263139303 13.652991700777
51.446570539589 9.3665534739227
43.763805014924 12.046997108074
43.414545881776 12.648407114061
41.938767758191 12.089653131149
42.830301044451 12.117798075621
43.082114453487 12.129836341913
43.30802301753 12.250504158575
34.988137268635 -118.48707670304
41.966513393918 13.216213939833
43.044573585079 12.281015163439
42.106914453279 12.65335041969
43.338781416129 13.719286927844
51.446620899693 -0.78050331300613
50.683266725244 8.3466171889317
41.872659106235 12.16742300159
42.642880991422 11.970792099841
43.454990160884 13.829964628851
42.779129973065 11.986559942845
42.505140258256 13.594345833938
45.875436987318 10.751560362851
45.373566120106 2.2052085638071
45.474970629029 8.3942559039171
43.31654715648 13.688523375771
41.478513366533 15.194467123477
42.467962609843 13.086932892507
43.077711151504 13.71286390338
41.931155147951 12.11675132772
50.909648747374 -0.21295168638366
43.498253963675 13.295946454322
42.961322017017 12.698935849939
43.187058807924 13.187706082236
50.267087106252 9.156871742642
43.016011582716 12.010426674064
43.710286660937 12.415355694229
42.932300835372 13.456120426069
51.501805263339 8.288677958906
46.076436750626 2.1659417982055
39.99273150039 16.229601039008
48.247406466912 3.2965102204315
44.744255513393 10.584828523516
42.660610700355 13.750220071429
42.652633372088 13.538778094381
43.627055676967 12.336889300208
42.897064520951 13.76615982913
42.11904696569 12.117689662223
62.350498792879 15.792577547856
42.250668715823 12.906293475978
43.675852317699 13.570779632598
40.741652078958 -73.51233426146
42.72029061337 12.747396286736
43.18916077038 12.110860835368
25.102333445133 -80.282544955552
51.458340416177 0.1835438208997
42.815328788413 13.301188002036
41.738956243296 -74.662335190431
42.997566616648 12.393215770572
42.544550783741 13.594580487646
42.644369377144 13.56817050819
43.244473941759 13.413987270305
51.412197067129 8.8257829127022
46.690520569072 2.688333030645
46.398783819703 -73.315575123583
43.414303165609 11.958183188459
45.896520310499 2.0582330450687
44.828253020732 10.333768488902
50.378566405912 9.2269180241166
26.190436834541 -79.42163847434
41.98032125925 13.018457730796
43.557815246565 13.510977629831
43.567310581269 12.120723168443
43.361641787648 12.810434803765
43.559354652466 13.57637292781
42.106160494104 11.84750099708
42.055938669993 13.089971808314
45.915236708694 8.5092650249621
42.386197078243 12.98535736931
42.177175822771 12.495697974479
46.029501001364 8.2938646167954
42.62574993012 12.164112091628
26.28215001209 -80.542180093999
50.195264747457 8.1589049688349
42.615218777517 13.456408345374
41.971020234291 13.359733916542
43.296485223966 12.360254144485
42.80967476119 12.617885055329
40.37185197682 -75.22448526719
40.954023785479 -4.3057730760235
42.339497430429 13.62966828359
42.866198849357 12.169272434066
42.803292476036 13.636950324141
42.412514934995 12.820540577111
43.604574177717 13.231097050605
42.670270719899 12.342358266184
41.908612293635 12.730709723093
42.685427214359 11.889085399422
41.882385984029 12.394409570582
42.708100911115 13.640684952813
43.681158504787 13.08978160477
42.746841734178 12.667217595369
43.30891683947 12.675372571554
42.159158500007 12.761414671692
42.820137263679 12.613388486048
42.171601388704 13.821990597466
50.01129746391 8.9311381452396
43.752061647269 12.749465293155
42.142505601136 13.660261678838
46.35685919335 1.5006164370573
33.479609670846 -85.344820447334
42.622597222527 12.301721056619
51.911753199953 8.8165965084064
43.569990550454 12.157779499517
43.056951036724 12.545499251033
52.450889731734 0.61323876329849
42.265828711126 12.208124917584
42.759276085908 13.398457702456
41.854037481313 12.030870455818
42.378836475976 12.723141510397
42.273751167729 13.556720697601
42.514181285891 13.061701503632
50.11748474609 8.9054452999986
51.427016110358 9.100472724112
42.072062729912 13.24936937182
42.933420681385 13.237474307549
44.107414992066 9.178053876957
56.288364022173 10.966004036817
50.816794325978 8.6124040030932
51.31829088522 8.9429322220119
40.062644113502 -74.408098387853
43.779787819751 13.392936615943
43.271314718442 13.490934042975
25.164271006886 -81.103863439846
37.220357617 -96.731201976413
43.476876870041 12.21789256449
50.917852377248 0.56164963564447
42.882729934961 13.01932796932
43.788021107592 13.42596550494
38.490723806675 -122.51749426963
-38.387045051617 144.72024092454
43.053894445152 -85.250707203403
42.474262316487 12.782704330435
40.408617498994 -73.993067149116
42.595295074228 12.162735492553
42.828820860886 11.896761037382
42.113060717079 12.050589859065
50.461579691834 8.3840452872142
45.746631437329 2.82928030604
43.447796747784 13.673167278393
41.91181822352 13.093541206857
42.573926758309 12.863797027575
42.734154084595 12.974780946514
42.981795792015 13.658120190121
43.728983381192 12.960739547389
43.663707051291 12.248639063115
43.8196069551 13.565655192179
43.08878168144 12.253658277587
50.400220828783 9.734572461217
42.980956427765 12.633901418037
51.119455626756 8.0877327663301
42.482179610304 13.341598428035
43.286787795057 13.660619248499
43.555556872674 11.882852648817
42.451964903389 12.465575014013
43.171225076176 12.869566206315
52.49268054729 0.64316151502224
42.914088770728 12.961146710443
42.181009985146 12.467248964828
41.049111608643 -74.599121140392
43.346938423995 12.119359915221
42.66330162981 13.7823568768
43.397920328864 13.819725242846
43.123566561457 12.609337496876
43.685059168716 12.562204891167
43.738629799235 13.29946401126
43.764869274949 11.931413876347
41.551610493032 13.213050337885
41.498200732189 12.260461638614
41.280831221762 11.677373427093
43.05021197167 13.041883626528
43.742204284662 12.960381388667
43.466176578547 12.721835726764
51.658326820078 -1.0550406478183
43.495628151829 13.440839411917
52.120493554799 0.26477543970327
42.204035222646 13.503194043202
42.176067612237 13.217543573707
47.159452905021 8.0496800714404
32.050458105072 34.455814364695
50.395463845411 8.2029883457362
41.909500562099 12.586179914713
42.841446710232 12.834606158957
42.458678131692 13.364445198984
43.1713677371 12.617182676989
43.601475575774 12.790751841774
42.038152062492 12.231126080186
42.16190113556 12.422197707215
42.227708003611 11.860839166169
42.98316233979 13.581178863359
43.827918326889 13.381151079864
43.61462636509 12.304332928895
42.252030934811 11.908086618387
43.660790092175 12.001178009923
42.896467671702 12.040410182479
42.199380678239 13.09377077368
43.25190631966 12.454460586188
42.6566322356 13.572325383135
37.048155173599 -121.32962908441
41.83823657822 13.671343115026
45.365389386644 9.6174380453595
42.64658878543 13.659976473406
43.501231241294 12.133803050117
40.952625021468 -73.825050833685
43.262331278672 13.105011589895
33.739808594261 -84.663730822254
43.134995926255 13.724581140918
42.623603240898 12.591527858114
43.813765307357 13.664831910147
51.37030417955 9.3242089298201
43.012251616017 13.126558338838
51.284460200595 8.0063508660562
43.026707512826 13.177192739315
51.167165639422 8.3799005222413
43.217952369835 13.780821392232
42.629856575129 12.735470631989
42.744875854249 13.42189746884
41.856315123803 13.006363689458
42.847155645905 12.860422003039
42.285173898717 11.889868052646
42.589934471359 13.134175525596
42.844043875062 13.616524421918
17.812523128706 -64.775580853634
51.570108427466 8.9945590808031
42.037897367535 13.49419333159
41.975374022974 11.849290363441
42.789192423613 12.210580638729
42.682146372147 12.168144373788
45.598076996206 1.4245584483373
43.777841844514 13.553175731375
42.387745711223 12.167909985507
42.095684808744 13.649384766675
43.02009965529 12.692210435745
42.758189693933 13.242035802587
42.416658851999 12.807999884641
50.65489060695 9.7339099681628
42.242767245177 13.794549612719
43.698758523792 12.840607044699
43.221346779851 13.595223713964
42.012208506957 11.88428319708
43.467794876319 12.655911001703
42.793293123058 13.359139832856
42.911106519846 12.765881154133
42.559594495038 13.500141629272
43.310059035362 13.060261029334
45.702660958144 2.885641285165
42.079487147333 12.576894464261
43.135962811383 12.841747967008
42.918062038703 11.845063655586
51.671684966037 0.40083077190949
50.688436641213 9.3527030550655
43.564052711059 12.8471004846
43.1652975875 13.029801036732
42.402340610254 11.905994061824
42.19449167151 13.486828740934
50.505202684787 9.8193997153171
43.249007311787 13.241333386063
42.293625483447 13.275537211597
42.460339526395 25.657160178133
