51.094175177205 8.3695385448493
45.111706935201 9.6974543387734
45.04824543815 11.574700814735
42.78824857149 13.31957126193
42.764988590875 12.531104258996
41.282075592899 -74.55984508696
51.796127623318 8.3675198440289
43.818634555612 13.778001174714
41.949495668055 13.566788935387
42.115484018885 12.831624684332
46.07149663338 1.6832049748316
46.093992785129 7.3834503872243
42.162090601962 13.675313753877
50.582841679725 9.3920298905075
43.019027232243 -83.624240078046
50.691305957591 8.5056553881176
43.729828189283 9.8966605970365
43.152312234136 12.561686465334
43.592147737573 13.457192900825
43.338861545261 12.450880548682
42.880480751826 12.213177727656
42.451838887528 13.562638925206
52.209031001529 6.0443184013918
41.380369839122 -74.855295885418
40.771850279617 -111.49456108697
41.941439684474 12.131919991307
42.507415534254 12.226580677215
43.320104758425 13.1838560464
43.58315960999 12.88035721049
42.168073893624 12.793431340176
43.487178494936 13.506087588869
42.679174220527 11.899265758202
43.791751362773 13.187008017317
42.052531525538 12.598333518786
42.195804701765 12.727914214494
44.831981945376 8.708707426844
43.765822655899 13.256496797922
42.084136249092 12.753803377412
42.573024752838 13.084017442599
41.922114696804 13.238711281346
42.830548169965 11.95889007766
42.760524897746 12.963601994798
42.639715524735 14.011372633354
43.744984616428 12.798409810217
47.544227380093 7.2955294234192
42.464267597771 12.124582422511
51.219296422423 9.5288780911494
43.518484881876 12.952214400748
43.76338105081 13.251161217362
42.452618506969 12.29962612658
42.585172264199 13.787522108682
51.643352289518 9.1763283848652
27.552319848088 -83.50045319589
43.365733442554 12.572014380068
42.141623528761 13.273922837488
41.958344258835 11.983816290753
34.262387453551 -117.21461912837
42.328367502603 13.763850492336
42.286247511549 11.941926139866
42.723281002496 12.118518547231
41.960861972536 12.87827843331
42.710952914206 13.357289672551
43.410732146565 13.214794371864
43.264759126729 12.577127943105
52.464822069725 0.25637900510169
41.078234811024 13.658850716825
52.876913347457 6.4243479397494
41.161505741372 -74.322182525408
42.102349774049 12.751280710006
50.017287097414 8.1464199610736
42.615650798502 13.221156217747
41.926958977444 15.799469862759
43.000998931493 12.402858595107
42.863737900699 13.412272518248
43.651520049058 12.738795666389
39.669019940433 9.0081529556663
41.9251472568 12.567871994624
43.61434354431 12.174575045341
43.334157691048 13.82568066468
41.996367806122 11.971605970532
42.335463153841 12.913371494486
42.435051548518 13.329454512975
43.663770046415 12.685121267443
45.859240685791 12.78517005791
42.312318194358 13.10639788264
42.413519573146 12.232343322261
53.164357385442 6.6276691420365
34.312327073417 -117.92444306213
43.409707018386 12.789362248888
41.980784051598 13.634627314601
42.356280352642 13.498773233753
47.610736617891 12.61281009864
42.85322955246 13.126913028384
43.713689459375 13.5873622385
42.549714354144 13.75933975857
42.421732704838 13.014387565693
43.56748968531 12.662034179413
42.028144715854 13.20621583669
