43.03943705749 12.190747266279
41.928845072153 13.786158698532
50.362807476131 8.1590782656144
42.507761837241 13.417733012914
42.751470452545 12.040526117704
42.868396280759 13.479610183986
42.000224899056 12.258458494816
42.697504698179 12.138386399571
51.927573890392 9.6542486300013
41.807566046311 -74.85302191979
41.942579344841 11.977697152655
43.494925436815 12.824176007821
50.266196691555 8.7299925138848
42.637054310032 12.694479739172
43.418101010594 12.916332728212
33.49669727725 -118.09041846305
42.477362692134 13.501211739865
43.016543179313 12.129171376198
43.358368935251 12.606006868952
44.248213205414 10.495887195711
42.443569615711 13.178246577374
42.695958685009 12.983284861794
43.629503224359 12.777839224703
50.569331560549 9.6703584183335
42.293198269018 11.888859874538
43.199547114896 13.809067356798
42.38953857051 13.125199636989
43.35224505579 13.684829733674
27.006060189088 -79.255886379093
41.83971197013 12.692453930032
40.592970020365 18.393739173137
43.306477066293 12.211049596898
42.587897662368 12.405557231256
42.48194195541 12.967155174358
42.08926085063 11.849243345621
42.296298935703 12.482661393717
44.184367807107 7.5450768546667
46.437231382813 12.572183068896
43.646209528992 13.449683689277
43.704407897661 13.131017072674
42.266318535112 12.360557044579
45.849454462854 7.9911727186484
42.792182792834 12.500806991265
42.332111164637 12.768250449939
43.180211491522 11.884645105773
46.881516816505 7.2399388692528
41.249212134432 -74.564697333075
43.311703650447 12.550779546423
43.518419066706 13.795851610061
43.17582465672 12.137742753691
43.244299576753 12.051231785722
43.291968326707 13.628255304263
43.819135685388 13.536391629643
43.554824178386 13.782531274402
42.422569365458 12.569236083242
43.759027506134 12.032062075602
51.831168967919 0.54400304399152
42.277990300359 13.511568604296
41.958240943497 13.708763457254
41.947469315023 13.144161211881
44.006212061088 9.635851165364
39.649628781742 -110.68643587613
50.046145441032 9.0542476750232
46.015881309293 2.7970300395028
51.183187848974 9.2526036646462
42.802926291175 13.796639194638
42.253222922586 12.473178014191
42.686559615066 12.060745408808
43.085810575695 12.088664723623
39.038959091015 -89.82348960387
42.097629878271 13.650621820565
42.478419176081 12.935152710872
33.939726310011 -117.74708827936
42.371320849478 12.256914072345
43.365625131601 12.931214672037
42.762311770957 12.158221802303
43.244487598208 12.643899855059
48.285981872972 13.618759824039
43.403811597009 13.255715272529
42.91182596607 13.651862249569
46.550038678362 2.6299516277527
25.638224427403 -79.67028155516
43.831561588625 13.647226050353
43.678996857127 13.128828848327
46.957781654085 13.067017433519
43.15784435263 12.012482039192
51.925926993334 0.3677584101715
41.905947941798 13.384495200324
43.033094858787 12.348490341284
43.295534438612 12.976666291254
42.500044465319 12.972984537025
43.653830737201 13.136305768127
42.286260553324 11.920758665523
-38.850497781229 145.57673280683
42.665373310778 13.185148956361
42.014578767614 11.853559574996
52.805399277855 5.8066136818643
42.923056851592 12.836202837472
43.823182063116 13.092595316999
43.680741639215 12.883382384632
51.972305616817 8.7856187395685
42.698035921782 12.657873394761
42.273269563596 13.804116521426
43.163617156078 11.921333419143
43.43303510243 13.226215956393
41.893390685291 12.123528742776
42.17255100944 13.468319179264
42.395191535093 13.54690523706
47.072036770206 7.3989151312965
42.337131852462 12.854947093828
42.928593071631 12.970245228622
