51.49349773768 -0.29781267810976
51.749391273246 -0.12144773231421
51.75713004696 -0.17054685171719
51.148398376838 -0.18161488989908
51.607630549049 -0.27257577906482
51.661333668586 -0.33605159886463
51.395626685068 -0.25441803567317
51.308521166355 -0.34219685637028
51.268896540519 -0.39158130320794
51.270079165124 -0.21178111262702
51.647169134083 -0.35264229117349
51.52455649852 -0.16409987782784
51.641113429862 -0.36741692781328
51.474030276748 -0.17196644576358
51.186552599627 -0.20631031885343
51.557924020131 -0.13960874371678
51.310418893495 -0.39574106154299
51.520446563149 -0.14673031785373
51.640158464732 -0.35455099049236
51.505104362501 -0.19855390177506
51.570141685694 -0.26157678634467
51.613988412597 -0.36151199018187
51.618981858305 -0.18123249490337
51.463033745048 -0.20213043424865
51.255848330699 -0.20859066804139
51.331270190578 -0.32179258822784
51.264418768121 -0.26471206563278
51.575961689034 -0.15446938586629
51.71738757436 -0.32696586122595
51.355223626297 -0.34118334550931
51.180902771503 -0.20485657794161
51.631366161225 -0.23222535771421
51.39562386316 -0.3734141832606
51.256333158122 -0.41594483049636
51.257516605201 -0.45422633204806
51.595182931095 -0.29160466622635
51.739712514095 -0.23736568463377
51.52950925102 -0.15959012753776
51.48963884776 -0.18898964687203
51.208073415093 -0.39025873035469
51.575146903319 -0.35658155030877
51.456911457452 -0.1769205290461
51.502284590988 -0.22062440670855
51.463397903816 -0.36335777466807
51.249498674529 -0.41714592209418
51.502185292543 -0.18522130199485
51.177647160583 -0.20914978801498
51.293338303358 -0.34771538454001
51.339038028307 -0.16356447770891
51.293920752397 -0.40917084596346
51.693941275679 -0.26893847919019
51.334154046063 -0.26388838019868
51.422283583284 -0.29310208391542
51.478611311865 -0.13662599550868
51.42400665112 -0.27714745159593
51.603030574556 -0.33231596995252
51.623088412975 -0.23426013549056
51.176842850948 -0.27455283300231
51.295605479644 -0.16167583562046
51.295304202845 -0.40061321831802
51.486358935473 -0.22896775060285
51.322569073095 -0.38771966728275
51.327320335352 -0.39854560117635
51.184531577716 -0.2663389357628
51.289250377002 -0.36306614590485
51.287758763781 -0.17911315815947
51.692598319472 -0.14188385572609
51.715133953474 -0.2059391598757
51.302503704467 -0.38723589596209
51.735494469868 -0.11597476910146
51.540392743442 -0.39168236241754
51.375822386647 -0.3822385270578
51.188678787411 -0.17517966790366
51.550625883998 -0.31809808846008
51.553471414397 -0.22623817871149
51.170731596961 -0.26626630470914
51.692751082681 -0.20546759772834
51.229561062869 -0.23525834425597
51.546869557838 -0.15091080463533
51.461544520204 -0.36086206020361
51.398116329637 -0.28470645351088
51.609220037288 -0.35862366271606
51.280374300564 -0.26501652243315
51.291553772423 -0.16786482151498
51.664905482049 -0.23314061078389
51.245458656803 -0.43023915008652
51.357192106944 -0.28012150171684
51.635174505476 -0.22265053835355
51.435079002257 -0.12721979535986
51.287103325495 -0.27204955480156
51.476959167038 -0.15821969475048
51.248070896486 -0.37550532840448
51.412581108004 -0.41383879842415
51.708635479775 -0.22957081456648
51.430603799378 -0.18039599307365
51.554250735815 -0.23771881887117
51.632417216027 -0.19921242553238
51.363607380476 -0.29189848406328
51.531524284292 -0.18487043180264
51.245734033522 -0.32307829029535
51.705499654266 -0.12184887809299
51.311398190291 -0.34894479944084
51.530750071179 -0.14292572217664
51.753324878054 -0.12370098067154
51.520380184896 -0.36051672831932
51.507017797328 -0.17767934188604
51.770396250426 -0.29775704834971
51.245981634476 -0.1819045940842
51.626903277881 -0.14833268488679
51.262885224895 -0.26935464114852
51.618337158169 -0.34969067967482
51.666101013853 -0.37735255364671
51.486171538469 -0.24412578128004
