42.870703398211 13.056352136704
41.227362265125 13.129018931987
47.449082647194 7.4123727057187
43.524964603395 12.764745779247
42.235141961035 13.831431308704
42.530600808363 12.303615559986
42.813771028006 13.060040751055
42.729581338714 12.160645339734
43.387407846485 13.741882617952
43.578083046537 13.354679879453
42.178390171483 11.950390994547
43.635457009394 13.798960177621
43.167618636141 11.844049131446
43.380442441174 12.524314948157
42.740411082648 12.891521062207
43.142855463171 13.371939409253
44.003798006293 12.618349735375
42.698035921782 12.657873394761
