42.110377458462 13.761889253187
41.942173607176 12.129821189761
42.921881473142 13.515923942701
46.230833110973 8.5005431866741
43.11048978295 13.792277700658
43.276004967429 13.741416650725
43.55077326698 12.092177774821
42.930151818309 12.340466735133
42.624445734392 12.150885788349
42.180772421521 13.043501305435
50.563030883932 8.1333916565093
42.69734349928 13.227410696574
42.434995665904 13.784796209927
51.554148333405 9.4615727255408
42.052368800201 12.718266889343
46.750026826419 14.275746059055
50.493302709653 8.7415260950762
42.395677143913 12.592068617995
53.004276394846 -8.6989593094676
43.064662644691 12.164989363034
43.791871973703 11.877085021195
41.958127185704 12.196957684235
42.960681776985 13.005057170079
42.696606641981 12.490147226739
42.758789101059 13.564995520567
43.36260129996 12.331067648426
42.750173303203 13.209490003183
42.446120084958 11.923952265163
43.380208020762 13.178204747952
42.796209557374 12.816911876603
42.597263845449 12.303377137682
43.485025569578 12.287155457927
42.933899085959 11.977872200321
42.723687401399 12.750053673422
50.485071937314 9.7243712445369
25.971721275679 -79.927924279365
47.524107551912 7.7709067835337
43.511028389705 12.196896736623
43.810850579225 13.109835957249
42.713484090945 12.51405270792
47.866836222292 7.2657594058038
46.431649675328 8.4809197594788
46.992246085774 7.1483617290614
47.918101899288 8.608669045199
51.895669206463 8.8828315305909
51.639789193701 9.7981712011612
43.545132209822 12.117691565846
43.717927701195 13.000725613928
43.816679714183 12.207845955739
43.72391568812 12.568211444474
43.562697068605 13.407502336173
46.648510395386 8.5843747461142
47.289281865717 8.0494747772112
46.075609472615 8.3961885540728
46.537324444641 8.7062342193472
47.962431063858 7.5913591508713
46.191165956292 7.1038812511153
46.7171142859 8.5289840705362
46.409375932093 12.127577268371
47.068400271269 7.3416928985816
33.359967168628 -84.949922991335
46.08715934683 1.8016007700011
46.508632662012 8.1487390185468
46.699987930572 7.9852228960885
47.10690431069 8.7812545191409
47.826710038272 8.9117006007171
47.175619518932 7.6604858169614
47.392865600713 8.3849393787724
42.938723862629 11.986546184417
46.053761184241 7.904892755628
43.363664171849 12.329630871478
-37.204455666805 144.44017470292
47.259094535494 8.4281509441455
47.103689988192 8.2333497448048
47.615851715494 7.3187895926269
47.885440230782 7.3352701041546
46.153327850696 8.1959228111412
46.759479789883 8.2424290404853
46.800967628509 7.304091817841
42.305097880005 13.201216263811
47.39617602825 7.7722877076698
47.962317514681 7.4233089212437
47.577726919007 7.6993930291847
47.63371966995 8.5653421792972
47.291544285739 8.7085462318307
47.264401977539 7.5585080378496
47.393383126889 8.7203881427275
46.891221821723 8.9945214344163
42.010716809452 12.259896530912
47.708155794399 7.6463689653419
46.430820309292 8.8584921457146
47.285941215831 8.1411757958779
47.542746347628 8.6900457533496
46.16461539509 7.7172523083711
46.402959352081 8.6839965179954
47.735875345644 7.5063766639244
47.067821329025 7.1960198647324
47.16772769865 7.5596204747258
46.498046573483 7.8583221425574
47.058887471472 8.1671258020993
46.819943253333 7.6510308918781
46.275156704837 8.2871309394423
47.614556229028 8.8192357457332
46.603488856742 8.9231006744891
47.878374848458 8.0335557800874
46.853677846423 7.2341772528524
47.296394936878 8.5970704227672
47.540043727281 7.6655265636116
46.82237555218 7.8736704312608
47.385668871638 8.5475526608282
46.791928107288 8.7038078693225
46.295743201531 7.4926253405831
47.061276482912 7.2314826591087
46.770910987058 8.9739140593325
46.089579607867 8.9623225196089
46.534121071237 8.4061263834155
46.661446417059 7.3587746570626
47.411348057171 8.8750518815941
47.141223747349 8.1971169846119
47.067164635317 7.9148330953507
46.402627096699 7.3941720870296
47.118996155038 8.5244040663933
47.339784884518 8.8606335031151
51.090180041776 8.2444593819065
47.746813749311 8.7932312012619
46.334019777986 8.0424148985382
46.606590805858 8.0742306090306
47.223942201689 8.1836686028092
47.31199833905 8.5105988325135
47.353355846998 8.8663608170423
47.792441460207 7.2100164444232
47.055251375332 7.995465221347
46.314429430437 8.3442462833339
47.602057575529 8.559759718161
47.76768824587 7.5934906739711
51.559291652431 6.4658239976111
47.965370309989 8.6912581160158
46.753483028968 7.2249038243782
47.924315576406 8.5999601826072
46.027958315345 8.9114395952371
47.197758851665 7.1339864018997
47.613670009474 8.7300333840447
47.93633084555 8.74307631503
47.114108885692 8.8988336612931
46.806969419498 8.2920535245408
47.250528674224 8.6329813583908
47.329895305135 8.4620074999807
47.801211914886 7.8407104890052
46.418868283005 7.5400128096994
47.116970329134 7.1521920320355
46.145052208633 7.7515277381761
47.02830886423 8.4723990040237
46.711051097936 7.9413323835197
46.426479171694 8.7822881521575
46.601101890952 8.6789889003518
