12.747320586253 42.591483797243
12.79680372255 42.617178632721
12.785931132655 42.63867410537
12.75956630884 42.57744400791
12.760028951245 42.554481748305
12.757835146879 42.606367982762
12.784980425066 42.622180593045
12.798909523917 42.609690755445
12.801206357706 42.629628665128
12.7665767246 42.556353430013
12.765217964128 42.61259817284
12.780861573213 42.607602101589
12.779257381253 42.624313877276
12.758923957499 42.602302199997
12.781706719579 42.606537119789
12.800071626364 42.63449503839
12.787006253298 42.592003180942
12.776121271225 42.612416711011
12.767963472201 42.597300568895
12.800203109088 42.63462633485
12.763027686071 42.576855956401
12.781044785784 42.599398508502
12.77252423941 42.582372446837
12.79211829828 42.637230948863
12.778143223758 42.568748955901
12.800633178486 42.611826337249
12.774271222679 42.606836420322
12.789908443501 42.565966259041
12.758778747546 42.588872595054
12.78510486187 42.602833050139
12.75437689377 42.58671173669
12.774797562892 42.597852776592
12.779507059988 42.639724859355
12.755055428855 42.596126476601
12.806691872353 42.616527092486
12.766240165947 42.571146096856
12.785576409116 42.636938654204
12.759987528345 42.579348567698
12.782890345355 42.636452197415
12.806803029893 42.606466572104
12.780090574559 42.589212656782
12.782121165575 42.562156622581
12.802238963008 42.592247443105
12.754855713248 42.58725716855
12.792601310572 42.589292306283
12.789668071472 42.603975677699
12.764506091275 42.57899809099
12.780938929797 42.626230331916
12.778197586454 42.614153631339
12.772605394394 42.55030269902
12.792400261312 42.629607626086
12.782844400885 42.593435894064
12.772760448427 42.569401636075
12.787833485675 42.558861604707
12.807397808345 42.632167022059
12.805686840718 42.586723065298
12.765808557538 42.617184640217
12.767076644028 42.576914860691
12.773414949336 42.548986137656
12.764502739445 42.590880406385
12.789079550111 42.593326259702
12.798724657783 42.606251406321
12.748868368936 42.57691149396
12.791230027953 42.563886020151
12.761639886911 42.607500496159
12.803531016618 42.634560201634
12.78186485303 42.640559959079
12.79080710273 42.591368084604
12.775438269517 42.616891269415
12.773555252151 42.54785834327
12.8048494071 42.582674572537
12.761763792395 42.568641661486
12.770812658507 42.581892231306
12.795553093236 42.611400048554
12.7530768699 42.564595937081
12.78894686924 42.598275985403
12.75534835821 42.58630413638
12.753210226446 42.590593524573
12.801697719771 42.575429700604
12.742664768727 42.569930443361
12.797109901366 42.621514736519
12.782186251985 42.608723031661
12.771817894102 42.576241346831
12.80127565183 42.615988266497
12.7420214232 42.564414745946
12.745279468033 42.587784552776
12.76801762954 42.616759162239
12.800450108873 42.570064958006
12.765929429704 42.589634697249
12.784863396003 42.563864358053
12.804423433658 42.633188261966
12.793478196412 42.618805454887
