43.824941060445 12.36539250026
42.608313972435 12.675267463885
43.184635479576 12.909017332808
42.065508577093 12.467534004484
42.801762926321 13.573521783863
43.589331911707 13.344558463148
43.549945090243 13.14436075659
40.390284707315 -104.95229621823
43.230798239017 12.876648490281
42.914926599227 11.891656977561
43.701667053041 12.302032764231
43.085690984098 12.91164656028
42.376757954909 13.69923644501
43.796636714992 13.271504637001
42.668531438668 12.443696065102
43.699593504772 13.300828861234
42.795330247302 13.181190016785
43.02672777468 13.649430424764
42.378191998426 12.899937572398
44.427918413551 7.6973220115305
42.628796702565 13.697672714825
46.372450496244 7.6665626488005
43.457013163484 12.673648784737
42.553700211737 13.643309885957
42.115359579955 -88.473838337467
41.509769258944 -75.190098114066
43.794010667987 12.989814582297
43.178310574136 11.996487469432
42.544591256226 12.547338187505
43.223941546524 12.95753303962
42.004236019239 13.235567077659
46.116231366115 2.0848879078798
43.471221203691 13.68816622893
29.833614081939 -97.278804340498
33.820201381531 -84.061711839802
41.971021186568 13.364957163767
43.609026724777 13.570706309572
51.754977514853 9.4975658918254
43.011592889697 12.421300136701
43.748134640415 11.988291844276
51.974775482656 0.55231035567928
42.319757465909 12.6437699323
38.589176163862 -122.82979149054
43.399129453788 11.983089127125
43.701913676107 13.276385831331
42.827679840323 12.837495290154
43.556668373571 12.390200081018
42.38512432735 13.56096960353
42.11947353285 12.782367057087
42.471651164124 13.797894176954
43.454452424077 12.175165124806
42.611698257111 12.332004400611
43.832070826286 11.332391649428
46.041074876925 -72.996131463578
43.330348724674 12.565829475229
42.602299818605 12.074675393347
43.048971757802 13.320748194291
42.781628632837 13.138750023294
43.449935199923 12.192782952561
42.242230056453 12.353497278131
42.557672889253 12.093764382479
42.282849346906 12.538338019784
42.231937906021 11.82741633217
25.542852253889 -81.089935553112
43.689946581486 13.243604262028
41.932412742627 13.180770796363
42.712794585972 13.66669497579
51.543206337627 8.5205328760299
42.521879807844 13.156114014891
43.813061400251 13.329678843904
39.113709581777 -77.44257933663
43.739697271392 13.762709854547
64.368951581125 -17.74713187327
40.756167541762 -73.482214571333
42.512179103939 12.759495367205
42.282142670046 12.850178922012
40.980817607747 -74.809159881012
51.909436977094 0.42565614771562
43.639780171534 12.56554171844
42.638602925783 13.352351067307
42.109467933026 12.480749607797
38.796755506737 -77.711277052119
42.258773053672 12.61211838371
42.553634828701 13.732605279785
42.583045805631 13.700900462338
41.964466824666 12.291479336255
50.418765976871 14.660695585031
42.437189229523 13.355381909013
43.781754331583 12.354369809571
43.777877634309 12.382103161154
43.760628539978 12.598094970287
46.238876322512 7.5015208570969
43.772550922734 12.560655331521
43.117987263558 13.493976775808
42.163203923129 12.665152665558
51.099018298368 -0.14281752298251
43.458370033886 12.36890330278
44.862540413955 9.2128183927447
43.208202832962 12.74153622323
41.604857376301 -88.072591331656
44.797616958803 10.488709755258
43.768665318291 12.643200285588
42.904388738773 12.647415616872
42.735827260083 13.312061337455
51.916798012758 8.0634659310167
42.118942759076 12.328383408195
43.404248963319 12.253362504439
42.837921800156 12.441680938488
41.897233214203 12.434519301392
42.345873241495 11.85529854144
43.71071556106 12.746359702103
50.65489060695 9.7339099681628
51.557022883816 8.1953301020876
34.653289184784 -83.399085365329
51.503417340807 9.6954727497396
42.336468307945 11.908900513292
