42.53577563799 13.075564197321
50.755199597569 9.6320506574735
42.920583155456 12.90419737061
42.319688318467 13.463604810885
43.576423636461 13.080515570531
43.675839986057 13.18707402527
42.925209035152 13.423149372203
45.654947017624 1.8852834831389
43.302503007626 13.243996502035
50.567960982941 9.9214356825321
43.377985802676 12.095602942696
52.133952365086 -0.3119174127569
43.006904550852 12.103775781183
44.646452150236 -74.028773814148
43.826621812709 13.215277986257
43.660907541265 12.540252540533
41.995314226039 12.675193802323
42.91335942408 12.081510405115
42.920032265114 12.648834063063
