12.983888085014 43.165349018392
13.006371842256 43.146484434694
12.989949911849 43.205345103168
13.024342437773 43.191345851979
12.999699614963 43.120608394111
12.968640488579 43.188981630483
13.008334557551 43.142211125785
13.026849353719 43.189794066471
12.988864747823 43.153138252999
12.969177050988 43.138202962085
13.033502687737 43.141496889846
13.010174724765 43.171428917542
13.018987615623 43.138749919917
12.967801218393 43.129760013509
13.017205344542 43.125183676449
12.987276268672 43.12109412866
13.005251180404 43.207892586595
13.011375678264 43.132136876777
13.001118373613 43.17165380447
13.0282752775 43.166536450019
13.018552336871 43.197244202365
13.025589902918 43.123873579395
13.025526130605 43.16850862988
12.989532582944 43.205208153115
12.993503667898 43.15540480204
12.97525816272 43.131784180262
12.980665314489 43.204205208574
13.008047035454 43.148146629889
13.006186598004 43.19050944235
12.994236123766 43.120376525989
12.995587960836 43.131083396811
12.970493153676 43.198623225672
12.963837753986 43.121984302144
13.001958149973 43.145168825607
13.024525354183 43.166131582675
12.984402631423 43.122042424123
13.03963335328 43.151128611619
13.000179452377 43.19534460932
12.984816124677 43.202184185501
13.008860664002 43.192127860262
13.026110783718 43.159806338234
12.984756051111 43.149517036599
13.035333571993 43.161111174713
13.032062088641 43.147315102253
12.978871917829 43.193124694395
12.998339094707 43.128458002197
12.965902004396 43.177605483319
12.96780818096 43.152312892115
12.986437069732 43.193323193229
12.970324894886 43.130197644781
13.010464150484 43.167914237926
13.006603205135 43.133466285271
12.997620675733 43.120671535919
13.01147383035 43.165958155045
13.018789638329 43.199850508592
12.979888588667 43.12887502982
13.0175437867 43.185470569055
12.980851621379 43.199202784451
13.021664010858 43.182958593233
13.018568368193 43.147914878648
12.990250174438 43.17647265141
12.985606187969 43.159935414887
13.009825787998 43.179743267235
12.995597858467 43.157124156227
13.033438141494 43.169981399651
13.022025961926 43.186302072011
12.958293654026 43.161610740333
13.015543606161 43.163626007367
13.03236367138 43.142381749669
12.994572465792 43.207836139134
13.0261077043 43.144882435999
13.033567007668 43.16605139161
13.013977879686 43.16956718276
13.010107114005 43.17326679184
13.030833862292 43.142139714298
12.993505784328 43.177910341985
12.984245993676 43.161350232645
13.013334800516 43.204507628106
12.989401494635 43.207290760359
13.00768756543 43.192968061305
12.998697868103 43.131674351253
13.018628888328 43.161766364801
13.002487608254 43.183203244688
12.986718955465 43.121511549301
12.989338500907 43.139412997376
12.985551439706 43.167856462865
12.969345172874 43.189331154914
13.024024555957 43.143751391763
12.977632042031 43.165062377327
12.98465601915 43.157091827692
12.980179880757 43.157088007872
12.985793320942 43.130053964991
13.022607739581 43.127220966468
13.020815488913 43.15208899658
12.985713136397 43.148680708461
12.976130483682 43.189983399694
13.024331349446 43.164524748088
12.963943187152 43.177785035327
13.003438232489 43.202770796254
12.968158445327 43.162076274961
13.026423893902 43.148739793428
12.976386773876 43.129164163104
13.03634120388 43.145298245917
12.992258112429 43.15803553872
12.977618427958 43.125244563059
13.020300350182 43.161374238416
12.976921146746 43.175894614878
13.017253405444 43.190705519745
12.98085188634 43.178257933456
12.999876943904 43.178552766435
13.007011411736 43.185114010344
12.971455244355 43.197547524349
12.978397550072 43.190412697492
13.020825940215 43.180056947854
13.013096367967 43.154230044316
13.008047551873 43.179380654928
13.003458252665 43.140412309759
12.972751778093 43.152847257535
13.000417396913 43.129541707772
12.968591973658 43.168136816571
12.963648580484 43.13214753949
12.962867087223 43.182359336981
13.000186019133 43.154282590467
13.00130741766 43.138331812426
13.011241822995 43.185984518487
12.969546746004 43.174388493513
13.011891372063 43.186179820556
12.965019423985 43.190508121734
12.989771749375 43.178141123254
12.958590307275 43.159704088329
13.011897970018 43.183073328914
12.984947393197 43.120829772747
13.030060376541 43.14284771969
13.013260855367 43.127106149295
13.029801036732 43.1652975875
