42.103042546729 13.780218514998
42.110377458462 13.761889253187
42.106202441338 13.763605278362
42.145365603357 13.820741675266
42.087878095979 13.781593862375
42.118112227955 13.823334912243
42.114253652822 13.794967096224
42.103336915909 13.772830448029
42.144634218975 13.80615970532
42.102513052592 13.768360346469
42.12702589397 13.796512254906
42.116015357506 13.825654649116
42.12579078049 13.784254155042
42.136498699049 13.822878995849
42.117457441596 13.763367908452
42.102445892593 13.80585529462
42.128641019656 13.766000361094
42.117525440251 13.826316514458
42.11888598798 13.767658065917
42.103417259244 13.769015378698
42.10240279145 13.811988037944
42.115073901676 13.795748765041
42.138398897454 13.805381525238
42.136912597428 13.775265823966
42.135961317542 13.798076396269
42.111273515577 13.805374578969
42.095987974732 13.761640887152
42.121681415088 13.799371027781
42.108874622338 13.770168303892
42.122145632825 13.778371105354
42.094482876425 13.780494737358
42.108469008074 13.760530408847
42.111322840283 13.796703302228
42.131318273571 13.799899354971
42.124055477869 13.824054460912
42.093648463552 13.764615019229
42.114834404625 13.78479540573
42.109530460161 13.817809680413
42.100618837003 13.78835575368
42.127323877612 13.79281262068
42.103413212648 13.832394342812
42.108171682876 13.769797608636
42.142616445752 13.799785443975
42.092947340169 13.766870565625
42.099609286592 13.792285621091
42.118655142916 13.784601006578
42.132932924748 13.806393579045
42.098773528423 13.789075848569
42.105488173268 13.814544530054
42.137792720545 13.77878583261
42.09067968658 13.77914296129
42.096215576931 13.773854575501
42.098307140704 13.776168518151
42.10251802632 13.81324518931
42.096379378876 13.778421759058
42.124340472822 13.803879504022
42.08959281963 13.791264967451
42.096497852887 13.802824586559
42.109825792329 13.790275733376
42.145536885686 13.802280127
42.1029864392 13.768311885099
42.139334140431 13.812456815437
42.093472398416 13.807698585956
42.107163127117 13.809012002244
42.107798751049 13.780498885468
42.084481001892 13.779807041318
42.097461133796 13.788137988575
42.10381649069 13.767115352122
42.09520356969 13.771154686257
42.127138041971 13.761767007321
42.100960158811 13.825789211258
42.134955045385 13.77597773579
42.085444718194 13.777288529474
42.102345965406 13.76288851295
42.094663709933 13.790460584609
42.141189768532 13.80281367984
42.131429518655 13.816925316985
42.103458480513 13.780933369336
42.138886370316 13.787241733089
42.123215680555 13.779619042214
42.142509551341 13.825204860359
