42.857983161043 -71.96540090653
42.691494297114 12.600828974809
46.253845828729 8.2304367873028
42.126491249153 11.942471262062
43.645740172216 13.777653818868
51.726633375383 9.6431016785293
43.345871905047 12.324753429447
42.635682141725 12.110318177918
42.609976789753 12.411427616354
42.900155483254 13.112456444724
26.625981494593 -80.176391076188
43.812932684486 13.311969250607
42.348495116641 12.689944621518
43.325398931452 12.638676075118
42.468328251742 13.300304996942
42.037894566116 11.841073199122
42.884389202078 12.75520868171
42.886641113521 13.157197746077
45.01348999841 12.960561261537
26.543441897494 -80.933500731143
52.517786369667 5.5494264870879
43.319556804078 13.643178855389
53.258594486284 6.1531978754342
42.573764884667 13.161249143168
43.344316214504 13.268462117907
42.527218655484 12.826872742675
42.245068090172 12.634786051549
52.30530211041 6.5917181059912
42.108243245237 12.492546445009
43.328136175113 13.612658050683
43.260195594423 12.501625456171
43.188494689871 12.368407455931
42.828812112042 13.101802596425
43.030054357869 12.602374822668
42.773310169493 13.143221543258
42.467173806165 12.064206508039
43.215492806053 12.889148282322
43.574213172132 13.618618401542
36.580981783396 -121.64076674392
43.216115931171 13.311889848372
43.76300316295 12.382819267189
42.709216504709 13.062412394726
42.069732598548 13.686676936099
