25.194543541948 -80.224216322794
24.791782497726 -80.352900944788
25.472587828262 -80.084413308499
25.097880357439 -80.337526248735
25.057597894231 -80.162531605807
25.473181250243 -80.192937413596
25.803572901416 -80.260237053433
25.228341334589 -80.332463171298
25.57201629902 -80.179602870145
25.674225204455 -80.166759068034
25.063479234011 -80.055477423429
25.648220242752 -80.199305459759
25.061409718369 -80.108984368714
25.745285561173 -80.209062010888
25.815075385281 -80.26634859939
25.556608078312 -80.138431140096
25.418629493742 -80.193810136423
25.342418879879 -80.321384909522
25.344122190637 -80.10849438454
25.411185244738 -80.284795413667
25.273331375903 -80.089472753313
25.263570134634 -80.267789840633
25.536779947812 -80.261048730394
25.333747227772 -80.226425412414
25.446101536234 -80.15050947887
25.857080173595 -80.228160698348
25.274104760605 -80.125692356246
25.439143347741 -80.177466402188
25.464724066401 -80.304496782783
25.858676805544 -80.220904910384
25.55534108892 -80.3047225242
24.890177904705 -80.073367894178
25.093769561992 -80.305190509137
25.404701551128 -80.25176809488
25.320558834022 -80.217916426626
25.029262635853 -80.328300352637
25.414819103376 -80.161276418135
25.087827122794 -80.297181803215
25.423044124332 -80.318600434768
25.212825133082 -80.082491684553
25.151644901892 -80.255954252019
25.138485026085 -80.119157397441
25.427546303436 -80.155379724571
25.076334771253 -80.160338050104
25.695239555397 -80.151878965433
25.024080249475 -80.210946582631
25.14505563402 -80.338716963739
25.464211263893 -80.32062262246
25.394539163615 -80.104084439899
25.547323519602 -80.104881484851
25.597489355393 -80.237865315205
25.338645583159 -80.251723282897
25.56667264855 -80.176736536328
25.614389335074 -80.26932462438
25.292960872527 -80.262971089619
25.425173752191 -80.140164021278
25.565780817777 -80.29628602317
25.171400012977 -80.333157535142
25.396670270413 -80.271535961359
25.60872479648 -80.219343322707
25.585269754077 -80.162418668975
25.489668245173 -80.104330442238
25.102333445133 -80.282544955552
25.023182775311 -80.265959976562
25.138153992641 -80.205908509808
25.891590170495 -80.260945345672
25.163718837373 -80.324598902797
25.051864474553 -80.313710229427
25.190385878623 -80.092018383408
