45.164421584559 9.8689403935656
44.25340856377 9.0587594209745
45.530951120302 9.3441602670793
45.387810143962 9.0805087613317
45.578311219124 9.4965028876678
45.488863136195 9.4096828223927
45.05171214857 9.2019818877833
44.10348748174 9.0355369684685
44.785771283477 9.3926610359422
44.396146180621 9.1970111214775
45.377070118432 8.8304841034978
45.583111285292 9.0842140288019
45.179183777018 8.8884582178404
44.921007526818 8.9228992638961
44.857036059423 9.6707627359153
44.697982907595 9.4044471191008
44.765460321568 9.0096011938595
45.234253873927 10.091520837644
45.322094136559 9.4823745386127
45.118814662247 9.5531694605496
45.267199490882 9.805554914945
44.407293057703 9.049168369269
45.26428815965 8.5800170086021
45.132267715334 9.5152122607293
44.484204026027 9.5105260173606
44.741623462386 9.8933545330275
45.255973021482 9.6719952422762
44.343996795965 8.7537717571057
44.656630541785 9.5997637941711
45.346898748049 9.8003705469172
45.111706935201 9.6974543387734
44.978502207451 9.2114665147902
45.320624568113 9.0633548419752
45.424003601227 9.4914001389156
44.354807402128 9.2716113579117
44.508479364781 9.8696740854157
44.693360681365 9.8071912738761
45.106368249425 8.9919940622253
45.235067906925 8.8011906461074
44.876939637089 9.5635943310166
45.102618958944 9.2784076313388
45.573732208702 8.9459347161003
45.082336417975 8.8777917695617
44.499224987856 9.1933200803531
45.019858197344 9.6688938769833
44.620373456122 8.7660568602668
45.560751182314 9.1261480572733
45.250463115194 9.8619765289859
45.232213005092 8.9259828824205
45.621725451516 9.1816017285835
44.861346572599 9.0617740375277
45.431533696822 8.9534111518196
45.47924071063 8.8421122460822
44.506319684703 9.8980855402993
44.540820333918 9.420429373542
44.258877110462 9.4785141621639
44.348805758172 9.7325866935018
45.636005444862 9.3444800781503
45.214697037483 9.7856205041453
44.665182942788 9.6112185265013
44.76859636876 9.137574002397
45.199892406936 8.9142046781788
45.587772565727 9.3509261569711
44.642171748256 9.535629077759
45.659578440182 9.1328201543693
45.131571645307 8.9389663560264
45.265257918863 8.7549891437217
45.510125009392 9.0758597549381
45.307992601005 9.2492988117269
44.617162432739 9.271871012527
45.153892048541 8.5723354169249
44.871122045473 8.6460594608175
44.323238136353 9.7556803393204
45.159929675171 8.8168490401292
44.964386310084 8.5980426772744
44.323514709798 9.3362808409992
45.124994455383 9.9088549759769
45.330886311846 9.0210211289446
45.68059303399 9.1403934919217
45.601410409248 9.1784473615621
45.615646420797 9.0855205589395
44.797789847545 8.6431919047344
44.721908082588 9.9742099665008
45.567012394137 9.1448528490914
45.442994477459 9.5823931316763
44.972246210239 9.6652474133136
44.96415679621 8.5761637718073
45.251860390532 9.8295576123681
44.214039310868 9.1749785045278
45.252233437936 8.6455226815983
44.779841619001 8.9996032306922
45.157701001602 9.1866538862636
45.334256549452 9.7304729280227
44.234611116787 9.5756701227397
44.557824570342 8.8025395350775
44.995034968969 9.1150334158517
45.480680535331 9.3988264239388
44.856816107832 8.8986881469836
44.791178590081 8.728225230299
44.630855426046 9.3529685958069
44.383507431591 9.2403782128544
45.377335506665 9.2766782362394
45.292833040509 9.3250965969311
44.663779786303 9.5912600179418
45.477723232667 8.9242067315007
44.597139276193 10.00516802494
44.570287535887 9.8237703480659
45.457502857879 9.6192385628233
44.550631982091 8.7401241418627
44.983846837277 8.9206337153076
44.260976517091 9.5597405471884
45.448582259819 9.4691120591592
45.274947972768 8.5946884757139
44.917426101688 8.6950195600954
44.164517886876 8.7519116925084
44.137098575403 8.9162025789573
45.130183085257 8.7848083448758
44.772843587388 10.060525197119
44.252042002444 8.9928677291786
45.013701529994 9.503394762661
45.12352260101 8.7307385198682
44.768968816248 8.7178327611986
44.711459803514 9.9262334311293
44.909737369909 8.9313462498022
44.741141816972 9.614866209689
44.724907123612 9.4440975067178
45.48114306365 9.1992690370415
44.460667602422 9.5910866117273
44.796815303197 9.8307911895614
44.709854165914 9.638087081275
44.609672485946 8.7176752984118
45.454361346787 9.3385456119378
45.102712629273 9.2211352013383
44.894393200099 10.018492758471
45.560639936764 9.1716637688557
44.559134484806 9.3048798947129
45.061469380588 9.8040038733041
45.358852907414 8.5928475344776
44.460555736609 9.5937232202844
44.342112811139 8.9041475646473
45.076241256684 9.1241911799084
45.728508911991 9.2550643213793
45.398418989546 8.929886192819
44.736183892019 8.7327882230224
44.247819982864 9.499949903714
44.602091734138 9.3868696153103
44.384366245051 9.4304444012607
44.45875913704 9.1580554544032
45.057196959321 9.5570539346673
44.771669681569 9.4613755842956
45.241618875201 9.4521127783493
45.028905191498 9.7425700682879
44.962918344775 9.2930956313354
44.788020334902 9.0101258199011
44.930340265685 9.8958921910012
44.661366205065 8.9475372686738
44.969897578596 9.3982724716902
44.718164306583 9.0498154431836
45.430279179236 8.7860373259457
44.655739959143 8.679908098199
44.777462843211 8.8008099823007
45.264800107044 8.8056701267375
44.995629013791 9.023862154325
44.743143750517 9.4450038345019
44.728656495676 9.5432196829646
43.939160132149 8.8714358059323
44.494538969616 9.3257761717428
45.139771691335 10.11206630213
44.707128645644 9.9384635426749
45.042445476678 9.0852121619904
45.406220524624 9.5336565390153
45.487805171191 9.6873906050284
44.66191918769 9.6893630373475
45.07137198682 9.5680759896631
44.821647695674 9.4825432015967
44.765995873469 9.3671479096273
45.428501136826 8.8134278758491
44.83955439836 9.9992037613617
44.805131736561 9.2621764115092
45.118525211287 9.6459476689114
44.710900834955 8.8400269716466
44.900576419013 9.8960126687521
44.53371566452 9.9222482222003
44.525384321916 9.8456322385443
44.869836668379 9.3186068788025
44.976720718682 9.6952460124601
45.177512919173 9.8642360238657
44.806593079987 9.7973670084948
44.980085823538 9.7370346576846
45.017797489475 9.1206162083734
44.974634482441 10.080094551798
45.718184338912 9.0296226471335
45.043903246824 9.8130617113124
45.708262984014 9.20838670924
45.146408923944 8.7780316561103
45.061579739867 8.5688681341818
45.267617394781 8.7974847634987
44.591526716317 9.4264327640768
44.651134339024 9.0400476904772
44.877265455938 9.7968911232645
44.291853417641 9.3886849996814
44.542821215367 9.7517500409376
45.567370622243 9.2850557173067
44.853304561436 8.9061729130807
45.393467349647 9.6398716976143
44.859450834763 9.0447491903066
44.603341278927 9.9115353703087
45.746460043733 9.1863517959539
44.546964438372 9.3983667074252
45.111944907423 9.3098273271275
43.899092547411 9.0043064633637
44.968349873211 9.0793896195173
44.546487629694 9.6351670795284
44.866079633739 8.9472619330475
44.886106802491 8.6825678040658
44.315795542282 9.4473674845171
44.416771737981 9.7294682184837
44.581704152579 8.8357218565586
45.273387783309 9.0386945460893
45.225252136719 9.1842448048197
44.798541577998 9.2681988589085
44.693911874801 9.5064200603876
45.097323771637 9.2815087538592
45.011745393796 9.2544172900261
45.508762717924 9.5974965737865
44.725247702762 8.7840328358272
44.698553180207 9.0104830467191
45.247994130102 9.3740222005728
44.791957457316 9.6443242050215
45.487395295982 9.4145834166647
45.089887543924 9.8731596625029
44.813683981944 9.8568661820408
44.787381700562 8.9328199151846
44.89115242278 9.5301889814367
45.170954591164 9.7152281925874
44.722043807419 8.6396006246748
44.867853927758 9.8526209905057
45.606005358766 9.4878584283603
45.314484704504 8.9199815138825
44.550249351657 10.029686534421
44.709691059452 9.3932454868166
44.88626500181 9.8921743134023
45.31408560791 9.706664136756
45.501880131523 9.2298683192953
44.920839877718 8.7559236172637
45.560411036511 8.8223885810107
44.901882753012 9.1656916533647
45.521128903411 9.1560841480065
45.244015276825 9.4523365143675
44.443678953707 9.467017919995
45.017592309002 9.3408688395497
44.8366012833 9.211226632612
44.961076214866 9.4227877279128
44.628707444148 10.07445271475
45.464743656716 8.8396105201168
45.587569603761 9.3270860117288
45.028178317045 9.2178099317769
45.092963627608 10.051665611775
44.645120628504 8.6634299322327
45.212601725858 9.1419175423621
44.944410495995 9.2438359305932
44.598416563893 10.016801519979
45.684298372678 9.1458367211515
45.282643062685 9.3981180273919
44.565575964968 9.5411346508171
45.356552203843 9.0537826644507
45.176059325724 9.3477857504285
44.630003065655 10.066519491592
44.719671766169 8.8384744800806
45.124733118727 9.4625714463706
44.526822615988 9.3218612819779
45.240048837632 9.7595689004099
45.174975078099 9.1619103046678
44.828524405055 9.7380325885224
44.614092942122 9.7233471030734
44.099444766855 9.4123025643441
45.564570268506 9.424356257531
45.162277996176 9.531393381735
45.462769653889 8.7036946742347
45.303246259064 8.8792579793042
45.34489799025 9.6495238435895
45.600081413824 9.2818038774104
45.161178684354 9.5379767474407
45.23828819682 9.7943736662341
44.956488368521 9.4613553482604
44.765990007534 9.0513348509075
45.147186409609 9.9213963233477
44.769160865836 8.6230703560998
45.170269187524 9.2156180659405
45.047025565825 9.6175316463516
45.288820209114 9.5606651070367
44.34948455272 9.0595080872343
45.568872399099 9.4236378809803
44.629618379397 9.970038917109
45.222350337644 9.0661810775618
45.024047734018 8.6544808110243
45.258282502861 9.0420258313846
44.190910824177 8.7545275612312
45.738170610291 9.0620773060792
45.105777846231 9.9057267763236
44.649530134026 9.5662566697999
44.923934251312 9.4260942370729
44.615857336517 8.9727725081019
45.224782909932 8.8042011150644
45.124152946905 8.6672851118107
45.481749015644 8.7586164028191
44.204917245037 9.3921253713975
44.931664562424 8.7802150847554
45.496630344934 8.8629224889063
44.841118353301 9.5212044993281
44.670800936118 9.1509603521791
44.810378556845 8.5791424001703
44.967871140206 10.028865849987
45.332127461362 9.4230452069212
45.13610410678 10.080643221562
45.200903009996 9.7597630025376
44.968905847319 10.054339916259
44.694220695034 8.7657625687172
45.122324595725 9.3887857025181
45.041137177076 9.5705410470117
45.027231058049 8.8638719806302
44.21699709395 8.8376016078925
45.286396934344 9.5666120461964
44.762337111317 9.5670339525524
44.945205737136 9.153701650679
44.436464348967 9.1542545413618
44.58629271511 9.1794076410958
45.7765428777 9.1708384419655
45.099693789684 9.8434199985319
45.435042982469 9.2403405888171
45.229402270766 9.3524759978766
44.768044853501 8.7274308805947
44.831981945376 8.708707426844
45.154141771728 9.0749092434672
44.872050716508 8.7778385082156
45.119670303084 9.6700210236595
45.048265569214 9.8514764548263
45.619708847499 9.3202721079696
44.954863123065 9.8763669884444
44.938155693464 9.7961553880927
45.063513973783 9.3489780243248
44.597086343398 9.4824361918202
44.794435255881 9.6722105656366
44.812730809398 9.1962480560836
44.825532414844 9.5844763568275
45.055300273541 8.71339043023
44.795672132024 9.7425682774966
44.623397225364 9.4476244304551
44.826196485353 8.6647737034898
45.030748603065 8.8761358461907
45.505007886959 9.6343553735569
45.251250984262 10.017522692598
44.686923272294 9.9732566512088
45.327389569665 9.697051944722
45.278062920937 10.029443539856
44.778649948828 10.012728268845
44.541430325059 10.021002385496
44.654577652644 9.645510400762
44.843487981194 9.3920515397526
44.640991307765 8.7928353489599
45.239486307646 8.6010686639026
45.605445798277 9.0659495570748
45.181622543948 9.5825711553835
45.089523183249 8.9712718093634
45.109572978767 8.9525391661341
45.189124491645 10.03887042284
44.395953334119 9.73916847449
45.069821197598 9.7314268062503
45.098539787204 8.5602292789171
44.750689623247 8.7233568017502
44.568714657623 9.0137466091727
45.130251413086 8.5439609523602
44.686701428956 8.6247489634085
43.913855682834 8.8337131379539
44.589879808107 9.7165530099355
45.270168535095 9.9271348926831
44.76542641121 8.5893589919383
45.732813284028 9.0819298739228
44.27347697745 9.5073389665025
45.562128194311 8.8421470984547
44.596656067549 9.2399034152902
44.706308561681 9.1934510923636
44.693163100115 9.0475068770803
44.829006983633 9.4089167611459
45.438986513011 9.4545201621017
44.80339096226 9.4913810902701
45.309414189125 8.6421381841865
44.727030123594 8.7177943388804
45.164439883185 9.960017519705
45.589733891024 9.1976646071289
44.900524206085 9.664024857487
45.162308379245 9.9587557284923
45.143553382176 8.9166365166715
45.578838696603 9.3046422115549
45.544998468179 8.9047595180127
44.167700005682 9.4791443712889
45.224886095184 8.7420084448261
45.219480120677 8.8137403654953
45.234190862504 8.9411387816729
44.896743486052 8.7449085094221
44.548915090321 10.090146347643
45.236816953326 9.6751098345128
44.900253631408 9.8383085133431
45.246299652777 9.7865541094596
44.941952942657 8.6566929536414
44.667858009563 9.0397038275561
45.310551868456 8.8612692077929
44.812737646917 9.7238275628182
44.76629481698 9.4912055758929
45.15556549151 9.9582503942578
45.08822264529 9.1873713706561
45.248259663723 9.5814842618916
44.922241397494 9.0869398609441
44.618748366052 9.4606160531335
45.492393748088 8.7276828462177
44.508974113299 9.5197459477557
45.045635543182 8.7847678789099
44.138949123138 9.0514229273896
45.08538165539 9.0581652385686
45.053158097019 9.1836342027335
44.54707603464 9.8014472560964
44.847943398125 9.0149460455472
45.039802712502 9.1333415641605
44.660213267994 10.04693107172
45.173267409149 9.2345650363176
45.413317902767 8.7579771342026
45.04638247476 8.5988211128855
44.723208681549 8.9421592810387
45.10946327409 8.8798683057423
45.229141191314 9.2275413649751
45.158065730244 8.8590271402891
45.631382841401 8.9859437036518
45.203734680828 8.8552255601902
45.380293797439 9.7836790579295
45.735499122548 9.2727568879131
45.146402231046 9.1604822112995
44.234332577297 9.087488050916
45.438068843211 9.3432530759569
45.33179893642 9.7249994134181
44.148650551705 9.2013264010899
45.139302026801 8.7069351084795
45.087073828625 9.4859340497693
45.350383598518 9.3119777325154
45.092978930072 9.4321317210012
44.690780088324 8.663005311097
45.260018485908 9.9235649555588
44.81325882923 9.0617797279552
45.045305639086 9.1737312868115
45.167873742628 8.7411829266423
45.391179361123 8.9284948377537
44.506910965574 9.6869861446726
44.404836273615 9.1064536233928
45.01531654723 8.7156891922307
44.717451801064 8.6092812027825
44.78048773279 9.105482244217
44.89877009147 9.3901174243494
44.476306961468 8.667178708742
45.087307827916 9.121947546849
44.849017236337 9.6687064059399
45.324687646315 9.7484479606843
44.735291900549 9.6048074168641
44.983850085195 10.114292084945
44.574851380859 8.8128304785666
44.866836241848 10.100216838953
45.224463300232 9.9088871141216
44.822009054673 9.7261339337198
45.151739812783 9.599047366506
45.679017594214 9.0322992415528
45.290121739397 9.6515920788313
45.153745643049 9.9220852742285
45.038759759694 8.9457934921565
45.453558223065 9.0713668502291
44.932668579737 8.7872508583531
44.761972825423 9.0843772247826
44.696781609809 9.1710099235019
44.620241556095 9.8100787242223
45.26782601847 9.0690798338149
44.631199239859 9.6773409861477
45.366723971566 9.6344407177713
44.81351254688 8.736354657978
44.617152229264 9.1240672872048
44.750904768447 10.015935062068
45.04207024271 10.060004792649
44.784943242948 9.9055749374933
45.092221335083 9.7677368552297
44.554670509631 9.3292646435016
44.503537321742 9.0185384028235
44.768003782147 9.7634493063988
45.554996643569 9.1719055551439
45.434358680802 9.3732712223326
44.440859765441 9.7912592030323
44.798200189438 8.6132926683469
44.735708017061 9.0810496686614
45.048432334812 8.9107106848227
44.915244272801 9.2052134798398
45.331785776132 8.6225435566728
44.767365758434 9.8372645486575
44.864601683765 10.000844363775
45.398969771552 9.0542788293465
44.669464338908 10.078602303042
45.34868839113 9.7921984272274
44.462071024797 8.7562755726983
44.683266535745 10.090341160768
44.754427921334 9.8769348067823
45.059844307557 8.6867492952788
44.70260518778 9.5414546150441
44.703141384431 9.4755713258268
45.033380256909 9.8095984100409
45.383467205976 9.5665179218033
44.858855332208 10.087937511265
44.53670213685 8.6871054283261
44.959173420379 9.9610864509204
44.740724141544 9.4852096790146
44.96949905717 9.0711145081888
45.05102710943 8.9337283686426
45.097386030086 8.5892281993242
45.522982593844 9.6063203252626
44.789864542659 8.8444852556542
44.778196733204 9.6745506694189
45.01425751714 10.104066230428
44.924762539202 9.48136273871
45.230158256264 9.9477139945597
44.94879903635 10.089503075268
44.57360577559 9.5205946506796
44.751398412488 9.6842133674464
45.148753993257 8.7400182472007
45.254680013894 9.5682949074396
44.421693935677 9.326218811039
45.183968543624 9.2433770038412
45.32674867957 9.1135888274357
45.267960278468 9.5260339397593
45.336268229662 9.3537222816859
45.147267036672 8.9283930616143
45.028888840733 9.4289251392842
44.48940770074 9.7792667738065
45.358708337068 9.5268715090266
45.716775359452 9.2202129396727
45.133279691044 8.9894150438692
45.282123153255 9.9439665080718
45.322735287863 8.8751178778149
44.981065461894 9.274356413481
45.259141325417 9.7016182927865
45.377013765477 9.628868714454
45.735558331381 9.0974807084992
45.135805533822 9.9263461052097
44.936636978824 9.484086199563
44.849561228719 8.7065402808141
44.631864240662 9.8598868437367
44.664645111523 8.8658929831655
44.734558217595 9.2714338546463
45.198514360121 8.5803055975937
45.301382981872 9.8428545323843
44.924526031955 9.6831191816311
44.928113287307 9.9760854613856
45.174101438452 9.2530201543392
44.607390778448 8.8740000288347
44.741581002989 9.4813354488841
44.519171846735 8.688413896546
44.756115230015 9.5628851778865
44.978527501819 9.2545430105689
45.608967061436 9.3868857888467
45.086496624645 9.9908407266186
45.276717714258 9.0204782227615
44.997235069888 9.9115264764785
45.254916410106 9.4893795120946
45.153139149401 8.850495993742
44.867518277803 9.0260686787898
44.851104048968 9.7510727733146
44.735908256746 9.842740432938
44.553321788371 9.9611576648248
44.748906162332 9.9073138495498
44.035534920609 9.2611262650747
44.996872670344 9.4684081781276
44.73073703564 8.6210550224762
45.604290495256 9.3490993997986
44.512968451049 9.9690561999423
45.297119042439 8.8455913187683
44.945577889816 9.4502687287961
45.675005605505 8.9669346891422
45.370544653533 9.2026863296972
44.858298839914 9.6538140860427
45.669146247545 9.0155317473298
45.149091420692 9.1921722751074
45.057204380218 9.0376668970276
45.604187561294 9.214031858956
45.119565993533 9.1452421654227
44.943809101427 9.3241560076476
45.186573566516 9.2499638575362
44.699323530425 10.061638320452
45.234552038128 9.4263883860672
45.239440742854 8.7498183839022
45.291041024726 9.3296484615792
44.71990104987 9.5907862232955
45.168652452167 8.9120099466816
45.427267400419 8.8478208917671
44.929823995093 9.9900139517104
44.67724798747 10.013039938367
45.01297124073 8.6615195270238
44.443874749725 8.6634041332259
45.29699098568 9.1225040408422
45.143146720828 9.4905514718455
45.443612963727 9.6617109147886
45.379129997606 9.5479986220101
45.421056435148 9.6634303256909
44.698467008445 9.6038195728552
45.542841117523 9.1397677284851
44.277001021463 9.3861483177129
44.984990305752 10.028555787368
45.191336211397 9.9510964198741
45.235741046318 9.6001333018323
45.572910438305 9.156513265244
45.595539831789 9.0508668113061
45.116817350579 9.7158936122972
44.84197158445 8.9767442644465
44.638751186753 9.0189293294302
45.691547036467 9.2536530734267
44.994169075479 9.0857406542315
44.759587811685 9.6651031049271
44.27007959605 9.6643674297791
44.753938994281 9.767856301818
45.63621506448 9.1980403287072
45.419649273169 9.6606444251285
44.556726591201 9.6004844486506
44.442624389263 8.6378604440428
44.968614439957 8.6034411471353
44.904857960436 9.1589250237978
44.659806030409 9.8935440683219
45.09427244456 8.7425702242844
45.019894946867 8.5618085935534
45.101690388306 9.2672395550703
45.323725685602 9.3767554726088
45.121981797422 8.5418060001158
45.069477807393 9.315117612395
44.444770128489 9.2677821985972
44.537077022061 9.0304863678433
44.891131605693 9.409825068321
44.643249925342 10.105079233251
45.420808749749 9.6666373665034
44.71349511797 9.7994413008911
45.22917879842 9.1573841042618
45.207385513588 9.0814597245685
45.487524017013 9.5908922529737
45.117782696017 9.7398354625026
44.815067575155 9.9479922569115
44.588621025339 9.3258326246501
45.426048852262 9.2795409800855
45.426578803 9.437665519995
45.139472019714 9.6972612883185
45.440723344679 9.7284058258303
45.041151543193 9.49823904219
44.644078191763 9.7563258369483
44.79716385705 9.0891016679322
44.555945269997 9.4522853399615
44.91982639475 9.6644808980005
44.804146759258 9.9543877381875
44.473384874909 8.9787566787674
44.626299624579 9.4068380242478
44.991831884276 9.4314300994535
45.117795295577 9.5758634470035
44.944044026941 9.2310369048645
44.828388681553 9.165484051672
45.043941262944 9.4086200265254
44.474909715601 8.6586552937788
45.485531447078 8.9357737491982
45.406853452046 9.2483107848341
44.850576616314 9.4214264949883
45.454191676077 9.5406981912774
45.11914442674 9.1019859446687
45.04990571975 9.1046067925657
45.322149490182 8.9460398277016
45.363312975954 9.2439601359372
44.752975567876 9.5017751948661
44.814558064616 9.8810017078816
44.529953363945 9.663826880636
45.166980768443 8.5857824733392
45.508679601412 9.0548782615224
44.576410881538 8.7803496113887
44.767807615648 9.6608718750328
44.644660379081 8.9236822832696
44.992156210049 8.6361761931754
44.757440932403 9.8248355690738
45.547934304037 9.1685217472345
45.529205207519 9.257805916787
45.479066865716 9.1724352046696
44.84247911251 9.8246595655683
44.637194337576 9.6402026916343
44.524807745861 9.2191549463287
45.164995169784 9.8564710755374
45.454020997746 9.5186727232852
45.042902781739 9.0705113029879
45.410397097541 9.6916894304085
45.261795409704 8.7933252818619
44.478978935598 9.9761041168733
45.649480021673 9.2825087716233
44.621974317924 9.7979009342347
45.560958934741 8.8447732304454
45.674407881065 9.2064103032515
44.830895987701 9.0061525615637
44.898896898121 9.7861077413829
44.95362607297 8.9066608922121
45.033227581991 9.6784406963891
44.993084638402 9.0023400282498
45.001299792364 10.020173581885
44.916788405653 9.3160268914938
44.294941052748 9.0763384458243
44.732041626227 9.4217487817521
44.987116223798 9.899054091216
44.994279368012 9.9535956631198
44.698382178672 10.090692251218
45.621573169956 9.4301243783603
45.320811498056 9.8037668298947
45.190483368116 10.069333620122
44.707068219596 9.968127263092
45.69329854208 9.2863256934711
45.194591052062 8.5926840464573
45.445209565479 9.6256361527465
44.885086666299 8.941096706009
45.354099719976 9.3373595167591
45.272062396317 9.76505172726
45.327944140869 8.5415905750993
45.213864894709 8.8769764119186
44.520459725789 9.1285402912314
45.254086377243 9.1709354806556
45.156276680998 9.6777193501721
45.041428643114 9.112216269205
45.777237024984 9.1941530280742
45.09523474765 9.2023676101595
44.702732239663 9.9793817958256
45.30712203316 9.4013627332642
45.430430947328 9.2238355174539
44.958890647864 8.830736826328
45.089509598743 9.1571973323157
45.561985631991 9.0188715758356
45.056169352336 9.6042198639593
45.481096497521 9.4219166463343
45.277077679603 9.8203381991597
45.176453697137 9.8724893346766
45.13701124179 9.7572362633246
44.878046926382 9.8552640441364
45.431923432502 9.7632646370508
44.702637712614 9.5640581839761
44.745479435963 9.3063719187683
45.258210390924 9.5456880132438
45.519883291668 8.9935290676046
45.424761652308 8.7568449658606
45.261421225251 8.561681564926
45.342722482811 9.338564667382
45.011012867981 9.733350686933
44.497712954042 9.7484924749674
44.813374865038 9.7319587269248
45.182365615888 9.2320717414547
44.870989476296 9.7151886150777
44.720323924611 9.6401647988218
45.194449818108 10.111813619482
45.183588352165 8.9831245347779
44.873795942272 9.8230924829948
44.986652325858 8.9149110640003
45.235178233259 9.9089726145887
45.611286687947 9.4632306314391
44.999304574357 10.08984284908
44.858153410164 9.1579574276708
44.654291843809 10.026410672754
45.529869400607 9.0259548996929
44.987892049385 9.1267555814827
45.353390900839 8.7087846536463
44.877827297769 8.866410240981
45.264328975379 9.7701716055955
44.921224158314 9.6211765324818
44.888580381634 9.8336930702807
44.77654964143 9.5844656624759
44.26514303166 9.5029520069007
44.750986018593 9.0893808181814
45.252652707956 9.2819800492991
44.624165676315 9.9740008725897
44.097292345484 9.2919478399409
45.020579374221 10.132316050202
45.459153161572 9.3806961591941
45.058235744603 8.8009870007173
45.373138973689 8.9960270157997
44.962440062788 9.5246818596146
44.276270091059 9.4450909812446
44.621427686106 9.0598830504854
44.684393128724 9.4579748729514
45.264995530369 9.4998151731234
45.360137614587 9.4297194970933
44.443657316895 9.7475826557714
45.35491827426 8.9712818017119
45.550275172412 9.0706008471389
45.152166664697 8.9914267460776
44.893163014947 9.7365762066965
44.322634067981 8.8472969549718
44.689628586054 9.3451517544431
44.507976256107 8.9217222478807
44.752107333302 9.6590814967915
45.02359380786 8.7501366407145
44.439008881964 9.5623789479082
44.966874647637 8.7735649656404
45.500894195328 9.4436375255434
44.678683522988 9.8600909656426
45.36802206115 9.5474551324488
45.44458104921 9.4486552378134
45.412491713403 8.9455105240203
45.038396313667 8.9554593645062
44.594475657982 9.0044714316746
44.595866342844 9.0572407177916
45.189611217188 9.9052055325872
45.6353501334 8.9907397177004
44.893222634908 9.9169373084381
45.355193185597 9.5804228087773
45.213109298986 9.8298416207661
44.807925191178 9.3568170986868
44.934359145295 8.8024741751829
44.602247442839 9.649337576234
44.207848914786 8.7413963972085
45.452045151054 9.2050484906696
45.463306474927 9.3100102655403
44.552477941596 9.6890586073227
45.13125977529 9.3161508309009
44.645716626523 10.047676781867
45.121438497597 9.5384792644477
44.713967472673 9.1128686352227
44.862540413955 9.2128183927447
44.595139479006 9.8220178888049
44.837061994193 8.729833632768
44.698121822555 8.6584655938709
45.25993626626 9.1557666795565
44.780835257879 8.6222076228248
45.206441451917 9.0259031594851
44.782392036094 9.6970301988055
44.652810593533 10.091991364789
44.442810772614 9.5541596434099
44.581496903899 10.08661317366
45.45442684151 9.6755562671324
44.876124267502 9.734217634955
45.140931405148 9.7696114611926
45.049499817309 9.8969600399499
44.830007296118 9.4345551208521
45.049888567116 9.4898194609628
45.135366873669 9.5460427808091
45.042044995649 9.0568454723116
44.49298031933 9.4533420623528
44.98882367487 8.7760285659349
45.093911866142 10.110678384689
45.519059012911 8.9904966579706
44.544666956644 9.874828133094
45.469362725748 9.0813512725203
44.442630405234 9.8748678648495
45.258180665301 9.4095096281075
45.171657862457 10.018014671848
45.33656066204 9.6315453180746
45.700815828869 9.2546084796333
45.265410468199 8.5917235733437
44.119431306896 9.2293252254019
44.459270334367 9.3330282142284
45.101432147015 9.059704566777
45.084260398699 8.6282468858562
45.452592588266 9.625572851729
45.180735095514 8.6000035731122
44.923542005256 9.371654742312
44.280557514744 8.994427158008
44.617954393087 9.2827570954746
45.544468719861 9.0428030074308
44.524845600189 9.0748267832771
45.112503550769 9.6248690932151
44.482812230726 9.8138297643577
44.675659382192 9.292755369515
44.917222133331 9.5760280244895
44.597432776495 8.9928971955752
44.670572396962 9.5873094823362
44.853013310073 8.6548575395974
45.186095161727 9.978398424654
45.03371179108 9.328804220878
45.344022859442 9.8907690691253
45.514044574727 9.5180555552306
44.603899699356 9.3951053908538
44.502644347473 9.9307682731076
45.55247529345 8.8247291092876
44.932585463337 9.0552354526708
44.782681577321 8.6164472892236
45.660995611323 9.3880702586789
44.590390261046 9.0287569851493
45.303278320424 9.455250663683
45.292591180814 9.1473932413139
44.799633153111 9.7746177384745
44.810895326997 9.1148304239473
44.611042949681 8.8525755425229
44.159731030029 9.3279426914537
44.590739703572 10.047560164913
45.521077351913 9.1784583253686
45.623780479896 8.9783553344585
44.461870440448 9.14633222709
45.166741340732 10.091542977671
44.700521171841 9.3628633280345
44.887772212612 8.8211323376843
44.971579606191 8.673959827085
44.630662686976 9.0303677951127
45.171686575388 9.7756519807389
45.097552047671 9.33526610964
45.082036920421 9.014889103088
44.83814325458 9.1563136047923
45.044589819875 10.019457159175
44.942984164226 9.0844439675493
44.549930822314 10.082545916917
44.895896445937 9.2640607578978
45.192975140711 9.7816159974954
44.223054499285 9.1654217868161
45.006937025048 8.8888692755223
45.339703886418 9.9105790608402
44.345187202678 9.7801894931263
45.421772612015 9.0920453739781
44.932862854138 9.2195442457332
44.017809788986 8.8535820170765
44.272824271106 9.2943798848169
45.11259445323 8.703937905889
45.340999018231 9.4247147976791
45.343758813661 8.8349516321602
45.074172997046 9.4487028056517
44.884591441804 10.113177946519
45.179228456218 9.7602756898665
45.080826385941 8.9862187636952
44.230772203363 9.2009659801847
45.705834206962 9.3060388966236
45.136583304862 9.0247663792315
44.546779828892 9.5938717597136
45.717707910935 9.0577377376415
44.793685196293 9.3578607409298
44.485732214214 9.1656465443622
43.855200815275 8.9316098720681
45.656452423242 9.1534560832654
45.259034720182 10.042071272264
44.537832060104 9.7103397500517
44.179881271946 9.0916916632776
44.812784169082 9.5301695172327
44.432484321449 9.9314340681427
45.260830698286 9.9035980432334
44.708551751735 9.3074666170205
45.112779410634 8.5926238545182
44.379246319218 9.7549536239379
44.988626217415 9.4073513928392
45.331155769241 9.5341426613434
45.352366895835 8.640373034212
44.815702589634 8.6085528084117
44.787062595963 8.848128179858
44.858728397968 9.7274217615986
45.597812963858 9.3787383358594
44.752356267978 9.9829964254926
44.610876712464 8.6550724613992
44.107414992066 9.178053876957
44.618569907715 9.9025880774983
44.338488500469 9.621360158723
44.68450639571 9.0620752826622
45.444638062757 9.0993752966376
45.279870010603 9.9756847863904
45.404921600762 9.444051517336
44.770391781705 9.439728597293
44.782276560032 10.018114951355
45.367470323719 8.6343339523205
45.107610077719 10.026291367426
45.212245668055 10.075340282046
44.954282599901 9.7847847006446
45.447000235481 9.1037756239059
45.713635215659 9.2116895534153
44.300253849034 9.5858767753657
45.012653042594 9.5510192573774
44.798571202647 9.445299237706
44.37255629989 9.7111671186314
45.424878146327 9.079922978105
44.918235306616 10.031484394535
45.365389386644 9.6174380453595
45.394231411321 9.4485420031909
44.86534280973 9.3760412278218
45.292758337687 9.4598514034203
45.615528095332 9.070477804111
45.219417996269 9.1394557293222
44.949154355565 9.980610644622
44.655635377372 9.2404726382091
45.118779719187 8.7535854232049
44.947129166616 9.633243231421
45.067501058859 9.4993386063256
44.494952365081 9.3389741944796
44.815277029465 9.1019977379833
45.580649455323 9.0509869162441
45.518181839242 9.4577693996499
45.039492670905 9.4774008948927
44.441568727301 9.6134158427191
