42.091640817531 13.074424220305
42.259224639416 13.259060653534
43.292664813966 13.040292097295
50.107964751827 9.844562811239
43.752319563086 11.914746437669
37.792770145747 -122.99636993387
43.443320549321 13.39776043987
43.195503202379 13.613914099363
42.742783164972 13.346417468224
42.288653700582 15.161830623339
50.715631412675 9.5122854237036
51.853348415509 -0.78479984025228
40.545812254751 -112.37453610733
46.041646921258 7.6641909303698
50.931456025658 9.2197280825208
42.563812989094 13.341297829238
33.828093236074 -83.72878134949
42.345505370475 12.397278804538
43.590701435989 12.609441052496
42.452665280317 13.053843833087
43.741531203867 12.371334388115
42.254671569122 12.924071954083
43.79533266455 12.368531765609
26.00843001016 -80.458282008325
43.48010444293 12.904373823642
50.009503635117 9.3040271463357
43.07098909566 12.352165713626
41.891011770319 13.142140275886
42.888438334658 13.645149660618
42.799619564249 13.308609734454
42.241266354121 13.369487589418
42.91746876713 12.380207363248
45.613547889801 2.0549071613024
51.057045586899 9.3637619239109
41.957399513574 12.830786731502
42.781235375826 12.155771826953
25.32296014963 -80.993548780952
42.306784702163 11.974522668877
42.404366038018 13.548818702155
43.642056048236 12.939131497398
51.579578673737 8.8210716684447
42.824062183904 13.23521363236
43.210755170442 13.09026864969
43.514264659751 13.656638801425
41.889512564491 11.984777037534
42.938136546399 13.381682670874
53.002405280947 6.5844025788058
42.618900609512 13.046879264569
41.892962996819 12.950742500832
43.371877959192 12.962043946147
40.874719446301 16.7092766319
46.185510362119 7.7316972067262
42.075691174772 13.384175328738
43.633420288879 12.002327318325
52.668238254342 6.5366775741739
42.185822122838 13.406670801086
42.027133601286 13.045576076997
44.489722029858 10.133555034333
43.013148214695 13.061520623558
42.255205313349 12.276062260066
42.215576515654 12.886966161398
43.137144261125 12.51489132762
42.818872560684 12.319974604698
50.21453457522 9.4457582572688
42.495445775586 13.000486859142
42.199964443336 12.764027991243
42.83502275398 13.192785423825
42.226337853946 13.17361079446
42.237526257188 12.484917492387
42.463903334694 12.845254781139
43.415794885466 12.019982691419
42.438389582319 12.26615068005
26.527226730944 -79.574551915827
33.341505914276 -118.58316605072
42.513064336292 11.988586865381
51.293338303358 -0.34771538454001
42.112050007636 13.017494696687
41.55138885088 -71.423643043202
50.33852192589 8.3077740060667
43.020122852207 13.529305916081
40.036991398565 -73.998032418331
43.27358213501 13.550472273769
42.125847923649 12.41048004546
43.170701491281 12.570644088376
43.165523149171 12.047600294972
43.162147875972 13.481538914855
43.765876079821 12.474282901045
43.255970800901 13.562932743043
42.971447562341 12.762310695745
45.019894946867 8.5618085935534
43.602681282278 13.120731029271
43.762256274841 12.78735573582
42.567444531067 12.048325154043
43.107803022095 13.350693963652
43.734089750228 13.825622558068
34.014996049041 -84.929978272286
33.723742142042 -118.70596452579
41.859642031558 12.909730601103
43.4672492554 13.605868192693
42.110358869264 13.750391928384
42.840183058235 13.421980116734
43.242994263902 12.623611844456
43.243771528028 12.920520779195
43.2179554893 12.952464163302
46.779175242772 2.7166397146492
43.764457163778 13.529603845242
50.935663009498 8.5880683947299
53.627049001691 -8.8879853132591
42.362104501765 13.524952795622
42.000344866442 12.075742242448
41.459782853306 16.134927534657
42.54078678814 13.189138489419
42.376569002132 12.484455337995
26.646220863615 -79.318761755205
51.077263534105 8.9650588575588
43.276129031238 13.696622693791
41.937357690177 12.776452385737
42.281321238413 12.955379136838
42.257212515596 13.436240639296
42.615928166388 13.658413257777
43.777190395082 12.453667430905
43.31690534873 12.532983443038
42.081448532234 12.265140582486
42.404654207383 12.835541973301
41.866968123667 13.217108770861
42.71584558988 12.088601074709
43.421003556562 13.311253067738
42.013804848799 13.723103028149
43.528461397427 11.999939995839
47.790059145442 7.1664766963415
43.784784286669 12.036773406473
42.713168257735 12.024151660534
42.209149506993 11.907611825016
51.430297587034 -0.58834990519022
43.574704713011 13.750875412391
42.924863042296 12.661570034319
25.205674225078 -80.735741745833
43.436719049458 13.08037878346
41.952951492741 13.628121775888
42.888019308882 13.234951244332
43.087118987987 12.000766783974
43.330994972203 13.032382339741
42.543939851499 11.834722686969
42.282492022648 13.386918062545
41.887178402828 13.57868690585
41.284273600639 15.849501643355
42.426261864356 13.551721840443
43.674009920433 12.944311008784
50.055198262937 9.9325052546023
41.845708324057 12.261094228041
52.413228985813 -0.29156930577083
43.711672320849 12.879741738981
42.590176909526 13.352458972669
42.908560305812 13.457428055584
43.740219564543 13.650495840095
43.24584150747 12.787949175496
42.75491682291 12.367480606498
43.053086412185 13.342062797112
43.809611703202 12.369834139671
53.187137575674 4.9641173850811
42.829583836661 12.99779772388
40.965901894691 -79.038827307783
41.846804067442 13.020066180762
43.25619193134 12.228060559031
41.946570219934 12.413394267884
43.069205910486 13.63849258315
43.251508316163 13.075386720766
42.105441212259 12.529196807916
53.405505679969 6.1702834732925
53.26888312994 6.3316579617474
43.392860783002 12.32408439618
42.468381635618 13.676734476221
