42.430063956638 12.078959730046
43.798000465074 12.751067853903
42.787543289285 13.085812714943
41.853086194907 12.166530849511
51.542477963978 -0.58161833355744
46.351075521859 8.4532811058933
44.141476120635 11.678957001224
43.040465609676 13.010765571173
43.612320295841 12.877086228655
43.759513225781 12.253694642474
42.578340806823 12.255777495122
42.301830609491 12.413278143135
42.763084649485 13.453734306385
42.107217308205 12.992748180422
42.897530075136 12.365988277556
50.391021312862 8.715050893703
43.719153272344 12.150487115698
27.003991668097 -79.237663960005
45.487395295982 9.4145834166647
42.149341512096 12.6570445186
43.3193213336 12.605213711341
43.761052318293 12.713230764846
43.604157459759 11.944423328149
43.269546192286 13.624563086624
43.239470141141 12.078128174005
51.460563886194 9.4330072926511
43.656164742401 12.830127104593
43.298102381333 12.430372582039
43.11417166477 12.390249887218
41.990414415503 12.47391312547
42.59629156936 12.373236978156
42.04504995937 13.334517975515
42.010842053246 12.531857728761
42.719227711095 13.045825701715
26.976895474801 -79.186020623789
41.356413352609 11.908416258871
55.977432110802 9.8793922424686
51.718559626824 9.5085929434321
42.034264690745 13.774806019766
42.772412382447 11.903980830661
43.174876669524 13.609746634334
46.568478636031 13.105592704681
42.8799471459 12.986611136716
42.003571434435 12.672861817627
43.237525595484 12.096879459052
51.487249231891 0.26643019549383
42.016233532252 13.759850632309
43.893769857771 11.697605377879
43.178512517001 13.531158789329
40.747461727854 -75.274230290463
43.049017815895 13.591835646721
42.826624288164 12.470159755328
42.815372504229 12.001425090268
42.334159812135 11.980305656803
43.63854025243 12.023257256052
42.142216395208 13.17665481438
41.987853792046 12.72530603305
43.139700033788 11.995423322562
42.722428788323 12.958766871599
42.367991709343 13.098475374348
43.683050739452 12.118573749048
42.593517655804 12.4507621543
42.164860185799 11.875406914819
34.687349933242 -117.61655857666
42.853390006767 13.497186883605
43.512597073129 11.956147513353
43.142855463171 13.371939409253
42.444979822026 11.868277246558
42.570181508835 13.141617749905
42.836747765486 13.247467765721
43.40198914355 12.405424967618
43.503241425635 12.811510680642
45.849604161666 11.851223946827
41.866653739434 12.684893192598
42.447013963709 13.119905994351
51.963930158859 9.6423299576353
42.044024379965 12.534408693006
42.68495098908 12.03468041731
52.486475044855 0.79774123089749
29.911499798197 -97.372466059078
43.782547268471 12.309501651374
47.40929155583 8.1466618520891
42.128630994434 12.02355870468
42.646756287986 13.333741283221
51.830086280745 5.0950674108905
43.16595899277 13.647954699906
51.29288991368 9.2964725733253
50.695456048332 8.4211098977463
42.535197879458 13.560833703543
42.914611826166 13.176291886355
43.341690332343 13.551149065884
43.295106821852 11.840785578306
42.275943282675 12.325234689922
43.660216586993 12.020290616465
41.957224098967 13.120606799221
51.28650082731 -1.0969275311599
43.241515137854 12.122332009565
43.327786927751 12.789662688428
47.010220366069 8.450273594563
50.723083163948 8.7840046280921
42.031641022804 13.029936451034
42.900096102127 13.413712428165
33.810066541395 -83.643040562112
42.371802516941 13.27315091636
41.209723238916 -74.23018007508
42.676517518108 13.444693337423
42.313499501142 12.48806186278
42.187067034762 12.065809207554
