43.761402856003 12.486299081022
43.745335125732 12.595283203125
42.4467715139 12.476532749143
43.239197408913 12.182190168755
42.465450424473 13.274817332774
43.530440212495 12.945854109242
43.028311179985 12.209248205765
43.028916753863 13.089320456206
43.887924489841 8.052804801009
43.391550751141 11.900409497761
42.379906043608 12.106433997933
45.357285784843 8.4459549234485
42.617414126947 13.579576515418
42.140594129071 12.458989904497
47.449082647194 7.4123727057187
43.607300390793 12.948705641084
42.873805809728 12.144354171674
43.617848617799 12.998703923562
42.525783164693 12.208128321102
46.995154459958 1.1297615315438
42.476166005955 13.727600489637
50.896326620549 9.6750600424945
43.044383017388 13.729627339064
43.398226598018 13.275289308429
43.227706743997 13.051122238904
42.569221662178 12.601483207963
42.26068141931 12.995717902687
40.07056276997 8.7155257601681
53.073390998679 5.876189320407
43.533713214369 12.701543831614
43.822932418374 13.632069460432
42.631712346187 12.127214727538
42.742667237244 11.439764704925
42.803166798245 12.164469928578
43.652812472404 12.132391410497
43.193129305839 12.069012100396
42.207050373895 12.903420499502
42.204724681214 13.522531483121
43.397922071835 12.500933737283
42.701386388273 13.152315777818
43.547755164836 12.246914781766
42.719595233335 13.109609284045
42.60289288808 13.144180953125
43.693875823048 11.934323887797
44.693911874801 9.5064200603876
51.184144731231 9.8065433873825
38.239748430933 -122.40174184401
42.251158605468 12.459566779204
41.852316395332 13.826857839186
42.560124160072 13.237631549259
43.276546982267 12.148993924351
42.898145906135 12.351160186062
43.841304650063 11.353044596083
42.671917637213 12.945857729759
42.835675319136 13.697568977132
43.736422596863 13.25977278515
53.498614570125 5.3988300904859
43.232829736209 13.551966384331
41.996256431118 12.289589040603
50.934531373407 9.598543483577
51.003665680999 9.1528851232272
51.486755217652 8.6916489287706
43.124717387916 13.047661549455
42.55096159065 13.316821339243
45.229396883808 7.9234311115571
42.616527092486 12.806691872353
43.106015561685 12.640280681981
43.69773788226 12.869639183355
42.907968896885 13.073436920586
43.41548255899 13.147505076692
51.485263646341 8.6692950081403
42.647515404361 13.746888175044
42.101928676547 12.129462844773
42.084912170251 13.390245003828
43.786088440954 12.730410247937
42.442843467224 12.513825274333
43.668064930343 12.278283733559
43.620623810992 12.279579435161
42.625032535601 11.968463246717
43.743441687798 11.947172411248
42.032678067255 13.640381246659
42.365100871963 12.559349357898
52.024055274913 6.4791548879487
43.364671305478 13.6597785329
46.801259458904 1.8325410717318
43.383059411509 12.177191380049
42.397941034494 12.647475028733
51.388580321515 8.9234799141639
43.158933952546 13.661518579212
46.014615717816 2.5295163809925
43.09038204287 12.906342748996
42.376869680556 12.697334956723
43.572978160632 12.228947895241
43.105854732986 12.766936204309
43.358676159942 12.234901533593
41.557768240814 2.6808288216701
41.946032255884 13.782176099637
43.690303168136 12.520196074417
43.659365147215 12.68363435321
43.020602549923 12.405602918216
42.414292071229 12.820614300606
43.291781855904 13.241757890343
41.918611615879 12.771405214358
43.58361634362 13.826026095949
51.292004384236 8.8537277601909
44.48288554476 11.863777122888
43.593497364148 12.106493972312
42.863020963924 12.14833058193
26.230724794881 -79.79304408719
52.095984553264 -0.046471623311034
42.881368749741 12.781162447215
43.262379811754 13.499443023253
42.88285592195 12.441000956337
43.673647402189 13.513165977578
43.602083134766 13.253407674515
42.033625934775 12.140117812522
46.832625917081 1.7486682151205
42.537448403697 12.500501845752
42.524082393651 13.182054440131
44.815067575155 9.9479922569115
43.323645281583 -84.33250678695
42.620766595316 13.242214460525
41.051206588455 -74.143616446492
50.622081636277 -0.28080987801119
41.995359706711 11.839423957227
42.130614768796 13.486403465519
42.099902835742 12.243657525763
42.122744657643 12.572745111127
50.674425775732 -0.69805350192266
48.016868761537 13.456987033133
43.055999242748 12.880572066608
42.617706758279 12.195386201255
42.734231222784 13.345561666596
42.897315555416 10.006149690487
41.852145365857 13.420300425713
42.419943394356 12.728205495874
43.494750189846 12.911234192996
43.661916795516 13.472244067824
42.244532779925 12.926929688068
42.359077821674 11.929314812168
46.39652103656 12.161130762918
43.372645991583 13.102926631527
49.718465335652 15.336294068879
43.303756769443 12.74105982845
41.940448831294 12.633259648307
43.19182849733 12.276367450283
42.28701310108 12.035572226197
43.748969784376 12.489844177633
42.243635214534 12.732259841998
52.335124542394 -0.071174503854087
42.088703050806 13.461488556353
51.601756354608 9.1053569126433
43.312915886453 11.883031331901
42.09180397512 11.852061211805
43.163160428502 12.157011058741
37.347014772634 14.906607213713
50.191405059859 9.0565030891711
42.884621304427 12.586237754501
43.020662361787 12.034404869228
47.308419063831 7.1480073855016
43.755346421525 12.323441186626
50.554746229926 9.5699717288697
42.478794066479 13.676514503882
34.556301699558 -111.65190604779
43.374261148004 11.851667457212
44.780835257879 8.6222076228248
43.833219406138 12.604445090354
42.112618147003 11.95828513615
42.51977911059 12.530623287696
45.095126387707 1.0541415941222
38.033671904359 -122.6892047188
43.673402408938 12.682994116902
43.125079397191 11.95859585982
36.927626449389 -122.2425422418
43.375847973126 12.030229964329
42.128985945682 13.700953590565
-35.579686408002 148.41618061511
42.301945646574 13.083690013121
43.009586572673 12.322261977181
41.607083434196 13.345076947445
43.463665263964 13.73254366069
42.758675309272 12.928132913529
43.274307990064 9.2878522939691
38.795868590553 -77.393989524015
43.580113753968 12.724690917306
43.787121122625 12.718392156886
43.720164654667 12.989701306929
43.70917452581 12.06247571302
42.080209661799 12.030523943284
25.71582224112 -79.42181915092
44.982473072008 8.3929371758564
43.027717121911 11.911716087236
45.342631257506 13.057661429847
42.361708216559 13.287267240385
43.154702849314 13.722447438523
43.226106713187 12.949550793969
42.79044698823 13.003328932937
56.288364022173 10.966004036817
46.248580976505 7.2349421322508
43.402816665102 12.049031416464
43.015582987136 12.65370922056
43.389658967235 13.636524778643
50.770475509702 -0.17839867961052
43.474159025363 12.069910434128
47.939942423692 7.8219539755126
42.295962190414 13.393123277667
43.755485618185 12.062388071608
43.126722343812 13.463668647459
51.643938744275 8.870208535283
42.7029373463 12.897472224172
