42.229133096651 13.294287861017
42.809064363993 13.149093193558
43.087581216885 12.77766002101
42.911513065433 12.699942762845
42.548238197152 12.09347727715
43.121486217792 12.204018244636
43.009225860263 13.016735410812
46.964528923372 2.7972226020867
42.832288727226 12.120279226785
43.592359928711 13.201880614388
51.49349773768 -0.29781267810976
42.074023131337 12.297668188039
46.206557346345 14.120261679767
42.373535427925 11.855169486208
42.919201077411 13.064366334635
43.072362451403 12.346644387297
45.12927573099 11.940555376972
42.959192479031 12.471707194353
43.667106301855 13.567671006831
43.338309730116 12.571359234683
52.224193584977 0.11052649188812
41.426759514991 14.985238281633
43.057429819881 13.51257600149
41.869029332844 12.024919386054
42.089797641679 12.034525380507
43.707512625844 12.669193223451
42.616041687159 12.816331435862
53.264324296622 5.7549806013727
43.102936753141 11.850306760937
39.055198565405 15.198820498629
41.882072929259 13.496403317219
42.761178076177 13.223551456942
42.150663067678 12.399012799116
42.831143549611 -70.343417327332
51.257130862333 9.3632138904013
43.631985149196 13.225020520049
44.160180356591 7.3296776701624
43.745600496163 11.333463119217
44.118657659191 8.5175569635665
43.449042871825 12.871909823696
46.342011918336 11.617829369108
42.907067398053 12.966330005327
42.70822293067 13.136368858247
43.030715256965 11.965796871116
46.696586153329 2.1114743613226
-34.32969768527 148.15188818905
26.456780587519 -80.819503109162
42.039338361046 12.173193577779
43.388112831597 13.587015235625
39.883366269921 -74.273236248351
42.501041679897 12.129999629769
43.430829853041 12.856008202723
43.256572483714 13.065143680717
33.648023416436 -118.50700771112
43.041525854304 12.876001644377
42.340103424334 13.350614716483
-38.957063950113 145.66697601323
43.137577084444 12.640030229318
42.236818252728 12.917833445576
43.481401470735 13.156427239162
42.225803078278 12.603254254278
50.120420571938 8.0430086553297
44.571715680755 10.379818331976
42.453621104592 12.312841228376
43.353965564817 12.900638519295
42.828049191215 12.31421516573
43.639490077125 12.056034631143
43.719592501765 12.956325468142
43.164681623322 12.271434463708
47.694327274661 8.7972817354823
46.096565507863 1.1215931964673
45.107024240357 2.0560225728229
25.210810515645 -80.778743807864
42.355614549667 13.359798120989
51.573335965198 6.7199956974806
40.157944585461 -110.9128304164
47.905570598275 7.7651336997585
51.369868483334 -0.70303611774604
42.800149470496 12.757074603719
42.230204576289 11.849762742359
42.564761174195 12.147972743582
42.909727033672 13.200216614755
44.847599849381 10.502173804262
41.902552417921 12.82931323949
41.972385623035 12.834229931645
42.974763586195 12.098399877615
42.147805609364 12.150429421661
42.024145892854 11.937719020519
41.941873465193 13.218126488041
45.153302838166 1.3833248668273
46.74240203376 1.6554247241725
40.197509698595 -74.763102035892
28.471370700444 -81.059246245581
43.304755170527 13.520208527132
43.489667578384 12.972764458516
43.1487582406 12.770698814567
42.559415379355 13.247275321881
43.069612964576 12.322904373225
42.07147185603 12.170158069681
43.073425191975 12.438863866722
41.871054681445 11.875282637738
43.484373240978 11.970742634505
51.018966967714 9.9279197044335
42.435536866884 11.661431477059
43.234178639147 12.421443263286
42.885337250275 13.061952177019
46.1858224824 9.5358768488215
42.513604462873 13.287554630233
43.673171142916 12.610097538985
43.121558073054 11.871005448939
43.030122643372 13.028554067516
41.932411164966 13.83079702541
43.541682910913 12.685795687014
45.552857118916 2.672733510692
42.550082877555 12.649721166908
42.541145481442 13.20938526618
43.213851920915 12.21532811516
43.23306319829 13.811278689586
43.819718411129 13.135247259019
42.163140734289 12.381915002329
42.712155926394 13.190048997866
43.785519758161 12.544188843849
45.741389668009 9.9686766088096
41.990611291507 12.072286598439
43.638829598522 13.752610110584
42.942637095688 12.503955120011
42.301956435827 12.239012308085
42.523188754715 13.062835286887
46.087438741274 2.2135961890284
41.869328333025 13.490989463188
43.593208010606 13.346234050762
42.414220041344 13.505669048778
52.554218291563 -7.909636625978
43.127736411138 12.282456496417
43.233072152491 12.515193105471
43.545363020892 12.963592840363
41.894985019201 11.991800044215
45.567970159751 9.8496678557478
39.444823690425 -89.647030543816
44.841281216914 8.4933637840665
42.687759502666 13.057172357152
42.972333745573 11.933055809223
42.268344308396 12.173383082831
42.427218057435 13.673708569593
52.592550998573 5.6339333806368
43.437012681962 12.67161399206
42.665086056437 13.426671983894
43.609391056772 13.34153615841
42.57203329197 13.239491312431
43.434352307338 12.655970384693
43.832268099243 12.256447374961
43.396078092717 11.961268683433
34.704659760172 -118.20759089186
42.710116892939 13.672930200919
41.837748790571 13.609027691956
40.018510903517 -77.198538441977
41.959653739473 13.394629213023
44.224021547953 10.964416235154
42.123569293492 12.87713446092
42.376757954909 13.69923644501
42.893253071671 11.984836690142
42.014231186853 11.891582600277
42.582324696531 12.493114674715
41.982927340562 13.550972102488
43.806378001278 13.540731931844
43.026367233634 13.727733849442
42.648375478896 12.978338899567
51.795129262281 8.6499384192982
51.256718995635 8.7850296128472
42.135295285462 13.375693049943
33.143423428539 -118.33749067549
42.25787894861 12.062011605644
34.787608479239 -116.87175102703
42.460052672078 13.72679083644
25.047590763313 -80.960396469828
42.588051268451 13.844673351589
42.38020384704 13.461590379247
47.11940358771 7.8301711295872
51.136844624829 8.5271334361877
44.227655592178 7.3033761599838
51.293192289906 9.0961277620383
50.181529259859 8.8795598521268
42.837814675243 11.578305485739
42.062953933658 13.739397753395
43.515803932939 13.233764478601
43.355804839358 13.434699855037
42.133635073983 12.640209246746
41.936102201688 13.313809718638
42.426137048505 12.940455734723
42.058963324457 12.599582161123
43.121492319818 13.133757583415
42.621887221777 12.663072348902
42.40406736054 13.543822669698
43.498257979538 11.988768599012
43.374554369328 13.581672836853
41.516167358875 11.607287583036
43.756815241092 12.150585994216
44.237590038957 7.702434666528
42.467605747056 12.674959075041
46.336708157478 8.734524111049
42.47915699823 13.439813601545
42.840855359047 13.761300753712
45.820826877291 2.451397856442
42.041296220425 13.677754335908
43.158801418358 12.632653788048
43.387333701566 12.029034477693
42.157540930064 12.289052814401
43.440485266729 12.424875983722
41.43530522419 -70.391037654985
43.633001908044 12.232689156326
43.488239565647 11.94724017195
51.247022383496 9.2865241832503
43.605283690454 13.018143784284
42.730125001993 12.580604791467
42.400596575553 12.269590495301
50.557665222584 9.3919119608551
46.672552150056 1.9474394768232
42.228474854153 12.158815544194
51.497390737057 9.3005768835082
34.538488564644 -118.74445434533
41.893495325902 12.506053546235
42.19099353358 12.86969110552
43.279659852537 12.344378537214
51.186552599627 -0.20631031885343
42.071115767172 11.881253931171
43.496511391616 11.846864554515
46.97492118204 12.493761460781
43.755647689943 12.452183990505
42.638790769355 12.474145792666
46.76513658779 1.8450626460114
43.46618190711 13.131673995488
43.206473575556 13.508829145485
42.543042242335 13.203839868423
42.144834722946 12.269721191057
51.135705429192 9.9018019693446
42.302736931642 13.67780535469
41.876952117738 13.005785588199
45.032882357963 1.2532604757013
43.307743225877 12.467434403725
42.051287612923 13.59405313462
42.848513072773 13.35282431608
43.196713213456 11.872489434163
42.150227667389 12.594032116532
42.241878765303 13.368175621337
43.106099936716 12.782295869117
42.96305760695 12.500320259736
42.400653748515 13.450456863034
50.36893231858 8.5549875430553
50.512498851173 9.4027329056536
42.38494873812 13.172433687941
42.644323753514 12.552098376955
51.291950023869 9.6879599828683
43.735707905041 13.509446323176
43.293202159618 12.887079810692
46.203927536357 -73.693745448715
42.605868225289 13.025293650138
42.555200447608 13.142039826693
43.693651869306 13.34305990226
50.826021524531 9.17878981688
43.121483596585 12.630227702519
42.654719050368 13.047196378509
26.268565387573 -80.349286447717
43.066339222301 12.487189580003
43.672574416137 13.510970731059
42.163136043683 13.264824963785
43.7690322063 13.80514868109
43.384137707031 13.285464274851
42.055931030354 12.567675914901
41.876127806455 13.540667680365
42.4611681134 13.161375001169
52.876545409847 6.1564244983748
50.809948893175 8.2770058541917
42.614636834087 12.594820105769
42.210640544191 12.011414904174
43.055819783407 13.058550724342
42.271064483708 13.294569390984
41.859038909853 12.802893098839
42.879994605167 12.611696888067
42.7726536695 13.142314906319
42.787054523747 12.413747607478
43.150826927831 12.836669133455
43.095970009519 12.489507450505
41.839422488531 13.360909786264
42.205932630809 12.006476873556
42.040284409228 12.368954361609
42.557913926711 13.456785799238
43.049911390569 13.32040172972
42.013451607925 12.139705116947
43.113040786776 12.433342668451
42.901359179498 13.508707901721
42.332419413318 13.275648087878
40.688764818563 -73.439222681384
42.545257166303 12.662054347669
42.016970086872 12.35622915132
42.682981600858 12.606469482487
43.080254284258 11.895989449667
43.277986549923 13.749685690643
42.514714988209 13.366568222368
41.956515746192 12.419576731727
43.309227315874 12.890707367536
41.848099614444 13.058179060511
43.790200226398 12.113408395163
43.777118437841 12.593455829955
46.78548326219 13.752565670431
42.390724188851 12.377640526007
50.280925923158 8.094586766369
50.522561012545 9.8636786466761
47.776500989579 7.6199544969108
46.922216045634 2.1222567838255
43.832571001201 11.950629372613
43.353712652262 11.898500649938
46.545232300949 9.7652090386093
42.921651889555 12.831750918122
42.457122350345 13.087698339546
43.816017413447 12.893433781778
42.4642088546 12.632608162089
41.890056015428 12.423505095983
41.836548176539 12.309940570665
43.580166795117 13.753667530044
41.840497683215 13.474985376708
41.947511356321 12.148565717597
42.945131401061 11.972522012898
42.867272593506 12.023558090473
50.191755470443 9.7393875684307
42.678411693649 13.736947710524
42.549883870685 13.53217084919
42.163038265988 13.04342811326
42.84136365861 11.859584751029
42.50801864199 12.234423332978
42.906101321779 12.336298816084
45.413671785041 8.1169195739376
42.622125850835 13.200918109271
52.295494608486 0.48019400535627
42.231982959563 13.558566886747
42.928673175151 13.232099404222
43.067348638136 13.168919514033
43.513529971968 13.542151683749
45.637429818251 11.272267435432
43.254193168739 13.475114647076
42.837740682942 12.853142947377
41.859691234727 12.434177970271
43.56232215213 11.883852006834
41.899493383218 13.426677128054
42.528720557026 11.838810990045
43.204331835848 13.051395085685
42.04074352518 13.404652612493
43.444879493904 12.009391563039
45.557784099857 2.5045902563746
42.580644961272 11.857573492873
42.784145135353 13.464031707733
37.903631450481 -122.6553940596
42.01804290808 12.872552604842
42.506703221962 13.032248373179
45.564570268506 9.424356257531
46.518698708231 9.4549989578547
42.462711836448 13.609145827896
42.956628230401 12.241994981322
42.723462006901 13.283679051478
46.851118826704 1.4982874745029
43.31593509594 13.735165879494
41.861023377118 12.687759685671
43.161050913951 12.804892247007
42.974409849858 11.858398316849
42.33861529845 12.586433675434
42.365560911321 12.291776271694
43.433631330951 13.026314373161
41.914809062127 12.453375593991
50.222918326139 9.317237912825
26.463141945389 -79.331198453401
43.430950127764 12.178367875155
42.520562727268 11.846661760421
51.816773087167 9.1738867932809
42.775986682075 13.585279261056
42.328844323463 11.993985524885
53.386039647221 4.7774740592704
43.381859001437 13.355328089278
43.66722029667 12.385315969787
42.249487572487 12.002210416853
42.665150895114 12.561549070574
41.949674507601 13.821563611676
50.998372929636 9.1063155541692
43.490087317086 11.899283478011
43.34519997071 13.522765202247
46.933751028466 2.2699175375839
43.156885757671 12.362406552493
41.430702260582 -73.665120578346
50.581287648799 8.3352625990916
43.153340455703 13.247996790471
43.724230666537 11.961395737252
42.50192822588 12.427191479817
43.773079956331 13.003214026358
43.791205582598 13.79626366675
46.971184319591 12.343042985018
42.715961870626 12.521216092895
43.542155553395 11.883132678423
42.843685729377 13.325210055043
51.104257247226 0.49965890701379
45.234053853077 1.4273089293518
42.909320856423 12.485931355288
26.432070896679 -80.74693546879
42.446663981998 13.290718635235
30.208943097958 -98.785114272425
43.140423186675 12.203486299258
42.800012199136 13.671016543971
43.074679386392 13.107884987794
43.234197215964 9.9528433176259
42.641113356541 11.86774764951
39.019874456245 7.8658467313877
42.282084615122 12.929302306834
41.885280472194 13.007156119241
43.244887895552 13.114597231224
42.650913850728 11.903661771654
45.16778521527 1.4618198165958
50.253931959278 9.573912099271
41.927419427304 12.496689379002
42.209862824648 12.489925476506
42.559062253965 13.42969571728
43.308803015088 12.246155134538
41.846063480986 -72.144716349299
41.925735138809 12.684655733281
43.351823208573 12.379427042056
45.719673933796 2.3520431380496
42.438698524834 11.88015647555
42.403705786191 12.318728865294
51.886448515061 9.0174138019874
43.365326961228 12.485738007599
42.486876391122 12.656038463908
41.746956649341 -86.916376929241
43.407342125872 12.391016912384
54.487127780864 -113.35278378909
42.564115186971 12.920615499358
42.499974315309 13.614617152447
43.58926771471 12.384590530037
43.3007223943 12.615341286483
43.712311200219 12.177668235368
42.704693532432 13.782487061726
51.267918576146 8.4915725255811
43.568935088634 11.998393554261
42.890334814291 13.201871019903
42.49414732798 12.355343676824
39.853187181411 -74.695678122971
42.869030545891 13.680857499002
42.691129744396 13.185512453891
56.380135684917 10.250662234263
43.785319835334 12.794310137555
50.08904923689 8.3638805753383
42.424761278774 12.837870795225
43.29153725148 13.546250895407
42.055941209244 13.814413063628
43.251022839125 11.838393089773
43.728461233794 12.422318749347
42.738914988834 12.302434411993
43.249067545074 12.012370295384
46.252851122107 9.943753892206
42.902533691352 12.629436937941
44.671196496476 10.594853773289
43.502897639083 13.663010135157
42.063367201532 13.79394972736
50.146050690741 8.2337712306687
47.618907814668 8.0563843203971
50.941183053628 -0.058195162642833
42.42940654488 12.528877182665
42.824062183904 13.23521363236
41.349067163814 15.157665662399
43.137500792827 13.533049335041
42.458979877412 11.999644843882
41.99897766907 12.657469109494
42.768549236848 13.777641978498
42.167672925728 13.379480672267
43.028616053087 13.562627006605
43.130235213402 13.175996709252
43.210697735313 13.087941283422
26.747182944189 -80.830168346139
40.935660074996 13.361120390713
42.438163757084 12.226563922722
42.703265278017 12.362596261505
46.331082747938 1.3366983920972
42.061694260271 13.293161900406
50.922037482825 0.39441842253261
43.715946104732 12.620277070285
42.28108639425 13.61884665101
45.727149272539 12.445550716408
51.370789336679 8.7950717139966
50.48222045716 9.2908304400234
42.67978554765 12.680606928992
43.705293720472 12.516576063615
42.549171909501 12.944907639637
43.155405191798 13.090632343728
43.361041425916 12.139940779277
43.569949162479 12.236389664133
41.941921036219 13.580765358464
42.920096414148 13.531922751375
42.290522036765 13.149933945478
43.195694476013 13.681158421899
25.871831664739 -81.094217626231
42.371035368376 11.91128829399
42.412456982051 13.118407204358
51.71738757436 -0.32696586122595
52.574947203079 6.6015229890363
41.356413352609 11.908416258871
43.176763078767 13.530261609506
43.095153582813 12.826560702581
33.329861019149 -117.08248503454
41.925457602819 12.636771253628
42.943292415695 12.821616911733
42.84620211734 13.641632487386
42.001362260918 11.833713381495
41.873968332968 13.351687596364
43.778438575018 13.151009766476
43.622073164055 11.912419779672
43.606648600964 13.45433934615
42.468967892935 12.171306430929
41.860523958647 13.335859343121
44.599702868752 10.464733902998
43.658546155646 13.135775302155
51.732830989516 9.2383908174179
42.506704443857 12.789507714489
43.096277279379 13.307363334742
42.409764412071 13.493898027362
38.039530748712 -77.267432724089
42.075691174772 13.384175328738
42.942757196719 11.935326175289
43.496272834736 13.405483065849
42.26542637791 12.033018069378
50.29885428599 8.849823198677
41.961446521341 13.308982223437
51.350196841802 9.0869229338537
42.225318662017 11.999155833872
42.446407930689 13.448133765484
42.790681312716 12.530567013461
42.550664674302 12.835910549332
42.582310697822 13.462472485149
43.586886604611 13.613807144416
42.49426822762 12.511279287076
42.006199917314 13.637878350766
43.74116860553 12.426978979945
51.64056025941 9.7762058511266
42.505632494367 13.076171125342
44.826749523299 12.004562628877
41.953222302254 12.023012975728
41.991863538994 13.673656773623
38.587273486952 16.217265491706
42.529071966919 12.43601986602
42.864832106936 13.591473448852
41.755039833977 13.475623359937
45.306750747052 2.3454455087639
43.138928380881 13.82399117894
46.507494297834 13.678150529146
42.287144083684 12.379234500427
43.173752378309 13.168667138188
50.733121229677 8.9002114189324
50.365129737353 8.4762284222414
42.855524266092 12.931592211582
43.664775136723 12.550126235278
43.780444135343 12.36353412569
50.075811639484 3.7487661557965
50.756935445944 8.5700373521866
42.803769641485 12.458848919023
43.758319752665 11.869345204399
51.683404989859 9.6782104459955
42.844834989351 11.844110212237
43.646209528992 13.449683689277
41.840676250814 12.118771671394
42.667272413947 13.544529198478
43.336707907441 12.836260545478
43.688279385554 12.008977800633
43.801700037833 12.014886094751
50.862792138412 9.8668186999237
43.029881936533 13.304333830881
51.334121246978 9.4362348618155
33.780965811511 -85.310057235467
50.872149279514 -0.73400006342865
42.689534553203 13.214851726899
42.639715524735 14.011372633354
45.654123382016 1.211731986707
42.571716891423 12.103887991118
42.000702878482 12.615711412235
42.640616085234 12.031469748857
50.885280331543 8.087499507278
41.847912441424 13.803660994325
43.555721958448 13.428862078336
43.235565101859 13.644800928743
43.667689206411 13.677037283183
43.570247537277 12.740947989647
43.551452446541 12.989949313009
44.808539945683 12.533515282319
42.293398925261 12.310997493731
43.160460025633 12.129636237945
43.824472916717 13.285115742278
51.012703111867 8.3123461642826
34.142389101825 -118.08419729471
40.974325568854 -74.888042742847
41.841323442704 12.809017840705
43.482070726122 12.427986580167
41.998825590147 12.12585279726
38.483107588013 -96.782176682158
43.557573436574 13.173737282035
41.883261357866 11.836988289786
42.320452813229 12.051301350862
43.385197676919 13.543405343587
43.393288160878 12.652117844064
42.04205604833 13.101160944973
43.495258131316 11.86221039384
41.808534589181 13.17929229316
41.958842567636 11.886286174381
43.707140546177 11.96574219829
45.317635411919 10.485165751858
42.445403527697 12.233246501665
42.437790326068 12.207353756415
42.696136108013 12.290588930406
52.46690703601 0.62668265007282
43.275598138254 12.097634719751
42.610828093559 12.665737215295
43.63426481964 11.965146261738
42.022553826248 12.526938188156
43.655575328833 12.574696046123
42.511398372034 12.320054441395
43.087574617068 13.603868625895
42.683452932038 13.667878920079
33.768674275545 -83.50446041978
42.093820189656 12.275958629475
42.989945581199 13.387281551693
42.965973347431 13.684427116406
45.576017050143 11.870851533648
42.41353417349 12.468152763095
43.00321581962 12.377173991139
42.256073168619 11.909513619707
44.514656468953 10.333747481014
38.639039318163 15.210487254293
43.253340089367 13.667218858242
43.223481101575 13.655692653126
42.535981782517 12.317544477229
40.42025387686 17.032469540361
42.29962988633 13.07622885896
42.073170820306 13.139477164571
42.921949354916 12.229609487241
42.049689527179 13.262283505549
47.688450182643 7.2338238517911
42.546733822484 13.182253798576
41.901817768322 12.500924749554
42.186412722446 12.031244541088
42.841966049693 12.288398047599
42.286653486701 13.792525944224
43.051516930152 13.514006908312
51.338182498393 9.4409296300453
50.142316977094 9.4584238210034
44.234332577297 9.087488050916
43.33367667132 12.008391039471
43.188195066635 13.149940857755
42.298864831842 13.032956368792
43.114406475406 13.469096880646
43.007084299835 13.201349786132
52.25668461982 0.2681429764061
44.992525427561 -93.665515683064
42.670073428059 13.385860018633
41.9341502902 12.669306147711
42.165776121994 12.180097420805
50.423255698021 9.3108055159966
43.774154907008 12.963337448895
42.325048695956 13.497583254028
43.24519052044 12.511168711612
42.592247443105 12.802238963008
51.576825912845 9.3604799110258
41.892772170686 13.610172417786
44.604324731489 8.1125251853687
43.520756374633 11.582241967845
43.790081020368 13.800191471281
43.644743615151 12.593973489776
50.216265288282 8.157602109554
43.468324325752 13.371203168024
49.805966233395 6.8805516077371
42.015899348567 13.379662728135
46.15284024198 11.435432241103
43.699170131117 11.944297447796
43.409960577942 13.175948527279
44.092875842677 8.3304561957649
46.499522474964 10.021676217521
43.393943005446 13.396738670041
46.242286266675 13.202039988366
43.416303277696 12.79824835567
43.264238192378 12.637648126894
40.736525919657 13.024953786228
42.480924196786 13.58767664136
41.121832925103 -74.692303984414
43.776349468539 13.278231740614
43.717626223696 12.597598458474
43.410424385432 12.354442904424
43.296247481062 13.820147150133
43.605516888504 13.695530212364
44.370472328142 11.463112884437
42.70636642573 13.831667067426
42.250207463417 12.371941497278
43.368948677282 12.341582633269
42.349012791363 11.985947803143
41.901873936852 12.720468366409
42.902716104383 13.203374596428
43.318207021506 13.475106700566
43.744287135447 13.754513499234
42.795208134148 13.124601528128
42.909693774746 12.289825934607
43.777648064691 12.117044377682
41.954493814613 12.873097125403
42.890111705258 13.422202501664
41.942718487693 13.27704115227
45.752456131302 8.8573263158357
42.474672354534 12.38205379547
43.646627234151 13.818714931544
42.810384421076 13.695727157751
43.602381157525 12.360318487233
46.596627954206 1.0753587275163
46.562883958739 10.847177491825
33.461377349184 -119.17563553278
43.713267910182 13.373889874396
42.842556882597 12.616650845698
43.561376655757 13.459266158987
43.679534876591 12.355803995114
42.570365151211 13.715645517577
50.789723241604 8.313121806976
42.608967313382 12.322006063707
43.524377072495 12.702037257956
40.813614335275 -75.16573068186
51.77902264906 0.13999861014542
42.907655087278 13.626469452712
42.930103274982 12.628729507641
42.892070979316 12.849654966916
42.209368520535 12.854166375892
43.462667851945 13.524137321193
43.582086176745 8.4072361910051
42.929611709423 12.732489290078
49.0480551081 9.9736736588989
44.866853865058 8.3787657578144
42.99500927005 13.156192300469
42.597896802539 13.651622441456
43.368485068629 13.355444335565
51.480683303662 9.892055510493
43.106683183532 13.673944692462
26.164917682823 -81.141713466837
42.067784398381 13.013989568716
43.696546506948 13.831724206394
45.547371505541 12.788424221743
43.393098607398 12.818772765744
43.486757460764 11.893191088894
41.859631665938 12.725705332016
43.068021536392 12.395377661307
50.497228378196 9.0592504772634
42.774914726065 12.040712865109
42.383473787191 12.363254638579
42.537818820953 13.459452850513
42.071326213012 12.622311684148
43.648235438249 11.995056134667
43.136148248418 12.452244296902
45.106752336704 7.2250212350301
43.10835767917 12.420306312603
41.925739219399 13.316306768154
42.058730700102 11.976750725425
42.602196679752 11.901517351599
43.249373912483 12.802332931593
41.879339985049 13.592739517166
43.731829844311 12.327530711597
41.952527584041 12.323033338584
34.522637008655 -117.0027729542
42.076219266337 13.587851384484
43.179679852084 11.86737691281
42.960090047217 12.67506999556
8.3150953162997 -80.069495106614
43.484368158751 12.574162429021
41.945866090707 13.33188374265
44.751398412488 9.6842133674464
41.836616827586 12.531433153235
41.889386997993 13.10947134353
51.731038256889 9.643178814856
43.573104962994 12.700009782214
42.550200186947 12.649310193348
46.145354843931 8.8087241044984
42.791389411705 11.968888944487
43.733195805353 12.142085098749
43.176786297104 12.530683784082
43.033558486532 13.680732003751
42.346808090057 12.435716693979
42.430245187355 12.270727168916
43.146356546875 12.862849567508
43.394055790938 12.15988411438
42.114906680845 13.541622128611
43.107761788719 12.942629462568
43.799902214597 12.581198078406
43.333909362265 12.5756558993
40.791252079514 -111.23776223461
44.943299569326 8.3897095848083
39.115941740097 -76.272963424889
42.390429267863 13.168626490614
42.372168748368 12.706916768454
43.191761603224 13.460814631314
42.597086258997 12.526339707231
42.671082875094 13.583319119005
42.437678864916 13.47575398
62.720764528364 15.620072954157
42.391566223203 12.240739347081
45.705320577044 7.3496058052381
41.996421039124 13.689666867133
35.019893683682 -118.73472313879
42.223192026964 13.433644226044
43.01772661836 13.776820276781
52.07111083929 -0.66507855186941
42.515806663577 13.095245849872
43.256432826306 12.362573912557
43.513821670115 13.048786961517
42.526494708178 12.631469147129
43.724400458284 13.671205964739
42.745477211098 12.996138231382
43.240316367375 12.111860488149
42.333484556237 11.902181463292
51.386390735808 0.061339002079958
51.830973294718 5.5877363448207
43.428621977323 13.612675321595
50.015528407886 9.1157142590339
47.819533937527 8.0667908368943
42.552454953826 13.18176648497
50.057566326138 9.6900511242869
43.107627378382 13.349308666491
42.462245581442 12.558631123325
42.829117423331 12.447131258665
43.775216311133 12.308934001417
51.762498750008 5.5206826202435
51.533882063131 9.71950452622
43.774330549324 13.570109381627
43.257639479964 12.569829958312
42.355089245085 12.764139971607
41.214246532666 -74.499411553974
50.492172108261 9.1681205291153
43.11209702825 11.857799152333
42.983751238337 12.844954118547
43.23811117666 11.90830693578
34.12372761616 -117.84373187714
46.301228950406 8.228037953483
42.747916185201 12.487294340288
42.687820844228 13.584340257863
50.506619845287 8.9458522386597
41.941207792138 12.286491516666
43.23222880544 12.18331670213
42.515384284575 13.709056685099
42.698107490196 13.702991305733
42.417796889536 13.422014632945
43.01843850271 13.485822023605
43.020813688667 13.730283591792
43.654669929156 13.092745763314
46.616570761249 2.3098560079512
43.077760794723 11.973217729953
41.84133350767 13.25379100705
51.438897888381 9.3058618550682
42.858335056297 13.594585669059
43.165526829758 13.293677188614
42.708870857492 13.362335983178
42.401309952813 12.977858970884
46.290394700268 15.266352587038
50.33852192589 8.3077740060667
42.475574096442 13.514713878538
43.130115264643 13.620224487346
43.266305326629 13.291196363669
42.503302711783 12.99167537039
50.553859202449 9.8772365189517
43.035876438991 12.878728471661
43.677404054777 12.778257250238
46.683390367163 1.8714128257108
50.213166958286 9.3795785072165
43.46429824986 9.2311453485308
39.836236577341 -76.769052227935
43.398473386859 12.652039517042
43.312205413523 11.900997216788
42.237651810647 13.437092194558
50.77723356 8.3922099337877
50.441357097794 8.097278188028
43.114298293907 12.793368963449
42.714040613621 11.970325423877
51.272748497209 0.70653199804786
51.109311810978 -0.60524461172299
41.947105725758 13.112218972369
43.457431958757 12.374655499319
43.384783244892 13.753486959636
42.630936500931 13.621277423886
40.249435019071 17.653468729345
42.431961119863 12.733154083499
42.031054812985 11.872077032419
43.74987780526 13.602123470813
42.114234038237 12.236920737327
50.553334174935 9.1549144811718
46.220908339704 2.2640296785459
51.579697507704 8.1667642612787
45.77289057766 14.652726389613
41.853508842596 12.677645443344
45.550755126684 8.3602636096814
26.859641666442 -80.400696857363
42.924440208343 12.878800114581
42.694599229256 13.58583011461
46.255708442654 1.9898173524951
43.486937247464 12.600104681982
42.948963121043 13.749930166544
41.075184384082 -74.353420429228
42.046001373833 12.369313370164
43.463973621144 12.66305023977
42.891608788137 12.385490956451
51.746763979433 9.0344344596539
41.920089256468 13.002018797233
43.082098214946 13.551015529594
43.746589339707 13.476052753404
43.683473318223 13.591548199596
43.170701491281 12.570644088376
42.288268703191 13.112145362495
43.58873606689 12.735002523651
43.161303288399 13.396747704801
43.32279689208 13.308439379257
26.65013251715 -80.012348072419
42.396451446433 11.889268651108
42.911649661119 12.799782210889
43.004925550451 12.931590432756
43.56059970083 12.922824862398
43.485169286621 12.88699916747
42.533951054131 12.855485192454
42.141844470141 11.863941874313
41.16242495947 -74.097870869739
48.951044209211 1.8346843320782
50.993892444528 0.62283114460895
42.861666536381 12.405839464837
43.30367586126 13.366388084559
43.168086098606 12.267741427437
42.684588197959 12.522391534209
46.78143101967 1.1423744811408
42.389903547445 12.492066790134
43.77564431672 12.324029032313
43.62729742223 12.283401504312
42.38965684056 11.903446328802
45.009619467896 2.4107643218761
42.722439104117 13.002146136038
42.85411206861 13.096086287471
52.293097467531 0.492097063168
42.773310788823 13.197963312847
43.266258477378 13.537406856
43.359084697628 13.21629453416
42.74463844988 13.28012419414
43.24407615107 13.390003758685
43.801681743863 12.60843108718
42.430432806132 13.473101337938
42.22247777426 12.522763530988
43.147317912519 12.862613532649
43.262023079352 12.241284329112
42.514894149993 13.597193503586
42.122559429224 12.129066463175
41.908894597997 12.725544788768
43.462726949951 12.418693853293
43.11559700042 12.347589291815
43.714596905168 13.563561530136
46.797506665251 2.8459324985025
45.435117658549 10.967924800288
38.317146011228 -121.94734654542
51.228936213175 8.1781982985224
41.94352384563 13.593212063256
42.728077828313 12.980950942275
41.840838230162 12.275301695485
40.735200908063 -73.407561075264
51.489840573859 9.0712162312452
43.681494463573 12.534957897654
42.834346740916 12.432382290474
43.41957112078 -84.019840911735
43.218009853858 12.071983486468
42.704533089767 12.802283786632
42.770326627332 12.957935928834
43.727032795908 12.896876045476
43.10948445888 12.041286979377
43.504966359842 13.074498829488
50.587839351775 9.7353441984092
43.623908064174 12.044340260834
42.692860436038 13.632890341653
42.303198835975 13.136536927513
42.874635079838 11.86356614293
46.290900281114 11.075144787235
45.119441432701 11.476477947748
42.474744957182 12.833216560948
43.039383000268 12.017959442019
42.406195635186 13.633070557694
42.938541311297 12.219480797306
43.200939950648 13.4348800762
41.982046384377 12.868555081968
43.795809904971 12.904851368605
42.661024951705 12.996963487026
42.04487103973 13.70424285985
42.4751158862 12.099891034022
52.734318833209 -7.2560428107418
43.818656048516 10.225198444831
42.602122346706 13.010666153885
42.740879086678 13.336765747695
45.041151543193 9.49823904219
43.221528557719 13.343892221055
43.061281489724 12.91034781046
43.286308482909 12.842216665338
26.708218804408 -80.743343767866
42.411117789819 -84.787741184365
42.532999571682 13.097233607034
56.33051418901 10.838574658073
42.941572957666 13.509962141772
42.198199013827 13.042651813052
43.240561741537 13.682210307441
42.891481085651 13.489626449782
43.188787542858 12.648057583111
43.135491385209 12.050812411632
39.928333510763 -73.445156674239
25.510961960291 -80.714748725438
42.253222922586 12.473178014191
43.439093685934 13.11025034271
51.220593317049 8.838875902276
43.547389593717 12.03979887957
42.642112837959 12.630084497237
42.650389224149 13.7865805993
42.320698762483 12.627940503262
51.115201222997 0.21887812070031
45.766566423591 2.6212174350495
43.476469556578 13.476956396141
42.164981365767 13.449509012743
41.853696156246 13.519060603606
42.234970523175 11.883085903213
42.416848068341 12.741296190669
43.357937119623 12.833094425443
42.810743906002 13.10173409113
38.655607692006 -77.370668450893
50.593019896929 9.9531122864937
42.411923121874 12.261749333845
51.101134414832 9.0120550650228
42.697801569823 13.636752052084
42.053679554304 12.309701400974
43.029641103966 13.064910795591
42.111864364313 13.6613425802
48.155794399651 13.675873694579
43.659485418212 12.103712736233
43.759754429015 13.356407754776
41.856960772025 13.363885214743
43.404296084051 12.813042509304
43.569594979107 13.393935279194
42.05330627649 12.566423533769
42.63552211769 12.280960566982
51.554865470414 8.0831752727196
43.511620770468 13.373058253163
26.048077268066 -79.409318227321
42.088719152908 13.016312353807
42.46684391541 12.091263304062
41.874886444267 12.032611326351
42.214245670596 13.676270109937
45.306403781896 2.4144665582173
42.831504479925 13.813711827555
42.000718630872 12.276008719262
42.315059028734 13.233779384884
43.527462280622 12.768188727467
43.067815563228 12.950619700828
43.676670241506 13.801821764953
42.577441790897 13.158443040775
51.884753711235 0.25481720135772
50.948627258627 9.911140539642
41.916887639073 11.993688126578
42.64745861231 12.571069884401
41.844709313423 13.183138806945
43.632659335936 13.292383136851
42.923178096287 13.461639461809
42.404292253521 12.823712225011
47.018978639515 8.9225795128954
42.440412953722 12.60706547585
42.414102921476 12.697221699051
41.880465545657 13.579649542749
45.23578933684 1.6353088229128
42.623974155015 13.017606889393
42.360257005508 13.490201587107
43.057010445791 11.954487945884
42.200439786653 12.485862230198
42.275134836473 12.28279463543
43.354072896484 12.226558997888
43.507463976998 12.563918789201
43.625106419283 12.386518805954
43.505927490793 11.887382429527
43.00660670132 13.442007569823
42.064918820332 12.77961520144
42.474077427536 12.230073238851
43.231450879144 12.107584065363
43.771931680765 12.089781571708
32.767894425827 -84.384196919009
42.591481009329 13.436017026883
43.453311091055 12.504677296406
42.26686707107 12.191931626404
46.920231438459 14.108782785783
43.232831506654 12.007963095351
42.619270637941 13.174287060378
42.962163995955 12.488833817902
42.111754706668 13.231996838132
51.098025129222 8.2146671960199
43.546366655543 12.91146213699
51.952868661356 9.3807287515983
43.369614667452 12.60236691248
43.4721861363 13.267387370724
49.212902916627 2.4120134808855
50.297791367535 9.3053923925876
43.635146723446 11.968164410914
43.64877256504 11.971028848559
42.479040377086 13.026551752385
45.363410892649 11.851327225727
41.844338441216 13.402203126553
42.073667422458 12.343599174353
50.339770049946 9.5386833737319
43.118229371106 12.883863747087
42.079548598325 13.705493222806
50.155501536166 9.8516087657081
43.814787957752 12.576782178889
42.627225176279 12.976618552125
42.834537304416 11.960264886266
42.610828380106 -71.563749067488
42.56642191094 13.493304527615
43.18386300757 13.686862490481
43.572448705611 12.167915522686
51.503243176268 6.726128510654
42.819415219996 12.144462819765
42.382465305937 12.370086347878
41.969611623797 12.959657773843
42.808070813703 13.514622461777
43.754259816277 12.411326256328
41.974835955547 12.118931028137
42.371221062921 13.642307126749
43.498964538585 12.545912057437
41.892414015689 12.134357452476
44.958890647864 8.830736826328
38.779850821906 -105.43840121678
44.617481053491 12.803862582519
45.543596968636 11.070458866873
39.575046754229 -73.306517303645
50.910417715744 0.42111483323906
49.5430923406 16.108950393092
49.769147380264 15.50779337576
49.879387310301 16.19462156561
50.164446131054 15.566449019623
49.388120467606 15.520982699944
41.957582114731 12.13826467571
49.751822399442 16.23615681554
41.982970534371 12.297780481327
42.889451342604 12.349443508961
43.619669081953 12.602786783896
43.70257714053 13.554638663586
43.012963677318 11.846680419935
42.431904125249 12.165574300667
41.950617129912 13.34931019712
42.578802368429 11.985233848929
43.616884959239 12.359728858529
41.981071792555 12.73048432254
42.759155575561 13.58880242502
43.559409907835 12.850313995916
26.795143414176 -80.531966756621
43.099236515884 13.375687799612
43.67507238999 12.369501169964
51.365994980962 -0.0099949809350005
56.771985106995 9.6772046842041
43.158283116391 13.556542401482
42.814603378465 12.009815844733
43.261973112965 12.509027667136
43.365873400313 13.697576565548
42.947293592148 13.15962950662
43.389966898335 12.116145272814
50.740082354164 9.7270774150859
41.910637307892 13.529658912017
53.02405130096 6.4773610982706
50.343173273533 9.1085648662916
41.946676215619 12.570882567957
42.190289973391 13.209192005105
42.185878847833 12.999470353147
42.75783145046 12.510314320473
43.740943413128 12.95988834929
51.06829220991 8.0008094017398
43.88775799404 11.793278506025
42.664310701056 12.535788991293
42.758917194234 12.253291325317
42.163041071132 13.659792338826
42.838295308819 12.73088913447
42.176597154803 13.549471775347
42.620342215833 12.724236841206
42.67483590018 12.779088017915
43.429888908973 13.445943256137
42.507703856357 12.084251917028
39.91486100214 -76.488885292505
38.373303371364 -78.090248578229
38.240624624125 -78.253567002791
38.441866583571 -77.649878937082
42.801872123893 12.70439778862
43.449508848365 13.711135562861
42.019692888979 12.559539593106
43.722925044954 12.743329334906
41.874755558174 11.492500179954
41.899022851113 13.100084271815
42.328798214613 13.28132083515
42.312680336348 12.708814328887
42.319913895505 13.533659133864
43.1881486579 13.830898933521
43.400661172087 12.475038284678
43.504664039961 12.475683993902
42.954543514643 13.82163139473
42.858681228433 12.0118464893
45.022960419777 1.2937364039448
51.868419472067 9.6085407238493
42.178607270226 13.694772051061
42.344093441679 13.207523360966
43.022260143919 12.128812367643
45.354730489363 2.6892092170609
43.476897335854 12.132103672334
42.142929492606 11.854885045392
50.567057991199 8.2613086152176
42.256801600709 13.721245177913
43.289763404678 13.729112615238
43.109430333671 12.073016224018
42.100983819992 13.127698080695
43.325150741437 12.175151772434
42.757297372353 12.664186007674
25.024080249475 -80.210946582631
43.191829129233 12.887011059994
42.14517761217 13.678117376623
42.323621502783 13.244480752521
41.957993176302 11.857672479424
43.071512156686 12.558567079997
42.643253362592 12.609996452301
42.909989777 11.979414849554
43.323078403886 13.425959025263
42.712742118518 12.24270156924
45.595151155067 2.2797515412233
41.071252740639 -74.491196478146
46.282828768195 11.453556927479
42.278036085108 12.213437208095
42.539651233044 12.268824619387
41.910028750522 12.742363792745
42.317499235907 13.104883810109
43.027722529635 13.303217619354
43.079846760782 12.191282941604
43.775451563215 13.248235926169
31.409419570076 34.252693607706
42.927231481752 13.530016915675
42.323678071317 13.033977120686
43.802772473007 12.621894221598
42.645279007354 12.118392963039
42.568214785593 13.779067141388
43.62802768204 11.961741840004
42.954794932622 12.488545499525
46.063186456944 2.1588013009908
42.296310394696 12.364552020752
42.041593104176 12.30028970416
43.795802307241 11.932299975295
42.06355227116 12.461943163773
43.320703569039 13.360989717024
30.829629128417 -97.518656298612
42.750157857218 12.348677287993
26.189728308075 -80.687550079207
43.171774146248 12.091816211649
50.83289320503 -0.11134370380143
43.687940408351 12.678781042213
43.450707673792 13.222123042339
43.24768189571 10.538463172849
39.622043172172 -74.16705195106
43.682520544495 13.595513264016
47.97016993769 7.2787401160592
42.660326822524 12.455358727137
46.035092848369 2.0812737807079
43.008819446924 12.359071147816
43.269105513261 13.707216013108
50.535779057786 9.2429804281532
41.872909196149 13.288525676976
51.044301213717 9.3757762985191
43.406246538484 12.711297475619
42.17884123848 12.212715965816
43.11625348039 13.66197918109
51.074870061397 0.13422970195498
50.173529527231 9.5865991029826
43.548339539018 12.004289125581
51.934093077869 6.4897219462971
37.475032463004 -123.27837269457
42.931445232116 11.953187098726
42.279059312457 12.613742628442
42.569474409155 12.366753674304
42.121940054082 13.298221884367
46.239965674554 8.3540294024624
42.267270339798 12.626454854231
43.39818209151 12.378488050971
43.020217867133 12.894212012151
42.430643986666 12.205559798633
42.934482342554 13.240661912265
42.262993687442 13.479501298407
45.401012769181 10.081649504826
46.785393198992 12.903727436055
42.760324688538 12.557137003449
51.519597208835 9.9453707802786
42.726850252027 12.768546042877
43.206518518856 12.878451783174
51.675687402103 5.4051941175271
42.136787765278 13.767822303256
51.156263545927 -0.58470902996822
42.677587087137 11.999812514542
42.93468389892 12.925344012198
44.060726394861 11.000885634241
43.545132209822 12.117691565846
34.114174442459 -83.476968947927
43.021315452208 12.15499629043
41.942755445832 13.517409593595
51.311221263516 9.9058704068446
51.234344421995 8.0451920400584
50.154441639387 9.4581170959669
50.498700739117 8.4584835439261
51.15182254098 8.9329324783445
50.224419239547 9.4284861052541
50.556602505295 8.2771969257282
51.544228139587 8.757396961915
51.380954645751 9.4163585614489
51.130879930281 8.1046334566104
50.389458550787 8.1088156989351
51.530605970663 8.3159974391181
50.676366522758 8.9311910052463
37.426236423385 -121.94953994686
51.039265637304 8.3253264591681
43.537629358742 11.844701296133
43.322139326188 12.447251043512
43.24994700602 13.60397495639
42.059502048001 12.666684990149
51.412491382757 8.9452404821968
42.302924984762 12.340696169709
42.000066843836 13.095730846813
43.571479486589 13.114123477675
43.092774338619 13.243754061539
43.463155780224 13.186233917359
43.274831436723 12.303518891963
42.542397266527 12.905752264406
42.832943810678 12.707462604764
52.12096432346 0.75937896019285
42.044333763462 12.714699860085
40.417565628847 -73.42903161746
42.136903358708 13.484982584384
43.402147829741 12.484132691999
43.040882964659 13.463380129779
42.832101887035 12.575128379567
51.954042060279 9.5338702497696
43.801989891961 13.268708136079
43.232587488032 13.437667393816
44.212590098643 8.0675786712777
42.406148915855 13.68781717342
43.407976899041 12.682042733173
51.705500721096 -0.49122375790086
50.667990293199 9.5989752507764
44.34673288094 10.578484534651
47.963269440906 8.1739515937743
33.351443770219 -118.52451919538
51.455997194842 8.843844983654
46.773307987383 8.7102291363805
43.81828581256 13.497704994652
43.250537645675 11.979059921123
42.307323426172 13.493436713954
43.479514643794 13.24651629957
50.341402255158 9.9651779648686
42.242743194237 13.589769419113
42.009392363976 13.472184966094
42.320448374546 12.233104770201
42.9049289054 13.721892667826
42.599691964521 13.823769695996
42.567555689073 13.232867190744
42.564595937081 12.7530768699
42.654555720137 13.794849805925
42.305935692671 12.859704748683
42.690499558922 12.682402153373
41.957052668558 12.698515022985
43.265379980351 12.87088306058
42.848520892157 13.135362816127
41.92319250571 12.766955763945
46.135165302076 11.139924991406
41.929743372358 13.212118538682
43.516217303258 13.117525896133
42.870655877011 13.493534338446
51.151428123308 -0.79294757493908
51.675116348395 8.383232809316
43.033307966813 13.060702226174
51.813596296736 -0.12406253592766
46.857591967286 12.34109376645
-38.411675534868 145.26917692768
49.536493849376 6.227382856506
42.04474490792 13.818766046718
43.760928101282 11.944369107014
43.290952920139 12.261498251607
42.287140553972 13.343799624773
42.022851279037 12.577559339173
42.933541276948 12.167365739687
42.43195552308 12.886121609216
42.209970537692 12.907823551424
42.479213122057 12.818702353567
42.664430855638 12.231263572479
40.095169147207 -74.413493994482
42.723454044093 12.086743700379
42.569100059855 11.955025289673
43.049501028887 12.364310494815
52.110320433327 5.1238734863577
42.577930075407 12.869938515087
41.914327956252 13.715186916646
51.066092897237 9.6042438818162
43.366287332685 12.319151728118
42.997626376358 12.912350006382
46.108324471746 9.820930506669
42.595480282158 12.847848537794
25.736181805236 -79.365128469167
43.486690012986 12.221039109522
42.332951407124 13.192659503891
41.899437989082 12.767720937176
42.223176506007 11.946939174082
51.723301788663 8.1452266723594
51.462656317029 9.3540548725771
25.135887159547 -80.448598197214
45.528744200586 8.4595859097129
43.157866634057 12.06085717683
41.902535627572 13.695313838655
43.000897087178 13.765634401148
33.636920682265 -111.4377587342
50.722003599499 9.4525237169361
45.202115400952 11.593597399367
43.795448369738 12.516622892377
41.839052245898 13.740884536312
37.228429868037 -122.69580148303
43.256792864903 12.370150743711
50.961797758919 8.4383126853212
44.66126308116 11.346742226322
43.76419612477 13.470939913539
39.079661939666 -76.372080976538
43.472555033638 13.634692175165
26.604139550853 -79.619364163471
40.763249095105 -74.026157534825
43.218122630503 12.461224245609
42.100375406977 11.921038948449
42.609200714461 12.349868122207
42.987018302098 12.172318223965
43.541096431942 13.18737624969
42.448741733327 12.699695519518
42.602431010291 12.478804543858
42.696505693133 11.939206822302
42.885458084722 13.802597447228
42.650756829742 13.305100104003
44.603899699356 9.3951053908538
41.991967536992 13.813279607733
43.395776105784 12.795332984459
42.739284934376 12.761300326701
51.75449036842 8.3125844119641
43.523362752315 12.047531075819
39.371660195866 -76.805722334881
51.356742032504 8.539651045827
50.959758080058 8.6440571158398
43.631761747262 11.958516740242
43.218948679633 12.027316803146
50.290580761754 9.9688657768857
43.290301656041 13.416898267093
47.479246164683 13.542842310429
42.083775566951 11.97615699471
42.040235167409 12.774009374352
46.882903042195 2.6868488964098
46.20745355273 8.0366227375514
51.030749714016 9.1234422163681
40.310505632142 -75.212744362883
42.529013917583 13.731250061084
42.675144871567 13.118163321709
46.557894659023 1.2767781532727
42.554878683109 12.017557855725
42.812176081285 12.634558751099
51.761567679588 9.9221085672835
42.357934482118 12.803473531664
43.060140267064 13.75529142879
41.873035808056 12.108057085496
42.894037900464 13.390664319245
43.306824181858 12.655322977202
42.894439448109 13.66152256993
43.247753519236 12.788304300901
43.411311375655 13.096398834205
43.244064546791 13.468323230982
43.726181367306 13.390439224167
43.452443730318 12.444997648005
42.767822756345 12.127986927132
41.956755120308 12.68264730262
43.070696515551 11.99137173455
50.182590218812 8.5237629369478
30.244047923601 -99.149836883512
42.620743208409 12.202051625236
25.901933981043 -80.800723938454
42.794013979304 12.355026068352
43.662758852685 13.780694507913
42.329380221374 13.776810098822
38.447706405748 -96.557567155248
41.99376256207 13.657536576364
51.402963848041 8.6866519957253
43.510453004183 13.30100213473
44.148821588696 10.915062393625
43.091510918521 13.336946514613
51.75050060486 8.7675812294556
42.770975424357 12.809665969971
43.535007540872 12.500199434601
42.215989990747 13.407202411654
51.782429353466 -1.0750834877533
42.807114890242 12.434343602266
42.101330712971 12.219565806568
42.494961216366 12.9866862395
43.462784289619 13.284986943626
33.702618904927 -118.03786997862
50.000583350659 8.1225673175056
40.391365254166 -73.457843906591
42.735234743348 13.624450465045
42.64383260705 12.832347923367
42.749333914739 11.991723405214
41.28721338766 14.028781263099
33.405938353292 -118.60173690236
34.430995691016 -117.88882637094
33.236054451494 -117.44654978582
33.156995288814 -118.72690782153
34.920480884754 -117.90600072431
34.199585093458 -118.05548441488
43.256574139605 13.813518317816
42.400177997279 12.267206484597
29.370873998461 -80.38833503377
43.464511696487 12.696548506032
52.335532194858 0.66008630373985
42.648967516 13.149871559439
51.696475966227 8.0176450153895
42.386579759154 12.567076472851
42.267461163137 13.169941957674
43.509314757099 13.672411987892
43.94075027888 10.634930097165
42.190701357664 13.334097018176
42.671085014341 12.367879610701
43.757361083665 13.532821967536
43.397151348387 12.867905897979
34.784307546691 -117.61315061885
43.682400219481 11.909391777569
43.138455100443 11.852041585789
43.809018899619 12.957099236549
42.911163812949 13.784020828469
42.322778511964 13.286196419658
46.10573317993 8.863396137051
42.024220987721 12.379123928223
42.918478218356 12.393826370332
43.571000161402 13.612662826505
50.5377388152 8.7206961297061
43.406980701933 12.958240192851
43.031191978639 13.774490271611
42.055975724524 12.564581895997
41.101900972916 17.068976400268
42.332970702265 11.873729996345
42.752779151685 12.155701553543
46.924470573629 15.478894788064
42.441185496043 12.691426327795
42.747667122536 13.217596337322
42.95866220724 13.538644775089
53.173333292209 6.1267928031165
41.985075224671 13.45242349361
42.361936751943 13.697753489829
45.693626936382 1.5677369984648
51.906517827374 9.0104578151416
52.630281840537 -1.5290496570449
42.096747997283 13.202252052374
41.868105186109 12.445948339762
43.337788451641 13.828295143728
42.224799541417 13.388279532284
42.175213242052 13.648188095397
42.067887047824 13.087046865435
50.205191422815 9.7476521789784
43.577148762821 12.337001255426
42.388598637857 12.835188736618
43.718044298591 12.879036569467
43.405116101471 13.478495114727
50.933222512218 8.5111308067623
43.785387862395 11.833453666828
43.642167488899 13.167976555514
42.03980293222 13.635225299131
43.41286053297 11.971984361772
43.488067699567 11.514171598672
51.433845432677 8.376985516109
43.152425218931 13.513064075521
42.297446579366 12.412278481506
50.779311829144 9.0139554962581
52.437456316286 -0.49937317781586
41.975127983848 13.78074190059
45.352366895835 8.640373034212
43.155713508465 12.748749125187
42.883626756691 12.705709225382
43.261847432846 12.031896355132
51.570108427466 8.9945590808031
43.937585067115 13.108578218293
45.867235386682 24.794699128156
43.169463485579 12.539588145718
42.463070795177 12.013746636947
43.794358560275 12.950571824794
42.411669323899 12.615691028377
42.771101161752 12.511682599577
43.805604880606 12.580161793914
51.808538636802 5.0067698048692
46.027958315345 8.9114395952371
47.613062806713 7.0211182027222
42.493836603378 12.346222657427
50.541915791362 9.8981131268191
43.112267894744 13.364017584086
46.698932510195 2.8514719860868
42.476779803411 12.52830678065
42.559003121501 12.887260865389
53.298043908457 4.9955931795973
47.096490317535 8.4717553264796
43.741833329102 13.196052991432
42.191042481566 12.3915095634
41.883992078215 13.417079572315
51.594450536947 3.5492745980384
43.494141699532 13.458098390374
41.88499935294 12.428279639442
42.115721765515 13.296474305141
38.35996339247 -121.44617411517
42.625397571675 12.624428768023
43.260376445626 13.153444646019
43.586850784548 13.332529807639
41.951582042965 12.371923842662
42.691859692678 12.803966942639
42.737434624593 12.044735574205
42.3927035995 11.893665666198
39.52260299255 -77.420157773109
42.729283070087 13.01078063811
42.792162137496 13.78746167516
41.889214117981 12.232515989001
43.178747953951 13.642230609752
43.626534797564 11.875950483103
43.491466769733 12.997098006793
42.123514955129 11.877941692934
53.100638262742 6.5768509664698
53.739153713055 -112.3305199688
42.193857963308 13.368881436723
42.871418832297 12.188687101115
42.847869391038 12.472174830044
42.909860098714 13.780867465225
38.008784004491 -96.144134654731
51.195922054442 9.1129851840031
43.356030600332 13.322071848608
46.728078315374 2.4266431012315
43.820598802467 12.897493220839
50.852281768039 -0.9850232014875
52.343861407062 -0.048678467589742
43.672405328936 12.104957510321
43.251970859848 12.44856173149
42.03372514205 12.926869438482
42.260377514318 12.032668434585
45.323676654382 10.508091236957
51.455654400846 0.033128740695835
43.07004403794 12.767051116942
43.377091728813 12.83267791517
28.803828142966 -98.000185920419
37.394657369804 -121.48170660195
42.054384350357 12.916107967478
25.365011461698 -79.152714715686
43.475512953718 12.820910440695
42.699236010548 12.030880106648
43.670151803976 13.537400145821
43.784736320763 12.218178881455
42.053239895077 12.460110360992
47.283387730496 8.7353231500533
46.912340531551 8.1774783549725
42.150408805905 12.925282496945
43.085565014338 13.572273647234
42.759077920022 12.310095668004
42.64176428024 12.964772001845
42.068670962178 12.443132787029
42.173132194773 12.670133272519
47.275643936487 8.5944345945466
47.587721814675 7.0569116268572
42.88374124045 11.877418651675
26.978223107262 -79.875917074954
29.532411893981 -81.128386333914
43.139828918588 12.229496633296
38.809875614387 -96.167025295164
42.278742934262 12.604335762863
43.753151696081 13.726963095261
42.110180431584 12.688093915457
42.167892761162 13.310462800486
42.37090944751 13.283216864024
46.937211658776 7.6785583345585
50.823083115194 8.9119982095025
43.468125330058 12.653781932638
43.479795536736 13.550315503308
41.99226987969 12.182254834672
46.594679361952 8.1574889766786
43.055988158146 11.911536893322
43.382516138455 12.368484367809
51.65798376019 9.4976798610285
42.844895984926 13.562745296679
40.965901894691 -79.038827307783
42.842211087182 12.262748079518
43.404842104972 12.41726168872
