13.139355642341 42.284216638342
13.143167776609 42.287624175815
13.116916569025 42.293165783555
13.110239715853 42.304865813977
13.118413092179 42.294401966193
13.095742557729 42.275536189471
13.092763002095 42.323667125017
13.140789832541 42.310660537498
13.149892332123 42.303324032737
13.108715549183 42.306494069915
13.15000985991 42.324853026946
13.094598960196 42.295643519303
13.143216071272 42.281002710725
13.116432561149 42.337002024232
13.121107058467 42.275596017752
13.134174030823 42.28899779
13.102684733992 42.305829771026
13.110138219388 42.332666143485
13.144474504138 42.289273006997
13.129520298529 42.326001131149
13.149933945478 42.290522036765
13.111332515327 42.32196075952
13.106915934082 42.300531455477
13.137559538327 42.290423051145
13.133937419941 42.272379516306
13.109967163836 42.325881223367
13.112814053501 42.284523295392
13.135180486916 42.317313796544
13.130535143044 42.328483299061
13.113160829133 42.280174985214
13.099542602033 42.3302773537
13.104137171595 42.312493232711
13.12234220941 42.265726062614
13.111383828407 42.314925452862
13.102692120777 42.30450845526
13.141297516034 42.329915789131
13.102043717702 42.268755213038
13.148864223246 42.303277575573
13.112145362495 42.288268703191
13.101638984935 42.303265132172
13.092635743384 42.334326968705
13.142570540862 42.317672642117
13.136536927513 42.303198835975
13.102267162477 42.302605969993
13.093961173733 42.299471398045
13.101505985552 42.29774198278
13.101614548893 42.32944790757
13.115726376493 42.282018842328
13.136430540207 42.295878304327
13.118638631033 42.288163083295
13.142376771284 42.316778861155
13.140349267137 42.280660291354
13.109773303454 42.316052036528
13.116143462789 42.278521141188
13.102742789382 42.290464934584
13.104883810109 42.317499235907
13.142388648441 42.285529949856
13.109773849675 42.308263478034
13.122101804785 42.327073164923
13.094671887411 42.292432823841
13.15005161017 42.294753642911
13.105677932105 42.302727481512
13.112322349175 42.273567801024
13.126008117185 42.295352994623
13.095677828482 42.290581861667
13.126563549122 42.31577533966
13.096582273087 42.316531229001
13.113355454597 42.329393258493
13.10639788264 42.312318194358
13.10781817285 42.278649963124
13.106020422723 42.302360684773
13.112694788798 42.271563204153
13.095126217296 42.338441594682
13.103111618267 42.322895531714
13.151305454409 42.318154762203
13.138463217851 42.276983332039
13.119309468271 42.285357602095
13.141359432222 42.289337876409
13.116272638627 42.33856420004
13.094479269879 42.322852858979
13.125796759581 42.332970598423
13.104674242972 42.326176509434
13.122568498444 42.287153532883
13.108319668427 42.294049627424
