43.063261935538 12.831724007091
40.510068013722 -74.784825086625
43.57838159037 12.068261350092
43.172907190965 12.003395200264
51.021873448986 9.9486876418575
43.324737041895 13.610470592815
43.47199775163 12.406019311608
42.921336864106 12.942716772197
45.914246025455 1.6877458797245
43.660677925547 12.297434783235
42.998446739299 13.138326432641
43.742594525585 12.304394264868
50.519474251438 9.4760506346245
41.923080867607 12.900511466873
42.589524937623 13.278100431582
43.031115036493 12.143920200034
41.983934784787 12.174141993383
43.121092797334 12.92073996736
42.787293254785 12.023132752659
42.969072194311 12.438047427909
42.030467863696 13.441117055475
36.949268052248 -123.01166456861
42.074078169241 12.143462193286
44.921226749427 13.108148798618
43.456660800847 13.269427798369
43.455833508401 13.629626013653
42.901782865611 13.349090054815
51.406791202913 8.6660258703241
50.416072102457 9.25641544408
43.337364976007 12.223606768655
43.109488044472 13.466281723004
41.953943101223 13.775169064673
40.993455406508 15.509512726709
50.179897085382 8.9875484607124
42.657159081522 12.027015278149
43.762435750481 12.361511808544
42.96305760695 12.500320259736
50.780070169261 9.7005952227398
41.620677064148 -73.724091571759
42.202343305222 13.298810838416
42.250492333572 12.139989231799
42.905214644014 11.858684710648
46.229162603723 2.5482632646096
43.572033835397 12.931707450644
45.031998343315 2.0045150280951
42.662644140286 12.367349955911
39.250274075969 -112.49271219559
59.174666296306 100.45894852255
42.435401691348 13.646567174556
50.242379021944 8.5759297109097
43.824650975349 13.4414703499
42.888195102072 12.20663346455
43.206398929121 13.73831421965
43.740474252862 13.796805075296
45.597946622687 1.1323230653686
51.939784592921 8.1083294321356
41.840718415978 12.932649753046
43.089195053156 13.691316504374
43.433266663215 13.4167392731
43.128153475082 13.62564047271
46.149237447816 9.4096477191452
41.91836628223 13.578878012776
43.02671837065 12.422801126478
42.601005888379 12.811988706168
43.384668543204 13.365511534927
51.895254462443 9.1969320295364
42.528176828089 11.872023410125
46.152251399193 1.1023374191031
29.77066971241 -95.453998431984
46.273752652702 2.7363533367106
52.312980166549 0.84808049059384
42.335334335631 12.86939447928
42.244118615654 12.583980110301
26.206398195201 -80.094986531272
45.872907263633 2.3512788253609
43.764366294029 11.808026463195
42.096760706111 13.272938049081
43.801024908128 13.220330298536
43.220685408574 13.579328585241
49.805966233395 6.8805516077371
42.414891037839 13.603693000809
43.266721753083 12.209138635199
25.221969376404 -79.49202910023
41.903668750054 13.640082207362
43.162505495459 12.531447320048
51.059615035237 -0.20610392221333
42.821373916169 13.333079800652
41.955732181669 11.835770531036
25.274104760605 -80.125692356246
42.472538803014 13.781513554895
40.730461186581 17.030883294826
43.283405618895 12.05961297597
43.796229109094 11.972577356276
42.044336763718 13.453931133495
43.340390832809 13.096516186437
46.10129811666 1.2731365693142
43.061922862689 25.05686098852
43.890709231373 9.1936135390954
43.472484518549 12.867433655501
41.983889802838 11.88688293981
43.020753592283 12.677103012671
46.61455117055 2.9242431465184
42.067240946979 12.082344584692
42.780734456995 11.983999400879
42.45214131032 13.609204922176
42.936269001561 13.18850316351
43.675789585673 13.326112137815
42.52364792841 12.859156531237
42.506449918985 12.853637882461
25.386603108305 -79.904302910201
43.685740906154 13.056992467075
45.12417378003 2.5668334674867
43.807940737276 11.885749009406
42.945129227354 13.675682934802
42.689895916607 12.669178709255
43.006488456415 12.483597836238
51.790516574071 -0.72934099279313
38.008284403991 -121.46841437362
43.449272628172 12.313095914367
41.967502921826 12.592501347716
42.149095038043 11.837318128851
43.131840349257 13.326339567719
25.882904914602 -81.081919262965
42.18802072724 12.585900149602
42.36818496809 12.380959802506
42.13827878711 13.004766232823
42.184079531687 12.390668876206
42.835854216889 12.781582181261
51.335087939322 8.903242603365
32.815074823513 -97.71076854571
43.743574254116 13.42310733789
42.102098686689 12.78668718591
43.704109769663 12.315996885934
42.308397974518 13.181962247112
43.279640157393 12.93147194757
42.527465502532 13.6582325649
43.360397745113 13.631335650886
43.416982514999 13.594564461913
46.07381390318 1.3196059248036
42.322233712937 12.139778847427
43.090386084344 13.522806043535
43.618539360661 13.760586182496
51.433960839377 9.1592011573534
42.547865975459 12.988697081354
42.00023991803 12.919860523643
26.161286133865 -80.445623661409
45.952507786242 9.5347784272069
42.923141078543 12.865171020809
43.61296518783 12.902196758868
43.758127509059 11.929802229151
43.212539350734 12.80413638514
43.142665297812 12.301969132548
45.978429373134 10.445023416656
45.360137614587 9.4297194970933
43.432017723786 12.726070385785
43.049476831497 -82.228164672234
51.444410766449 0.45903311220419
42.514438722543 12.087233352536
43.174980593948 13.687153273603
42.268174123165 12.057950399864
46.011725357436 6.8552256023093
51.880159126539 9.4286862553231
51.454965566962 8.1858485067197
51.671063153851 9.4788828755165
50.487151914503 8.3500702345511
42.029282690061 13.658769541748
42.240088548644 13.264718286372
51.332344025528 8.635254091879
43.731601590652 13.329917364463
43.405616872223 11.845349088726
42.632703701815 13.111451522986
42.672685735728 13.126609128049
43.528766777634 12.65001349556
42.440285667537 12.410365482073
43.424417224466 12.664178161746
43.588994154071 12.49437763148
42.247522250885 12.2935033363
42.919321517443 13.392505047581
43.27697464699 12.449749876044
42.219185392495 13.502705470448
38.675181477379 -76.599452045909
43.047121777242 12.065200340985
43.2863597294 13.707339608927
42.5415734237 12.552980515453
42.770261234052 12.725537338187
43.411911273122 13.28273003098
41.897728824961 12.207044683514
43.607961457527 12.938887324177
43.114879544899 12.77468838348
43.185391802448 13.40067937013
42.783125675203 13.723631049864
42.792839053943 12.021015036882
42.110306762697 12.1007904276
42.026128470931 13.492820889474
43.541515577858 12.132275993087
43.031013964711 12.420836674266
43.008400635819 12.130349230103
51.736735067441 6.6277019068961
41.893566885935 12.444108659164
43.014742986327 12.091287220426
50.188184694475 9.5702845973756
-35.579408745352 150.02645653029
42.048063960435 13.633081145435
42.159294023739 13.80501308192
43.147924432509 13.164572324822
43.255437783106 13.228348032233
46.730629317337 8.6585284204495
43.357112943848 13.576119832052
