43.107343547117 13.042066279374
42.145365603357 13.820741675266
50.25310840516 9.2283506706489
43.255179198133 13.373827615017
38.800210810348 -77.963394824823
43.02178972171 12.907298490383
42.552213043253 12.931169071689
42.809737280409 12.916816631314
46.336704818342 10.841029368335
43.5277635211 12.789198819936
42.391563261597 13.006193243457
42.10542358046 11.98238655507
41.83977433475 12.153806579858
43.196938861274 13.717800040619
43.420955521272 12.135882840576
43.721539186205 12.538462305248
43.250605747241 11.97215734749
41.920217346384 13.771096468352
18.366291820105 -64.449163452049
42.679367136548 11.900288861685
25.815075385281 -80.26634859939
47.549098878889 8.53976993707
46.431223568707 8.054724680751
29.71800980239 -97.920234289011
33.286757895992 -118.38813670581
42.49978086238 12.387890014999
43.400845691769 12.231873190625
45.481749015644 8.7586164028191
50.168312917542 8.2925528731628
42.846440659785 12.978213434584
52.011663878109 -0.5031876762459
43.256796678203 13.459396360677
51.714829069098 0.15689209831003
26.177779886472 -80.320073050871
42.548177853037 13.292012619477
50.218592261997 8.6371682750234
43.442311444081 12.522643962674
51.608559310952 0.26256511227813
43.292783706141 12.529776977643
42.238238970881 12.46271992219
42.661618132473 13.111688467281
42.902721889758 12.237745512874
42.847555582827 13.142071066511
50.236560622806 8.8307172645958
42.098579010527 12.386509835455
43.376571464549 13.056279039058
46.67422458328 1.9559541679714
47.894549248479 13.118091106258
52.072472791454 0.18170604019971
43.679894106335 11.844518830948
42.946753188033 13.372649268907
42.989875510817 12.427989291247
42.087710308904 13.477417608035
43.709586369691 13.307016171213
42.931988304936 12.323143012527
43.682810393035 12.032545962873
47.173601863521 8.6249488446046
44.481600951346 10.89161197729
42.962095126047 13.13351317224
45.351683929261 2.5127930173244
43.298446159504 13.060626415585
43.023373776147 13.078896531427
52.513917297597 5.8541210056767
42.069327838772 12.361402201656
43.344807899273 12.620704335005
43.20318058331 13.703919888357
41.928711679752 12.837874613648
43.792281126062 12.462608604463
43.109593724438 12.22545033799
52.07789881694 6.5379755556527
43.685728582428 12.90942925818
41.884173492506 -87.591012015036
43.255372553272 12.251615062494
43.496227791319 13.755235977378
42.449502640168 13.617255961831
43.521741712264 12.927109824015
43.63967019398 12.502656430727
42.200023795127 12.175891354783
42.812589768254 11.964016105984
42.724176202328 11.913965249881
43.368650429143 13.607854067186
43.693827856676 12.247267150922
26.62168649751 -79.493328976484
51.640383219645 8.5754682992471
42.866427054122 13.695011734841
51.24508351262 0.11697189510194
62.609253110182 15.002719848884
51.666845989258 8.1395757757777
34.762562662897 -117.94653284576
43.260723967248 13.410122526556
42.771050774407 12.33377878013
43.098426679216 12.105187650374
43.707317671158 13.123947182283
42.265828711126 12.208124917584
42.667999586423 12.348195076638
47.503409089289 7.1541331471662
42.966095049871 12.055090514524
43.387210785613 12.923007252146
43.768088695972 13.490333277516
42.08139286755 12.369483736537
43.221346779851 13.595223713964
42.629985905101 13.415077213878
43.442304962076 12.528654915548
46.767173778157 1.9887469136104
43.677518358791 12.943047100207
46.512201539479 8.5974042492907
43.161715619362 13.688165986786
