42.593433998822 12.424046658198
9.4406800411831 -79.637472755107
42.139518275943 12.578633060504
43.436476896276 13.79978857415
42.693390857772 13.621474528996
34.374844602886 -84.823090295815
53.431199315438 5.2531134353499
42.329518049198 11.838937879952
42.446838157015 13.15951714162
43.35926588597 12.228476747998
41.885478942157 13.154933832213
43.567863754748 12.304516468826
42.27084046617 13.704462576541
43.07105716463 13.113691689986
46.919244861193 8.9426358584047
42.873144681062 13.037538322193
42.236389922109 11.950485461389
42.271064483708 13.294569390984
51.34221934124 8.3706167020698
51.224155816587 -0.52485643589629
43.317121455149 12.848026978268
43.681909379888 11.94573984481
44.190910824177 8.7545275612312
42.697144835602 11.867247148842
51.806221435455 0.099225611886585
33.298626773704 -83.503137018207
50.573831233696 -1.0077446005855
43.156769971457 13.564709437364
43.663539630691 12.424223540104
42.97163343896 13.448569047495
42.391100432461 13.781508922962
42.875642796476 13.811154016692
42.760921360835 12.712747520654
43.636652631537 12.205096979742
50.194308776033 8.8928788541317
43.39822490534 13.13542940802
42.86702307589 13.092332216044
42.879985060675 13.261013162372
42.689643647398 11.861678877802
43.263634855537 13.304517450905
43.06687371764 12.883396909073
46.58343651266 7.1893174611914
43.078544885909 12.620173139342
42.03331690099 12.744705540962
42.48641620834 13.256627197984
43.444568587229 13.216812253586
42.033621340561 12.388299992044
42.706734581269 13.004058775049
43.654366202978 12.701557252438
51.735705006745 9.9707205658642
43.376922015763 13.097806579034
51.063350933168 8.3790486512608
41.945090078744 13.504304049327
42.913499296158 12.985127522159
43.832329185157 11.99786096627
43.612197721683 13.711264455578
42.597074996048 13.644742111531
42.024696006006 13.379017956752
40.526392033773 -74.473040842469
43.21355172771 13.30076751129
41.852145365857 13.420300425713
43.249592836152 13.382295755869
43.349384654963 12.417636920448
43.682576936543 12.713404810409
50.726889688394 8.7247537452377
26.946749020326 -80.878898750278
43.571361297563 12.026947351206
42.258700501315 12.367036737694
50.597491955314 15.397295381826
42.200873240943 13.07217373751
42.560236275478 13.410531471696
41.967806885956 13.730585895374
42.089306632119 13.67971535899
42.561792318526 11.903558605327
51.432180137109 8.1572541665087
51.947866843523 9.6431152208909
33.605407087726 -118.57084375253
42.270377195121 12.357460796089
42.335823518867 11.953641162719
43.436302467474 12.98049254251
45.600717267464 7.4111366499523
40.108948562242 7.9075591193377
46.507715093183 8.6571361790422
43.264418391655 12.864518574863
51.579497053092 9.3669603855195
44.701151551703 7.3706271899052
49.482886179692 5.263741545481
43.604702666704 12.47669618182
42.378168181713 12.134950057222
42.322008966639 13.793352782185
43.714774146099 13.739560158357
41.940609195263 12.485202603755
43.784136988609 12.948964727574
43.68637100455 13.258111477039
