42.706983157318 13.422756707048
43.317072192841 12.201180687289
43.563145078536 13.124248147555
25.058650489441 -79.230658639605
42.681335681922 13.421496742622
41.426759514991 14.985238281633
43.746722315807 12.733613931471
42.814080228498 13.574100324241
43.707990896773 13.69731507159
43.641275103524 13.386921390161
43.327613462402 13.209324948142
41.913063255888 11.617887705014
43.317900598684 13.612072547738
42.250144695069 11.867326527328
43.760521486311 12.609437931634
43.429825457965 13.106930868305
42.280192589073 13.458617864877
45.855923150599 1.0903077172536
43.051768844527 13.089712174672
46.741040125369 7.9324998729548
43.620170734667 12.127460244192
41.885948087522 13.201059778801
43.084672655971 13.420410194185
44.55739474076 8.0209606609638
42.439813162892 13.12371223614
43.279643329943 13.098422566961
44.630855426046 9.3529685958069
46.127499932136 10.164101553293
42.717091597972 12.534434372363
42.103336915909 13.772830448029
51.539454271337 9.6199657738302
42.567199474486 12.629625872092
39.956083240664 -73.918121149978
51.791014210689 9.1270136917601
41.992198023962 12.948895749168
51.913539364428 8.5618862652042
45.747524753095 2.235724430641
44.774110873858 11.961849486659
43.663936135224 12.70761087991
62.79713980425 15.693375244128
42.401013550556 13.279230070917
45.170954591164 9.7152281925874
43.781991155738 12.392227110657
26.484506578393 -80.995567642426
43.148083337673 13.523420404442
43.304046464315 13.556610857417
26.637813816127 -79.151285114113
42.612240259376 12.556673545671
42.439175332656 12.288334424763
43.328900881751 13.31065781757
43.753495295438 12.625748554091
50.458352881697 8.387275877589
46.159872314036 1.2845218704476
51.155870045608 9.9447185154747
43.287666538885 12.624429240203
42.086622732287 12.953128744382
45.285631046298 2.0749017568654
50.458139392295 9.0847651791222
42.513611740693 12.183136259312
52.655745732205 6.2352580276715
41.845057350532 12.352470548077
43.079845749366 11.891358788561
43.757135723625 12.767114434769
39.022685006446 -76.95047225983
42.7919337311 12.725591889941
51.636625902558 8.6550687517296
43.21978266177 12.715650553704
42.082407841518 13.272567892595
42.179796846223 12.747729540706
47.841475866449 13.744366272953
50.92679225976 8.3468765878803
43.365629170281 11.908148762283
42.560710169191 13.165831722417
42.577489768911 12.109544925929
42.598809275145 13.725000144341
42.033087702039 12.952756313606
43.217183414969 12.603019604761
43.636104220376 12.882255660802
45.391179361123 8.9284948377537
43.810542500045 12.299710620821
42.500318065074 11.852576768444
41.957684012597 12.90338268408
41.980434382346 13.543584111421
52.305728929027 0.72336488618207
40.406922944736 -111.94465364686
42.480467408209 13.054804527713
45.288371763792 1.7817319169555
42.052287114364 13.175591396736
43.095264727781 13.542388884624
51.581099615237 8.4920518232938
43.010649877626 13.675917772912
42.460653944642 13.109371252896
53.656147694986 -8.5220544079887
40.799705749436 -75.269206598192
50.607634641513 9.3375731247187
42.121424170754 12.710000619178
42.507335579746 12.056818707428
42.513472826015 12.224790754388
42.909091522896 12.53121398323
43.347762009778 13.146248249892
42.410908640575 12.404180818447
43.323851003949 11.845594393039
43.799902214597 12.581198078406
42.004882416246 13.080325268733
42.700232236528 12.212540045501
43.198659146318 12.002667270623
43.238189578654 12.28553063531
43.649554488107 13.608674147471
42.382338960854 12.01125619144
42.347052874692 12.036347700321
42.704818299389 13.205220922479
42.655808431888 13.73101839925
43.100325748858 13.731311361201
61.820058850022 9.8546351277524
43.218428960193 11.905747721414
42.226455823645 12.01316181899
50.664056183148 9.3152221377544
51.56623408085 9.9804621143176
43.000356110765 12.347887464516
41.993345350045 11.938549824983
41.907232689649 12.915452908241
43.213795329099 13.663878845847
52.437805815571 6.48296269762
29.135032479723 -97.495349590459
43.26745797848 12.756875068788
37.739011408174 -96.537777193607
42.893905582344 13.796625650414
43.391509136388 13.628677511901
50.622842624375 -0.038157892482424
54.238538967005 -5.5898348574192
43.814849390583 12.322543603539
42.33813578793 12.933666656715
42.970371628187 12.530242676649
50.996781724038 9.3037261098175
42.851102348136 -83.255766963447
42.537637307114 12.040404519572
43.511749477851 13.023087659882
41.875932907649 12.03700730255
47.540354460729 7.157187569494
41.935624637632 12.327244387647
42.161665749832 12.780282582541
59.147592093399 100.66679791346
50.197048856969 9.0626438637556
42.807712487342 12.8240013718
39.971537862577 -75.323473738323
45.85892231635 9.3410117446193
52.133952365086 -0.3119174127569
41.895688688355 12.1111433693
43.224305290854 13.727674251782
42.667031115718 12.344859623066
42.861084787131 13.496646642006
52.510575978556 5.5739795373864
45.69329854208 9.2863256934711
50.957804667278 9.1172559913794
42.270120909119 13.761599558316
42.745525577474 11.974365046723
42.032120157069 13.458968938563
43.448089882495 12.973878977829
41.952388606964 12.738624222476
42.012487575439 12.843571544107
42.909568673444 13.355376039352
43.098899449755 13.536967097587
45.118799096029 1.2316798531598
43.230849015189 12.888605409271
51.023126704163 8.4828821883923
41.27141483249 -73.577943882374
42.579393687018 11.850894084152
41.883693525069 13.291494105634
42.581413763401 12.430419978907
42.100983819992 13.127698080695
42.294585314737 11.973814821811
42.90451634347 13.18773146683
43.723700592652 12.952516193035
52.023821411898 5.9925027844694
43.531022798538 13.083373295669
41.935088540418 12.133266686079
43.428281100687 12.26636575596
42.104648393183 12.90321095006
43.36931689522 11.887910729709
42.649266312688 12.185406172755
43.164767615595 13.083888570372
43.232821707278 12.089176780141
45.763472633326 2.7965014440923
50.020564395478 8.7332554290692
51.203535170389 8.0640750890896
50.162891970558 8.9433519583863
51.355442348102 8.2147858181106
41.937876880627 12.227955973369
43.131320475217 13.777362985919
51.262718698598 8.1966169891863
42.368134274806 12.883870827001
43.771754097574 13.720545514843
41.849710787598 12.146187074106
43.790624550467 13.600343514069
42.068497107883 13.2200272322
42.472600167858 13.731792048447
46.060313443681 2.0219427892109
43.08435613994 13.475818038229
42.550266421444 -82.111148793044
42.154392398987 12.18908363545
42.084920575903 12.664968768465
43.593075254764 13.106674527354
42.484613980413 12.627722772152
43.388757197854 13.105962952204
34.72493279126 -117.43994730955
43.738691398773 12.022369258137
42.875106647574 13.016481831233
33.227383985004 -119.24407270451
43.289155533693 12.445364956972
45.555786794639 10.935154963439
43.207051452832 12.130365371786
42.134294722778 12.097826033897
42.045052701184 12.840021388552
42.879815673886 13.396733524018
30.22660960641 -97.638380265654
49.837864716483 -0.7582072388629
42.808237358859 12.036520306059
47.879972780067 8.1627782756289
43.878205766053 12.255766756581
43.231333579065 12.47641732894
40.007823035575 -74.441978100009
43.302364648482 12.456367748092
43.520030938818 11.894762252429
43.686555041807 13.228128054772
43.684419699819 12.698234706066
42.434331247341 13.58397694753
46.669654800868 7.619355861386
34.663575659855 -84.990895338259
45.417514799986 7.0295234930163
17.706985026324 -63.708575744095
42.562616348084 13.808521129123
