2.2093985656996 48.039881905492
2.9571944305218 47.873764099893
3.0192969555801 47.950031939337
3.1392042053325 48.025975909494
2.4168955195113 49.416408838475
2.9389950432531 46.995031911412
1.5494485597822 46.366734780542
2.7800067238417 46.996608392334
2.5232336565495 46.629615671295
3.1150875206386 49.411692558912
2.7972226020867 46.964528923372
2.995579865759 46.191568518612
1.7016468752393 49.537712300379
2.4461689433042 49.321599962272
2.5528026286293 46.489609149978
2.3738663815516 48.223677247799
2.4881290912107 46.367033274084
1.1796783326099 46.633235359394
2.3833467724656 46.295152257334
2.4376463989903 46.316296269333
2.2085427349473 46.26129008283
2.0869159344988 46.044084460961
2.6475618326327 46.17646664203
2.5058322462746 46.05711543423
1.5527359254438 46.285040699078
2.5418573448164 46.761859884375
1.8579645901257 46.840701233056
1.2214938086558 46.776992495999
2.0525182793161 46.28076830566
1.0991835031189 46.781214976116
2.3988736799913 45.962323490513
1.9173998534295 46.52148057079
2.7888939514704 46.920742789712
1.759445391949 46.167727577578
1.5890715590627 46.440527950153
1.6394202605073 46.291839698
2.2007729405285 47.875773860016
2.306504594093 49.439294808216
1.90829701438 46.449258558196
2.6259027759665 46.216455299508
2.1774643036432 46.829330608635
1.3802527521645 46.766204042251
1.1573036118212 46.518273481875
1.1786739217018 46.713864494448
2.3335337421547 46.921851320621
2.3312752909638 46.58135051447
2.597899246308 45.801014751569
1.9393059489966 46.906802779952
2.6141340437411 45.829993970147
2.1114743613226 46.696586153329
1.9147756739159 49.441630149455
2.128269773502 46.444871423508
1.2393627139923 46.607535875685
2.4520599923339 46.402322163993
2.2126857895463 45.951914607525
2.4983880734274 49.567832743015
2.8523010797111 46.13904828119
2.7159395365584 45.828702090228
2.377681759362 46.89456615499
1.9728434374429 46.325906504563
2.7944288779024 46.347924022166
1.632216885049 46.963818937523
1.3672091939334 46.657911074654
1.7239815130476 46.50857724273
1.8476129112987 46.119584803525
2.3270869273097 49.546686043684
2.6110274722595 49.292711060097
1.8836004780063 46.701072259667
3.6176508542232 50.768417535263
1.6445903788273 48.064688721169
2.9704619701814 46.797750881779
2.9936313154146 45.885215153864
1.6518017969335 46.275533883495
2.5316072229909 46.838153039496
1.1012550578924 46.346931110763
1.7388310230984 46.107925148731
1.7513510215801 46.332123234091
2.0218726140549 46.017060447027
2.120994919036 46.755378348639
2.8474344922451 46.242562030089
2.319018090758 46.124825606646
2.9964246191068 46.249690626864
1.6899377366947 46.730625504502
2.6480601307228 46.978201674753
2.9636311726475 45.793525379055
1.1088748216205 46.684817383385
1.9880937412326 46.35441321803
2.0634841854048 46.409987393492
2.7937023443141 46.348898493382
2.3623894277785 46.361309391615
1.6554247241725 46.74240203376
2.3010487644217 49.029343255276
2.790366826947 46.210617974499
1.5818955514496 46.892772185566
1.7837765141315 46.132320875364
2.8442208728959 46.832194649536
1.7450925576245 46.740332053853
1.7753885629472 46.586890946416
2.4446357672311 46.160106415004
2.8228641472863 45.908951057079
2.5797449767495 46.212865820254
2.5204232696073 46.309090916211
2.525775564148 46.600155479554
2.533684152427 46.169193547763
1.9874916621426 46.261707035481
2.5834832841454 46.664007608622
1.3322740468813 46.88924307371
1.895459965754 46.0519299838
1.2107981029948 46.910202329937
2.2363894052042 46.242443599851
1.5095409380782 46.505676734497
2.5511160784173 46.985001385205
1.5362638824323 46.802628036497
1.1297615315438 46.995154459958
2.4535604363557 45.933458210869
2.8451753113629 46.163608818857
1.7454527731731 46.684156484289
1.8264339379158 46.198285029828
2.5873064997547 46.380416206261
2.4337267938227 46.366986848585
1.8134442711312 46.423855947062
2.2696889994059 46.099578551994
1.6431730220295 46.211749183578
2.2581852762044 48.380768635886
2.2135961890284 46.087438741274
2.1401559389849 46.981657788149
2.0998864630702 46.763174589147
2.2658378324778 46.184953224931
2.9461362319748 46.401774114185
2.0924398159107 46.347875395952
2.0990550811864 46.74823104625
2.6051965433197 46.295443009257
2.1023137420892 46.849439099361
2.8890894338903 45.796392547338
2.6195368629971 46.150811757031
1.8937693107379 46.639791067522
2.726339907258 46.581818836546
1.4185583798301 46.339653470246
1.5295997399509 46.813819548028
1.5848139825206 46.757989367823
1.1934188563346 46.668802967606
2.7342017380214 46.372462235565
2.9709428362413 46.750752165798
2.0028406279175 46.154970250165
1.5369517489043 46.32170867283
1.7396027058082 46.690182428197
2.489852345311 46.434217312575
1.9522632858494 46.997296687214
1.6046841799303 46.378630820838
2.6952438087646 46.298624998098
2.4622962290711 46.37441840599
2.6397060703671 45.888259882055
1.7303499512981 46.117070654462
2.9964871676622 46.417785046351
2.6775643921818 46.30849606465
2.1427103984834 46.640126491729
1.9621339037583 49.128963301416
1.6939100072225 46.33811882154
1.4060183411492 46.599844475556
2.3850586672244 46.423722403321
2.9734015357557 46.181034565522
1.207221909057 46.395890068913
2.6547793977218 45.814526876814
1.9041801457778 46.961559581087
1.4198585308249 46.730047238865
2.1979841986662 46.404523460383
2.2238348909765 46.745155297567
2.6611316118674 46.15297189688
2.0430696114778 49.382839220407
1.2304707147323 46.590331278085
1.8684391350804 46.283015851529
2.0599548132438 46.527140036471
2.5918310874104 46.515418133473
1.4881815218777 46.505136414666
1.6252638314037 46.688796402742
2.7263455911197 46.735328764066
1.5308356762542 46.936559622146
1.2369624894284 46.91502164766
2.4334336446754 46.04971950457
1.7712071299419 46.868920378326
2.8863453710854 46.330929574245
1.894539465613 46.707601851182
1.0475905463321 46.45008096958
1.6779087207643 46.574563020642
1.6785793070116 46.93680275089
2.8445077635555 45.926990032162
2.6957657279893 46.642629782037
1.3891155516678 46.186980122322
1.6840938994121 46.575352962397
2.5654157682161 45.946132258953
2.9610230191429 46.226543586341
2.4943638148226 46.326754208806
1.4924541625625 46.41362566427
2.7668802848863 46.619610154824
2.8310199476923 46.928476685159
1.7554384557323 46.538760644635
1.9863925126994 48.49846052162
2.273905301848 48.910997647683
2.5969728981806 48.716923584497
2.8138208323223 46.398213893826
1.4207677289009 46.495548520002
1.0070769176851 46.468777517541
2.4193371787757 46.854751442026
2.7083219777366 46.087085993535
2.0806041155386 46.547721128235
2.1213565986237 46.159795374218
2.8997960127424 46.907885352107
2.1105433423587 46.378564969813
2.5207224993597 46.217750414376
2.0994793321469 46.990292055993
2.1307636805232 49.558411319467
1.9816008461554 46.273319840558
2.0304039768085 46.774847494799
2.5791479938566 46.296397223741
2.2944437224858 46.138450502948
2.3286559830087 45.99838199513
1.3922025209256 46.70357297254
2.8294063014115 45.929603613415
2.4430122959628 46.468837032313
1.9474394768232 46.672552150056
2.4035217479819 46.780783835696
1.6183522798206 46.625917707861
2.9596355724892 46.417372217131
1.6478064314685 46.749269336345
2.1621899433258 46.84559118368
2.5951588040195 46.790549520306
1.2391182618398 46.234695552958
2.7086114043876 46.45783864309
2.2028117031803 46.172541071741
1.3232452167772 46.602307534126
1.1683605942728 46.351266488596
2.8188238059258 46.812319524033
1.5088743597776 46.983985919032
2.2830128168142 46.761583544203
2.404706740009 46.860870806436
1.8450626460114 46.76513658779
2.6057405728618 48.115567474147
2.5173307007725 46.043367128839
2.4905671782282 46.82565280787
1.777700954479 46.431219243645
2.6405016284625 46.24673345324
3.2260710740328 47.881861466792
1.0106363911231 46.891584041012
2.4034027454459 46.64999708843
1.2307226696195 46.86556780332
1.6020457579764 46.733893561053
1.2346945755345 46.498720490606
2.8834406257996 46.054548916898
2.1535643786907 46.008859534286
1.2279229439925 46.260841879184
2.5040555053875 46.442949805149
2.5096478175882 46.787286200462
2.2534956895995 46.615270328529
2.4518936464805 46.078990699294
1.1657430902895 46.975182394951
2.0109338127128 46.87705587264
2.7030804025489 46.193182535094
2.5534952397242 46.175436972722
1.8804964869658 46.668454658551
1.7841259943247 46.255648654073
2.7026237392345 45.987601930735
1.2407239453125 46.3622796621
2.3998835917562 46.228285390059
2.9217404285081 45.873910807946
2.8478455277383 46.631222110536
2.5072631516993 46.989801550745
1.9928973847967 45.99749738071
1.4261521361634 49.328383932907
2.275631160138 46.843315855527
2.9854731722667 46.307890575523
1.3518167912736 46.902820872098
2.9165660556949 46.614124018054
2.8699200208624 45.919842471331
1.2655195916377 46.642696630509
2.9939291747259 46.78906946992
2.4138001622441 49.069406446966
2.8007702374834 46.229701313763
2.2076255284285 46.702027826897
2.7696668239169 46.763770505676
1.7752529488761 46.836894443183
1.9192466216987 48.230766668134
3.2556490255118 48.597936400067
4.6785896986444 46.328088120927
2.8666931799924 46.88365157921
1.5492102867432 48.767557484388
2.9808944002636 46.299677509023
1.3926173357259 46.538091118232
1.0740711060698 46.500721190358
2.690882192315 46.829287286303
2.9372000703296 45.963503223827
2.5482632646096 46.229162603723
2.8338068466791 46.226959760407
2.8480757246018 46.035507839655
1.8811591532459 46.800061654672
1.6782281136505 46.778226981302
2.5174955779302 46.14712049167
2.5583885850191 45.85344237874
2.104063733995 46.444509958124
2.2791595050502 46.909299137494
2.6018677598805 46.797086057624
1.9237017733621 46.112558991235
2.7702658319707 46.024546383426
1.9045614413473 46.051521901997
1.1171903089235 46.535461745474
1.1413629200036 46.799479861185
2.9705360298839 46.91003384856
3.4309280849243 49.021884384099
1.6894016613669 46.938033679937
4.6249336444446 47.264276060401
2.3877941665183 46.908308559055
2.5805684622031 48.733418112895
2.9339904193459 46.379218991091
2.6291925993884 46.989631061903
1.4490728827422 46.328115673423
2.0900753885927 46.753720950221
1.4681947964561 46.586988102918
2.5120275828578 46.190084755044
2.8182667967948 46.51101991884
2.3568095687576 45.967435000449
2.0599060948286 46.228883798806
2.9433919838366 46.049897730839
1.7766238286982 46.182108023289
1.6046621746405 46.567084461249
2.564341297636 46.33913442648
2.6642263823488 45.813338156703
2.008128755264 46.801322295704
3.1510894348362 48.627855361198
1.4268942202567 46.952086140379
1.0284917848317 46.592539026212
2.5445169245566 46.722306719852
1.4568082254645 46.34191722951
2.4065537375428 46.766680734589
2.9257296770465 46.412006653106
2.8165545807297 46.260221209033
2.6292948180946 46.761745163129
2.0978487655976 46.443375387901
1.7053951726786 46.772387060696
1.426011170459 46.569917403893
2.1222567838255 46.922216045634
2.0597678465116 46.8637397433
2.1203969871255 46.460501327394
2.3224781091895 45.931795704612
1.8739557023505 46.787694557005
1.484896244707 46.792344831299
2.8169481173912 49.037756401064
2.2139430875955 46.495074501957
2.4533091240811 46.586235442006
2.5510696897055 46.416469067529
2.5897513910149 46.23614265967
1.8284037191553 46.636331922205
1.4124295694811 46.808765484397
2.731526538139 46.200370552577
2.8178648514756 46.658626206992
1.38893934078 46.436995825468
1.7372233447326 46.660960122785
2.6803003962526 46.645974630791
2.4724132211285 46.906222316393
1.1964633870853 46.799051458854
1.1389053599624 46.813685020811
1.4427167561104 46.592664292358
1.3736537375365 46.575932996616
2.8036416521313 46.539771952918
1.7120569272489 46.382627542309
3.0265135148408 49.583659037686
2.9859533798815 46.653890136003
2.5574854796554 46.368926335764
1.0253257318518 46.673336353001
1.9331219065623 46.299871250195
2.9905946003229 45.903540263839
2.5283948469574 46.074670101551
1.4209499375061 46.96393295888
1.4982874745029 46.851118826704
2.4849033129797 46.209549908158
1.4615214543704 46.610857160581
1.4675771894248 46.65346118
2.7595573150364 46.469956480185
2.4969813998309 46.511927752994
1.2177553503857 46.859441609988
2.7876408299374 46.375591345306
1.521192717143 46.514756372438
1.4563343480492 46.792880418148
2.303417997576 46.019906814219
2.4355655053796 46.416369146861
1.660710929735 46.896683731534
1.4596017079705 46.347684248047
1.8209408260048 46.770921165483
2.8332817469879 46.760025859233
2.6149802685785 46.570508227484
2.4542125167578 46.3253377766
1.7468630730858 46.416128264934
2.7697147171803 46.461173098283
2.8013852638199 45.798594740591
2.4777045610723 45.912273664452
2.514708366019 46.094814815137
1.6749903786345 46.466815902603
1.7154547715166 46.151876946516
2.0706154671826 46.048015545145
1.7049240524438 46.70492224009
1.6739784575412 46.639187468513
2.7421757242373 46.680488320384
1.229545763335 46.556702915838
1.2618511590463 46.251799079707
2.3692465458853 46.808709004339
1.8749318764894 46.118218542132
2.2699175375839 46.933751028466
2.1543320022311 46.682448065226
3.2853274610035 47.965752593624
3.0013359257296 49.256721944244
2.2056009786266 47.951496347286
2.1815100429494 46.361499899701
1.5204702031428 46.175989201374
2.2364958274348 46.770147912097
2.6691820983166 46.840817039758
1.2159528686739 46.848318182327
1.2385213762701 46.540228251154
1.0308031956809 46.540364939971
1.8300447826414 46.722348173485
2.4305689308935 46.593082247112
1.5258428163481 46.494604125384
2.0791092585209 46.113209196885
1.3985219553106 46.823259012691
1.5496233471435 46.684331714494
3.1315772359617 49.338984571022
2.6501402089606 46.707082108458
1.8324995556998 46.20312555656
2.9912977353629 45.996892814523
2.9018688550693 45.733248204334
2.2965300717841 46.496391906168
2.9388798293373 46.383740229711
2.4724204486573 46.907830344004
1.6119998537991 46.239233867842
1.6963699807862 46.910130116581
1.4331301834589 46.842550079731
2.6738603968262 49.799152136154
2.7923964694107 46.49228718015
2.0723353401163 46.837661030161
2.6543418986976 46.990654663178
1.7199088757485 46.942613971393
2.5730807741979 46.561431577225
1.5729140530214 46.591633543182
2.028897477793 46.3115872677
2.6085309887345 46.652027652903
1.5246972723513 46.733429421547
1.6266379852903 46.797214283979
2.5962344806624 45.818525889338
2.2320763865635 46.103742998142
2.0283767944334 46.620328293005
1.1031542635072 46.763182543108
2.3629412662065 46.73039744223
2.9051999994112 46.532788194498
2.8141815316929 46.386266967462
2.2890984813166 46.861003412335
2.1904486311555 46.380303391433
1.7812521032902 46.742547557569
2.6565518074932 46.769424444888
2.9388921665675 45.696950248767
2.2723061182873 46.46395384635
2.5765452634434 46.675123948918
2.4060121515794 45.980514142653
1.0149160958896 46.982381532426
2.1480708206762 46.162172725965
3.0978745070779 49.542601817529
1.5817755891857 46.206041643026
1.6430490853465 46.210845876118
2.6682747857032 46.810526226559
2.0848879078798 46.116231366115
3.9757123067862 49.944853511634
2.9081119852644 45.949480512156
2.0400259061903 46.709617910771
1.5177426987876 46.26268809301
1.9259711876167 46.584192854624
2.9370857220781 46.806687558445
2.0197961824107 46.231907380387
2.9084822041488 46.112077677675
2.382192698951 46.82899275321
2.4618624092368 46.222683834016
2.7966287028029 45.752812789638
1.6252668661183 46.63870430069
1.8164803682903 46.23190374171
1.4442542844658 46.977664427356
1.3501494691475 46.284150582871
1.7240877397005 46.577012056288
2.0983494800042 46.781695953469
2.7232674033024 45.781431637137
2.2444800586647 46.705928536926
1.7045790668133 46.367463884581
1.9653651150714 46.947338115399
1.0762167722342 46.682317589262
2.6147292645717 46.972687835792
2.9726746766701 46.87557749165
2.9325806898682 46.849929888663
1.9386484748398 46.234835658332
1.1641509333458 46.988909413567
2.4489763180953 46.076725619415
1.9639374515805 46.055451389428
1.3859662550436 46.449991013599
2.7844080337251 46.42664901513
1.3366983920972 46.331082747938
2.3303294071603 46.582488440714
1.4628284068139 46.726945997089
2.9663655916072 46.540958938906
3.2017249957411 49.457092682045
2.1600372698903 46.039802903794
1.3394269418621 46.629306862424
1.5529543620315 46.44145407036
1.1387287774769 46.396365062984
1.6750705766841 46.558566373102
1.9309057932957 46.44758796573
1.0190878291703 46.694585411202
1.749318671296 46.296052002952
1.2982020579736 46.791493897229
2.7795454206781 45.784010000892
1.6956940492129 46.155226160379
2.972780499129 46.375121818099
1.8934135119866 46.233158046023
1.4513589830377 46.739146453673
2.3720893754494 46.731645413549
2.0580491179615 49.187035295201
1.2502514348599 46.631756450809
2.9808390899472 46.937265402608
2.079603754021 46.781439226485
2.2261515731114 46.150412488799
1.6253327199376 46.195858655123
1.548852095636 46.81630102909
2.5063197964366 45.873261825123
2.6202732956131 46.237279038987
2.5207255531665 46.440322764423
1.9633415890687 46.728322993837
2.6279295816216 46.479839851838
2.3774282508169 49.389620519823
1.0592408310898 46.471090261578
1.5018449283679 46.372628656389
2.9867280651753 46.709502102206
2.056040424414 46.849141299654
2.7350924437563 46.154872945116
1.9411856657552 46.241184434034
1.5443416296245 46.935790744115
2.8223776321301 48.290637138011
2.4931751165973 46.34983080409
1.0731706400743 46.604741606677
1.2194173253232 46.833982331601
1.9476228654141 46.944230529919
1.0563782374637 46.408152662408
2.4238681655488 46.580572099695
1.999203254934 46.638704363088
1.4264100168023 46.59206150686
1.6205527710824 46.438380498178
2.5638047748077 46.796274584623
1.9834558730868 46.121731468999
3.0252135723983 47.922940198285
3.1643753822764 48.110597502947
1.6313832507615 46.644298079258
2.5228676840304 46.539944834327
2.0524100079445 46.145281925399
3.2055958186978 48.76256618305
3.1264719658226 49.253968115072
1.6563828530053 46.876696026361
2.3282946917826 46.666677243387
1.6378246944574 46.811125145206
1.7861967532831 46.132797564907
1.4605003387949 46.237435962184
2.9900556588499 46.581346038534
3.7487661557965 50.075811639484
1.7796501167024 46.460800306155
2.7025640628778 45.915253188422
2.3945282075529 46.805356303605
1.9072115486056 46.764080059605
4.5073384500608 49.955667685718
1.2108516829139 46.936487822298
1.6294216735426 46.285348524007
2.0084936372044 46.623950674023
2.1937697246642 46.553323382304
3.3067499728476 49.169782654916
2.6340751129361 46.544579793021
1.5161486605723 46.296420036022
2.9827343495482 46.750340274885
1.5637264310213 46.945722566427
2.8803366585077 45.869016588139
2.8761434142577 48.888408335738
2.6459560606843 46.748654479975
3.190219381637 49.643273250489
1.8993854899422 46.946610019983
1.4657336103105 46.311039387859
1.9591699405383 46.957792160547
2.8056102338273 45.954594911055
2.8013301160193 46.648642093245
2.723962345032 46.008387434766
2.2825527280953 46.0255623893
2.023950350482 46.150741681527
2.6280047095511 46.876749377175
1.534816227171 46.93322928433
2.9004431473559 45.879970220327
2.8032115291819 46.542200523215
4.018489729156 49.878015347721
2.8006714302118 46.398813964053
2.0253310972011 46.48074699821
2.9708768441206 45.770791861588
3.1773456659738 48.909059792181
1.8991209761701 46.666307358847
2.5197212144359 46.865411640082
2.0866630878703 46.458353305449
1.9031677091975 46.790897842865
2.7008206065282 46.410658406751
1.2087150193791 46.399753996823
1.8667791112637 46.218420517733
1.9248888562084 46.802318032739
2.8846140354334 46.0589966588
3.0581494423576 48.674668726758
2.5897514319931 46.703905143172
1.4354645788835 46.559825730305
2.7363533367106 46.273752652702
1.71903094124 46.397139765973
1.7535408948332 46.166405897199
2.4600778848213 46.169314662539
1.1932998351722 46.284936298283
2.3300385706769 48.977018751183
1.9182241148866 46.467402200898
2.5796227420585 46.68731318679
1.768531042509 46.717776760793
1.2906943356109 46.283972762192
2.8986039375414 46.837626375182
2.1529715471682 46.889010715247
2.264710529365 46.346037062046
2.7305212191914 45.790904523707
2.4298721344349 46.949877132173
2.3073599735775 46.557596574797
2.8490995703494 46.326762104559
3.259802772107 49.772854060693
2.5887289930083 46.243451590297
2.0701307095914 46.718979322221
2.7978604556051 46.915604502389
2.7488486146316 45.815297269642
1.6120402410682 46.449370724824
1.6819529317701 46.215080898355
1.672987874445 46.285646744671
2.3416282368552 46.550935421396
2.629957602187 46.474955307075
2.6176998547338 48.994119176287
2.7859817192824 46.909302930771
2.9873668076412 46.398743374459
2.0410299208206 46.039498483781
1.2720229976215 46.742712989795
2.3150223671994 46.245302087742
1.4084364610763 46.745628692557
1.280833198354 46.34657229639
2.0336120193981 46.07244780244
2.3387010569399 46.54886237604
2.9908279497134 46.3956547074
2.4706192661406 46.021877964503
2.6563330314384 46.005396333526
1.6181222654963 46.673806919564
1.5943656571183 46.366328592583
1.7890615462275 46.863437327958
1.1474686638207 46.496443077222
1.9559541679714 46.67422458328
2.959892057795 45.734441558241
2.2408993478124 45.976305678941
2.7737630907324 45.891517051911
2.131887679981 46.302831715114
1.2437031936104 46.822367352816
1.085419683757 46.981485574032
1.5226891397139 46.93686410549
2.7333634415331 45.890266733659
1.2529069097959 46.754562934281
2.696183985889 46.474427579657
2.240488789622 46.94704044049
2.5822444500319 46.753952968751
2.6989306764207 46.842374712621
1.8861593263625 46.807814840138
2.6108480834453 46.857711666663
2.1658009938736 46.034607786701
1.4766273850001 46.873598219302
2.0771460396867 48.242191375854
2.4574740368209 46.427246383125
1.8325410717318 46.801259458904
1.1764740073944 46.542791283011
2.269104164219 46.439017990808
1.0238575320802 46.454085437327
2.330489293826 46.674758443457
2.1738930974034 46.232324242234
2.5739253287082 46.213478907577
2.2322134921477 46.242874161453
1.9861186076822 46.830707068476
2.8934175078261 45.939182240022
2.8501089787344 46.725879568479
1.0694148559447 46.869448943934
2.2772912698902 48.396171365981
1.9150330922171 46.029561917777
2.7472790096641 45.945648424768
2.1384509513799 46.106734435124
1.1186248190322 46.501078074566
2.9232917157576 46.479476557337
2.2638657555281 45.945966287957
2.8632080363404 46.956266528906
2.9281147629619 45.995943241285
2.8801474298468 49.557097124128
2.9269335632804 46.940534170224
2.0333116785778 46.662864603877
2.4279758508447 46.129873836939
2.0926891053527 46.919542784765
2.3729835047261 46.320758153834
1.4954473294762 46.448478901968
2.8846806580595 46.959522534609
2.2538543116552 46.300045687379
2.4908004070124 46.15722865153
2.3932181244684 46.3218181335
1.6511434571124 46.985049225849
1.4503289677437 46.864322808508
2.0228295950325 46.098283251793
2.2864059630252 46.500792139443
1.0753587275163 46.596627954206
2.5749925461481 45.865747357656
1.9549565557181 46.603350773735
1.6944468797624 46.757876876163
2.583662250351 46.683916662672
2.2046710826478 46.9624923216
2.388556180491 48.865903607905
2.9352418416809 46.573628363932
1.6923106949275 46.847735857054
2.5295163809925 46.014615717816
1.5984170290634 46.265352478374
2.2764226325212 45.932463880131
1.4836054176481 46.924585072289
1.6929146473729 46.601709413157
2.8980569727244 45.990528126243
1.2880816637949 46.521851267443
2.9969557533026 46.281783888248
2.760078196492 49.230404725395
1.8292174669119 46.68613255801
1.7189601677093 46.407151754669
2.2982544169287 46.517752067893
2.8806950142052 46.775302627951
2.8607008386686 45.758048759661
1.9302006372857 46.514339715016
1.4592610855863 46.567788728777
2.4661681128043 46.178647466087
2.0518127777855 46.360837434121
2.1661006818368 46.082793236749
2.1441624090747 46.531892605374
2.5581332959971 46.54475571613
2.0037672694534 49.819132771657
2.3885594517615 48.751909896548
2.4139323166636 46.418559179371
1.3062825493078 46.645971203989
1.1376622976445 46.897414094721
2.6396715453079 46.647580438595
2.0750224409043 46.084818518294
1.8364138572916 49.829321810473
1.7025001462095 46.882054159363
1.9172928416716 46.960404247958
2.5062041447992 46.609801783045
1.8330097749727 48.40527941904
2.968274083905 46.631380330134
2.6734008205465 46.412439129042
2.6114094758459 46.148196012782
2.684816694206 46.427479611443
2.3560952457395 45.947507774899
2.4728801718321 46.243924799489
2.6942281861297 45.899246355937
2.9983230838544 46.603778839392
2.2544533918865 45.933460424158
2.2356025023552 46.860873910534
1.994681695008 46.030619157027
2.8345271678802 45.824233942583
2.3871544717751 45.969276790027
2.2227040791058 46.354076484849
1.845882849696 46.393811413736
1.1667606505411 46.614132701705
2.2476139055787 46.248215818893
2.6490958166282 49.514868244701
2.8087459107902 45.977005809069
1.0917382613252 46.427114451037
2.8830635141968 45.959512463752
2.4214561051128 48.312933851221
2.371868692046 46.468127161017
1.3053274658999 46.657510823876
1.8677316046635 46.044323320987
2.7285371342341 46.962367303652
2.4102446881171 46.098401532554
2.576301752858 46.432234063014
2.8473021846229 47.906966350862
2.7868496988839 46.82034722195
1.5482821238918 46.857421693791
1.4850187713676 46.433984502886
1.8635468351951 46.639059506189
2.4829383755489 46.21197581627
1.3005669290668 46.358957101758
1.5181547964542 46.522139093616
1.9163350257633 46.072287654072
2.7290836375808 46.841060201098
2.9242431465184 46.61455117055
3.0283577016431 48.782730470708
2.7102162203333 45.799762588367
2.8980546080964 46.744723109875
1.7276718801482 46.155338170079
2.6253907222419 46.486268418602
2.0735378717415 46.494358268797
2.9523404869029 46.51868757164
2.9823668075388 48.215457318383
1.2414254714928 46.502443354811
2.3084303407503 46.250477564172
2.8766937893241 45.901334301057
2.0845828033446 46.32925946048
2.6519068235773 46.912577666767
1.7759786805957 46.082039330193
1.7915653110443 46.698497361829
1.1196863060443 46.447180725842
2.3510220099012 46.101138320799
2.5586140128336 49.11270722885
2.922329504938 46.200066795666
1.5250192142674 46.567413442567
2.5791952817604 46.720035855528
1.9965215907416 46.600327818468
1.2811316411389 46.693805947292
2.7349857430602 46.721237210893
1.1684409217762 46.419858204396
1.0917438860479 46.539579925844
1.5688689665724 46.762405085732
1.2928533620633 46.913598545787
2.2057228857678 46.384700955537
2.5730908217715 46.84451233309
1.9722029445563 46.950592952757
2.6985748967615 46.421487982115
1.0458469535438 46.454333097886
2.5360855853819 46.588538918453
2.0564440647403 46.8680741018
2.9249561591656 45.999508197885
1.740330697382 46.275653083006
2.4190260150558 46.084535953162
1.5603461584823 46.187640037941
2.4007118728015 46.620156459799
1.5602265356855 46.580468012756
2.9666176563905 46.429267255789
1.7963934022916 46.14206237306
1.1739086667886 46.453600350047
2.8791428952846 45.798809686582
2.6927784502938 46.856939029348
2.3098560079512 46.616570761249
2.9247760558151 46.000173830893
2.9233618150108 46.519942226596
2.2492402667409 46.291007617624
1.7258692647917 46.351576478384
2.2678382789101 46.560120264795
1.9933189419067 46.828691235198
2.6017530810096 46.702374984372
2.7700157504389 46.638515535108
2.7896688188378 46.645617608747
1.1462434041995 46.773041392571
1.8714128257108 46.683390367163
2.2515941645259 46.41873846176
1.6415159025423 46.494487831599
1.5226167042379 46.326924998931
1.4642075116114 46.230242007985
1.0780958487085 46.825488048059
2.8485050289186 46.052096928494
1.9003736455461 46.327944226716
2.1101144743665 46.20621959735
1.2009181055245 46.26048489579
2.0696698017743 46.314842161869
2.4135599101025 46.203044768052
1.8259457903104 46.860399433347
2.152365672473 46.155216863451
2.2744652620863 46.992011538237
1.7667443457836 46.249691222445
1.7091997171329 46.367393673103
2.4371985096658 45.891980081281
2.9184232405007 46.943114077646
2.3419721496021 46.057513861478
1.3550211476884 46.955309421269
2.7205095876569 46.540240623774
2.2942043874851 46.42313095295
2.5670051246728 46.645735943991
2.450854413887 46.830057544089
2.6084209231699 46.990531625687
1.9117626579999 46.931211679676
1.7220101276049 46.246004846527
1.1648063576616 46.423268039442
1.047955383569 46.592284391444
2.4809100262266 46.100493163849
1.4043293848654 46.524097152298
1.040696516652 46.921671261043
2.2191109947018 46.15610690981
1.2728548768316 46.869015669855
1.8407193123553 46.992535353635
2.2640296785459 46.220908339704
1.5793138121158 46.902713286645
1.0747094378223 46.863372082293
1.1670582649145 46.372155649761
1.363698090596 46.912829423283
2.1421293547108 46.621862983621
2.4822141823742 46.746748492935
1.6070442901026 46.200680744928
1.6541783477432 46.15642196087
1.5964067688195 46.982500652309
2.0155146718097 46.618353610215
1.3694070579342 46.278509454931
1.9898173524951 46.255708442654
2.068997454396 46.937562430714
1.7935178483806 46.383277510471
2.0596612515206 46.409445869927
1.7120557330176 49.428495381682
2.9045036634917 46.464777354367
2.8141699842243 46.845652582518
2.9272826248441 45.915958070623
2.4231946204897 46.895507055286
1.7152743445315 46.710091804485
2.2238783986419 46.017704826322
1.094477284278 46.402088378743
1.9119399771616 46.303074263643
1.0242091924996 46.417595627912
1.5412359193625 46.800662791729
2.2220984079047 46.897694056806
2.2303205859989 46.203340103013
1.4248135902103 46.934359107602
2.6397102436236 46.203642130924
1.5853309811025 46.355418256184
1.8346843320782 48.951044209211
1.5145802439724 46.861659169598
2.8841281621177 46.357700089625
1.6239481594525 46.150576924975
2.8915178253742 46.85219665703
2.168831070498 46.275410569401
1.839625260718 46.67786447782
2.8368298769169 46.761150039156
2.7863345284883 45.895456728011
2.360850318503 46.9275182597
1.7276582157834 46.405591759554
2.1494366424854 46.171094420911
1.161418081802 46.431478737589
1.1423744811408 46.78143101967
1.4286164070613 46.795261331273
1.7845522071163 46.119458746686
1.3971984923804 46.718381710685
2.460140784951 46.123325843887
2.8073946422932 46.002491778695
2.1425478477695 46.45616139679
2.4038092840481 46.38885826915
2.8192879840821 46.956183066571
2.0267732418267 46.071561544236
2.7763904634753 45.843847590426
1.4317648608385 46.244183339292
2.9615923354899 48.968321075581
1.8892107894128 46.57919865082
2.0380059876656 46.153132574238
2.7879404392037 46.298187480447
2.6121703542826 46.690653026426
2.0583075541343 46.299748981045
1.4571805905817 46.281298966278
2.278487961869 46.21185814506
1.7486682151205 46.832625917081
2.5291016197433 46.869505290813
1.8971076393021 46.275577447505
2.3601205576701 48.143479948863
2.5145065188686 49.572885596393
1.4393293170442 46.821679730817
2.8459324985025 46.797506665251
2.8265290099064 49.631201577599
2.6848040466862 48.933050237141
2.012244833639 46.247794517431
2.4040483270791 46.271370124198
2.2269642372741 46.140574363126
2.2858116716546 46.216904845655
1.4295140953872 46.443550165949
2.9027132470639 45.890849814234
2.9998081130906 45.917700300886
2.3330751747513 46.051512365719
1.293794990654 46.942163452013
2.5768373611275 46.444576659447
1.5098933593882 46.692778992789
1.1542110690634 46.304512052473
1.529516391237 46.868443661308
2.0059482478564 46.955000761875
2.3600674422272 46.19074623901
1.0908280346034 46.53987823871
2.7514018773806 46.909653449855
2.5473761761316 45.898941607633
2.4365126243707 48.854833738743
1.0209201439381 46.800353520457
1.0985094393131 46.93318236849
2.490251795617 46.624436176673
1.0574619705125 46.917697082701
1.9723287112882 46.516194440199
1.9409025269285 46.246064189005
2.9348974749143 46.111726953234
2.7970300395028 46.015881309293
2.8149408548209 46.902284266382
1.399094283301 46.885795546642
2.3262226718134 46.785862457373
2.6450611337298 46.099574305164
1.8937232405384 46.208896808889
3.2307848249975 48.44848600707
2.7167007535308 46.259929076889
1.7632296708241 46.819816939915
2.7165972938373 46.276598855982
2.7920980871618 45.833102772866
1.3303805712286 46.293248919907
1.863663995575 46.809049858157
2.8271356652617 46.503294378288
2.8641617805064 46.771386801624
2.2992103087246 46.393333407768
2.6150316300872 46.039444651007
1.2978919312814 46.315038354748
1.077573049384 46.852118898114
1.5133571077666 46.808746976223
2.7873260050292 48.276705173947
1.6281083552973 49.522131671839
2.5796917870546 46.057162235052
2.2963011936733 45.945355717533
2.2472571107779 46.87594029255
2.0392995514159 46.569919582722
2.5930845810068 46.080367581491
2.8679665936474 46.652504654905
2.9357891701794 46.053174906435
2.8477941522597 46.548275749454
2.7363481455186 45.892340143627
2.3190872102599 46.436060988547
1.6735605931252 46.8430386916
2.4358288889918 46.462662537332
2.5398146422044 49.627156616879
2.7963689113019 46.749982430483
2.1095847930338 46.031159841936
1.2515944681371 46.570112228659
2.3036742100044 46.207765591893
2.717666056807 46.794005349183
1.4705126874477 46.382737648386
2.1818788173524 46.934430546097
2.3670294682342 46.607172932759
1.4089811171447 46.726183204784
1.9350817682851 46.059241137495
2.5300668708654 46.444611129558
2.0728013548408 46.036697696911
1.6901850703592 46.120349373724
2.0785237187885 46.819414118221
2.4059950264199 46.99183707032
1.7310956515051 46.696410796929
1.227633133171 46.516867811567
2.3810674440703 48.544610003195
2.5212035754329 45.931965573659
1.5742715283177 46.766515874195
1.9811764040619 48.257539565727
2.3057513000936 46.599920382071
2.2200232777838 46.651133505931
1.8104220949162 46.754905376469
2.7823424517132 49.206128941934
2.3132720322555 49.441500900638
2.8727780957114 45.927861205734
1.7346316025288 46.989150179545
2.7025491244637 46.836786916869
2.0667425487501 46.43278377663
2.0425762469147 46.670823357846
2.9212601254328 46.917688391599
1.9741006651773 46.636100747453
2.1835347545257 46.584794812177
2.7713172783942 45.897632054937
1.5392250048645 46.940609707935
2.4184907145884 46.267545647578
2.2706993740381 46.301050030301
1.0244957232031 46.331103034006
2.2936705557134 46.825718749233
2.6345977106293 46.042333877665
2.2244096129315 46.236788396368
1.6993428416081 46.782694923125
1.1749574193614 46.444028414061
1.3963010643592 46.962374372856
1.6949356443691 46.643656897193
1.2633177648593 46.52958387068
1.7433654688035 46.35324395185
2.9257980771017 46.101730250801
2.1717590234111 46.919366826266
2.4281484337655 46.92150875643
2.1708116434379 46.160040440112
1.7781049268218 46.485983592219
1.9549937480851 46.237560350093
2.363692088222 46.934234072889
2.2560603168123 46.837305250968
1.5007278185807 46.855627048228
1.8264913208906 46.403931854481
2.1301824004064 46.595100667139
2.2851101231226 46.374652638275
2.5154236771704 46.17252383948
1.3845393966811 46.503998219736
1.8153494581652 46.608185781915
1.9939825762967 46.409409558591
4.1183324927084 50.48646009645
2.9629672365091 46.524578293098
1.4023029703658 46.595203453021
2.6256247133136 46.65565318831
2.4807840369087 46.216202979542
2.7597171714342 46.898538284888
2.3702478797036 46.310082560084
1.5093177907002 48.642555864783
2.9475764217542 46.405464731346
1.3004072342536 46.35215729538
1.7101530324249 46.402378483397
1.8758828164432 46.222026401768
1.2068736940654 46.330395612088
2.4120134808855 49.212902916627
1.7090205930681 46.325615021552
2.8755804057585 46.059251318248
2.9122299397887 46.95852632353
2.9710697410493 46.539826924698
2.7273719174449 46.387614274578
2.8864711909026 46.098565849521
2.479246708322 46.381545221611
2.9090670323507 46.465633270082
2.9614197145968 46.33400276412
1.2392928792347 46.356080060525
2.7612756375719 49.289355456896
1.6933403586472 46.50847626408
1.8508232039636 46.592117219973
1.2728980706413 46.724556071555
2.9008728959136 46.662134882837
1.6612078462081 46.820531523237
2.257486002174 45.998388633131
2.7781154591488 45.896758003112
1.8886639279726 46.86367961432
1.7525963693636 46.796368375791
2.9528548577581 46.425989428733
1.4135708401043 46.395580087041
2.0054099336292 45.991066739425
1.8051840219671 46.716517489271
2.4361080338415 46.922101144643
2.6909939272753 46.864970851627
2.4042125900296 45.954180100911
1.3870937369704 46.751747649979
1.2815953606188 46.376602021221
2.3832131481651 46.167297533326
3.7475985141497 49.678967401744
1.4986407912796 46.680184087567
2.9997964375651 46.579927553227
1.4748441369621 46.493592762618
1.653887839361 46.738677441952
2.5780191959711 46.758417742214
2.5525621364604 46.247133105643
2.938571382751 45.961542404239
2.8677657474148 45.716902266125
2.1494461945954 46.343956058074
2.0263380291994 46.703036197789
2.740703201732 46.237930891215
1.2157862103618 46.238338583726
2.1473708269873 46.659226568723
3.113341442552 49.027597800365
2.1186138131277 46.094759453132
1.689929629066 46.41485959823
2.862239404983 46.477889465856
1.1787151974527 46.872969322779
2.8383297942757 46.27719501838
2.6089705352713 45.826430705761
2.1762070465722 46.850103982654
1.4078546089157 46.627933920654
2.2280225608373 49.740188919751
1.0225218543888 46.552363870923
2.6690444497713 46.503832970049
1.4077986699565 46.620793217151
1.7064638914105 46.532678703094
2.4749739502906 45.867649004267
2.538022066717 46.535003870509
2.4492090258045 46.505730792184
1.9113376047049 46.104576769799
2.7166397146492 46.779175242772
2.6121141708512 46.952619822674
1.8507093148542 46.308133156648
2.849162568268 46.578842848809
2.5895468893412 46.867468744455
2.3228909747316 46.892166195853
2.7441420051009 45.941315259291
1.2498759875306 46.830100603788
2.766208657886 46.238109537046
2.7414020154352 46.544170989443
2.6243756597975 46.910195560618
2.5911049508193 49.139131391884
2.19013209417 46.774732253409
1.6715612964107 46.68518787049
2.455673244994 45.953561409355
2.1656330251906 45.949544757581
2.8335635060601 46.787857448118
2.3780962342294 46.452472862067
1.9601199892164 46.235434036346
2.4719917180352 46.439916024189
1.2349365191697 46.460611934057
2.2599503101129 46.269750031303
2.4787705133105 46.0663333922
1.1201836979576 46.807556976009
1.1586687034735 46.934937856595
1.8225536191941 46.74171438708
2.4098218723246 46.602294774541
1.6056727425222 46.205142180065
2.8783548888184 46.312835557066
1.5541467780965 46.389352617035
1.3537731349253 46.957026700935
2.3675762342138 46.029252656283
1.2435787926631 46.893727636847
1.7359323076605 46.690483091721
2.9337497073848 46.809653262519
2.4499797748634 46.220476019299
2.4800226490386 46.949516909639
2.2430491183154 46.238217576518
1.8977538451752 49.443637306941
2.467646221848 46.163778924459
2.107842249846 46.826187688776
1.9497185628627 46.377972577875
1.3764953880461 46.47543531725
1.7930013108035 46.523520682717
2.0967347245183 46.171226612838
1.9410282047191 46.054195612229
2.1495587714713 46.717305193524
2.1588013009908 46.063186456944
1.3398395242821 46.582613029789
2.1462851488713 46.011454016441
2.6299516277527 46.550038678362
2.9212505759049 49.365351637928
2.6382175337701 45.857542397854
1.9591642422411 46.412445690209
2.270824908405 46.855749914821
2.5207942102667 46.427829213174
2.3884517882897 46.057713110958
2.3271720876578 46.693570410224
1.60068130428 46.944108704545
1.8871887260523 46.073343066998
2.6678699556123 46.165080409108
2.9980095098717 46.229715457293
2.4790000019032 46.34031528716
1.8981153098392 46.259296215726
2.886397601518 46.991284113839
2.7957342983204 46.562078700197
2.0812737807079 46.035092848369
2.8573718200705 46.741093673157
1.8510542129404 46.826720454184
1.5197224358654 46.782986152816
2.2293589600499 46.963813060412
2.3187948247971 46.018003564336
2.4264146054287 46.423069316159
2.5562302216684 46.254521774247
2.3585125647292 46.036804921477
1.7425800104358 46.246186097733
2.0301303698566 47.893804695806
3.4065809045973 49.076652664597
2.5143046362858 45.853781587376
2.8561711492278 46.870520117167
2.8473716484603 46.431724263556
1.1383277066696 46.811736683739
2.8178646656768 46.492294037478
1.6150297839301 48.993553607711
2.0040251910705 46.384952137892
2.5686218429211 46.524601511436
2.6198328629228 46.100373691926
2.2253535893864 46.736160328955
1.8481989385785 46.396842904108
2.3826318664395 46.023731422156
1.2213832080464 46.955069131663
2.052450943297 46.691468285253
1.2625618988008 46.76527528873
2.1119137704894 46.513696742018
1.7457451861099 46.725212849549
1.420227797432 46.856833125864
1.9959347983803 46.283680631446
1.9935520552069 46.906264208679
1.4777116954689 46.33739855389
1.0893012355498 46.908112395046
2.4630011266391 46.081986310464
2.6939333131043 45.985339994535
2.6406684660542 45.816785280042
2.6164457349183 46.876646196412
1.1150706862635 46.342272422901
1.9153287610576 46.632035502993
1.7590838986258 46.718678769059
1.3518652754612 46.232797920812
2.2882050197982 46.621565687294
2.9863618044119 46.284092886971
1.976243501518 46.5289768309
2.4499256920302 45.857596240406
1.0482274834291 46.778057294329
2.9391260635756 46.671434274722
1.5289905078378 46.781335059452
2.4610520948009 46.508993456843
2.4157659837118 46.748953025671
2.7965014440923 45.763472633326
2.8894981331609 46.242672308927
2.982856980517 46.026641470393
1.696354213495 46.256012973029
2.770780833797 46.997963753528
2.7136046442732 46.716953447888
2.1451766007325 46.168012688946
1.7167225627772 46.834890073088
1.7352036455344 46.577489439667
2.9923707675153 46.161950596218
1.3866707023171 46.200676763058
2.1301236921596 46.218338082181
2.2733961708254 46.045371512438
2.2736222982749 46.588562431088
2.5987294449465 46.207287080217
2.7597938169538 46.664060693543
2.8481552413889 46.667206080941
1.6345505377439 46.659289601566
2.4519999252874 46.969526319285
2.5820775290868 46.820545741273
2.3710737858764 46.320264245067
1.0753696239904 46.668876659437
1.414220612689 46.571225784054
1.4182765513744 46.750401082332
1.9365681297782 46.691305899383
2.1721762740855 46.481048125998
1.378710443796 46.80827087481
2.7586680812569 46.717059524598
2.5588400499448 49.351967217963
1.5151757374687 49.634327020724
3.169476103836 48.095216715685
1.8888749757009 49.005626063729
1.8409413601462 46.42737986633
2.0409717275952 46.632568930105
1.8254748428359 46.866345051614
2.8540241233325 46.621815927151
2.9992660102431 46.616737132248
1.801981532854 46.258033953262
2.129696988561 46.843265701944
1.8660003388608 46.246206548645
2.3670374422181 46.08404529052
1.9858309649796 46.792390691951
1.7248620552592 46.10552977077
2.5759977989718 46.552547347524
1.6824478393805 46.433557710812
2.5528459239532 46.429207627861
2.8127994895041 46.450406774623
2.4106598544915 46.049800148723
1.8764021193709 49.430626361764
2.1692703986397 46.531263520257
2.627337917512 46.004088148011
3.8431547669895 49.932778279752
2.7238475506771 46.504527544372
3.0658469675415 50.194204859547
1.2958106036744 46.62354087067
2.9001352628228 45.854919699884
1.7750270901132 46.903960896146
3.8430913057379 49.982701273182
2.4413466716378 46.376848399349
2.8475480665674 46.456220707137
2.7269560129973 46.329357290794
1.1660595513722 46.372398584323
1.1869326574667 46.60561285429
1.6764789850807 46.427483699018
1.5633885979482 46.23517618153
2.122745988482 46.377749057663
2.3392629462011 45.989033165383
2.130230507874 46.37398896896
2.0800720868074 46.531858198592
1.4324321902508 46.419273178754
1.4713511688036 46.32794383882
2.4183261689815 46.402961469443
1.4795428754201 46.987907257391
1.8438561888616 46.958626280054
2.0219427892109 46.060313443681
1.4675993278937 46.944779468209
2.8705132942975 46.289854039107
1.7503963446945 46.475973671058
2.9370363647756 46.761043509823
1.5308306452496 46.72867180115
2.5748053572955 46.70809434201
2.0791831072789 46.95394210655
1.3189632586757 46.55131297072
1.6250231403974 46.337347224977
3.8223066114924 50.474874691814
2.3151484503691 49.305084585752
1.6272159403317 46.536547969811
2.3553761971907 45.96000876043
2.7992371203374 46.831906064801
2.5955105813199 46.297589140617
2.8514080968925 46.273017749783
2.3976864621032 46.45867282127
1.9826802252711 46.482628132907
1.1736682742711 46.64947217314
2.8730628750627 46.84891888306
1.7104129016914 46.153851717782
2.8202241700237 46.709346487983
1.6279341790955 46.449489698023
2.2474134718313 47.924082082531
1.8048867661529 46.865572810576
2.9447828945447 46.446399949699
1.9517316950936 49.656058346159
1.8258193302089 46.436824513337
1.9883378161994 46.305521854807
2.5003789889162 46.193430156071
2.8580222413214 46.742642743393
2.2135155378904 46.598133570327
1.9783853548478 46.961018853803
1.0893485369577 46.557597490287
2.0105291497943 46.912595641293
1.3289455046546 46.452361770185
2.5972390545519 46.758885850552
1.7767406510081 46.211138864146
1.3501303658588 46.255606528025
2.3829343283469 46.327156806517
2.5241776846927 46.400824372843
2.7207693842802 46.595915714091
2.0994805284308 46.236676375492
1.4738414178015 46.217618459471
2.5930237200079 45.915326381063
2.5246422828756 46.339253371274
2.7095626446929 46.555244440937
1.4524076313024 46.647515384782
2.8277920376639 45.926923152025
2.2898555020033 49.047494102224
2.1598634627461 46.77376378969
2.1505234954648 46.45710272177
1.0044923597036 46.698790353117
1.6032522975482 46.9177452372
2.4830528811938 46.692963663811
1.6031828213498 46.5733676914
2.4969757308704 46.346695092202
2.3006891218483 46.324565719033
2.2489262000885 46.929527104334
2.7100978785707 45.887879289169
2.9490510462546 46.569384098318
2.6293783828753 46.646389643963
1.5328532776483 46.5571892618
1.5809244409115 46.670779500469
1.6230720913145 46.573375061887
2.2803493967654 46.009804874197
2.6868488964098 46.882903042195
2.7826223088347 46.942692542888
1.3506610665241 46.944954995506
1.7005333838521 46.756459760832
1.5726554736368 46.479909407664
1.2767781532727 46.557894659023
1.5376894830436 46.69664887511
1.8302990695603 46.832192455806
1.568630735189 46.970939568696
1.5817641981792 46.869744727327
1.356975048481 46.71271966431
1.1291429042486 46.571486643316
1.2247235580463 46.743617547091
2.9594139000212 46.681950385534
2.2229178539584 46.302546950664
1.4887029069889 46.303444910004
1.034903392212 46.474657062662
2.9278665175326 46.986065370024
1.3185468620241 46.90985342111
1.4860333038895 46.816021942914
2.7572881932171 46.46153170311
2.6183001546274 46.005935948811
2.5910975472705 49.400998151049
2.0520927398708 46.739857388539
2.2201345298533 46.129206896354
2.4108948299712 46.819751851642
1.7026692729921 46.996477791572
2.8121383915712 46.848196093854
2.7747699086437 46.983024324283
2.1947309403656 46.428091925303
2.8646227889064 46.596395512389
2.7725229737221 45.854817624136
2.7748395969718 48.264079274665
2.3014770794201 46.063885693934
1.2323296276072 46.308311942643
1.5394021982976 46.838561729918
1.6182313657451 46.440397577565
1.9876754656377 46.29729026989
2.5387353345466 46.47019269479
2.493175895183 46.237317990622
2.4247484171878 46.212212870462
2.1857336141103 46.055971315157
2.7168251474932 45.975715607859
1.4424728594918 46.469362119431
2.5503417330563 46.536964566231
2.2002440189013 46.917998147159
2.752527402133 46.585104561683
2.5280507628471 46.702903094097
1.9652458093899 46.402140507662
1.8230245433855 46.092451998076
2.7202123346367 46.513987289981
2.612422605796 45.880439158008
1.5611715929402 46.243860577812
2.6017639081002 46.247210255939
1.8016007700011 46.08715934683
2.7940454826663 46.152192728199
1.1523567317763 46.811143173283
1.8800214519166 46.333708006113
1.7937661482924 46.970647365307
2.3776733104036 46.541355920276
1.255408430591 46.886752604454
2.7237312215025 46.208109181006
2.4417065896288 46.354612298941
2.9654823164295 46.350434016134
2.8326650899056 46.446228536054
1.5512475122471 46.163902099786
1.5573192311252 46.343469230618
2.5370719672819 46.915076306516
2.0511056711204 46.891164737237
1.3754269887579 46.341449769373
2.8867569674886 49.213378375894
2.1659417982055 46.076436750626
2.4876886881109 48.028994643541
3.2965102204315 48.247406466912
1.3794647885391 46.43826165676
1.7408787676789 46.192178856205
1.374298972252 46.869140076856
2.2298830744018 46.455912699204
2.4538299010386 46.391360998336
1.8448028726712 46.464128448844
2.1521840356999 46.423741413012
2.9748811814817 46.707259155208
1.5354637841394 46.490851077945
2.1916207727937 46.319782467708
1.7511466325965 46.414450319677
1.8374824476603 46.42830516511
1.1874033101776 46.555276918484
1.8189921033657 46.0871607345
2.3839869542904 46.914550762584
1.8625321029045 46.037364173232
2.8825795631309 46.826958374971
2.3938789648907 46.939112298628
2.8297478676912 45.889561018389
1.0498503577196 46.992145909924
2.2298271526721 46.886998992361
1.6886759045015 46.79810668053
2.3556143978404 46.897703859907
2.7364094172308 45.844754016886
1.9347618263842 46.986167722841
2.688333030645 46.690520569072
1.144385521833 46.428261000862
2.2514810647124 46.394283997079
1.6419902926506 46.509359934604
1.7859684390882 46.455677375875
2.6431161754965 46.571879243279
2.3000951545779 46.285708976577
2.0648898454685 46.078181685451
1.8467644000644 46.346380114717
1.6448982323729 46.496040222466
2.563601503665 49.019599064195
2.1541555766734 46.663812988281
1.1536184452258 46.962746466493
1.2702174229874 46.673389737342
2.5798074806015 46.416128439557
2.4101208911324 46.239404215589
1.1702232617746 46.710509602311
1.8026917389607 46.226689776977
2.1635025526227 46.029259728747
2.1486867285095 46.877903731483
2.5099521891726 46.025870048919
1.4431402033396 46.34330835675
1.9880765071083 46.171339518005
2.6410208505769 46.712552959431
1.58052984559 46.805411398786
1.445347795936 46.367386222057
2.0389573699976 46.826306070586
2.0406701388027 46.704764643081
2.1243510270139 46.570039497954
1.5006164370573 46.35685919335
2.6947539633581 46.34716951677
1.8862140208629 49.071784419439
2.2339231619769 46.246794919133
2.5435819036996 45.822427909273
1.3495394351657 46.495836510088
2.8436130382324 46.952806558438
1.9056198526666 46.515479138827
1.4428286489299 46.618668432636
1.4649244558368 46.374771283183
2.4393892490488 46.34235338417
2.2674424863734 46.804836717809
2.4927443203017 46.756980384121
1.4602173825075 46.885919199738
2.5454194916158 46.173421744804
2.4266431012315 46.728078315374
2.9723043949214 46.050974582811
1.3545376844237 48.444964798773
2.9041249616556 46.889251415101
2.456878582694 46.370598619976
2.0621744701928 46.762044245732
2.82928030604 45.746631437329
2.8514719860868 46.698932510195
2.9941512367405 48.580308544652
1.0723262126894 46.669298505257
2.1826453666122 46.390654878873
3.5100184330568 49.202926903634
2.0779885592572 49.606275531322
3.6951173941386 48.748900665827
1.9823156790725 46.881884345264
1.5154134237745 46.823636663064
2.7446630940515 45.756634430846
1.8528921268195 46.837305590435
2.0963263232709 46.897707091131
1.1231013211064 46.849682213669
2.8427158924019 45.888185365073
1.7178413643119 46.995288243049
2.9371588672219 46.388453279803
2.4123589212132 45.979821699662
2.8027482860734 45.837264532148
2.3384089261938 46.992919479959
2.2157769083119 46.579577661389
2.1768751117293 46.346204187882
2.3890007931688 46.218452160348
2.7696603163004 45.929192073145
2.4578257289053 46.188825384336
2.054958903722 46.930726164454
1.0290337088653 46.986303660081
2.8201657150966 45.866702562602
2.9571010833406 46.173242916434
1.8790088793631 46.806076326783
2.9004933777733 46.541294925633
2.2126339060313 46.30231096889
2.0919175958689 46.115523289943
1.718193887136 46.387251621758
1.8414754871472 46.187224315567
1.1487311069615 46.90959396535
1.4938847825368 46.693875938511
2.8440174336495 49.000266213834
1.6913541162812 46.245472460168
2.7002186713276 46.827666946141
1.3975437122386 46.427606779815
2.8950868457999 46.043781460283
1.8679454805646 46.987847640173
1.7896078498054 46.765086537583
2.2930237056189 46.452243383253
1.6900083835656 46.620970282993
2.6228668948742 46.85452346171
1.2257905054026 46.360369271767
2.1407722258665 46.024191766057
2.5615833814077 46.239935136978
2.8348647969937 46.500674584182
1.8889098287974 46.563689412346
2.2505454687637 46.239473605174
2.7424666316912 46.136294351023
1.0720320195295 46.540241849395
1.5411971553886 46.242571190578
2.8455839035314 46.161930820514
1.9559486922603 46.678986441195
1.7461020186292 46.695110491801
2.3633554193021 46.478941920902
1.4379420927647 49.416636532299
1.7146927927223 46.391183375097
2.4025527613249 45.980579305897
1.4906016841953 46.882667760776
1.7214562453895 46.44474676179
1.9069237662046 46.865863058654
2.7495587210867 46.1694426854
1.9887469136104 46.767173778157
1.7410415600711 46.385841841523
1.7290352041503 46.931393310396
2.2134614927757 46.177888142028
2.7534863407507 46.376253282827
1.5507180283548 46.994288071056
1.3613142293698 46.343341669693
2.8768699024231 46.050611839188
2.4946523278461 46.541256942107
1.4709808446797 46.681710224916
1.370675692973 46.875322353037
1.7419450267879 46.392486837875
1.6704608733838 48.764407045962
