42.003987932135 11.964408404664
43.678401605563 13.295009955922
43.54310710383 13.22973280506
42.120323034546 11.985436541974
42.409365916371 13.666092787735
42.800099205154 12.042071277782
43.750390970984 12.448875937841
43.088542127578 13.376284928257
42.818043790228 13.487366746428
42.893086862256 12.030634206755
45.351935186072 12.705533462669
43.114306856952 13.721617201235
43.143272320362 12.455941557186
42.929377763055 12.791101264225
42.753209728188 12.360734861067
43.193323193229 12.986437069732
43.145415923181 12.950782863421
43.275414445587 12.729688071541
42.252389447436 13.815421957923
52.874593094631 5.0703219554016
46.389289953392 10.982490084056
26.363717900276 -79.231243762105
43.770923264705 12.998940477634
43.500147935723 13.521678662657
45.604273850007 8.055052892936
42.18449755629 13.671977215315
