42.595704060812 12.749759330319
42.133048513522 12.838931741605
43.445361986985 13.010241826091
42.350702109 12.40609339506
33.49393358726 -96.829615333196
43.438339737469 12.336829952608
45.113975976577 10.963611170563
37.243550900299 13.014622341548
42.061583066875 13.6754414545
43.411974163473 13.25024549444
42.158555395996 12.860725678925
42.70839479461 13.827209919166
42.932365172998 12.423518561511
41.870165096556 12.162485365387
41.958837895656 12.167657733994
26.000890797453 -80.44501668589
51.428447172711 8.2051480958262
43.636048933808 11.871317212897
43.154042431712 12.570657572996
39.893712534671 -75.202155686675
42.210627006952 13.590224205812
43.34420715244 12.731961104915
43.034879883789 11.96674768441
43.654671616247 12.012447793995
42.812233573225 12.982103729168
39.223556078317 -76.980651002793
43.527310396602 11.594663812378
41.92492638201 13.760089012703
42.699420134418 13.19967472099
51.964916426905 -0.58415934894893
43.054743784992 13.138403979681
46.218459551255 11.737043533282
42.196753454507 13.771451466166
43.723378436066 11.975903741094
42.107108291775 12.230731834786
43.348778589812 12.82197207346
42.512587096336 13.15325848069
45.454361346787 9.3385456119378
45.728508911991 9.2550643213793
42.41017617679 13.152430127467
43.052888892637 12.958466110287
39.956083240664 -73.918121149978
42.066706633713 12.856966740406
45.788620669552 10.198364879726
45.04621832494 2.1542608710724
43.800439091327 12.192963025178
51.406791202913 8.6660258703241
42.687403025447 12.618008192937
42.025633764486 11.847638302433
46.45008096958 1.0475905463321
50.546195677736 9.928818319891
46.186980122322 1.3891155516678
43.486163735171 12.988921763857
26.083336757983 -79.215179533142
43.535373863103 12.53686306187
43.151848536076 12.786514819987
43.182421506954 13.441424293204
42.979177389305 11.965839706366
43.39715679383 13.070800444165
42.511805872227 13.628141473827
42.238056640273 12.578696889162
43.011844779857 12.685559853786
42.511263784746 12.742374150915
42.662833693301 12.402467089448
43.72345454561 11.913658469431
43.393819790538 12.431679588033
46.575350525684 10.254968305028
43.168441505736 13.116440869477
45.328228912935 1.9102477724246
40.280888976346 -74.372030288286
43.624023287403 12.334042115779
42.480266442301 12.717028737889
42.077881445234 12.476601223704
42.457500823542 11.889281840964
43.029152751469 12.094710798999
43.294710183209 12.440281223732
43.286328141499 -83.607249811316
42.902598119782 12.192607237602
42.701304416054 13.275313771945
51.372607640397 0.36953051167519
43.235674273353 12.776595634791
42.668897556474 13.004656557017
43.422855786266 13.358118334507
42.399475174232 12.152024215645
45.056309338277 12.476267210149
43.752305467053 12.695131319454
43.274519384987 12.195336119384
42.596824170855 12.113039088975
43.461406266553 12.790384941658
25.93485310017 -80.428316288637
51.118915337659 8.3848793326807
42.748557902311 12.687765310394
43.067348638136 13.168919514033
41.298511261399 12.690273246861
42.061765218229 -72.075884893358
43.509673180783 12.174814123763
28.899194396817 -96.049470514291
43.292860596132 13.656401221967
42.043562675868 13.112210832609
42.737085618443 12.445589093254
39.71170709588 -74.88679607164
40.036746592211 -76.268862093025
39.547507289053 -76.248809893298
41.256125171009 -73.512097469435
50.650320708589 9.9115091864539
51.909349650335 0.27649722907995
41.97250970547 12.049087637148
51.254289002276 8.7640800554138
43.067344276753 13.185995765138
43.700135179677 13.054432941647
42.484311491963 12.127460640935
43.539048337184 13.110675568765
43.68668875598 12.494144423185
42.822621239753 12.373605001447
45.23027961961 8.1056790377761
42.83488820022 12.580774120347
42.099257398464 13.478802920097
42.748548537862 12.462845751321
45.202344394383 2.8128567257956
42.812865016916 13.768314773596
40.971177711756 -74.788696150328
46.509170963454 12.526891212944
43.516167837456 12.413695187987
43.588214245454 12.375009120172
50.191522456329 8.5406523200407
43.616237682133 12.12139025804
40.174670579611 -74.499405016555
43.712311200219 12.177668235368
46.516605610664 12.107190849705
43.732648808806 9.1887263228366
43.31242867669 12.582320823161
50.749206263455 9.1781348470497
42.730292493373 12.749933066217
51.659620896056 0.2290550238076
42.10252892 12.048370631921
42.458787620038 -86.678268885571
42.293029050966 13.689186835072
41.980476203852 12.663306814483
43.240623690787 13.811855933562
43.157008645685 13.126484429078
33.649600865435 -112.24194472016
42.192425506766 12.779201682575
25.758595731911 -79.883766875358
50.924251415732 9.2026413354104
43.108230410215 12.750108145082
50.443504658269 9.2229359625945
43.579176062077 13.191756527981
42.324448019904 13.615096226176
42.155486477632 13.339669385173
42.890119063172 12.815807048167
42.05961369402 13.762905380599
42.341586911765 12.868970802479
42.02088569294 13.511211406699
43.240426019433 12.119659687935
41.986244109939 13.295062467149
41.946644003034 12.312849976289
46.039802903794 2.1600372698903
39.492562635523 -76.090734336872
43.583332788957 13.652229865872
42.218716615934 12.387948685527
43.281443018618 13.605113852141
43.213392356813 12.124643914879
42.832918077185 12.090985254914
46.094728039759 8.390157523586
42.128042483783 12.330760972749
43.659797520705 11.874276601206
43.786340899687 12.387030642215
43.794624872431 12.123451310288
42.396853590124 13.138104274954
43.104889435763 13.326354537798
33.329861019149 -117.08248503454
42.398812197821 12.941226642572
43.400483177717 13.187421871458
43.454347779741 12.60999223341
42.868737618399 12.752138476724
41.956092084759 13.115902649779
52.173807077424 -1.103187915037
41.905994665321 12.520691508691
40.508279311692 -75.23218606521
42.729294930014 12.791745580191
43.365749951178 12.294349128538
43.448158120966 13.652891265553
43.648726930234 12.99233312115
43.329262558079 12.745118114068
43.019153774746 12.534367488036
41.926461235141 13.739648390461
40.494350678243 -111.73647591958
41.891888742306 12.404727350664
43.669007173606 11.87778986754
41.987082783148 12.871718463449
44.829006983633 9.4089167611459
43.916571462765 10.662489310469
43.459638393253 13.42582307871
42.303675117599 12.300540419922
41.850257169872 12.615291493787
37.963613402464 -122.47747800863
42.745754855588 13.299949114372
46.544579793021 2.6340751129361
40.155262452607 -74.40337451338
51.226319853322 9.9207183890607
41.961263028908 13.379786673665
43.312734753526 13.214736739295
42.531977642596 11.896414315766
33.299684568627 -117.62761785288
43.73076150649 12.31952471303
42.950091030912 13.371161323235
43.799374010341 12.209666753306
42.188849914928 13.082100322995
42.644017546293 12.591060134413
43.182772159683 12.508410351609
43.160168517011 13.566208258556
42.003571434435 12.672861817627
42.318434811832 12.604159422055
43.644184092846 12.796383733322
43.455411053496 12.09144428891
43.545607738472 13.622782354088
42.564042516336 13.576295333738
43.766121928027 13.225256224289
42.437790326068 12.207353756415
42.311605533751 13.088892464123
43.156779435557 12.938715659074
42.030109663529 12.5442473649
45.04638247476 8.5988211128855
45.229141191314 9.2275413649751
37.007675258912 -96.672305220585
42.652778094494 12.625461132112
41.874821369499 13.645268316702
25.333747227772 -80.226425412414
42.136200260455 12.327602354052
42.484625238241 12.981311078661
45.849612934375 11.791199222971
43.400727973062 13.813422005092
36.743998998574 -122.06021152502
50.244870143591 9.2164947168047
42.796706481297 13.140600177546
46.170020096083 1.0238995156362
42.903970424993 11.936335962257
41.927824786386 12.404343581502
42.958651906347 13.791233260108
42.658822467878 12.502352541568
43.559936797528 13.147606742658
43.228011636656 11.985615446712
42.569881580125 12.087941541864
42.284523295392 13.112814053501
50.808548737461 0.42706758171184
43.738736993998 12.499843220015
44.092875842677 8.3304561957649
50.651057190798 -0.54615545908741
41.864874822511 12.982282390365
41.757815608794 -74.627397500868
43.181479780109 12.916337477957
41.121832925103 -74.692303984414
42.962330736223 13.176642181921
43.163552728113 12.226625331338
37.781650643611 -122.86172646247
42.070282210184 12.66358825644
45.998204768634 1.573016821208
25.274104760605 -80.125692356246
42.728997133567 13.000363220482
25.50079319182 -81.120407116465
41.986080379706 13.033675909545
42.880167074001 12.434951151013
43.024273811406 11.903864687285
43.010243672438 13.764102514279
51.990702857259 9.289263563831
43.053087386348 13.519115592616
42.541075181023 13.337723451845
42.368011485512 11.846449277779
51.014758600162 0.11441424023566
43.203012657002 13.67829748789
50.203878762761 9.7232535605893
53.117593128056 5.1216710602733
45.422959177882 10.689032315528
42.89997612403 13.57105955324
43.336775970357 12.741073296771
46.248215818893 2.2476139055787
43.467497837037 13.765623718412
43.290335215156 13.252875942948
42.115556859486 12.498597190969
42.902110635278 12.499191733331
42.012909628944 12.491925379046
51.607103865876 8.3177079261829
42.370691021167 12.347712185417
43.669069704467 13.209153149395
50.037109319138 9.8362939170731
42.747549430371 12.325352782556
43.255661543599 13.029382162762
43.583982448852 12.173846806036
43.324100292925 11.87993867785
38.92426433673 -105.01535192307
42.489686473987 12.513131731915
42.375382174934 12.176117155338
50.487092197168 9.3189568213741
47.954471116399 8.2680252698567
46.841060201098 2.7290836375808
51.067456628693 8.0132401348153
43.200331437981 13.667930442706
43.276659562868 11.915643491764
42.107707345464 13.596009083856
43.210202324789 12.876664802861
42.73296010577 13.440469431917
41.932098212176 13.248234309858
42.337424363188 11.851728493765
50.067685833232 9.4039248225297
35.865237226702 -79.347906349479
42.528293522807 12.241732087586
43.423628030563 13.258294774826
42.118655142916 13.784601006578
43.201572670716 12.47285366781
46.103083862997 9.3595613458937
42.956077131909 11.925817714991
43.668464385305 13.528354601736
38.234824534615 35.113331638795
50.717055034692 9.528685195152
51.143184831898 9.0434897504949
42.933306864453 13.771296354857
51.207695957836 8.5940891427892
42.547804002461 11.839830097223
52.507489801854 6.3935725943388
42.671195175367 13.535717148604
51.735952873358 -0.78420239775171
42.631986940129 12.119353718667
50.380362728322 8.3931027741139
43.105311950273 13.217661722686
42.51162604641 12.696197915236
50.228996111187 8.5274905569514
50.80132426126 9.7708674924312
41.450861676026 -73.76775980324
43.35295533454 12.851537962862
46.549286615825 8.4224866877415
42.093303965469 12.720165513812
42.676920431071 13.505040250975
43.242987600289 13.737239826835
42.167089415813 12.178628465265
43.620806926706 12.622845592754
43.362477607284 12.450656541388
39.246821280018 -74.635996082601
41.943585748779 13.485807463308
51.30230303635 8.5335871128056
42.596121311021 13.060228443288
42.31035914568 12.7970391134
51.946020523061 9.8107814909009
42.306472045999 12.346656431626
46.150576924975 1.6239481594525
43.115079448633 13.748983596356
41.947510063179 13.798471955975
43.319153016603 13.675559636075
52.923035796463 4.808189304107
42.000049388523 13.7897193934
43.814909422239 13.801090449023
41.964248916604 13.009233410961
42.764629847747 13.189792295562
42.020058269643 12.553468340355
39.067273471469 -90.352147744101
42.106034873589 12.161469191409
51.942619376789 9.1707358901253
44.909671481212 11.755166711309
46.444576659447 2.5768373611275
42.616298589232 12.293285503675
43.146198325414 13.216269858769
42.311594123653 12.507284663875
39.656810353097 -79.644299946337
47.648354166955 7.2492212021021
42.692139121116 12.421422436119
42.787713840526 13.581678551448
51.337180297513 8.5020899737729
43.692577357747 12.243529301271
42.811223412331 13.43207385227
42.641293739288 13.137397120326
45.406853452046 9.2483107848341
42.650389224149 13.7865805993
42.179046159249 12.257917400125
43.404945851979 12.455752331997
42.304707956198 12.64079311522
51.212449651776 9.2854146069313
43.205868572579 12.524411252965
43.565311973267 13.252997701195
42.18348253203 12.902606705645
43.782223872294 12.941686377389
42.183128344467 12.543878144393
42.279065255692 12.430532699672
50.088173942216 8.282725840473
52.277932652169 0.49663359969232
42.728445772907 11.926639321247
41.748555821867 -75.009563697638
39.89477660331 -75.14860338179
26.048077268066 -79.409318227321
42.765680680429 12.966330172034
34.106417838247 -118.84013886073
42.365749833831 12.224728259384
51.092928273647 8.7625384418119
42.187487567883 12.26382784327
43.104240071564 13.012326680616
42.648592982764 12.14757373938
43.047785222108 12.311534610743
25.453740718037 -80.368340650089
43.515611905866 13.338378940422
42.752856787666 12.398816358505
43.651089583382 12.63783539584
45.746322750252 9.3617675843936
42.339027655955 12.37550588158
43.19544637261 13.610711319212
34.725709941616 -84.080208701026
43.156414038596 12.325635673185
42.364957847358 12.648485701388
42.094853199152 11.890579573314
44.391494329151 10.700628799058
43.687525987035 12.443330298871
42.694464402618 11.892666489323
43.641944554214 -78.704144988399
46.374652638275 2.2851101231226
43.630615559912 -79.61556611877
45.2363223165 12.044006780041
43.566086096042 11.889988488953
43.073489313069 12.816974340874
41.179261045599 -74.710515553975
41.889333456258 12.342247955216
50.377621473455 9.2581384169209
44.994279368012 9.9535956631198
42.480275443068 12.210935757149
42.36527508656 13.795337156318
43.111572663373 13.709395413173
32.767894425827 -84.384196919009
41.884586521857 13.801323108304
42.177603102393 13.253408771613
43.701743246404 12.562985626798
43.420119086031 13.277982971781
43.205145921675 13.147987342064
51.711463328317 9.8205884265809
42.343849447737 12.209609899789
43.006723310823 13.740301017084
42.359902354146 13.721953727662
42.254611073667 13.392742997239
43.092701410473 12.847677383988
43.045709445184 13.751472961529
46.796368375791 1.7525963693636
41.974361469978 12.689702548894
42.239779457583 12.827321500458
41.877565901225 12.303988037793
42.510332534348 13.112155019379
41.864686563129 -71.247842098954
42.633186935297 12.053265013778
51.12001818168 -0.87547724041411
42.843341827341 13.511759411337
43.543343996903 12.007131850837
43.484013974447 11.873513061981
43.670195354016 12.320639340843
42.139651593838 13.082297127288
43.364136552629 13.215395200653
52.053773254181 -8.635638573503
53.324251572752 -8.7519008264653
26.2028385965 -79.624354759797
43.802871825103 13.552570639922
42.722906925607 12.656396226353
43.19182849733 12.276367450283
51.707469837837 -0.02709579474157
42.103002341533 13.752846795971
41.984459179933 12.843096342817
45.77529538766 8.4470946861627
43.45321740047 12.776113913311
43.881092970579 9.898132360586
44.216510368493 12.107200395391
42.695538573778 12.658532560199
52.098791109677 0.67495203649856
43.687047959181 12.480513183179
43.014328700052 12.709877915566
42.825781827732 13.416615216742
42.071887023336 12.658243931692
44.887226060793 11.916620729944
39.931743354657 -74.857190786926
41.946755364068 12.048733261923
33.140366531082 -84.061818351439
50.329722070754 9.9628619444384
42.325450185859 13.537410733096
51.067299878856 -1.0915053508371
42.157145820187 12.52811564299
42.59588812694 11.875118772928
43.000126085265 11.858323273204
42.213117637326 12.511584875433
43.154344241693 12.720952766373
42.269118989033 13.387332911805
45.539221886331 2.3924425562808
42.973168140751 13.719228523208
43.680492973293 12.915287205
43.510324199477 13.159575006089
42.495283488902 12.694642942278
46.876646196412 2.6164457349183
43.299341872961 12.724346559853
42.153019854891 12.453927042661
43.294508794946 13.026778196018
42.597377650739 12.481110386795
42.260900207006 12.88672335303
52.453764251877 0.40637970636431
42.180747057882 12.022854112586
43.613193004233 12.269234383625
46.284092886971 2.9863618044119
43.057134995285 12.805368869496
42.846675984511 12.277921687496
34.641564006324 -84.104010890194
41.955926632509 13.281256645604
42.965264105709 13.45237308205
42.381990544697 13.596112712119
43.496704378883 12.946040134873
42.805810954352 12.847396917125
44.678833552114 11.253708815974
51.787632559327 9.3164687046392
42.989900378527 13.751110918259
43.503527507907 13.015999590541
43.385687218248 12.81419993232
42.459395334359 13.362365069058
42.448041543594 12.430705200171
41.973392901485 12.063431585258
42.681852311234 12.238772057595
50.858912082789 8.4549198599788
48.944143699202 19.515634194489
42.867188107181 13.347525730446
42.583282321518 11.849826485801
43.747372766189 10.166429270623
42.230568600947 12.860947583293
42.461300954459 12.816199752438
33.052041551162 -84.417029513147
42.250127967585 12.89969915149
49.982701273182 3.8430913057379
51.517679178397 9.81981415526
42.127495879853 12.249669396921
46.427483699018 1.6764789850807
41.92716659837 12.580768199463
-37.762981158105 144.66806967324
46.227323349671 7.8018646071674
43.594113557897 12.623728917292
42.7410054909 13.272636497076
42.637820924485 12.302797528611
43.533896496323 13.580780377903
43.472136714271 11.899281627938
47.936145029467 7.7012909695978
41.836370184497 13.703110332484
46.95394210655 2.0791831072789
42.763975556385 12.361443504415
45.498229083371 8.0676936107049
44.102131790529 7.7227860706476
42.792640196084 13.068784773403
41.994940609224 13.494193833107
43.442189135816 13.086211293997
43.527039704179 13.512578264604
38.306451596019 -122.60342587238
45.258180665301 9.4095096281075
44.967575587992 12.694462951084
50.271305285986 9.7860349392453
43.019326476876 12.457189891256
38.064707309715 -77.577791387165
43.478064682578 12.575594670894
52.992140987419 -8.53580881913
42.233164622112 13.135836999948
25.630276977361 -80.558375837817
30.927555551952 34.7488448699
39.312637065473 -90.467197657459
43.026966746464 12.402747960038
45.559169955975 7.5693457890415
42.047138511246 12.543354371837
42.977033333398 12.974368009725
42.662405333346 12.317305343394
45.866158229514 8.569724167122
43.075377117433 12.809246088776
51.193227497951 9.5972901422518
41.936631144482 13.066409048676
39.148582632086 -104.06819944867
43.175294072936 11.924308840171
42.842992994417 12.821929880356
43.785632448192 13.267141802382
43.084775993661 11.906396226935
50.687076149363 8.3731730735736
42.640977480303 13.473130221254
42.076883327738 11.988445847311
43.407624573658 11.882543098613
42.375666863015 12.512889725882
43.797046542094 13.284236073182
42.278229699155 12.389604738185
43.653840707475 13.49188770146
46.942692542888 2.7826223088347
43.394349689334 12.137199860151
47.332762609857 7.9228788353144
51.197745403367 8.9453079765408
42.93156676133 11.958161918914
42.469037494862 13.673637598156
43.116574411356 11.950259277595
51.776361294219 6.3514018238529
43.785859599165 11.871788596696
43.704312387085 12.776010722982
50.990491594416 0.60484348633087
42.788417408165 13.137573041573
42.45142697892 13.549283361339
43.544357968303 12.183441352206
42.446895621015 13.001846910476
37.904840461674 -122.10793361351
43.719865342958 12.826370111607
41.871593954468 13.5096245243
42.190582659205 13.710908075681
45.339703886418 9.9105790608402
43.025162150185 12.186188486047
43.139594486069 12.613559428909
42.099237636265 11.85560607207
41.971551186879 13.395239620675
43.692505401903 11.988704335892
43.730645783141 13.365192676154
42.638065000383 12.702914981054
46.414450319677 1.7511466325965
43.059925210711 13.658593270324
42.591420557181 13.671673772725
43.682924841404 13.465472711954
42.613201224552 12.433939707689
42.707446161077 13.320770473855
43.094558892371 13.509255117529
42.745887603048 12.238530222459
43.215077302074 12.367358407198
43.279576809297 12.004289260623
43.481582592021 12.229785535613
42.112584108095 12.857552553016
40.822901313262 -74.203532884124
42.292543752276 13.557393786778
43.189208988209 12.899088025067
43.294878868079 13.526998061953
42.59589045059 13.417918392673
42.660317849231 12.944418791677
42.485859898632 12.979837041826
43.779505392921 13.803663268615
43.71530593874 12.998224264497
45.807378586292 1.2000943246298
50.380902779 9.6570981888366
41.649144086379 13.804987857377
42.440300860668 12.093779229158
46.173242916434 2.9571010833406
43.424581313259 12.641467849112
51.470639881664 -0.86755939711703
43.186222816925 13.422021783175
50.253226718052 8.2351718043141
43.120482499788 12.69715161889
41.714792969656 -73.880993919523
42.249302495874 13.226749296427
43.523114606071 13.447145312322
51.293302296332 9.1885853392019
42.865308614406 13.157778045723
46.227250890938 9.4947998024965
43.613509999895 11.840720440208
53.152964648396 -7.8560786246583
26.333948761363 -81.141114468562
43.245330670052 12.951990948989
42.463689668341 13.301655332254
43.543236223789 12.244357493375
50.52945598193 8.3300843841071
