42.121557185038 13.713567437957
42.099795465891 13.748443584793
42.119785762469 13.744980644803
42.125482180235 13.717985665315
42.104833843722 13.716007357818
42.127511356106 13.758541664949
42.103473770501 13.737659688472
42.15148016773 13.72689229379
42.132256610867 13.73837243383
42.110980976911 13.737717455152
42.128700122318 13.726853654148
42.123039275952 13.713750165309
42.133340815631 13.72778524215
42.116083303542 13.7523733153
42.111159272099 13.760166470802
42.113814120721 13.734741973123
42.103753947257 13.738978648923
42.145122870891 13.734340334674
42.124165583481 13.714048009254
42.140424636279 13.726351809581
42.088659396457 13.734513613758
42.131128147327 13.758033692745
42.10972369516 13.713401698861
42.146366211675 13.736957521076
42.121033705383 13.759637612293
42.136079105167 13.709178946798
42.106913661189 13.759027211836
42.134119655555 13.726377542024
42.12726467623 13.717970413977
42.095150517365 13.739820049044
42.122222531665 13.759574931024
42.138398554262 13.748731386752
42.118338163087 13.740830153127
42.109425895454 13.759675016536
42.111676287445 13.7216712999
42.091876786266 13.747198340386
42.136484078682 13.714813326839
42.135661797682 13.744939114801
42.110358869264 13.750391928384
42.11952068804 13.710116625184
42.103002341533 13.752846795971
42.112922297399 13.749686849674
42.092000783019 13.733433789936
42.140002514322 13.73130358978
42.102227286039 13.746650256585
42.128985945682 13.700953590565
42.130896905985 13.71363434324
42.113161922041 13.719286257757
42.121510317161 13.728868471353
42.121449572112 13.701793959246
42.124414801677 13.742136091826
42.099124355774 13.745639939695
42.118992970867 13.750058902332
42.088294656544 13.73244587601
