47.376208888076 8.3353781357107
41.93960011191 13.252925756061
46.450872206805 8.1156491106915
43.749499537886 12.235154350419
62.813214475668 9.4953705717322
42.116437074338 13.258578553472
45.18930501034 1.93269752056
42.442430289689 13.579891851929
43.173550771651 12.388696081207
43.580242813856 12.50055588621
43.369848931401 13.831616575307
42.404487580736 11.927402333809
42.330343157228 13.231624514925
42.368647588889 16.189669066758
42.733103017685 13.361750506054
50.735750595916 9.2167446418743
41.860063200772 12.635506638177
41.078885331007 -75.355974140409
43.5740940285 12.174918120829
43.196653594841 12.655505403737
50.051872066712 8.9606019398014
42.218786378514 13.076458434165
50.061757107294 8.2604069114944
51.284387773035 9.000694710296
42.930397133332 11.918295033725
42.268335552566 13.798247373124
42.189218951033 12.150065348109
43.812221624822 13.55639030533
43.435294680521 12.556433626731
42.322425613817 12.388423798808
50.719088815022 9.9235920351574
52.276274507761 0.74217746389666
44.695588761797 10.668313835037
41.379684310143 12.20748072493
42.326238810258 13.663998568761
42.714881154131 13.806400118327
42.459028802581 13.517706106213
43.784612477212 13.710588867197
42.011438211452 12.469750135911
42.654844026407 13.40946336298
43.488540798674 13.593745125289
50.280119789429 8.2688026308402
42.759797980918 12.975480579315
42.574760476416 13.134056655308
41.971852072057 11.88701793362
43.259424859334 12.087830524488
41.872913801073 13.511338729205
42.772535163943 11.787252690355
50.676651326556 -0.6748960706335
42.262274761827 12.495202441951
42.909029223935 13.220861495131
42.300959519272 13.679787447082
42.244843337354 13.139874612067
43.041944780893 13.268651186169
42.037421098949 13.581612611016
43.245434043133 12.377943573251
40.277911545823 -75.257657861504
50.179668163499 8.2216705513288
42.333147361119 13.039106554391
42.41589588193 11.776958914181
39.685010651154 -76.61643969106
46.536895736624 12.731639751828
46.787857448118 2.8335635060601
42.89277437047 13.440938770532
43.681725838073 20.859517807541
42.000344866442 12.075742242448
43.520743093717 12.762305594425
51.294631917632 9.2965820475
51.135384016966 -0.72686361793282
43.449448708209 12.060803127059
43.282455475688 11.998682690805
42.510913750881 13.827270762004
43.498484294649 12.571428715073
45.022965648222 1.2000216754153
42.435758238882 13.792941715027
46.816303784408 24.239759652521
40.40111318637 -74.034383580702
51.484649610466 9.3940501922714
33.681582795487 -119.15726438434
34.153245222074 -117.76314688492
43.504792076792 12.240069513342
51.170383296521 9.1101051453082
42.004175401781 13.167138614325
51.977683801194 8.8145785880343
43.706850834075 13.202888954546
33.714938643444 -116.88965904605
47.76768824587 7.5934906739711
41.808861490118 -72.275353882808
46.145052208633 7.7515277381761
43.553289865422 13.345924898233
46.756516218072 8.9275611182337
41.973597924699 12.046946411064
43.66342596603 11.877544769981
43.479738574719 12.476219109502
41.97631752818 12.717190097441
