42.516394397624 11.532249758545
42.558268544079 11.839307806866
42.552264120708 11.852336775929
42.521679675005 11.936822238835
42.513722754809 11.923367378287
42.562801766492 11.969175081241
42.628132222999 11.938296300817
42.502941548148 11.887205306875
42.613555186269 11.858227608215
42.62224326081 11.877433156093
42.569824533823 11.91966727514
42.567019689766 11.528680400049
42.496628520797 11.914200460519
42.54782137768 11.909319083185
42.542937905336 11.842873197462
42.62414091391 11.909380636157
42.632724175545 11.877079767604
42.596173985694 11.897890735391
42.529189893778 11.854715970298
42.556302765199 11.960492769725
42.623003663806 11.903194903838
42.501342037947 11.844881006
42.643710936275 11.849835148032
42.5647204903 11.954498251434
42.580530392297 11.957867688966
42.547522583321 11.898330291707
42.54107505576 11.945211537643
42.503831045492 11.87089840831
42.48051262718 11.851788690731
42.47171532573 11.93438291735
42.604342265823 11.861081473951
42.553058193809 11.849408003452
42.579870943271 11.929962015234
42.57441586704 11.913192511517
42.620468103637 11.912959041054
42.520849793482 11.946918378115
42.527930215268 11.854036153713
42.607949466749 11.840842637646
42.494982135734 11.883508304101
42.593691375404 11.938006843898
42.563938616127 11.852863010437
42.583929713177 11.96978376853
42.648895776688 11.936624892513
42.627061750121 11.845543662967
42.502992118964 11.890997654729
42.594457700681 11.861358196431
42.51014170123 11.92194824152
42.64437801097 11.940559454256
42.507771950007 11.855012092227
42.517299924773 11.899633401048
42.531516639319 11.880765945616
42.548453924988 11.867665938061
42.565891753354 11.6475654809
42.488477098538 11.882016080863
42.572270836503 11.878209643962
42.5961714972 11.959950898311
42.484985274044 11.888485361325
42.59690777056 11.960606643467
42.504801159049 11.939550430972
42.501631744926 11.895934183589
42.557869854664 11.947393178936
42.62747237397 11.919430612104
42.486119472669 11.927545391476
42.636713838522 11.919914346172
42.56177989608 11.869984310081
42.617126164801 11.908062479437
42.625922829225 11.881774072967
42.488977209448 11.835726078544
42.581358627708 11.961690463595
42.535264198592 11.805355159752
42.644603556343 11.925935537541
42.62570280287 11.882263062488
42.498734719373 11.881492281298
42.481535888522 11.854352645529
42.605632421398 11.878457472624
42.480563679489 11.865653978619
42.605627153837 11.922997997128
42.644128756919 11.840237849804
42.646698946921 11.901164555431
42.606064108969 11.932653289744
42.521579637922 11.936871018718
42.58570159908 11.881296177826
42.651228090607 11.891545483813
42.519966699912 11.870887821501
42.611940552786 11.86315778173
42.561079523343 11.906643250469
42.535422025984 11.951626797671
42.519491210377 11.846188105592
42.606121544098 11.934980656011
42.514958087616 11.865407493855
42.60640388385 11.926687620567
42.578506512392 11.977688240829
42.585535492576 11.905349840853
42.648013986039 11.903325560479
42.575178641768 11.530461745395
42.641453786607 11.935449897768
42.630743563024 11.862023429902
42.624549848805 11.895709990031
42.644676684723 11.883261116654
42.56376940832 11.835247639977
42.639734757917 11.878269619273
42.651160452839 11.896279900773
42.528720557026 11.838810990045
42.492703521875 11.866316382732
42.520909844696 11.92853953269
42.580644961272 11.857573492873
42.526796438066 11.856674393128
42.520562727268 11.846661760421
42.574597808821 11.963162445001
42.509559423455 11.86244480587
42.641346364602 11.877716515177
42.507176534996 11.851429561571
42.6249801203 11.943492063782
42.583735827184 11.975547962832
42.573645739173 11.852263181888
42.517282503919 11.939441177055
42.632713335882 11.940447370981
42.643676554639 11.888785385496
42.477357356121 11.873873927593
42.641113356541 11.86774764951
42.650913850728 11.903661771654
42.64277025577 11.890158290479
42.646407997558 11.907292611875
42.489867284212 11.926276477506
42.591413402295 11.916811407526
42.638496429978 11.88517616686
42.525630219174 11.884688274437
42.469971760416 11.888069799139
42.519417558128 11.908850865417
42.483918327619 11.931402331673
42.503420889167 11.860950754912
42.644186790422 11.86862298004
42.579888792534 11.904919330939
42.62569497231 11.942817647004
42.528410795412 11.849835850715
42.603508472745 11.953757210634
42.632468900027 11.86161968387
42.488251312419 11.891603527561
42.496507950845 11.88701885563
42.498298691839 11.89511096987
42.645372352884 11.920328565857
42.586470958605 11.90487507123
42.607001334267 11.881942125003
42.524379954007 11.920395771957
42.629137588979 11.943661913736
42.565728982264 11.973035669428
42.532334870462 11.926748252461
42.470751576485 11.798689570461
42.560896604604 11.890393792622
42.591963595542 11.891173990879
42.559303966167 11.951209120451
42.521622034519 11.926330301432
42.516875292902 11.906003529183
42.493180845183 11.88682580643
42.501921023497 11.932222269465
42.470702128725 11.858034100804
42.503370938147 11.933954425612
42.611116207976 11.857554943255
42.633365123849 11.908662513343
42.480638340826 11.845378125035
42.560177557452 11.867134827614
42.512360359336 11.922765577663
42.589762429071 11.84429267649
42.606118917303 11.93031774041
42.63015164932 11.891069947712
42.609275512236 11.870164194571
42.589326855091 11.975717016505
42.580828248349 11.920213371965
42.488556312646 11.906694903016
42.54720732737 11.894992851159
42.611245808963 11.928599796711
42.528176828089 11.872023410125
42.520274801443 11.927648230443
42.595176033043 11.974112361678
42.515730831568 11.905630611792
42.538891013052 11.937413611907
42.531093147386 11.891641448222
42.544541738271 11.95048483135
42.531977642596 11.896414315766
42.572670500082 11.947177067395
42.467418025021 11.846424920434
42.629082320106 11.855124989478
42.62677493583 11.907230430726
42.503348599909 11.934719409784
42.624257646347 11.933650153214
42.469878612326 11.858156369023
42.641175850614 11.896605403135
42.579116282344 11.896665860872
42.501986388372 11.89154392571
42.4680875775 11.849719936445
42.493008599867 11.848218378096
42.651637783133 11.889856146618
42.497109299312 11.94509790651
42.500318065074 11.852576768444
42.54380921395 11.960561426825
42.567432472768 11.877301186753
42.500020807397 11.916288849414
42.474616092872 11.854952549981
42.54508069511 11.918019520102
42.55774972709 11.881110310054
42.634152679555 11.902850889111
42.537228049516 11.898387982484
42.478484052943 11.839166971335
42.560245373009 11.766472076285
42.501394570128 11.88583701287
42.492532091 11.887300416796
42.585938841398 11.964372629304
42.62760688489 11.924913647105
42.555055703316 11.844644904085
42.481043378136 11.860420720608
42.526566758087 11.947277386669
42.539296269689 11.90675442291
42.53021182426 11.922281411927
42.599455151076 11.906056732382
42.56268762546 11.952696580904
42.628127978031 11.839819587714
42.54585383534 11.896900347873
42.616828262649 11.923475770265
42.621170020041 11.924067795262
42.544788042824 11.890456336986
42.586054143324 11.904556970554
42.596477722117 11.919425090293
42.533243317892 11.840729840047
42.602196679752 11.901517351599
42.585826165802 11.897313415512
42.539602671557 11.850588109296
42.571655557778 11.867198290263
42.514493955094 11.915822801628
42.507050361276 11.898505441818
42.543996585807 11.872678897771
42.486532800613 11.84136808798
42.58077669685 11.897839194603
42.544233895181 11.897196841865
42.512218651156 11.869229001885
42.637420201061 11.853824291331
42.597496154552 11.875126000457
42.632110935951 11.87004269283
42.59463486338 11.939008416601
42.581241243811 11.916055334248
42.557798764949 11.862504090605
42.534114198098 11.943652977696
42.528878103743 11.887135679336
42.55020294925 11.93146945861
42.476779893284 11.915099892281
42.571960745667 11.892018287413
42.626993177772 11.853937276592
42.536750517591 11.948949470648
42.53478164765 11.922296739168
42.500932652411 11.861398288261
42.510492698083 11.845139034507
42.531330782257 11.86107330439
42.599348118829 11.945452025621
42.580471488007 11.953818731009
42.472299366033 11.864414474885
42.637783857846 11.894861332579
42.599916603717 11.855670660688
42.564125818484 11.885225597271
42.607310412755 11.904982058308
42.547804002461 11.839830097223
42.621636517656 11.954078466631
42.508430018347 11.873375921472
42.599168842958 11.949319211764
42.465650401316 11.900287385539
42.523408817392 11.863223198759
42.596903182399 11.91878006885
42.542270034825 11.954068954568
42.611897250012 11.901162772414
42.564880015613 11.906884761039
42.603926597465 11.838335569894
42.635759322755 11.841013967007
42.489677065767 11.923660087385
42.549129283332 11.884103523069
42.530381761294 11.928073014586
42.641830424632 11.855407006061
42.603255891077 11.884401535117
42.553708976879 11.959076332862
42.570183513973 11.926697994569
42.646634863546 11.93383586918
42.625284571513 11.875531218443
42.487662354732 11.922529178191
42.545662710718 11.92174823115
42.63175094718 11.952162855304
42.590643734967 11.946754551489
42.514621424749 11.938411323812
42.645689654951 11.900707107478
42.623020136109 11.9209126802
42.638960789276 11.893663684809
42.577095011539 11.922713378895
42.596296212469 11.936522553666
42.575307810502 11.864886729005
42.651351081997 11.915225433167
42.498486934949 11.91443005668
42.488836091845 11.819266149502
42.606949835854 11.854875795962
42.526269776081 11.881360048394
42.634448057823 11.952625862322
42.6295641431 11.925281240591
42.48883966847 11.913855595961
42.52905944233 11.766331741571
42.605576306885 11.917297280376
42.588686649983 11.878444147261
42.599162951877 11.864761412567
42.555079110712 11.854641496623
42.594095842745 11.950796752235
42.582487151319 11.949726392978
42.624755916498 11.918483620958
42.599524874075 11.927537620521
42.633896699491 11.870717344766
42.551727036758 11.929785998992
42.558637638392 11.847096995866
42.493604135485 11.920088037832
42.630378908327 11.935506397849
42.559048219865 11.951045223976
42.608247999406 11.927594492665
42.582545078186 11.855958038429
42.570834338952 11.874767256863
42.476123078038 11.864923956296
42.635389984437 11.907423790988
42.638130819277 11.911580076887
42.48392116303 11.864994335412
42.632371783572 11.866675697692
42.650392955493 11.892315791891
42.528535574476 11.847084481685
42.481215605757 11.900592199501
42.4990215481 11.897476945977
42.566844453389 11.956869945862
42.477705638168 11.93175984592
42.482963118017 11.86119761919
42.528641112882 11.834464825168
42.547165769894 11.936627802431
42.529672304436 11.925560858087
42.485408918248 11.890466581534
42.625685325205 11.874460685029
42.513368399236 11.861118266271
42.536687099646 11.94912004098
42.549700866265 11.91522667462
42.622526652025 11.881465747918
42.616775248974 11.872446823361
42.615463448996 11.847140142178
42.637703472135 11.92110754222
42.550845858453 11.868678075221
42.636229576395 11.854823801154
42.638710480502 11.860251936086
42.616995926789 11.89332344613
42.578390742477 11.842026815697
42.59599092912 11.946455987166
42.579393687018 11.850894084152
42.577854341652 11.885411244785
42.524533174266 11.851130823091
42.642891583353 11.9293212043
42.584390489678 11.926529312959
42.530320612516 11.911885206568
42.633022619261 11.840114087279
42.560787001907 11.841198535583
42.63450272087 11.910500412321
42.59588812694 11.875118772928
42.622433936069 11.91861971466
42.489013927772 11.853396743489
42.522998434756 11.925910507781
42.643832826842 11.918183926942
42.511216432581 11.927773448626
42.561792318526 11.903558605327
42.618789326243 11.850648069706
42.569335524745 11.958364398686
42.554896744248 11.842208776571
42.578324740577 11.9390109796
42.624737589001 11.854217882221
42.497404804706 11.904689042806
42.541991514427 11.835300340262
42.591187760996 11.834650966748
42.539345782057 11.925154321347
42.617587769713 11.870533130558
42.519971964213 11.905582779995
42.478922827879 11.898498327445
42.612724536871 11.962511099413
42.490321564737 11.930877424765
42.543885064586 11.887796490888
42.56982142926 11.957233724651
42.505636917218 11.936340658451
42.598967444452 11.855947292364
42.583282321518 11.849826485801
42.597966627983 11.974771838179
42.465471125446 11.904154571681
42.562021662298 11.842672572419
42.534477213668 11.857155745804
42.586552908938 11.845597022628
42.525103283222 11.696194654005
42.623963931887 11.868392215536
42.535075885514 11.836028549765
42.551900630629 11.901827889936
42.613203456466 11.894558277884
42.578023248642 11.92961547476
42.605218831287 11.908860051517
42.621040500545 11.872135866861
42.587243249469 11.958830325866
42.57857807615 11.968045658904
42.503378332501 11.768878666854
42.501511691858 11.875697417613
42.569100059855 11.955025289673
42.472730122282 11.843034005672
42.600464595317 11.919370903151
42.646766655469 11.890173936233
42.577565137587 11.895169261815
42.532032362454 11.901899019232
42.592498258519 11.948764211495
42.59100258054 11.939364497543
42.483966260929 11.905162636633
42.640519711508 11.839297851028
42.506051034923 11.938252045765
42.576603917229 11.935195197342
42.59153380554 11.853464857162
42.482714342199 11.85018443777
42.56452062149 11.962760382336
42.605106778746 11.839361373281
42.499375738457 11.906818824798
42.508254810028 11.859822538171
42.493538922415 11.842085316259
42.610288677111 11.870405629238
42.596489737109 11.857434760268
42.524440072276 11.843458419148
42.480816037292 11.726037460529
42.555233839713 11.967810131615
42.53008303073 11.937761198721
42.595521500167 11.886068954566
42.638300947232 11.847864818244
42.558218865471 11.861917541319
42.543939851499 11.834722686969
42.587379569017 11.857082508925
42.642247190553 11.912719563561
42.591652102599 11.844702535258
42.591434345877 11.960370934571
42.544054569951 11.958058484831
42.487006920172 11.881895086694
42.512062258812 11.903081119502
42.636234582253 11.886046340191
42.572195778888 11.959827787711
42.609142031825 11.957806320397
42.634378734827 11.922104989163
42.643795457058 11.879147649707
42.579871017311 11.844470329997
42.611710455109 11.964364810851
42.53073972863 11.840414522628
42.56791937566 11.893188291666
42.510974159723 11.841971686523
42.536620042092 11.849938484326
42.563511492037 11.868990996347
42.468547306263 11.846442158749
42.602493636612 11.864394130143
42.611406962693 11.868631442969
42.523248552144 11.897291329663
42.523640632429 11.873378841634
42.589334437919 11.937059139825
42.591016401367 11.980916586717
42.548179734428 11.604119538888
42.541693265357 11.855061464431
42.56446178053 11.847850611849
42.478435141863 11.755319452076
42.498238099061 11.935042204792
42.612013840888 11.937944693949
42.505256781145 11.904519018694
42.546270466685 11.939792131998
42.56499219202 11.965435085357
42.555911852792 11.881177920814
42.486342957491 11.858208941251
42.598490822429 11.931346812275
42.545958545334 11.878555584663
42.577664017036 11.892179158021
42.566673748014 11.913727906979
42.569414607535 11.889386964466
42.485098356628 11.919571412245
42.469624480472 11.899503964905
42.513301758356 11.845249540121
