41.305272726714 -72.711082184884
42.724460579348 13.283104659211
42.44957687496 13.126145754555
42.264531841646 12.98768052926
42.991426339856 13.057486946742
42.832462552878 12.917647822743
43.825241618264 12.220800010611
41.865023499616 12.503053310189
43.165540765138 13.693525161007
43.833111587855 12.60083618278
43.31723719759 13.222958902953
42.644065309171 13.244610021026
43.687399858484 13.029511031264
43.424279608982 13.034505252763
41.580461030305 12.51319840602
43.34021457908 13.780628421728
43.645799108637 12.857810158703
43.015950598782 12.462237479401
41.932655220375 12.448257748733
42.031126707828 12.385801820285
43.575311170249 12.910028181949
42.681803645439 13.310528996566
42.322652730331 12.182297077136
42.09751676961 13.047824007502
42.397622378284 13.511391433215
43.275473320075 12.144057554747
41.934301695311 13.800856983217
42.077278737501 13.206881417079
40.250324044049 13.931592079663
44.941807630015 11.797655579
43.133766852403 13.781951457647
51.701808500198 5.0936412030569
42.034273525271 13.239889367616
43.483775554471 13.050944272473
42.353912213072 12.353175380453
42.757431207133 12.676800658797
42.458609233379 13.432503285575
50.903415343214 8.0246691731851
42.671383515334 13.156538128015
43.420722428461 12.0857291483
42.042175604071 13.5632819159
42.563218756396 13.370436264396
45.076241256684 9.1241911799084
42.807817620157 13.424631757415
34.787608479239 -116.87175102703
43.468372435548 13.197785179244
42.600879796616 13.656884700387
42.493832811499 12.234013807624
43.148510289469 12.828289194439
50.639846069571 9.176384992514
43.513551021721 12.090273092564
27.015711419275 -80.693540756258
43.183423814936 13.638135169951
42.633844643216 12.261380820212
42.662833693301 12.402467089448
43.518892796507 11.927350067055
43.72345454561 11.913658469431
43.393819790538 12.431679588033
51.772049816685 8.7915509453935
43.437076638677 13.184036319251
42.719595233335 13.109609284045
42.560421455934 12.15135499751
42.888023901234 12.205982087763
42.371879982956 12.625271216347
43.294832727564 12.692877891817
50.597722567896 9.8005931716415
42.146558120936 12.545967616882
40.996162494619 17.178791040454
40.738360714954 16.275025086421
43.62344460919 13.060156795245
46.307890575523 2.9854731722667
42.634664141424 12.221684664612
42.669608319045 12.49641355292
42.400682280979 11.931036033191
41.912295631579 13.133154341103
43.212699536354 12.331166288525
43.020045399231 12.980541851383
42.245965963365 12.588674484116
42.741490628471 12.750095757095
26.822673148376 -79.244283952674
41.941095432726 12.533590452084
43.008632014531 12.371101077374
43.554580084793 12.282622127481
42.175824599909 13.185352907158
43.734451086158 13.282323493775
43.04416167973 12.346895082571
42.138582503509 12.027243231923
43.104113531368 12.127436707808
53.221907743356 -7.9404440936355
51.479729274511 8.7298562590637
46.232013214979 8.235868790483
49.583659037686 3.0265135148408
43.638018725292 12.531381746091
43.527207345968 13.168612109597
42.18225490685 13.631177475525
42.335869621197 12.72081848875
42.932879843273 12.857275520406
45.828065043 11.815346648083
41.462304996764 -87.476510613928
61.83648872135 14.849155885097
61.082640644667 15.320158164166
42.680781804363 12.543760885293
41.971021186568 13.364957163767
43.165275345654 13.258888166539
45.097960738834 11.436095859777
42.696677108641 13.089124220486
43.086873975644 11.923376192324
42.863675238056 11.899864543204
42.749340264031 13.157135262714
43.303382861125 13.080097158498
42.034153657537 12.908086452611
43.656515874761 12.629439961945
42.308430169408 12.922365604885
43.449992524691 12.364911376224
38.039530748712 -77.267432724089
42.878148303331 13.484080907669
43.221875232769 13.464871257315
43.157243950387 12.880824416841
42.239355000334 12.160362182281
43.538277106166 13.436726127976
43.607189722197 11.857086675662
41.963721781973 13.495402721009
42.87451861795 12.464380748807
42.749697882587 13.766597073903
45.309414189125 8.6421381841865
42.395504872985 13.347717158214
44.727030123594 8.7177943388804
43.46949456563 12.494610097045
43.80889332148 12.425593848094
43.237455835698 12.509845610501
41.063942590735 16.52715553722
42.088839151028 13.517534588726
40.625323096186 14.817180404706
42.095327504045 12.283146253009
43.387222553805 12.520610793757
43.311781343705 12.128516799851
38.592969210822 -122.29091421933
42.11215077767 12.689535060774
41.834590012152 13.329562749422
42.858328924469 12.161608600154
38.01413751208 -97.244898425995
44.687646083668 10.825388916941
43.452066433847 12.359387190735
43.634665453192 11.902966136089
42.74599941717 11.960681371394
52.018588429558 -0.89801807795093
42.284348540627 13.008561785358
43.292442322866 13.811268445037
49.0480551081 9.9736736588989
50.24220208509 9.7058932598242
-0.59816541876558 -0.60899780160235
41.843864010595 12.356627395098
34.441059049703 -111.86504340166
42.556425568462 13.82369369076
43.238881671468 13.470999450663
37.734858180273 -97.547756036533
43.091618999437 12.145949880216
42.484791451381 12.883211256903
42.120605296998 13.524729325236
50.68813184285 -0.97616327045772
43.350499865783 13.703173783956
43.266808840591 13.523062111609
43.618198594853 12.812461316985
45.388803207497 2.1504119165011
43.069315841009 13.290290692977
42.148446940907 12.437611809225
43.216922692145 12.347525387254
42.767049906222 13.569451887447
42.464702650676 12.864226849707
52.143892587928 -0.025769285920895
52.437756421947 0.66077338045034
42.977087368733 12.047295857264
43.736362890704 13.747652644661
52.083073615834 -0.94795066959129
58.637025452795 14.069098962342
42.518301485369 13.688405691988
43.098815939922 12.590407345274
42.957231809852 11.986372936532
42.695240704222 11.881591021049
41.48351863028 -83.025945267859
43.316002562345 12.342074574152
43.747836891 12.838115957511
41.350498140938 -73.728600830691
42.553634828701 13.732605279785
43.49123244711 12.010646787032
43.029641672072 13.541012330254
42.607186800638 12.541430514113
42.335680533843 12.223489498379
42.187123753239 13.035119378511
42.635389984437 11.907423790988
46.595203453021 1.4023029703658
43.105791692692 12.089619449868
42.380205795367 12.559115211761
43.448394073869 13.507832348604
43.102641587214 11.918850340864
42.820962408495 13.065688645519
43.115198068861 12.639153754192
42.960445456675 13.36680124207
42.637703472135 11.92110754222
42.185878847833 12.999470353147
43.714996011816 13.313334334343
42.955371998716 13.066633037809
43.788368384742 12.041295389685
42.390368383316 -87.680588518136
45.612765139419 8.6722769267262
42.767886679067 12.951821296009
42.210375138677 13.143688445999
42.558228588013 13.427203817513
61.350730012383 16.245299530402
41.847922288297 13.305592918932
44.322634067981 8.8472969549718
43.485278504682 12.380618581747
41.875840867367 11.935491865026
43.314275508914 13.476642076169
42.9913210408 11.986070291154
46.158842224758 12.440321626546
43.474278318006 13.815718294057
44.652810593533 10.091991364789
43.02516180513 12.655689500133
42.251018934555 11.883853329778
44.842219322243 12.378313923149
51.728484065611 8.1739606560087
42.008509582399 12.248702533214
43.933995954617 9.3372268957958
42.137692576359 13.032428325656
42.460767037005 13.315991650969
40.193586063813 -75.389342420582
42.652880168845 12.103235478582
46.479909407664 1.5726554736368
43.642944916472 13.215272817416
40.272666862428 -104.68079257875
42.289410875335 13.751538956909
42.091806341492 12.014349149568
51.492475314062 -0.66389576335153
42.140530513686 12.979461697873
42.834235527496 13.195813265276
50.625461832679 -0.70410872335271
52.082129958822 -0.1987320009194
50.926024317241 8.5927870141309
42.253883858351 13.720343781526
51.560441914974 0.85231360734549
42.020472731937 13.773257046388
42.731310541637 12.186958758269
42.910570019835 12.740045599539
42.221935229966 13.478491012716
43.475512953718 12.820910440695
43.745512827202 13.338187898688
43.732191080589 13.646683561472
42.773955694781 12.439880861661
42.410183477893 11.895150169237
42.383647391772 13.305934343185
45.866702562602 2.8201657150966
42.569289617992 13.229541907215
29.694577085475 -96.020505566369
51.487048059463 8.1282059713864
