42.56196682975 13.661556861692
40.949834513755 15.506742934562
42.031104598509 15.933943455638
42.729402583453 13.442840330064
42.449690780367 11.99881194534
45.277041382518 -72.593418825366
26.017242880529 -80.706467456323
42.24367349124 14.995707693138
47.118986244369 7.9943409846138
47.780313532232 7.6848314174846
50.159503294695 8.8852728316026
46.180005316474 -73.675488742055
45.845880450143 2.2215044625204
39.9118767298 -74.144934699604
41.546108801426 -82.205500210473
37.71725117716 -122.73392727944
51.770984379002 9.4337996088126
51.515434467474 8.4571742147474
41.980437115778 12.249832288965
43.201771420076 12.968641505117
42.098362949744 12.56280265218
43.635562493317 12.270180691646
43.207119616332 13.037663024889
42.49533682202 11.980594555394
47.702622289631 8.2164313063102
50.579804029586 8.6284246405719
45.01917462727 -74.470677897225
50.290580761754 9.9688657768857
46.346695092202 2.4969757308704
46.324565719033 2.3006891218483
45.539151076944 2.291583182426
42.478662201447 13.284285309412
44.982223545426 -72.651080525455
45.305294090326 -73.266256704257
46.408905946142 -73.129390516516
45.87059026741 -73.646872658721
44.898148706368 -73.553696458623
44.65350276658 -72.795199618251
46.571486643316 1.1291429042486
46.465787680338 -74.067919683346
43.556781807263 12.179621770151
29.197111147764 -95.710912927678
42.488601706705 13.061703536709
42.68488000507 12.857730762522
34.037614904678 -116.92597973507
46.952806558438 2.8436130382324
52.831917259997 5.0850292357314
33.805695128383 -118.37098833356
42.410732541446 12.758838717269
47.380368866204 8.1926882891882
43.301112068047 12.426542898394
43.391972829326 12.26000980302
42.713694989569 12.936465773257
32.752529126051 -83.504039661169
46.188825384336 2.4578257289053
43.176191135413 13.688890435143
42.013502747313 12.915463212393
45.090844014236 2.4584796854567
