34.078371478935 -118.58978638863
42.090742497303 13.304589270311
43.665020205411 12.711444461605
51.151956985775 8.6058153596734
41.960014697167 12.467417194281
33.276610873025 -117.92536115587
42.353246830589 12.270773186495
43.052780439191 13.544531990583
43.503357810689 11.914431118388
43.627384480495 11.711773852895
51.128918895092 9.9919993206821
51.996567562454 -0.97943564881078
42.831612767594 13.227230286818
51.872061107248 8.5868782897419
43.079064802324 12.101257836514
42.424183612908 12.519479539043
43.683533914727 13.603919269819
42.298079413056 12.26636504443
43.765816790895 13.538055134743
43.10277066992 12.249363690752
43.188320462235 13.303220990276
44.617162432739 9.271871012527
42.285702227769 12.770463949915
33.220644298292 -118.92623699808
42.807297552867 13.561790418628
51.396082981208 8.2585011107188
40.056348139324 -74.410272080051
42.372576348212 12.57440751587
46.178989699427 -73.997254945474
43.786769678738 13.748740432688
47.953804215395 8.2408959410344
42.40928266824 12.463969705863
43.566982023237 13.034083293322
51.77619838611 9.389949700511
43.526613867177 12.567447321775
43.312310503962 12.452969067031
43.262978152515 12.954948457424
42.53209700276 12.18842232471
46.218512645559 8.0361595028248
50.796841965894 9.2705344894298
41.866003227844 13.404844649346
50.017482081436 8.3067602083584
42.618304378662 13.504666622053
37.250248174344 11.984584591137
38.648611237176 13.350383629047
43.221452911043 12.636391636302
42.899208825987 12.801331230368
50.328478792835 9.2026433587087
43.042724737938 11.837387358249
42.429590926727 11.836856986341
43.792103030177 13.524613736463
43.713991668894 13.29648927196
43.806449508225 13.483479196452
43.245663046041 12.942109473044
42.380310991511 13.800378729983
43.817769500363 13.081269919931
51.662832805031 0.016603852113063
44.647254841471 11.489096084605
42.681968826673 11.966432299936
43.258943495948 13.336410121704
43.442721246038 12.612953086224
43.003677198686 13.456069410546
42.99239084266 12.439270367606
43.677625927945 13.566721536038
42.203371848561 13.263115975684
43.63915115813 13.382985645173
42.589394810905 12.855308098672
34.608905686389 -84.159715502039
43.502237639645 13.157438876202
43.114942462258 13.488618792283
43.07390951883 12.090020769804
42.207243212616 13.737670227784
42.498587067725 -82.421203259782
42.728153473126 13.193418237492
42.028376181178 12.685660910667
50.478605140689 9.7111633628193
42.221740770744 13.395744022653
43.363823691108 12.087235607734
42.343727845414 12.563151981499
42.328309339179 13.491278514516
42.592724246736 13.640023181068
33.711141543174 -117.84543703794
43.148146629889 13.008047035454
37.082691426427 -96.270252212542
25.660137252241 -80.976403204989
45.459151374807 10.40223384607
42.000888287577 13.570548140265
42.865997484844 12.660385819015
50.297361408033 9.2228564104172
42.201580160412 13.819069173124
43.420485436202 13.133586633102
50.316626374757 9.9504900630333
45.084110321982 2.8546972120435
51.164786867874 8.4653307928077
42.399011816571 13.585281006354
43.646886069184 13.309027581641
42.242229935847 13.381389850949
43.362697035264 13.189396705122
43.280706510099 12.488724905315
51.670407863646 9.2149631084013
43.467731628806 13.153690029028
51.769734042124 9.2126877322852
52.863376467891 -8.2518207054827
43.932132002263 9.7682246446694
44.175764481481 9.5364647098754
41.881536376163 13.465875610947
42.619681782399 12.62544703282
47.430334371969 13.716756818472
41.87569789771 12.546087209411
43.818292014796 10.909212831112
26.543441897494 -80.933500731143
43.358956754396 13.419775470376
50.698742699203 8.9444202212358
25.578563390552 -79.430274350579
44.410616391693 8.6298519610822
41.997514936162 12.851557263591
36.718988541766 -122.04003704497
42.246253817012 13.547269148097
30.52974829784 -95.884061002328
43.314038130622 12.984531486886
43.120957750904 13.646800567718
50.644831288441 9.2347676131105
43.80382131685 13.470274742467
43.67316468792 11.986916779555
42.542935341405 12.595811681189
26.541010056392 -79.286693063508
42.607650307777 13.830834269932
42.545304022073 13.409227110657
41.844595867158 12.721362602323
44.048041863461 10.314599053964
37.903939009941 -122.89896743699
42.532885217377 13.358019076941
42.789668999535 12.112940092645
42.633487041424 13.060396995445
42.497949480798 12.419337705925
42.928659049316 12.633303918726
42.51407936614 12.868930186571
43.676789894571 13.831098515948
42.572963862502 13.09673283116
43.209147569376 13.578875361301
43.787484722134 11.856503057248
42.155944015459 13.228240376466
43.015587298693 12.921271197017
41.844417220396 13.233818430118
45.359903107469 8.2233030409451
44.598185373188 7.5690567802284
41.925806252738 12.609509805057
46.613481263916 7.781440890758
42.688404782551 12.205515696318
25.521385008229 -79.646240911091
50.553675430619 8.1292861449203
43.468736241345 12.335685573696
42.807218559483 12.42904233908
50.661854707944 9.5716569910625
42.731909234439 12.085032028672
42.594046883583 13.467310832121
42.161316695719 13.033856077156
46.530917908871 10.623607038999
42.349143090841 13.302925128652
42.680727294053 12.730280846253
42.23476993259 13.658823587794
43.081802233181 13.028267122839
42.584278169847 13.312259759455
50.269996279045 8.1523116622829
42.026422638598 12.800533893702
42.153990527242 13.298675162878
50.987682749977 9.2671891875878
43.420712477279 12.048261767762
42.025831386133 12.613239574809
43.568219364906 12.236458541491
42.227408450224 12.44325570133
51.855562900824 5.695497625482
42.142216395208 13.17665481438
46.009553980087 8.0960620479174
43.637773468477 12.511329929603
51.053764692533 8.0894113737575
42.454047978157 13.137216778557
42.506449918985 12.853637882461
43.063790812399 9.7412149321224
43.313922817055 11.910697557943
42.221703139258 13.359017236346
43.073850657381 13.67400678141
33.931157345891 -85.38188602877
43.300348324862 11.97285899707
42.120608451853 13.356214655284
45.29699098568 9.1225040408422
42.252740779099 12.35003851
42.204204199952 13.596783803609
43.136204830921 12.295607020771
45.191583521288 1.880038262289
41.994765608124 12.693168507301
43.126086162017 12.813714664829
43.262379811754 13.499443023253
43.28671547134 13.000591580777
44.775478128563 11.834873479809
43.448913163573 11.798864528539
44.641194394481 11.613304402595
43.860691692008 11.387080540225
44.008083347093 11.857829858578
43.926497733976 10.355714166798
42.864087932538 10.276528052744
43.037199993656 13.312421250789
44.401171657767 11.294553316897
42.057477697312 12.701801729271
43.600634938407 13.626113766651
42.687864643863 12.39507470021
43.509488145613 13.636289307699
43.469984501374 12.89349118431
43.608965800914 12.579329825297
43.115079448633 13.748983596356
42.323783063036 13.47196005728
50.563077235391 9.7267143608661
51.537526597286 0.78258559791026
42.829785522015 12.877148308289
46.956183066571 2.8192879840821
50.746526865636 9.7442124643103
42.2288994511 13.379488694679
42.106034873589 12.161469191409
51.942619376789 9.1707358901253
42.91219543198 12.039793623185
42.459451930832 13.259594148632
42.051102228973 12.695246977611
43.707927114215 13.703397525823
50.618725865902 9.9666524352351
43.064900465361 12.711980037744
25.531074561409 -79.593356652737
42.81056886439 13.024759319178
42.840130037575 13.397884347682
43.026373208534 13.489093514408
51.920828715628 6.5165178248503
46.917697082701 1.0574619705125
45.428550415872 1.4324744899908
43.097151185452 12.523766173315
42.942755363876 12.668060306792
43.624020696929 13.587842443787
33.409162946741 -85.277587236873
42.080321418646 12.57352715061
42.518370126171 13.360744448568
43.77611976388 13.397331962568
42.762958164703 12.392699094227
43.525503053596 11.91032459026
43.166551767481 13.83227845881
43.161841258037 12.162428469959
41.936269944991 12.684061941565
46.696410796929 1.7310956515051
43.631581387332 12.174620351391
43.141979088628 13.254653970385
44.321293596491 8.4458306971475
43.511620770468 13.373058253163
33.571190840075 -97.083663370412
43.325267706705 12.381988183794
43.492698597972 12.680855443108
37.252402269316 -121.54988109874
43.460977445131 12.521794332735
53.007847663484 -7.3031638061177
41.848101397927 13.268450472184
50.535394908877 0.17169139164579
50.948627258627 9.911140539642
42.949142141265 13.531817289804
-38.368078275755 144.45459191399
-38.88475727983 145.97465663651
51.638289788569 8.0396848106942
42.584648402701 13.694578560414
52.310541093727 0.1452368325718
50.685311780397 -0.81959423466101
42.688466712243 12.856025779574
43.25484726266 13.818456674397
29.830349008771 -95.1802456936
42.641091158467 13.205213135225
43.76211392498 12.099964372881
41.899045355126 13.27339667702
-37.391287956569 145.08746708345
43.558871960549 13.056704001549
38.69558242508 -96.275490352081
42.708986703658 12.494965681592
42.642005500238 12.380690768559
42.482408251393 12.77359323102
42.385311390008 12.989943459646
50.219653499415 8.9409686694578
-37.206294188838 144.40917039931
50.97790541266 9.0604367382175
42.28054046646 11.959530157039
41.874267127793 12.457438983257
42.08259323385 13.527587818249
43.018857428368 13.615395989111
26.116006448902 -80.16097374668
43.652360178389 11.996788139009
43.825070323828 12.6592440506
51.756432221391 5.3389069352247
45.09710814359 8.257206049148
43.326895678589 13.048085215545
42.644369580638 13.086157089626
51.797948095155 -0.49796295287458
51.021946813456 8.4043281904442
50.273442031477 9.0713787149039
43.099079107467 12.272513811159
50.42884046744 8.821490893523
34.354166074535 -117.93510427864
43.782717131464 13.448381636522
43.632760678734 13.124292310406
41.79054620588 -73.615849033882
42.214681432703 12.000171959887
51.13829176763 -0.12591479776236
46.577489439667 1.7352036455344
46.161950596218 2.9923707675153
43.4732451432 12.161417440607
42.547043509126 13.370862550296
43.763557106633 13.663489021225
41.86036009989 13.378902313031
42.840173225331 12.870045685635
42.410666622434 13.397050829345
45.513037987784 8.5626905690705
42.700541520373 13.422855450058
50.850157107622 8.664767359693
42.609620188668 12.430956520362
42.227612245769 16.523945866492
43.174859603504 12.881348975434
43.69050115614 12.857015484433
43.203594878432 13.821728558218
42.732083422959 12.030829378439
43.473905472792 12.395554388147
50.293209469082 9.2117920602727
41.871554163711 12.252978642144
46.060313443681 2.0219427892109
46.246106676313 11.661182113926
42.007209532453 12.316404068545
51.079017167249 -0.6359971900219
47.084229103329 8.9358401349447
51.094232558782 8.4940568150459
43.207304570941 12.529477755341
42.621514736519 12.797109901366
42.71030419681 12.701270201125
43.145835379228 12.901897523993
45.444625988578 12.610153530301
41.930198148813 13.119773218951
46.354920142728 9.1409987386717
43.510025909429 12.062589226341
42.136915154374 13.50127112984
43.059729293503 12.896525584134
37.301657563216 -97.71785724569
43.326540878681 12.855778657319
41.933829701496 13.371381108377
42.033078392073 13.787754659929
42.702516639022 12.375976374569
45.006937025048 8.8888692755223
42.830301044451 12.117798075621
43.082114453487 12.129836341913
41.852806917344 12.167318714416
43.30802301753 12.250504158575
46.472296609621 8.1796082296337
42.641113436169 13.305890578009
50.246376624911 9.5304100813951
43.134347962765 13.07622001838
43.137852030891 12.073785613812
42.859468139664 13.600643096327
47.262547725468 8.1260127896098
40.902194892963 14.205429532544
43.706546663191 13.456598262071
38.490723806675 -122.51749426963
42.499265133657 12.788303483666
42.731885578845 13.701205644173
42.617790121428 12.221757379019
42.494679457294 12.715828610473
18.571049836614 -65.96112822623
42.235970575959 13.624311197395
44.354013382669 12.23135121068
42.847155645905 12.860422003039
43.43254760675 13.762724545229
