43.177793750643 13.825186074651
42.391913575324 12.617662343505
43.427332446665 13.119011011051
42.030111623497 13.479802340514
42.690775018528 13.463310697353
42.717564064899 12.91924874902
43.498173587277 12.952948426827
42.993681089505 13.026112107128
42.982739909565 12.168388667616
45.967435000449 2.3568095687576
26.994934868979 -80.475545088792
42.618481114816 12.915630341024
41.978222078189 11.95531776594
43.079361192009 12.351407016346
43.676731197965 13.492903069844
42.438081778811 12.393574682734
40.373464434268 -74.90549943372
43.595413284675 11.97865542398
43.251022839125 11.838393089773
41.057921467993 -73.874039903822
43.056161016273 12.769200268581
43.744984616428 12.798409810217
42.8799471459 12.986611136716
45.256105524072 11.817615851139
51.622851558553 -0.72216120726995
41.95264086034 12.073839257061
44.767365758434 9.8372645486575
43.016128049261 12.094234186755
43.693577909255 12.207355300548
51.36697273346 9.2602925981676
45.147267036672 8.9283930616143
44.974362175432 10.237125303616
43.428874894266 13.389238460192
43.646460569786 13.260498399057
34.972048555799 -117.58304495696
51.438897888381 9.3058618550682
42.163314024084 13.206818764215
26.574224779167 -81.098979020813
42.625222910973 13.367285758915
42.164875860424 13.097706398062
42.703585194772 11.927655227004
42.075698162951 12.270011335758
42.142685837665 13.301671925628
42.516925191768 13.565832413552
41.914675334915 12.840609996061
43.790736873558 13.093297103484
43.379319436114 13.008576407122
43.761117803308 12.817159767664
43.697742747023 13.044911915013
51.543206337627 8.5205328760299
43.214804014312 13.270598343255
43.231503443456 13.676079323385
42.972450356473 12.240148997533
42.716773942468 12.94972536992
42.572967338198 13.298682130568
51.287758763781 -0.17911315815947
43.534659272795 12.611951708634
42.967573355889 13.472184730469
43.154804966506 12.364901705836
42.131790320471 13.23406738149
42.525502555338 12.010842096552
-38.068427973924 146.02286152652
50.053368910706 8.3406231642424
43.758495707439 12.000717427603
43.284235842679 12.389434830022
43.005013571144 13.598918618469
41.942352883046 12.125954003619
43.290292000554 12.685738881459
43.08603870642 12.805488869478
50.549509740225 9.3020711607775
51.806212260065 -0.53864803893894
42.166238772781 12.576440241477
42.503231893083 13.521571759398
42.520985882527 12.932634569694
42.735884469832 12.69257656752
33.964895952516 -84.093771604306
53.149705242202 5.8177508381511
51.623313400952 6.1110961885942
42.237474296374 11.840827537182
42.773072563958 11.840827253594
33.85345958477 -118.08239691221
33.507315110963 -117.65378433941
43.486048625098 12.424293862409
42.274662526939 12.529650149203
43.045923417476 13.628200322703
41.854889393738 13.461530842123
43.391450270748 13.542264969827
42.449052678651 12.057728118777
43.09924179136 12.099310326457
42.035873008464 11.839843220955
42.801882174726 12.816017070721
42.081621708407 13.418813490991
43.205107796588 11.911941303386
42.588918489699 13.806497438276
42.13012501559 13.645091794753
42.474400962945 13.691316135105
42.423514600596 12.100018769105
43.117517410853 11.932397467074
43.184565207562 13.804484223877
43.172085048266 11.966797909705
43.894396899431 10.203489250018
42.95866220724 13.538644775089
41.940261358388 12.177442150294
43.237578151879 13.450641531262
41.837567519342 12.422017300719
