46.291839698 1.6394202605073
42.442187038477 13.026586502824
43.112405400331 12.377583832211
42.557924911661 12.186236498054
43.781459479512 12.900155818996
43.54536177618 12.303514866321
42.932841115621 13.254049017699
43.183207600484 12.259642100569
43.632419540397 12.987614296392
43.717568636296 12.612782547557
46.534985943947 7.7277919192462
42.37419623156 12.526500868412
43.144884602721 12.595164065547
42.921278980079 12.528638364083
42.670442495828 12.790875246206
25.463322258287 -80.400411444712
42.785553983334 11.886764102584
41.877077967358 12.06343798391
42.040273959323 13.137149359184
-37.103833227467 145.26686626469
42.649061802632 12.156533880719
42.824426729171 13.220076813952
43.535479357736 11.914034803845
46.660159279618 11.481374194346
43.276848753599 12.21692553361
43.59380718071 12.596059832089
42.941985753825 12.458969221219
43.041175758972 12.05663130344
42.873499762695 13.810206707034
42.720460970311 12.841556187666
42.224188546776 12.414960031146
43.476418460962 13.230076810939
44.243921720883 11.515366224838
48.30875628258 -122.68552338045
42.330348573334 12.350989378242
51.62435697607 9.2801688296162
41.845599766304 12.382695564268
51.548207968729 8.5295723907322
45.553810194858 2.3086740701965
42.266388432733 12.708708486405
43.105190247833 12.376020646385
42.331815238752 12.030036620365
46.494254313174 8.8169005731199
43.283025968507 13.769078417595
40.934011478098 -74.681909845194
42.119395399744 -87.614428545184
42.650251323215 13.387161316551
43.438566271441 13.569870358619
43.050037109803 12.774155378258
42.894940003259 13.102282456191
34.133672304143 -118.53912881958
43.181880664186 11.920752375371
43.651277764559 12.113042132071
42.118702155614 12.805552139343
42.721116359702 12.106512453943
43.797897381169 13.263833105242
43.112580444272 12.796869663448
46.788572192094 8.6838777599316
34.705261341804 -117.89047617442
42.783258679243 13.37443044615
51.874735999328 8.7804387457578
52.582602145422 -8.9040995826498
42.10502738466 12.475327433795
53.499642266426 5.8696281398272
46.540364939971 1.0308031956809
43.131961810485 13.116847678629
41.834523552973 13.402686542109
34.524551275936 -84.526343977697
42.444266129979 13.137018072038
41.980850908452 13.228232447651
40.413311181003 -73.605567091558
51.659620896056 0.2290550238076
43.187840574995 13.035650050305
43.357839525865 13.012328741633
42.620510270663 13.612311230813
43.576311370647 13.766709922725
42.843388131768 13.366336791502
34.595399960261 -85.272449312766
42.000602993204 13.169520873211
43.496272834736 13.405483065849
42.935552614266 12.157509927732
42.930461808562 12.900162382492
43.161348196308 13.76949844361
51.681958192945 -0.41707386865875
42.242686392873 13.569167122531
42.402388618536 13.609261742166
42.739070654048 -83.572326108821
39.046112288916 -76.575154760614
40.785123975068 -74.614731859368
42.285235031196 13.364366724347
42.684419414368 12.335701162173
43.229961885267 12.023572772308
42.863227941984 11.969181131113
43.245012261109 13.306289991062
45.457417870153 2.2313681250584
43.770323044069 13.525384309502
42.315693138801 12.831984478457
45.619739911342 2.2284536218403
50.046024166535 9.0981027405235
51.383765467156 8.1076161754819
41.957882283257 13.349333722328
46.242874161453 2.2322134921477
42.278574289905 12.919155954367
51.480923579764 9.9438217146992
42.946753188033 13.372649268907
46.520106364538 13.995758869006
42.490438346069 12.899985303145
43.078544885909 12.620173139342
49.829321810473 1.8364138572916
43.599215416538 13.832738138678
41.835241256226 12.669115841721
43.630690339336 12.17914796957
46.207086476594 8.9596381140685
43.796328657233 13.579296313517
43.40470882107 12.820672966477
43.084657365517 13.245598725179
26.346097201719 -80.855497148096
40.373154359769 -112.49758619918
42.05520483111 13.411071140997
42.554299373459 12.379916044616
41.950865057295 12.666452987451
42.903896332695 12.176882997724
42.077812445873 13.801756889954
42.196827518401 13.554709507432
43.259424859334 12.087830524488
42.436841042005 11.955503165722
42.057368470869 11.935139291911
42.204615386319 12.041351222473
43.674653227776 12.320271512198
52.114655435372 -0.28577291844215
43.651393377546 13.360984688814
42.215086198533 12.328684067993
42.408280799842 12.438930836266
43.576561105261 13.614028890924
42.938541311297 12.219480797306
43.105011323071 12.192661200295
50.739688628232 8.442291774993
37.776591433491 -121.89153792534
43.2358102539 13.028746780042
42.675678238608 13.130237503525
43.316939978098 13.072769611663
50.009494837378 8.5525414648245
45.001299792364 10.020173581885
43.67840070218 12.55489904182
42.658350019578 13.115652811323
42.724767726273 12.87880994376
42.104347999743 12.051635774829
42.440891739673 12.787767457232
42.698759497955 12.017659840203
42.304706301703 12.28703184255
43.520256444144 12.221635949456
43.88775799404 11.793278506025
41.193759819735 -73.642150255816
42.1356612645 12.310893461274
42.108837887251 12.14340065801
52.46619633118 -0.36289826988843
44.216510368493 12.107200395391
25.151776474023 -79.913747811459
43.799956029675 12.153635737113
43.270139557922 13.730339999206
42.496472539167 13.702218279591
45.058235744603 8.8009870007173
45.400604651962 1.8134556961308
43.63967019398 12.502656430727
42.029106759035 11.847629876757
43.820086630464 12.983532527009
42.72418790556 -83.487425758006
41.925922543728 13.730643837608
51.020085447477 9.7774031738645
51.709032299793 8.5669650582443
41.156346981937 -74.872051014086
45.431602394875 1.9612989122799
42.734904929872 25.943053191501
50.64930869902 8.4335017620742
42.393655556924 13.362642013192
50.997246435842 8.2788670325088
47.779882156907 14.304592069634
43.697340495764 13.020455780004
43.003620424796 13.237401207575
42.431844786497 12.436769005136
42.025099987663 12.106458918262
42.496769663664 13.385737769506
42.694775989158 12.378233361721
50.247097933314 8.2403481068277
45.192171526697 1.8543358588844
41.348695222436 -73.581390676872
42.073097015553 -82.211159978368
47.56486655544 12.925250411253
42.95691044489 12.633953027278
42.72029061337 12.747396286736
51.599107194272 6.370216522189
42.237218243201 12.15726125436
43.714233579002 12.752245929463
43.556782201678 12.767115212889
41.908612293635 12.730709723093
43.60915267172 12.201872396398
45.743697346302 -73.006113934005
41.837567519342 12.422017300719
43.95502952093 10.806171145454
43.014529663166 12.604337910027
41.850952064104 13.630044950952
42.649717541735 12.222881417846
52.147278243046 -1.0066781561434
43.810307710364 13.093343077758
43.65657404936 12.745105024329
46.427606779815 1.3975437122386
42.290309315704 13.584624565965
41.901472962902 13.162434891894
42.681207066274 12.508018114862
51.497221528318 8.9801140632388
50.392919576444 9.8069613705422
43.615626544068 13.168210557296
