46.0610703901 9.5749245748017
50.145754494772 8.203640278058
42.560002703967 12.085376009406
45.885215153864 2.9936313154146
53.070362588889 -7.1832571295943
42.707917360008 13.28525070908
34.395743480919 -118.40398854805
42.609690755445 12.798909523917
43.601845685228 12.030584500672
42.310635875145 12.021474529089
43.219306725666 13.781510901091
42.570408514522 12.01286195035
43.485568815624 12.725054182471
51.752012004262 6.0951471199957
43.592314831278 12.37334989869
42.962048359684 11.873150045945
43.690014521002 12.19124343816
42.691096347168 13.075678081774
43.325945014307 12.748369431493
51.602777080148 9.618613709823
43.664724512356 12.985835780404
43.046061634129 12.255198598979
42.585419777143 13.506990371529
42.963403016333 13.767550603399
43.809912409566 13.401912767648
43.169754888497 12.427910550718
43.526097294675 13.153094031475
42.477836392132 12.690368141856
46.893419903567 11.604683271167
41.872985329441 12.148746789989
43.482116876416 13.554182924609
37.158325946964 -96.291687879382
43.778438575018 13.151009766476
43.191991626395 13.313561499286
42.992076890095 12.268338795432
43.585650734897 13.008697299777
43.59396708507 12.571913773947
41.876540292949 12.350971841438
43.41553920622 12.078705095278
41.857752717521 12.303631986654
43.242222780496 13.075557541158
42.629791262874 12.639919035921
46.616990030097 8.9762647001916
43.625409912165 13.507352350071
43.555133692268 11.873196878432
43.378044151898 13.782002548607
42.809236985563 11.838647054454
43.226028420157 13.106616919
43.567864019244 12.591052803507
43.743202505535 12.016674267157
26.632279290164 -79.750854240424
42.278399497421 12.19713547418
43.698164521597 12.743926259591
43.288147603317 12.837270125692
42.624807179752 13.1476330623
34.204040191885 -117.15050839397
45.418624546108 2.1005948745183
43.808840661707 13.158696193809
45.711840905439 8.5537583480351
42.642283559631 13.389550878869
43.635501420442 11.845709032328
50.995031315598 0.73360488592815
42.047663729215 12.619987684612
42.933480477416 13.13638755967
51.599197143502 9.3108612584466
41.863344126804 12.033249529581
46.922101144643 2.4361080338415
42.490089551329 13.780975967099
43.427552546595 12.76510745185
44.071001642745 9.4945133515375
42.649548357676 13.752906757313
43.000126085265 11.858323273204
50.140392373847 8.7601399131865
40.024913754943 -74.836792943589
50.982308775178 8.8633754751009
50.59598748274 9.4122464146522
43.632177795599 12.600935711361
43.745050527058 12.676800450181
41.98196774769 11.880223393405
42.415119201625 12.6852658115
43.268051353895 11.8888046052
43.42305045131 13.415073703723
43.727677749364 12.381625389413
43.471292915063 12.290597511612
43.739501431018 11.962222788021
43.522035933829 12.429580950399
42.348555398357 12.782770906961
41.98297182891 13.693768480671
37.374111068942 -85.737683241086
46.704500017084 8.2535758597094
50.655381677977 8.6767188062317
40.157072481459 -74.656854365924
42.631460442523 13.089721411529
43.210981093932 12.884328705226
30.396300497481 -96.249028282565
42.819495603379 12.460527669408
43.715107088797 11.855433147354
