46.234821960251 10.134115855363
45.906459808746 10.059060480918
46.348183666492 9.765195896253
46.00930521046 10.166732817805
46.279450037577 9.8143036213327
45.724938487015 9.5707751053459
45.964821171025 10.01736931336
46.53725325991 9.5057644431296
45.661230158182 9.9544076023155
45.998002254894 9.9455637234941
45.789337612616 10.160472654999
45.9537822695 9.6855243252313
46.112664627921 9.3170732928985
45.819449868714 9.3413555069764
45.971598404938 9.8544671667062
46.048385784679 9.3835193909162
46.078689845476 9.5029615884661
46.213859636462 9.5522726992854
45.707183052628 10.188170377721
46.178103892195 10.153931630314
45.861573397143 9.3814541500907
46.175373051423 9.2935382518632
46.0610703901 9.5749245748017
45.662230926665 9.4116012162839
46.396711560642 9.3652744008066
45.98788366981 10.104257945206
46.574410668146 9.9376689680539
46.245421814406 9.6261910693842
46.208587406251 9.9941379645369
46.402261644298 10.077802541164
46.128262697758 9.6449358964338
45.862178992441 10.064161066648
45.891219732327 9.2943445917658
46.515561890072 10.147876280408
46.777822282297 9.6112769119494
46.017480984313 10.03810991849
45.845353067615 9.9425401742558
45.660531013485 9.8520383059312
46.083637191513 9.9899592298967
45.897163069319 9.8911914258689
46.332457091602 9.3404728342036
45.685136865303 9.5671530406281
46.169971658953 10.177374833067
46.1858224824 9.5358768488215
45.817380431514 9.4114474001394
46.363277909911 9.408281442946
45.626289016463 10.178649801844
45.673586561074 9.4460052042505
45.789796705914 10.370852287731
45.741389668009 9.9686766088096
45.797947066558 9.2768127414034
46.127499932136 10.164101553293
45.741148172105 10.071970171582
46.241546167916 9.3686644819396
47.011009794639 9.8761755424231
45.695798325325 9.9249198336759
46.05393131911 9.6612136509112
45.567970159751 9.8496678557478
45.702065935148 9.8535185973409
46.108993263735 10.054675886992
45.87139755158 9.8523838265111
45.667738330421 9.6443109405433
46.078304908415 9.7356118384193
46.396540833847 9.2713941073377
46.135271213106 10.096337959401
46.240406500425 9.5937591620016
45.586278747456 9.8373981199424
46.139151702865 9.6260207146272
45.845763257193 10.162274971401
46.008019179251 10.28083547348
46.037118392667 10.236037034719
45.699451711727 10.116874931525
45.788620669552 10.198364879726
46.441110027254 9.2765666114523
46.280386972863 9.4675025361904
46.035305703101 9.7662310228526
46.213702294584 9.7494319438489
46.400372320947 9.4938093660581
45.771662123209 10.136051475853
45.751070030593 10.075138540529
46.293293497222 10.149462010502
46.239467864528 10.151614664379
45.645380539187 9.8519327666875
46.477377392246 10.266568810642
46.199653423975 10.142876147545
46.053776085893 9.74457254966
46.43540417281 10.005152061563
45.855933715548 9.9185665339783
45.490400727347 9.8078340513924
45.869006734772 9.2789876566636
45.571633046084 9.6791817262672
46.736732618064 10.159176995211
46.104005458164 10.167099151114
45.962881203048 9.2384998345461
46.575350525684 10.254968305028
45.869521973126 9.488682686488
46.057274639095 9.2518546900022
46.195061643347 10.283545007109
46.013766658147 10.370352244156
46.143412662762 9.7985514650092
46.001652619828 9.6890590298404
45.588427864315 9.9825261106633
46.285551330371 10.151277971501
46.254217225364 10.206815460861
45.697364865151 9.3975189215748
45.790250241563 9.6004817491422
45.606005358766 9.4878584283603
46.251188520552 10.027772124127
45.800389828205 9.5442381800148
45.900591289858 10.04977870679
46.259259176002 9.9801326488029
45.727597157621 9.7123264562839
45.972134983503 10.343411936703
45.928941871498 9.949540632474
46.545232300949 9.7652090386093
46.237752071667 9.4359813436079
46.197773448377 10.325828291418
45.926913312626 10.364678613359
45.744663268954 10.214401421025
46.618014343834 9.6982995418381
45.920851139778 9.3576054317702
46.232801490225 10.322790175894
46.354939077005 9.273581840018
46.382590327359 9.7275658882817
46.518698708231 9.4549989578547
46.256358667254 9.9075371216529
46.03406356838 9.4517195000554
45.832828286771 9.8799146556668
45.97594331346 9.9712715565093
46.483261362872 9.8844195123247
45.889098196029 9.5911887297133
46.313159428354 10.026127567366
46.424126211614 9.7078615517
46.448273590299 10.189954979434
46.495061697089 9.8973048149363
45.773657807628 9.8410999989771
45.833601170959 9.6583872080797
45.808929649584 9.6813994232013
46.305500290594 9.3968831547056
45.631515263431 9.8648921458353
45.816363326633 9.9098732926719
45.963005259288 9.9305722851238
46.692191538116 9.6265065457773
45.968107162888 9.9037127863167
45.911009813177 9.3104174959987
46.712893013804 9.3263801600907
46.903175118895 9.3422495456609
45.843350715676 10.054912018592
45.7765428777 9.1708384419655
46.252851122107 9.943753892206
46.196683585761 9.3537290272087
46.750857558081 9.4241097955611
45.782469022198 9.5780525264461
46.448475856103 9.6148018506424
45.98874315116 9.3210512593487
45.812852188418 9.8151487406414
46.141347446105 9.5256185480047
45.995219646043 9.8243736328671
46.616114458819 10.242534407902
46.282524053418 9.5378296837853
45.873580937636 9.444530197838
46.651096279666 9.4632778414354
45.79931122516 9.8306272353677
46.126962317702 9.8435451180877
46.190668759051 9.6810330897947
46.149237447816 9.4096477191452
46.163068384499 10.007160268914
46.254256011361 10.319051361023
46.348938039226 10.007744039133
46.374593600365 10.028637392646
46.272395498991 9.6040175484512
46.767564284321 9.5370015592021
46.33303679637 9.4726169551129
46.244096154952 9.6416958831445
45.577413108029 9.957947563081
45.932515023806 9.2875012242177
46.480040417162 10.176358601023
46.342761915733 9.7057365972808
46.375457097299 10.248392980568
46.179185553563 9.3515737628339
46.044214796899 9.2884072791521
46.348510004556 9.5159596653264
45.772871920759 9.7531367727337
45.866231013002 9.530738623755
45.970121146119 9.5730977476892
45.693545356064 9.4530584943728
46.492783145275 9.7395340933206
46.478140859901 9.6576202001691
45.740195195931 9.5125414975954
45.608284733101 9.9374012366577
45.784532114323 9.8335757661767
45.867063573428 9.8110838932968
46.277779057311 9.8726694119501
45.923569094934 10.001752674834
46.52275154624 10.264375781207
45.687682580497 10.000588282545
46.329180021483 10.026073732612
46.011132305491 9.5929160674092
45.827597958447 9.8758266858178
45.735499122548 9.2727568879131
46.650431344586 10.094393425109
46.198088924798 9.6647760635101
46.175254088838 9.7328492243927
46.020841675492 9.9991732312618
46.113050803057 9.7514727334266
46.160390446063 9.6805106923359
45.64510361722 9.6283452655996
46.008337558905 10.236209557201
45.803231846447 9.5284812419365
46.233755863378 9.7879735141028
46.262149484482 9.4540563916131
46.499522474964 10.021676217521
45.889380651966 9.6115409117246
45.904792625042 9.2060655726614
46.315627538818 9.7773226590511
45.520692999997 9.7067125650364
45.827854620653 9.9796770107628
45.729140295547 10.032137008585
45.785653812737 9.8722508811728
46.318414122971 10.163159079646
46.148561604879 9.8199290705006
46.041571942203 9.2168966082935
46.065889938791 9.3582031073785
45.778281547587 10.12826140464
45.53714364329 9.8787604343513
46.279613659407 9.5565645191616
45.86249129335 10.200495805685
46.503017623349 9.9319387029795
46.10632546437 10.09806737532
45.90470763287 9.4577810116637
46.03228004306 9.6426113773313
45.89954953266 9.7178062452552
45.969381568799 10.360667926239
45.983855853709 10.264830804646
45.591578929986 10.042676152868
45.884438582202 9.2244484543914
45.932396511076 10.124536967615
45.633594363317 10.034701006689
46.13682798016 9.7740919710948
45.888459257592 9.5396973538374
45.826879678029 9.6471872120594
45.970408797346 9.4037266494258
46.068249923207 10.127004782172
45.825142446938 10.015695514954
45.946640148732 9.8014006258949
46.506933326601 9.7330345304394
46.015908239442 9.389315359662
45.820354561212 9.388307198758
46.255772273736 9.4526822529513
45.973797887479 9.4502900725465
46.943566487123 9.4767409257273
45.603786723478 9.832392711233
46.10805072915 10.096152688284
46.262200605738 9.8853675011943
45.949292361641 10.236513565032
45.663577162967 10.018476090312
46.421976634961 10.107825308532
46.605701493379 10.236933647209
46.67453482266 9.368252928915
46.202833867258 10.234438606091
46.355636986136 10.28733330364
46.216637734888 9.2531163939545
45.606298902818 9.8165372049536
46.116736786171 10.366026397404
45.651531256364 10.027434995574
46.216858744184 9.4303652814731
45.724441028 9.7783148041825
45.962845683106 9.3589714912018
45.486133726566 9.7339295241186
45.863901320223 9.8919586427217
46.64098822262 9.5678724359594
46.436931566099 9.4213694794203
45.798947649078 9.9636220503452
45.920327941359 9.8280284570405
46.029718596993 9.5773137109248
46.079684718687 9.2559299179869
45.601401754495 9.8416828924053
46.42581496368 10.156657980828
46.464191068741 9.4679097723998
45.963991539999 10.370229513932
45.520939756453 9.9097499792975
46.320254598682 10.080955860361
46.746699966468 10.018736124189
45.999430980605 9.579775779962
46.197869028082 9.4686852720886
46.410766288436 9.3151260898076
46.368988260428 9.4842804269792
46.103083862997 9.3595613458937
46.189890906094 9.9183771760521
45.791587677967 9.5943496565518
45.729024535107 10.410030427834
46.781605868822 9.957038372174
46.145921350921 10.202394857308
46.208787281324 9.9050590841612
45.933137230239 9.3454716183014
45.517929719045 9.6731770252894
46.455203809547 9.9393183008485
45.623178801205 9.9664568470658
46.247777083098 9.7363781780639
45.691293317704 10.09948908058
45.939714076461 9.2287201083399
46.12003161652 9.3977022568895
46.381239815257 9.5767734038047
45.806219694089 9.2780454259474
45.980556065205 9.7523342662292
46.193339213141 9.9818936650091
46.707718448901 9.6168034064639
45.653990127593 9.5729927664264
45.779795925028 10.166500146487
46.334465032159 9.7326221061557
46.543899507771 10.088646968565
45.790287327834 10.163538712551
46.410126028378 10.062650315493
45.754837864244 9.9430999945584
46.130422446495 10.101102151303
45.822704892337 9.2836670652422
46.439268042633 9.4623089507047
45.987911026849 9.3158214752892
46.028068125561 9.5985264126415
46.208171867888 9.7081546909679
45.610948704842 9.7650134117855
45.929345033124 10.130372587373
46.277725594525 9.9086316200456
46.375052881162 9.4860074212244
45.857204245991 9.9885994647599
46.714205110171 9.8740999240751
46.393652125885 10.120381169145
46.193405656725 9.5331906252229
45.707211210231 9.5470547483732
46.14712052466 9.3553966672883
46.294004807877 9.8039087649453
45.851567087905 10.396248818932
46.146249178423 10.058993643457
45.936778639691 9.9461665657075
45.746322750252 9.3617675843936
46.093221591855 9.8629832106004
46.367809569728 9.2566300652952
46.402671745793 9.9082201758671
45.702929509197 10.214976436933
46.572106323055 9.9510025044908
45.85892231635 9.3410117446193
45.71198305728 9.8943328876232
46.262936205234 9.4863009540511
46.38677601304 10.082354056874
46.190929366111 9.2247552601037
46.035427520559 10.183147063285
45.571137393718 9.620454973553
46.342154753579 9.7055514771983
46.173608247786 10.19682260139
45.725437333239 9.8323953553254
45.807748943527 10.289436728128
46.119183674042 10.076818055418
45.990348654844 10.367862492736
46.530956038519 10.26366147309
46.064090589089 9.2469443693067
46.130292743158 10.175108303465
46.436595834648 10.137042846662
46.049314452333 10.076960403953
45.671548163177 10.050463739897
45.869209594524 10.137938769319
45.624339922294 9.53557046372
45.771351573554 9.3312299749749
46.379218373901 9.7181614792315
45.777237024984 9.1941530280742
46.227535344298 9.3214388108469
45.731648673202 10.00681673298
45.983030830993 9.2512050576746
46.144986313861 9.3844245995765
46.57830845822 9.4679015219971
46.257559213905 9.2783490852841
45.605068150861 10.101505980248
46.23071812148 9.2555068915713
45.952507786242 9.5347784272069
46.21503446969 9.5475121885316
45.676884593317 9.5332355331319
45.866748787892 10.171909105299
46.075694160569 9.5038546441629
45.666487557123 9.5463605189213
46.100198875251 9.913863802568
46.327654585488 10.29499113732
46.271411299392 9.8688107348368
45.948201054962 10.30257949005
45.580600701357 9.8480236201515
46.445501725888 9.4418614147426
46.19727784081 9.6966812932383
46.447822795018 10.022273924864
45.853714792947 9.1957144674825
45.691471279946 9.4708879165681
45.765457101616 9.5389517233445
45.657639056844 9.9507033805622
46.33060303814 10.010549375047
45.766575869481 10.084016735102
45.84106182861 9.9525746225158
46.02236842458 10.378025461539
45.93756767036 9.6311110658716
45.813830643803 9.8271716002524
46.459658425541 9.7013202799025
46.348577925192 9.7061991910945
46.4690760637 9.4647737416763
45.750365511889 9.3036219811549
46.11102397831 9.2736789320939
46.155094562196 9.5666091758602
45.61984897706 10.145596702744
45.960053297484 9.7016355292391
45.929523329709 9.502536936152
46.197565048119 9.652887718311
46.320625115827 9.9204457911292
45.927271396379 10.074454465636
45.878034771338 9.60587551978
45.653215539971 9.7957964098061
45.74956101689 9.5034004544878
45.76804746912 9.5751868807595
46.829762490206 9.4391021919906
45.809182269873 9.1895744451296
46.084947947944 9.239082682244
46.38049300731 9.3758773711421
46.448943864109 10.242816183454
46.422584684322 9.4192416993059
46.108324471746 9.820930506669
45.580779081574 9.6683725208595
46.268717176432 9.8147964543732
45.686606826674 9.8797092952438
46.171612790167 9.767350839643
45.960148685125 9.4506127449011
45.685930490839 9.6880682646707
46.235117653282 9.2635587239468
45.725605235121 10.066783767478
45.833648640375 9.3852584296559
45.52096070376 9.7889118114878
46.077947975636 9.5315702871124
45.927333896876 9.7738108395244
45.753182209378 10.019643730048
45.973548757857 9.28097438518
45.96939555929 10.160022727102
46.525905046855 10.135620024028
45.660995611323 9.3880702586789
45.762116352544 9.5980995791723
46.71621108908 9.3578183289631
46.125242151497 10.312189737548
45.798860615983 9.9076677473763
45.63139198303 9.7815442289163
46.175914876224 10.322556335562
45.61278956561 9.6803249196756
45.620891858673 9.8723229096608
45.751426865021 9.4522181940042
46.069490042641 10.347921314136
45.562575730105 9.5904771744439
46.319553639234 10.253178629767
45.824303564974 9.6425700567651
45.823615078758 9.9439519887529
46.603092231135 10.234817212932
46.35262223177 10.18051659436
46.149683506228 9.5070858827127
46.424692665101 10.218766808982
46.83850541806 9.4960675295424
45.705834206962 9.3060388966236
45.73847578596 10.011264822637
46.316166593866 9.8194768671968
46.068605966525 9.7271577754417
46.195318823331 9.7465500948702
46.047106169701 10.190620424243
45.778154635978 9.9749091512151
45.720810159471 9.7699301038729
46.606742702802 9.9219373679845
46.509352749381 9.5769079900728
46.135630029342 9.8020672524357
46.069467528781 9.981554035275
45.836904138812 9.2583139272213
45.94601230579 9.2434353767631
45.921364791191 9.3032972632224
45.747506254051 9.3494667861585
45.577455406626 9.7603652040965
45.854509620368 9.2280307028318
46.612673231432 9.8539067527763
45.542297252266 9.8576372048155
46.903885698462 9.4823689153336
46.227250890938 9.4947998024965
46.040375781541 9.386089597168
45.642554153659 10.075872409498
46.214718897738 9.5452628018057
46.318873690846 9.6787690366752
46.057573609106 10.059876859402
45.676263125558 9.4767873631682
46.228919681569 9.8937020699209
46.127608235033 9.823665659725
46.158158619005 9.726501818314
45.599219967865 9.569925671171
