43.563145078536 13.124248147555
42.696558735213 12.014040845939
46.489609149978 2.5528026286293
46.655019878249 8.7916191200687
42.959192479031 12.471707194353
43.368130719016 12.306421088218
26.139995934955 -80.207341098133
52.427405231133 5.3381476921906
40.444922415211 15.160808065443
42.163509920802 13.232413756325
42.867427333683 12.753482540044
43.241334711801 13.649798462957
41.980417731696 12.940274746616
41.913063255888 11.617887705014
42.193466874536 -87.957508296986
50.06109673719 9.9492437094214
39.94250019956 14.629952046776
42.239308654929 12.730459445517
51.032592248187 9.4220205542734
40.772114200407 -83.394575176656
42.663181668477 12.776950621429
42.074078169241 12.143462193286
50.251129614772 8.463957995858
42.368169740035 12.832211944683
43.381616645691 12.810799962308
43.777699024334 13.387401069716
46.477377392246 10.266568810642
43.562034263558 13.386757514641
51.937139850546 9.6308621413218
42.607370022057 12.057242265019
42.114609893486 13.624744023043
42.995655368567 12.995711909626
42.451822356087 13.285655795751
42.940264173311 13.323371475734
43.071288997362 13.122283282302
43.117100476829 12.474851544257
43.591175515501 13.785436165906
42.696068255576 12.656403013366
43.82536245504 12.822465799687
43.416858170397 13.322072168517
46.735260259237 8.1922815144957
42.76033316497 11.939494573504
43.240306099544 12.520089044965
42.320117828141 13.611644139354
43.697329841434 12.23073693564
42.709956006499 12.556328547002
43.690473609015 12.190517700853
46.878849002476 8.1921208986044
33.244664999027 -118.63749152023
51.770085457605 9.3883500659784
43.428229621832 12.768844982988
42.297388345163 12.975493338434
64.416236651324 -18.274370445998
46.948579336493 7.2720060708337
42.198504135126 11.838864479626
42.46223596088 11.98792808551
49.799152136154 2.6738603968262
42.999042334056 12.75110481344
42.043124950998 13.553829925879
42.716297382378 12.286799973031
42.816985088802 13.436372913179
43.831367682608 12.669734645502
42.48194195541 12.967155174358
43.373603175589 12.773246928965
43.731132099301 12.023133279322
41.980491679174 12.058620176326
46.781439226485 2.079603754021
43.286673805365 12.272678105309
42.944716569497 13.044737376315
53.139117030259 6.0124980664172
43.124658274543 12.683454284784
43.550604364181 13.714058088492
42.814602263672 12.108351029993
43.097679747102 -83.426554901466
41.847912441424 13.803660994325
26.717560147718 -81.020930753375
33.76886783825 -96.822746873443
43.824472916717 13.285115742278
41.953815593849 13.452318426453
62.147966483677 15.320255827773
26.504593721809 -79.465604766298
43.787955646791 13.369859491203
41.670673862702 -82.720082902538
39.951251955145 14.292066768341
28.955420270084 -97.854302321986
40.008081363388 -75.549806582288
42.023019885676 12.886709783195
42.710014681683 13.822814261479
38.212005698604 -121.93568201236
42.970859736212 12.094559857221
38.48291308333 -78.409750951138
39.728728949427 -83.455456691718
42.220082464751 11.872787355873
45.042287789771 2.0549081829632
42.972392561388 13.745413401532
42.28095874578 12.51465417983
42.73320925598 11.993525416608
45.379129997606 9.5479986220101
42.360875573664 13.296254790081
43.586725826669 13.824770529694
43.293326751021 12.792000180034
42.58030158683 13.590163184626
51.991046444509 9.1831694227565
34.714621729264 -118.39783250215
46.334465032159 9.7326221061557
42.408280799842 12.438930836266
43.500034521588 12.830912546197
45.043941262944 9.4086200265254
43.196048674752 13.058180487297
42.369917947061 12.047197273975
43.382817310946 13.072588470819
41.80185411923 -74.828455044008
43.596414816399 13.611162618108
41.929381983343 13.66412732271
26.880642636141 -80.545696877938
28.552405149836 -81.202279744102
52.968414828399 5.4625901974331
51.649730775109 5.7680185898291
43.739504340936 13.684015318625
42.199209035141 13.187810849297
43.586655912284 11.925341285286
43.030391866842 12.671217596492
42.735692214584 12.34367483919
43.157088007872 12.980179880757
45.109940301212 1.9601230458171
50.198587843309 9.5127956827696
38.882388550261 -90.473238759407
51.944373278154 6.3544364718741
41.898664894488 12.679543347435
43.181068139722 11.971140987713
42.2486395488 13.366519501624
51.483606123591 9.179196027191
43.021846423422 13.737609531164
46.200676763058 1.3866707023171
28.626469309171 -81.35224398036
42.434870123181 -70.262964567544
42.054207027005 13.37429509704
42.568350409443 12.26832955578
42.26162975482 11.980258240376
42.823343883207 13.403398203872
42.523403137256 13.301316571583
42.654546692362 12.917948537489
42.730535227701 12.189682878198
42.79334690554 13.139222661585
50.011184062348 8.796667216251
26.034157799556 -80.556592443561
42.10281865585 12.254766674386
43.183150793066 13.717568950151
43.718384124694 13.342227596039
43.64028295534 12.584927778984
41.866128609474 12.468901838881
43.151296516041 12.882979711019
42.541434522991 13.125831345176
46.516140411848 7.3558019778485
43.701490190228 12.997252579798
43.635976147689 13.518231493218
42.844228506502 13.428758670331
39.512058838339 -105.81276113054
43.785878400705 11.902054528216
41.88860970779 13.353120103198
51.341442068732 9.384170487702
