50.081315341443 8.3217545791165
40.848855365043 -75.088586544074
43.594336362388 13.796826155317
43.406014096202 11.90285374734
42.049551324497 13.099350939572
43.215865232172 13.049811635676
43.682882657614 12.077817389333
41.64197524392 -73.983448638453
41.637503252241 -74.398322608388
42.202653159037 13.26535364674
42.389174223614 12.561361293591
42.022625658227 13.383538423306
51.925835723489 8.4744865444836
42.210318398315 12.774964097338
43.463437043833 12.472487516942
43.827348490652 13.748271253329
43.728914010699 13.513364283628
51.136844624829 8.5271334361877
41.187524311377 -73.311815736841
42.811913792909 12.660009231281
42.461133000677 13.636752148476
42.258158775653 13.390786250325
51.163002003526 9.5334634597103
50.511972079292 8.5790347478255
46.173608247786 10.19682260139
42.743743517803 12.225257285531
43.483738053836 13.04978952701
42.464971486251 13.468376036973
42.035824156404 13.324573090472
43.603560230065 13.115833747276
43.445880575334 12.283214655392
43.522690395158 12.30292407812
42.236622654964 12.221621534446
42.747677944038 12.255662321719
52.337321534677 -0.1309738951926
