43.598200456539 13.754323412105
43.425708387732 13.667571378738
43.025539541184 13.096972049746
42.556428306085 12.153562802914
49.670399625406 10.979942759602
42.673768493682 11.862670302814
43.232776123694 12.323258114685
45.127059250964 8.2453884774076
42.961749793034 12.562160435415
42.81353048182 12.262875921702
42.831131803746 13.610167413789
41.869691945573 12.946042295541
42.76688050144 12.439048357533
41.588829477637 -74.797268614424
46.585008623535 11.39154200174
38.320286243755 -122.13250013416
41.115180803959 -88.021696193876
45.756941950767 1.0213999240759
43.427749790937 13.546256442364
42.89932870676 13.216523922636
37.301657563216 -97.71785724569
42.495321181854 13.645695809131
41.913671030178 12.595243569296
43.196893487704 11.859338841357
42.609142031825 11.957806320397
50.993755101922 0.5096038782036
43.571611226824 12.196832939164
43.323317732834 12.929864146269
37.681114272915 -122.51560578442
51.046917120948 9.4221295357785
43.419461433061 12.075273833759
