53.805851315523 -7.9905419624367
43.041876389686 13.445244387486
42.860179644034 12.691790281672
43.134535133457 12.502586988522
41.737822123935 -83.348767772221
42.363848820985 13.518960673625
41.889381705287 13.167971378757
42.43707642261 13.516097379178
46.91126700766 7.8941810931518
51.37328819622 9.1759294332824
43.825385521571 12.098130127947
43.698153019763 12.939306604203
42.635857804879 11.746593869944
40.157944585461 -110.9128304164
41.191941384525 -75.554559846042
42.32593885873 13.546390896007
42.769799108996 11.83535733115
43.046900501983 11.849059151436
45.919476645961 1.517563555165
42.883796579171 13.608386494058
43.748082737808 12.190158281585
46.284136338452 9.1793049220853
43.099492532734 13.799306607267
49.382839220407 2.0430696114778
42.448670643146 13.183331356956
51.040883574421 -0.76541865099008
26.076086272038 -80.261294925517
41.968653175986 11.922958766095
43.232776123694 12.323258114685
42.563624118273 11.993044666964
43.123576944772 13.086862519445
42.400664868041 12.206986207632
41.901695414422 13.114123231806
45.202710138728 2.087915438734
42.880395865964 12.368116133573
43.746288525309 12.812461003129
42.512868875432 13.533048440506
42.972882064068 12.529828290257
38.026128410419 -122.30965122845
42.451822356087 13.285655795751
42.750035790165 12.427506802824
43.506672039256 11.008131818014
42.529554994579 12.794434043504
43.451834338017 12.97977091606
43.330827240542 12.677044616883
43.214910038868 12.083170491796
42.236378197224 13.706082195393
42.776655868544 12.695914274427
43.00827730077 13.437683170886
44.065080325892 11.913577320733
42.488963394675 13.162434764769
46.380303391433 2.1904486311555
39.853187181411 -74.695678122971
43.225856833752 13.193979713246
42.980904785463 13.360455716683
43.591710132378 13.820785360348
46.116231366115 2.0848879078798
43.576680339697 12.275765898787
41.95531298453 13.646933921935
34.241504244658 -84.887564622652
42.034153657537 12.908086452611
43.8091885363 13.121017486866
43.354724595975 13.416076397272
37.186257891119 -80.448171735185
42.99469383835 -85.103331164734
42.136721201326 13.436948428155
40.034516629953 -77.228148357077
29.138244360293 -98.538306657969
41.941445338068 12.132205837489
40.386374448758 -75.347817826378
42.553518728166 12.406503713434
41.83691146778 13.572786080473
43.768429915334 12.152013571559
42.134107430083 13.119467452711
51.89163931361 8.8697971617197
43.659913604476 13.58445403242
50.983454130582 8.4163016273716
33.420249360623 -111.81146772244
43.538676387716 13.058792158756
50.095912324775 8.8229783842447
42.401372702069 12.866293314803
43.670541667247 12.404521691822
50.708127295695 -0.45477222118748
42.752709145289 10.298411871797
44.315925713333 9.989317117999
43.434291588831 12.131241948426
51.705115135156 9.3768985845972
53.445992786179 -8.3281996372753
43.527033829862 13.163380838562
43.207119616332 13.037663024889
42.042423989199 12.912472986596
43.790313878951 13.586530342992
42.01647100973 13.250191168531
41.916274244413 12.18456760013
43.677404054777 12.778257250238
43.581068116066 12.053260625386
42.428093431738 13.099592062246
41.343698585718 -74.418869816559
42.365327948895 13.494089355943
41.971852072057 11.88701793362
42.233104524332 12.39536303116
42.811672284667 13.107344399743
43.455825537676 12.569293632924
39.067273471469 -90.352147744101
42.283878307011 12.300353270651
42.786745784726 13.384844769458
50.283127192982 -0.86958015913362
43.016430249466 13.650737083841
41.465504952246 -82.837929761635
42.047533915421 13.230426350271
42.703328311326 12.712212684917
26.476698175278 -80.381187587032
41.969241435646 12.94971131114
26.697148094727 -80.269679725571
42.045587619343 13.699723265481
43.447502696185 13.374550725063
42.168855757552 13.665364757977
43.300778431048 12.620991714143
42.6400976906 12.378046097897
46.689697397003 12.305404591926
43.349384654963 12.417636920448
42.885230094628 13.24383361232
43.555611435604 13.460997450401
42.091508999065 13.528416211518
42.011828202315 12.235782249496
42.533588931234 13.611048090112
42.767233846622 12.959295243493
45.176453697137 9.8724893346766
43.684406963517 12.388278209806
-37.330601263014 144.13957954873
44.242790059463 11.825129141038
42.215495454269 11.944549452509
42.249609444428 12.857552329964
36.570484795791 -122.69654241858
47.058782471837 7.6310336597408
42.356869057939 13.823180057978
43.687217211226 11.966807939118
43.785081253308 12.311603076922
47.282744244061 11.952916886335
43.191236721462 12.312135642095
43.265075840666 12.728975826304
42.559824154994 13.24686951297
42.91438165212 13.705301659997
43.779744634789 13.710002006849
26.303364018103 -80.172953307984
42.475401216895 13.707788757865
45.426426343099 7.7612786663981
43.547869458139 12.217579558614
51.006450365999 0.62829361926685
42.19389886653 13.221108729144
42.569223693392 12.369315088454
42.567560734513 13.020932659538
42.308569506441 13.659246254109
42.753211610857 12.168012323889
42.774128359658 13.672564593012
43.336592406212 13.597902878953
43.488614168267 13.687644962563
42.695731965239 13.706962642144
43.596790651624 13.759972967582
43.002744223013 12.920635169822
43.176363561406 13.764159663026
42.379652310361 12.922471755635
43.21598183469 13.37503826079
43.796088168789 12.120301283973
42.523309973799 13.671977010424
43.417432098865 12.909034197197
41.302951977249 -74.155683655877
45.915326381063 2.5930237200079
43.096077989271 10.399088319437
42.030868776178 13.587801832069
38.65438286601 -105.65753467586
46.573375061887 1.6230720913145
43.161966361202 13.051720708654
47.068400271269 7.3416928985816
42.840188742562 13.103759980364
50.998567989561 9.5053158395483
43.417917545635 12.06034222157
42.916276434884 12.728276974416
42.421199056071 13.582675210493
42.357650284843 12.107529664018
42.538224909261 13.563622415815
62.266425198068 14.835836600436
42.622791312946 12.041045857168
51.616552818155 0.20003438139802
43.606667258615 13.778896878392
39.81532476013 -77.739856396174
40.663221291094 -74.562998602941
43.10423562217 12.497839027337
42.91152962854 12.032356298565
41.248462693556 13.354000565107
43.269641194639 12.228651097172
42.37692057687 12.646041216651
50.115244896205 9.2485726434964
43.68637100455 13.258111477039
42.328604997775 12.410844920881
