42.071096982861 12.778418023988
42.032844997979 12.824050103719
42.084378337548 12.750641034821
42.01880121886 12.846072984343
41.96952464665 12.81579726928
42.079787659517 12.830783715879
42.032239263448 12.855055467645
42.075388714727 12.805967616779
41.999283303527 12.827027935941
42.069921131299 12.81574637576
42.017908304959 12.744082307811
42.027722970151 12.737965202789
42.090439771365 12.777476645458
41.992621898669 12.830890601909
42.003822086867 12.781161216007
41.99560223382 12.744858045499
42.020894028743 12.85326585588
42.023090638718 12.762958477628
42.0335090347 12.762244563926
42.03488262048 12.747433232978
42.047237437727 12.825680870503
41.947708742224 12.780817207334
41.962815000214 12.767883879511
42.05141030955 12.83280692011
42.054932518909 12.798551769389
41.993995937537 12.802347134262
42.031541666052 12.813420806014
42.036230476611 12.743675839523
42.004595995438 12.797392480002
42.019748182998 12.751117077096
42.051582391885 12.833411501664
42.057309506043 12.835422124658
42.077352228166 12.753443337417
42.081503193884 12.828401768056
41.955244581215 12.77627678766
42.004349446413 12.800082199203
41.983269833042 12.764193831854
42.04479414741 12.785089999824
42.02595199741 12.772055342243
42.027242425397 12.739037404668
42.074624321945 12.764437058386
42.042013521347 12.745399092227
42.068652039447 12.77867924507
42.041048640425 12.766872434324
42.005701720738 12.82685870811
42.00250187565 12.788787304812
42.016945997748 12.774910717187
42.053779189521 12.792541453539
41.969718893531 12.751818885932
42.000957064352 12.83274724096
42.084539339472 12.809353746406
42.038308258673 12.748984011726
42.020118920163 12.842377164814
41.983218908323 12.791682495194
42.033651979074 12.831808141471
42.004351984733 12.812565367603
42.084136249092 12.753803377412
42.059610061396 12.777409314561
41.964955301029 12.773552576927
41.964949219027 12.758501639033
42.062597427567 12.780439931818
42.005845605885 12.81955485319
42.028865923674 12.847619887391
42.005708602746 12.823829675964
42.002787741389 12.784626089423
41.999001558425 12.809076430208
42.03908492163 12.855367857451
42.068793743902 12.779913515702
41.99602667477 12.807994778665
42.073183986879 12.758082583455
41.978764519691 12.795350112203
41.966458236338 12.799380502125
42.046577011743 12.831495672407
42.091982593358 12.804085761704
42.056598356972 12.846256393423
42.021359025066 12.765515841921
42.048793510112 12.760051600544
41.989583614764 12.828415470139
42.053545289253 12.756170505565
42.011612266794 12.795740076732
42.048381583809 12.774971214971
42.007843044611 12.845552043938
42.06004140531 12.756717482024
42.093712854729 12.815791629656
42.013077527777 12.756818279066
42.005886480236 12.811984695893
42.058558284353 12.795312836692
42.031192640809 12.845374988807
41.987136915341 12.79967760334
41.974295492759 12.758189484385
42.017484933633 12.843355060503
42.070035509353 12.784959040969
42.035821286999 12.860423628662
41.957945317031 12.798420489227
41.998104357646 12.795754076373
41.997626379618 12.833114523384
42.039384615181 12.821689838482
41.959065266421 12.781163338491
41.986501595951 12.796877932196
42.026311172206 12.761881505515
42.007845724492 12.821018719983
42.080373115896 12.767229016783
42.016484768159 12.834702690542
41.978586853027 12.81858413893
42.047903931277 12.757245574054
42.083715182323 12.813479529628
42.039330596144 12.780576290482
41.965846249839 12.760531320612
42.066098226286 12.770223746456
42.056989021181 12.79001737518
41.972403026194 12.794126342907
42.059691622436 12.752540378271
42.026314411346 12.738735829379
42.001082774273 12.774034370118
41.973763524098 12.778241460129
42.046187303072 12.777363173581
41.966197549489 12.758513388854
42.069186104049 12.810211701717
41.968512398663 12.813460688507
41.994889594633 12.813101718602
42.014406100875 12.773253877097
42.03331690099 12.744705540962
41.984663222465 12.788436653481
42.024501481126 12.843099094875
41.967560208874 12.765812084456
41.983278541839 12.783907685349
41.98309817213 12.805510523194
41.986660501934 12.804006211389
41.977917137567 12.777063272811
42.024805596131 12.785257020421
42.073177550974 12.774312656754
42.026422638598 12.800533893702
41.993981603551 12.806152511319
42.081512150414 12.826218913715
42.053905508527 12.785255473959
42.026328045305 12.846781928137
42.054622395942 12.736253030962
42.029621327796 12.786586143464
42.019997376513 12.751526222935
42.045940789436 12.776924791663
42.020821395826 12.812215149336
42.018912424829 12.754326849617
42.075976578575 12.792777617852
42.025062893084 12.860344566361
42.049673718444 12.8386531779
42.038558344396 12.775795239872
42.078775889298 12.786217769995
42.051697817676 12.762424485668
42.024813745669 12.838512686027
42.024984241962 12.855837523425
42.041531082749 12.782286915848
42.060743636967 12.847691190845
42.080556133821 12.801027349125
42.079085951729 12.74860404981
42.039376359472 12.788243848287
42.012566626564 12.809481427937
41.979340848059 12.752843248564
41.976737013097 12.823647622889
42.080554317742 12.803653590776
42.085686586858 12.800313124361
42.093538418011 12.760353199581
42.020121624724 12.795696370695
42.056936804253 12.800143941234
41.971378377181 12.808953721474
42.009695847544 12.790930427069
42.047793256162 12.776524223304
42.034151806067 12.76426789016
41.985121198944 12.80846209305
42.064447844452 12.750695957241
41.981688367215 12.811160078671
42.081104638579 12.819370125357
42.025417143512 12.783971982929
42.047830140727 12.753185255359
42.07550228579 12.82019342988
41.975539955786 12.761641723014
41.971022611491 12.807274554322
42.02350046582 12.775689913808
41.996611111817 12.808221834178
42.03345013041 12.758195605969
42.098938204415 12.769385312598
42.015664427104 12.788196925928
42.064918820332 12.77961520144
42.051573594611 12.845305102361
42.054741489747 12.788646222015
42.01416937218 12.776357747531
42.075983230547 12.810081242982
42.069317835902 12.798175098302
41.995955111012 12.817637360591
42.024704100597 12.808953335906
42.090448678534 12.832288247942
42.012487575439 12.843571544107
42.004339774628 12.760222465641
41.984178362428 12.828826132637
41.957279679832 12.764848180958
42.054930819711 12.817162834975
42.01861948616 12.831023958454
41.957592406593 12.757112364125
42.02634794734 12.827162323926
41.991725497896 12.799488278033
41.956456298009 12.779391222552
41.994465568121 12.818596432853
42.099484064684 12.784629223789
42.0885291333 12.814306793203
42.068601454661 12.828753252921
42.087950020625 12.817149366654
41.962112952958 12.794656657074
42.034856890831 12.758487170471
42.027128433377 12.814651110144
42.027000535313 12.777297496247
42.024940630919 12.770751716483
42.014991182396 12.844820277248
41.9907924249 12.772656315387
42.068255841785 12.745468971222
42.032902486193 12.821685318307
42.075459924583 12.838993953953
42.0445682798 12.775564521468
42.002318376232 12.744916032436
42.055395986 12.780637205032
41.971379771836 12.764629210257
41.975776394373 12.810495839387
42.013031969805 12.757315292397
42.048969022973 12.799318429476
41.975970156501 12.815679999004
42.058140134487 12.807693917701
42.024385173372 12.761694174636
42.055345585151 12.788137529433
42.063079423787 12.782653372189
41.989228439999 12.748189456665
42.06098287185 12.752180725242
42.032322576771 12.7633723788
42.088407264153 12.79669626888
41.972576149282 12.78146442111
42.024386851615 12.823882642607
42.012444732738 12.820368132026
42.063295410996 12.843209971156
42.079071270825 12.756757260208
42.063019478744 12.791647914255
42.06014362681 12.800432881734
41.995890248586 12.787589110822
42.043910275255 12.777877667836
41.949673551598 12.797957330403
42.074786123875 12.805069799931
42.028033903834 12.859046901532
42.052476544444 12.800149667005
41.968463849283 12.815206670137
42.003403267846 12.773740735286
42.004100005165 12.821569761199
41.982163771534 12.76444456438
42.041466301813 12.771351591133
41.963702932936 12.784608819908
42.093467548088 12.761300114825
42.049381664532 12.826441402953
42.040235167409 12.774009374352
42.046706704466 12.815484790067
42.037499267646 12.807331829729
42.074006883949 12.812702084825
42.018858342461 12.824074114146
41.968350543647 12.777520098641
42.090729046211 12.761462426189
42.015822628541 12.778651744511
41.993882865663 12.796630210635
42.068776804541 12.836805768256
42.033682656977 12.758091531602
42.090628690615 12.789664116145
42.046396192206 12.787595163953
42.021061551322 12.795694224462
42.065079305372 12.831383074111
41.967761769897 12.765872065821
42.045052701184 12.840021388552
42.053616074426 12.851253851734
42.064019498932 12.743205643626
42.052174181723 12.815090334443
42.044513340615 12.815781602571
42.033733773082 12.792633795104
41.995070095193 12.753617348987
42.001979224406 12.748442237169
42.00970371722 12.779550046578
42.034631232303 12.809428568396
42.009528303544 12.757832092141
42.02653492292 12.800622085038
42.031109787559 12.837868149803
41.960851592946 12.811023855515
41.979489038244 12.812390777216
42.046159711243 12.768802326552
41.992518731876 12.765465271571
42.037675378417 12.741118634486
42.008405490338 12.817692162405
41.990129988191 12.7983019151
42.085785448612 12.798887071127
42.041520508512 12.844406239171
42.024867697186 12.796221581214
42.044871945442 12.803355078608
41.954011982891 12.799357630962
41.969649131882 12.812701581911
