42.327831303409 11.901996202742
47.950031939337 3.0192969555801
48.025975909494 3.1392042053325
42.275123697855 11.898902250893
43.677222106011 12.86530599413
42.994644164126 13.769558557689
49.411692558912 3.1150875206386
43.116426277515 13.572865559076
48.223677247799 2.3738663815516
59.85188362694 100.36119229084
42.698216772053 13.283332079336
47.875773860016 2.2007729405285
43.805922108167 13.0207706448
49.439294808216 2.306504594093
42.911098126302 12.734512434704
43.74379124436 11.870360345075
42.846124350508 12.230200785806
49.567832743015 2.4983880734274
42.556863457245 12.585826828904
42.40786063925 13.195457284916
43.362939805448 13.757556204127
49.546686043684 2.3270869273097
43.717137230449 13.579983461939
50.82720210628 9.0552662103694
43.437543711384 12.00338465257
41.858979448166 13.318488266488
46.423722403321 2.3850586672244
41.929481296788 13.073898877073
34.250712144485 -117.58597282004
46.677511426659 10.579277690935
45.943019502001 7.477010410713
42.041643152985 13.816378456476
42.484564055004 13.731295209274
43.173746356377 12.544609129238
43.276314070598 13.735959355617
42.098648740046 13.417080242402
42.484985274044 11.888485361325
42.514836450834 12.485153252971
43.561918496903 12.494739393489
43.547802573812 13.281896073989
45.68477030056 12.36637432674
26.136190621694 -79.902821058637
42.065866200771 12.304987862869
43.506639367226 12.414523081137
42.107099826053 11.873743392024
41.952048595528 13.743206485076
43.015720582595 13.324682474774
43.520501151479 13.21032222512
42.988685711768 13.456108596409
43.274884493705 13.647124352256
43.008673925909 13.22258296016
41.835654444937 13.413460116581
43.521281796771 13.183734556301
43.051591510929 11.928906294039
43.315814736002 13.031526727172
50.76465143881 -1.0538707096893
46.231907380387 2.0197961824107
26.206989491438 -79.54314012692
43.334630268337 13.213053333228
42.568737761403 13.056883737958
43.615996283321 12.31076367542
50.627595079424 9.6686237126908
42.621817269207 12.873138093817
42.206768441597 13.799562838788
42.224493223834 13.523773564756
43.361525743923 13.376284342921
43.200325320123 12.142130182212
45.462772909767 1.916987946684
43.513484479654 13.089476825266
43.793789224463 14.533820561475
43.546134752962 13.172202323199
42.954845354427 12.576845357484
42.182436234424 13.079550102877
42.884450169713 13.759379538616
42.677447915414 12.43260795459
50.6816649808 8.185985377145
43.725182064702 12.527986976585
43.363012599018 12.527387891697
33.423456939451 -118.07883921572
46.421976634961 10.107825308532
44.974706122638 10.664509210023
46.202833867258 10.234438606091
42.793351929094 12.557035826893
42.921576308537 12.598606647292
50.763487869298 8.988388812164
43.754974320903 12.539190627907
43.825064613423 12.707140050247
43.384374445504 12.621946044577
43.784006623472 13.024409531182
43.186278047148 13.59292229155
51.951498531248 8.4625341070176
41.984187147128 13.377400546531
52.796037881307 5.9857180990445
41.905214361358 11.96447788645
42.499242914163 13.335395555655
43.337472262505 13.223230264275
43.348663070888 13.607834310575
43.484687065021 13.220496265807
42.105488173268 13.814544530054
42.761838532429 13.67941002954
42.126136781262 13.129992350086
44.555945269997 9.4522853399615
43.218544632319 13.273578193653
51.792058240293 4.8991599377008
42.07550228579 12.82019342988
48.257539565727 1.9811764040619
42.132563413669 13.540503156178
43.18992440786 12.42362264519
44.131353944091 10.556006389952
42.367357835366 11.858619350895
42.963124268226 12.339796412915
42.472851035426 12.853034527925
41.88023064282 11.84972163704
42.145536885686 13.802280127
42.604983521462 12.958995605821
42.617013484548 12.525625384213
43.39459874874 13.646926300457
46.431649675328 8.4809197594788
43.343548874552 13.724270401415
43.768239140889 12.210749004621
42.916161811893 11.88636620293
51.752224267345 8.7778711383128
41.851623026606 13.330327437434
42.982323348069 13.185987769734
43.436357154269 12.01980571219
51.509222351717 8.4022617081191
42.102227286039 13.746650256585
43.815566802798 12.128458809188
51.312029125547 -0.69584476426515
42.152152767962 13.808773880756
42.076345078704 11.958349136172
33.497757039544 -112.06708103748
42.550266421444 -82.111148793044
51.699364270642 5.7586683523882
43.832564320358 12.123275862619
42.830720580591 12.693412296818
43.621708417622 12.751881075928
41.982875278698 11.92783791524
53.352557510069 6.6935324566176
43.455933925929 12.570649853263
43.432739302739 12.531857286383
42.24507746859 12.860760745083
42.028277483803 13.546673821561
43.708806166311 13.162964787897
52.77968168458 6.2423484127467
43.263995130225 12.680000791664
43.525305950814 13.098999111049
43.746176711186 12.534612152064
42.614328296231 12.28715220668
41.86819991605 13.356871907786
41.900921770346 12.249709169518
45.914956244135 2.1139205615567
43.825239437572 13.454338114941
43.629665142239 11.98429723551
47.56486655544 12.925250411253
46.603092231135 10.234817212932
43.595167130996 13.366216428769
42.034158608913 13.266785126325
51.854502610795 9.7553272083194
43.774987785528 13.530445799034
43.054203066555 12.103183254669
45.206809599514 1.1184476288587
40.007823035575 -74.441978100009
48.146465326981 13.116057930356
53.39901526547 4.7815854782386
42.663523689708 12.309274954886
42.934014433985 13.651153167103
42.810553387206 12.946223833594
42.845843880387 12.09768835555
51.433424589892 8.0476332670299
52.53503163114 6.4790311156442
41.912968039027 13.67168021934
42.61868031121 12.864458550657
42.478001727966 11.971275101889
53.238076246222 6.1824276207166
45.163603082375 1.431163175698
51.91491766759 5.2168651881939
42.117806694081 12.085868500234
52.506822018887 5.2661274776403
43.071101486737 13.011904944692
52.724581607722 5.1879029816193
52.089803750436 5.015466782388
45.456287321381 2.2772446890721
46.579577661389 2.2157769083119
41.929448985483 13.217942555092
42.307739301283 12.59868712567
42.928359130851 13.490086712192
42.766870275984 13.665841478254
42.460630003598 12.861673057502
43.315945692063 12.789064922758
42.374960310953 13.623499993546
41.896534820991 12.63831563838
33.851357053004 -84.778442343035
51.802482722002 4.9657992670386
44.659251291356 11.170726859509
42.684192241975 12.757293306665
42.207757729689 13.399408444969
43.832219075354 13.374892488783
42.70772968128 12.880770566373
50.108382726139 9.4466900222221
41.995077537857 12.122085241213
52.419184607416 5.8931948552575
42.438920467852 13.377396516699
43.040938544593 13.419159533672
37.99153396387 -90.422527104713
52.663905954065 5.5629750512601
34.654222262087 -117.70103678591
52.457265548854 5.02159683419
50.728617079895 8.0690712868558
51.159166454644 -0.72185172691561
43.555255792383 12.612843435098
42.181923828638 24.793587201179
42.392757482565 12.525745076393
43.701254727201 12.146535376642
