43.690778063022 13.197348182668
43.102936753141 11.850306760937
43.646035495536 12.360630208815
40.128018645781 -73.680946158694
46.485936059352 9.0949888532282
51.369868483334 -0.70303611774604
42.203782059368 12.803352890466
42.873156209745 11.611251984824
42.402979050972 12.606587656611
42.474322212171 12.835895754807
42.631712346187 12.127214727538
43.605401838967 12.61777295529
44.097713922801 12.342637607151
41.973639589743 12.390540520863
42.218771241263 12.69126239593
42.546156218551 12.996977641267
43.33009909949 12.501768229784
62.213465354505 9.8333985781453
43.588330433068 12.24995173062
42.060387277559 12.106549759466
42.154931620322 13.796518010479
43.145168825607 13.001958149973
34.034972573686 -84.703356878135
42.402691388711 13.528637784335
51.914413215553 9.7521252258458
42.188030846991 12.165112076891
51.692927270752 5.5945272342509
44.410616391693 8.6298519610822
43.582026436286 12.310631116552
43.5658995661 11.981784997055
42.245267406707 12.622707182852
42.813879777612 12.678526627702
42.175171919735 12.486629868174
25.622298743849 -81.056394011084
43.030052471941 13.336183197508
50.759442017767 8.069885726585
43.016536595329 13.724642067575
43.676789894571 13.831098515948
46.198088924798 9.6647760635101
44.441472238017 11.998078938598
45.313531346299 1.1152472552449
42.272105167302 12.729400152236
42.653770909504 13.373777077728
43.110563198643 12.908418564104
34.091192090966 -84.845548681284
51.36697273346 9.2602925981676
42.699479703673 13.359664294592
42.129365595327 14.564560909997
43.459039788928 12.146670444492
41.970907561954 13.506028613332
43.768499904225 13.644144346327
42.937295075498 13.679307503032
42.881190247334 12.293029155274
43.264173903647 12.613141384282
46.774068399693 8.0537116257724
39.700506513973 -76.908167275982
38.804987274659 -78.017588662417
51.022346646535 9.5443941171022
43.268210640789 12.283765624896
42.449204629983 12.547990479783
42.081637685246 13.357302298957
42.689700141426 13.64046359327
41.838749044986 13.493962526572
42.514263461604 12.209909909058
42.072058042566 13.308744820931
42.608800421308 13.224788870788
42.622481187651 12.321058178025
41.851442972616 12.540495761477
43.280536469224 12.8274432639
40.807165960927 14.272063702725
51.089896852192 9.7073702922591
43.830679573992 13.344250621455
43.005484445044 11.845537740686
43.585458378601 13.11609554438
42.080669555406 13.07497683173
43.619753156633 12.586675323374
44.896616481059 12.396953578942
42.235859016087 12.139769979839
43.361222010295 13.143976716878
42.049685722261 13.057550423361
42.922825671252 13.112052433732
41.991601616161 13.391042601055
42.055033145053 13.472795009389
42.503425304102 11.970720140271
41.846785818176 12.680616488553
50.661362347035 8.6580410779724
46.186480060074 -72.680426688388
41.912112691885 13.068604265393
43.417314058851 12.13994442587
42.186100294921 13.678167717868
43.434059143755 12.112024949005
33.714916063519 -118.96991354161
35.0201318373 -119.23725098644
33.102152140898 -83.679238381553
43.237571726219 12.305897056289
43.14358231015 12.013450227705
42.967511661822 13.425247006803
51.657042454768 8.9857086846538
46.871835678756 7.4437304509076
47.761992541031 7.2361320062709
47.495548721168 8.4035567489469
42.731370044768 12.348603268337
43.305805319967 9.7615509975988
43.584467780604 11.966456896165
42.888025339662 11.885754513522
