43.370552129771 12.966256087651
43.157141230629 13.091675703943
43.290591805398 12.23774981931
45.744243241753 8.8775455934357
42.886469577873 12.084420552072
41.997503965647 11.916291871556
51.74656995281 8.6842133652811
50.153265383632 8.4044111475369
42.812701000419 12.839161058159
43.512351920622 13.194968847204
43.813300594156 13.687625403392
43.100192676366 13.046055900441
25.436893562507 -79.477467831722
43.379318305955 11.900235416342
43.392815706524 12.313514442816
42.640853203687 12.125494554253
52.802058663041 -7.1356247090147
43.806692853035 12.297330735876
43.483377146781 13.739391471159
43.238356317525 12.681267999917
42.691321994521 13.283526395135
50.506804669978 8.3462685664866
43.681269942655 12.137200065973
43.151018139998 12.125674578906
43.790199494844 12.759273568077
43.550180472245 13.733973576119
43.793237137533 11.884332709447
25.06817667374 -79.512484537952
42.049400290053 13.591708446684
42.012607717913 12.098520545356
46.494254313174 8.8169005731199
42.066345352731 11.874391324781
50.585112092358 9.0183627465825
43.442721246038 12.612953086224
42.969069325372 13.824239822044
43.809118281982 12.651679672625
50.587817247532 0.0068406722959366
43.3906063975 13.23644077139
42.052724881143 12.895571370581
50.589425843716 -0.6591941219611
42.460942016684 12.887492245963
50.43338904224 9.3793045400545
50.980260743052 -0.15149270056816
46.788572192094 8.6838777599316
42.045874923044 13.515194694773
39.550859081946 -74.491480434254
42.334393950822 12.364024134078
42.628074481931 13.150957875511
37.83723031191 11.806100678188
42.407210706944 12.681013323239
43.697137123319 12.328200078278
43.296316747713 12.732004342031
42.822325909914 12.003759995126
28.933578748234 -97.530983140035
42.257699351433 12.304804973002
41.845289454279 11.916054839716
51.107357169784 -0.36324284061474
50.283426594121 8.7475837905647
42.164416375435 -82.132203472581
42.851427160621 13.043361572124
42.903427497925 13.271547640356
42.576547701201 12.298797189884
42.405367133883 11.92162963793
41.976746497686 11.985316522899
45.174787684847 12.759144605631
42.430786519533 12.212519175959
41.987792312183 12.18575085524
51.006414368752 9.4103006554815
42.570467380162 13.567325507576
42.229371869599 12.846501782952
42.737957742896 12.017482149444
42.943414290896 12.094015141548
43.690197659999 13.708979811405
51.118594639291 -0.36611569648427
42.114825212471 12.325866648169
25.596406153664 -79.383143153495
41.443709503829 -73.870213308154
51.971419056399 9.8395179779453
43.499899898444 13.129597476299
43.477897600049 13.411855044056
42.703326044487 12.386260003984
42.552690804749 12.532998994728
40.270417216311 15.10293209229
51.997218788367 -0.18154050237105
42.542452270439 13.662216793609
42.409056214362 13.818231044739
42.758795408441 12.88565512138
40.218136292169 14.213056391393
43.075673630983 12.070343622526
43.53643584651 13.157073937916
43.021362050933 13.498063196215
42.153444596193 13.307662871831
42.615230606711 13.001976144522
41.909088541732 12.030466324219
43.726588785542 12.708407404252
43.775915468028 12.790757783612
50.985554362408 -0.70585492430993
42.323868095581 12.882618386265
43.210800025731 12.067350671679
50.657969581968 -1.1291246280256
43.062366130812 13.171842492287
42.049328904177 13.334630794069
43.719216146862 12.655256449105
42.977322266448 12.256982706628
41.833409755434 12.026889767997
42.91450590685 13.591000841761
41.965423247316 12.017622161686
42.915380477887 12.404167197854
42.079265927488 13.220567557153
43.469754160156 12.466164985444
43.1386476756 12.136679403103
41.907833578974 13.553632966522
41.051709987387 13.020391198627
51.854202296517 9.4049979175464
42.335511488086 11.98102440174
50.464373880282 8.4618158645284
41.853224000381 12.801864997413
42.650088045604 12.39555531621
42.992978561687 13.305887520942
40.46948194431 -75.244027261783
42.506399389148 12.384495126284
43.709818601494 13.043492202223
42.902886870759 13.477966882066
42.306889330201 12.861072807529
42.111091129089 12.192667810823
50.566201604002 -0.55526524859725
43.307423988987 11.987322680202
42.925693930113 12.418505996216
42.696007905407 12.227521870878
42.554877856094 12.406446113461
41.946696075141 12.394471297711
42.539849118136 13.757015001402
42.807152762475 13.263946714024
43.608152598912 12.017200185946
41.517911696734 -73.473001940528
52.476133266918 5.3799650686001
42.161658135339 13.792229134514
42.788192577117 12.322617886759
43.2481040318 12.664413176807
43.539249683537 13.47181521613
43.402146572455 12.636160678547
43.584769207812 13.425786056775
40.882584359427 -73.671346467813
47.3815570685 7.0678851413857
42.983289825278 13.07605218241
