42.558268544079 11.839307806866
45.347115893079 2.6707774510937
41.892122722667 13.601002140737
43.755389680993 12.594460474625
42.945375560778 13.770997305315
45.998002254894 9.9455637234941
45.950757930989 8.6133958539056
43.241553867835 11.861416566142
42.784022425222 12.627712381386
37.503248318843 -121.41204932229
50.624458628299 0.85106177569417
46.078689845476 9.5029615884661
43.479375268577 13.197298321055
42.438398126272 12.721487530864
43.652709823427 13.738803674366
42.433385752364 12.153754582721
43.523246974949 12.287797111242
44.679804745724 12.311344490785
52.479930169405 0.47539778350173
43.443081827596 12.247468942447
42.668185509608 13.620346365806
42.700319548485 12.679354677314
42.237636455932 11.902481572678
52.280757082014 12.892170314999
44.338066077555 11.22248441585
42.77282284378 13.595420282167
42.571194700718 12.154415397066
46.35441321803 1.9880937412326
42.509798470212 13.012149687883
41.574742343637 -74.029622745943
41.192539249311 13.192037485441
43.335329814991 13.828358226862
44.529809986649 11.326242484493
45.570928385747 1.925079449045
42.866440248169 11.979899016686
42.241099202673 12.150369480343
42.155709776655 12.774016695479
41.964128395081 12.310114951038
50.097612015948 8.5104304414757
43.718998935895 13.289299653999
42.735885958551 12.218885261223
43.557503530571 13.457905653633
43.484190014437 11.933470054985
43.367876996944 12.51181992635
43.525076668975 12.012189033002
43.417558070022 13.643020474672
42.857804375963 11.318348281418
44.367814594609 10.64791111939
42.013434092541 13.189258100108
42.097506641011 13.126253909511
50.019623603681 8.3360472052992
45.811574914195 11.280507282857
43.725782658332 12.973937494223
51.764075601364 8.2499952312792
33.122643792439 -118.17058782545
41.833711659014 12.315689991396
46.642629782037 2.6957657279893
42.802891716756 12.452266751555
41.7568630056 -83.559273891153
42.155901095458 13.066173532098
40.288724242996 -74.269870534796
45.080431499556 1.8644984764347
51.650774817751 9.6871857241202
43.440531989786 13.34877293715
43.349133443737 12.371282090627
51.86831482028 9.0691090049544
46.86556780332 1.2307226696195
50.115707548855 8.6739213297488
44.936563632163 13.478087110044
42.187657167312 13.761876957867
44.506830826081 11.789865545668
43.203187214792 12.733039164812
43.131622128737 13.430370976439
42.232154850977 13.488678447219
42.302380259776 12.014579751557
43.237934560647 12.560593875873
33.072923660957 -118.73970485309
42.281002710725 13.143216071272
43.671278586479 13.705646207906
42.210640544191 12.011414904174
42.2273415794 12.090727190085
43.297974837638 12.367469418986
41.868873209187 13.710524737721
42.179638507415 13.712972780111
46.34191722951 1.4568082254645
42.560829048793 13.620821077221
42.160245360437 11.932007643849
42.460942016684 12.887492245963
42.76033316497 11.939494573504
42.83150078304 13.092211896152
42.408866382415 13.644483276033
26.438614055702 -80.078208179525
42.355094630458 13.667940152675
43.741308084124 13.490227966353
42.01804290808 12.872552604842
45.489132110257 2.3611938158801
41.962522141173 12.33754276083
43.569471249643 12.882861122921
44.765990007534 9.0513348509075
43.645315490985 12.841018403827
51.582247702676 8.2069226350668
45.793965959156 13.331456121574
50.581287648799 8.3352625990916
43.359021754192 13.25347122238
43.342133271688 12.713680213671
43.076567961425 11.855947383168
42.129106050904 12.948484552556
42.497712373521 13.184380184035
42.890107814192 13.292444777367
42.637046871559 12.509851940235
46.942613971393 1.7199088757485
42.489867284212 11.926276477506
42.141908015677 13.761474744792
43.489980518601 12.827918536902
46.878723266667 10.971264513361
42.825775765288 12.759520947377
41.958127185704 12.196957684235
43.510853421668 12.33695143805
45.119670303084 9.6700210236595
26.870211929471 -81.081905650754
42.329450557183 12.014999985723
50.773651334817 8.4417158288144
45.362687182593 9.9129168326538
43.818397442747 12.404170172964
42.004995835968 11.850719397839
46.766188930399 12.737209885978
43.24104627468 12.364306448218
42.396853590124 13.138104274954
50.917939103636 8.8663964061376
43.23539005559 12.260202180736
45.335445887565 1.6160495908074
43.587008735459 13.555654605199
42.471696014757 12.062308620246
43.673709729555 12.21510442405
43.232173076029 13.303873900021
42.271196160147 12.959602783436
43.402108608953 13.280723161681
46.34983080409 2.4931751165973
50.555614618145 0.76152183937446
41.662314225798 -87.473001919632
41.876175460369 12.177019738696
50.773186092159 8.9060442032786
43.538277106166 13.436726127976
39.923804743371 -110.71756296997
42.019052279677 13.379133384407
42.780878570781 13.104850475746
51.805349073748 8.8611705032462
42.24381473348 13.275481933411
51.593671990835 8.5645703340716
42.245267406707 12.622707182852
42.153760794177 13.203380017657
42.036582406648 12.268594071415
42.152509603741 12.133342439392
44.618748366052 9.4606160531335
42.492957169441 13.640930882043
43.463250191653 12.588433420115
43.528593505534 12.937156220424
43.25168325207 13.139334040314
42.941522737959 13.685662053866
43.691260658082 12.309442824849
42.244118615654 12.583980110301
46.718979322221 2.0701307095914
26.264093425696 -79.494523864279
43.188069438205 13.22776665365
43.644743615151 12.593973489776
42.061454266359 12.033571510147
45.635808656896 10.29801452397
45.613450088172 10.538747378664
42.445466036671 13.195286524128
33.919484467022 -110.98015398392
43.776930307421 12.780630186119
36.968394294895 -121.43313556721
42.436082441703 12.278851697628
42.919214541542 12.318627293857
43.053622243506 13.427963468932
43.083190884035 12.142622200394
43.217065275303 13.532115109534
41.425044948119 -75.393457128981
43.585473474874 13.439649357686
43.028225887955 10.719966750764
42.158513223382 12.086091135224
50.596851482101 -0.60744977449879
43.226919193413 13.503849532711
42.535905778679 13.552222885935
42.774633097844 12.038746183312
41.847090866832 13.290962169103
43.241083320364 13.791029281372
42.038066298274 11.925038093687
41.995847478528 12.304823737289
43.201929635483 12.905229967996
45.825142446938 10.015695514954
42.154048129543 12.592318146786
43.622347942864 12.699778895706
42.276842344237 13.703041536151
43.676330271979 11.841608009714
50.557283144937 0.24054126354426
46.149391830132 7.8430623567398
42.010604178093 12.68892719072
42.509064925161 13.332904702229
40.911692298466 -73.346065693641
42.017504566378 13.078669156471
42.212941633658 12.831489343604
50.057566326138 9.6900511242869
42.048728727314 13.443634876743
43.614868658436 13.235731511508
42.020642772813 12.232061312197
34.642772064224 -119.25490869153
42.07977518026 12.917000732833
44.521699418324 11.127500472624
43.715842971001 12.346519442458
41.937713900573 13.269880770387
43.511202884166 12.830772576796
42.527037724653 12.345440868004
42.91611556381 12.841728782229
42.895396218607 13.646393138306
42.200819868243 13.538837342795
42.550261133162 13.220039840911
43.11666935783 11.921408038571
43.333420271696 12.556071700808
43.797062556186 12.797829683331
43.071985985207 12.729157670762
44.933734217424 11.986666845048
45.128513147183 1.2502920186381
41.995889085364 13.460405670807
41.840488104562 13.207287481638
43.156952617784 13.631352831459
43.491749884811 12.999222229721
43.068055661914 12.886488622488
50.160214680322 8.717303477096
43.642356979515 13.577030077866
43.487060220694 12.960201529788
43.760308261195 11.777207327691
43.276195327901 12.803541575488
45.506102387797 11.433043929708
41.407238816355 -83.472774308602
42.4751158862 12.099891034022
42.399483094665 12.478262742759
42.611172999561 12.074659095667
41.849949196398 12.731422824215
43.820007480152 12.97953068047
42.630237088835 -111.24906521033
42.481652313623 13.602918011904
43.116871644353 11.985474130153
43.456883856795 13.053788468288
42.845612330777 12.13130475682
42.790499589795 13.363242492736
41.986984762844 12.485090764486
42.037662910802 13.718221110647
42.515911899768 12.190709988696
42.111864364313 13.6613425802
43.800929009377 13.196702306737
43.233947359155 13.371919670336
45.936778639691 9.9461665657075
43.713758160714 13.014935940532
43.005013571144 13.598918618469
33.429358699531 -117.05039998412
43.372225480814 13.218721826684
43.687525987035 12.443330298871
43.705876231346 11.956371362492
46.922513128222 7.6003363610247
43.150649799591 12.17378476412
42.836747765486 13.247467765721
32.626673344814 -112.78852840674
42.653835557261 12.683950838041
51.540657364549 8.3252184145736
43.48224734167 11.907237428218
62.109352573338 14.617652817451
33.24072562313 -83.577379561671
50.976523063833 0.75949157944392
51.503610394431 -0.064087750471233
46.119778327674 8.0904599174092
41.897375556614 12.642523328163
43.62580321481 11.896466262146
42.292560769402 12.026136117089
42.596550545954 13.815562776225
42.735006259186 13.744807519852
42.24167542918 11.876315995549
50.85896443895 8.7745919487321
42.382221531788 12.206455612207
42.323500805706 13.181478520495
50.70851774896 -1.0717164814387
43.0859705676 13.331185505435
41.158805961469 13.07476368112
43.192407373915 11.968868612318
41.841065929684 12.912114270943
43.146116334103 11.966377449227
43.66703289827 12.795087364894
42.13000604891 11.878931177279
45.079843180757 2.6347305405115
42.929084085847 13.33326384955
51.818441827231 9.9391743386812
43.244733704389 12.739026098412
43.606299962686 13.7700454983
42.999219869284 12.443224078737
42.0635474199 12.101266288267
46.524601511436 2.5686218429211
41.900232803982 13.362111323237
51.415412412218 8.420895375973
39.721690640846 -111.28047032235
43.62217944845 13.465097169164
42.641890833009 12.940088333555
43.596845136323 12.327725341252
42.918725907786 13.406127073081
43.110497291272 13.70757372107
51.422254894125 9.359539309684
50.859497303078 8.7017065722969
42.733756295302 13.604151093703
42.760031881651 13.807571843198
43.433870875965 13.563753192597
41.869232450572 12.755805130024
43.780327650637 12.409700350582
43.407807447693 13.17267869749
43.552273134979 13.160839651342
42.320448374546 12.233104770201
32.93326916838 -111.3358976946
43.783060386697 13.55584454937
42.081330715272 13.777237520005
43.210501763623 12.730647615518
25.035107957199 -80.725866409166
43.598574497105 12.956498257817
42.852210263674 13.273219722937
42.949430964419 12.924148571663
42.466156039361 -87.595318205947
42.470889298486 12.682751517616
26.613555342693 -79.474822212973
43.828233853855 12.939481219735
43.043545509264 13.413829269567
42.654546692362 12.917948537489
34.116825737759 -118.84614241191
42.234846432824 12.430225935986
51.603880237371 5.6674601523753
33.64411292925 -118.95265828845
33.598584379993 -117.2692988682
42.840906869567 12.458250425525
42.130909978028 12.481754411723
43.789896346086 12.886480713697
42.75225348249 13.047648469961
51.307938454816 8.2991499473803
43.655204173038 11.90027334492
41.835428787805 12.698694645774
39.924946202846 -74.179655968808
45.392964325387 12.405348096423
40.841584381725 -75.185506867463
42.462994625266 -84.676118739759
43.455752729671 12.028620969538
46.849682213669 1.1231013211064
52.233909084338 6.4083402173865
42.262342608677 13.115665098727
43.299469251346 13.18343548627
42.778830624104 13.352534527144
43.511328425518 12.506164755463
42.461713834902 13.344391956641
42.112029548342 12.404845445161
42.74095249818 13.404464977537
43.663707051291 12.248639063115
51.598259993642 8.3293058976202
39.488910932961 -77.341735137279
42.817231023154 12.59765701864
43.653411753801 11.970553927131
43.562669565719 12.143940975512
43.100719499004 13.401907154567
42.701152380903 13.442377998721
43.146654196173 12.244182685059
42.410662183285 12.319814801852
44.96511806502 8.2226446925768
41.954011982891 12.799357630962
43.483190954443 13.012491366853
