42.657061665646 12.453273515915
42.226860146631 12.249237402945
42.442187038477 13.026586502824
51.318138398378 8.7016509476591
51.296244696386 8.623358300246
42.901168685454 13.635503865772
43.565294555207 12.584567793938
42.758135125881 12.30039842862
42.022660091551 13.821794176878
42.434995665904 13.784796209927
42.910401467679 12.552455264422
43.348967811276 13.224839902143
43.484848522828 12.611896430448
42.105966669112 12.084715438136
32.949121504812 -111.43045839129
45.225737481017 2.8409560396527
42.88552879958 12.66703291969
43.001674923602 12.36349134725
43.788111734126 12.487843860189
43.085318909087 12.736124533127
43.042016339529 13.812092934669
46.947621558887 11.829428730986
43.144410306676 13.178087229479
51.276119341737 8.1892053434575
42.07877119031 12.438397617304
41.848752022206 12.653432100405
41.449908526044 -74.046327558499
43.774078879887 12.483319321428
44.395953334119 9.73916847449
45.698940927351 11.651886339321
42.101928676547 12.129462844773
50.549752134154 8.9835555185487
42.735174417393 13.213366624088
46.277779057311 9.8726694119501
42.896577666486 12.236397308894
43.546925076094 12.895465633804
43.085669295458 13.407626004169
42.409542641814 12.564174366002
42.450514890484 12.957230440342
43.213733657384 12.930754953053
45.434358680802 9.3732712223326
44.70260518778 9.5414546150441
43.694945610473 13.201404603313
42.952225775922 12.999479684534
43.744110156218 12.163848192528
51.445618744681 9.8629492152775
43.572429175311 11.994288035221
43.409295043188 13.080689610506
40.410227201465 14.302988030714
41.957826429048 13.780870342546
26.495509354146 -80.815932842627
46.784587202493 24.613470533683
43.543104662834 13.708647358582
43.088189847364 12.731649987296
41.989346253236 13.59493474599
43.095509526385 12.577446464739
42.934130929401 13.722688519288
41.71131131545 -84.067434948604
41.93384097143 12.772767532532
42.081286799221 12.69210048613
42.725720137717 12.447425816437
43.464097506604 12.086817055536
42.173689970849 13.060762020809
43.319099811075 13.430961974187
43.806403779821 12.325454250616
43.498671187807 11.880157455302
43.503117364155 13.557572217007
43.463784891883 13.658779851954
43.73724170019 13.676032284145
42.997800117844 12.084729261291
42.2662500531 13.779318442021
43.23799404096 11.844300984819
42.84119774489 12.378886796732
42.464266812666 12.351871613132
50.596971102104 -0.91735598166815
42.948070714247 12.918136746606
41.974898881288 13.583281609522
46.049879445881 8.1118031919779
50.912450479768 8.4727557042952
43.031728941052 13.365678343182
44.581496903899 10.08661317366
42.213593269819 13.748214448706
43.366683042334 13.529056571691
42.58630413638 12.75534835821
42.152927168272 12.777961662422
41.840721582941 13.344152591373
52.421981735584 0.2026322698652
43.365378124365 12.165879141638
46.38364827092 7.8564773168678
43.087241021978 13.24782074303
43.585106578949 12.244842007426
43.283103000525 13.40768200087
43.57857909688 13.298877268724
42.322778511964 13.286196419658
43.498713469852 12.248994055807
40.355221380524 -76.030734953058
43.707494229894 13.597086180766
42.628127218072 13.496450661934
42.616826214205 12.288745728477
43.606667258615 13.778896878392
42.127451960543 13.534957113946
43.389658967235 13.636524778643
