42.538457044672 13.055468530441
43.815794137707 12.643362891715
42.366462993627 12.21573173034
41.835023158174 12.367585532094
50.971275675796 -0.26198471401444
42.739871270389 13.493972569955
25.13796905852 -79.781494948721
42.688401027924 13.050270102031
43.529241705115 13.275175931547
50.172588360576 8.1282732179986
8.0238344725332 -80.436389839014
42.139518275943 12.578633060504
42.32122749992 13.799423397912
42.83184373373 13.010462428935
42.133688534228 11.835977022946
25.736526217638 -79.343994917784
42.256308586477 12.62753612626
42.581603214902 12.876300702766
52.560053574648 -8.0480284327865
62.738903132146 14.760259643551
45.950757930989 8.6133958539056
43.257632305987 12.040994091931
42.097707711692 12.0311151571
51.75713004696 -0.17054685171719
51.414346487454 8.7840712195188
42.53074359129 13.720232829808
51.496333984424 8.1627859040921
43.47574256152 12.299870596428
42.812175677557 12.591296430974
42.88369207174 12.845669099545
46.43853548017 10.335248373069
42.933434352269 12.742741385376
43.31723719759 13.222958902953
43.769149667031 13.554518854059
42.08788359637 13.057240315295
42.932861555804 11.250071742898
43.345871450562 12.960965342823
42.355144020822 13.112440747748
50.722017818467 8.0538372346451
51.297316450764 9.461387307598
43.124889345919 12.739146306545
46.450872206805 8.1156491106915
43.324391257656 12.545319725569
42.19520689698 12.672402933108
43.825385521571 12.098130127947
42.198672433963 12.094717394626
43.672886344473 12.121325899459
40.938097277138 -86.945899314012
41.866949243896 13.285191247394
46.675113212285 10.498306971343
45.178069965554 11.309410127303
43.649718452103 13.379257237736
42.28309983496 13.452801796374
43.793482433464 13.811389678091
43.378227818954 12.487122447478
43.765816790895 13.538055134743
43.34420715244 12.731961104915
43.233890979681 12.100841975373
42.952151081989 13.812110368096
41.858701871198 12.94169810274
46.638576674361 12.937211255768
53.921463674086 -113.94038679169
42.543697625673 13.632362472675
47.000224881994 10.927712370307
42.09751676961 13.047824007502
41.951759924179 12.412381167737
42.960780278317 13.193383094034
42.182741090063 -83.606941945875
41.974173573786 12.666035628743
42.581056545314 12.162379593219
42.031939244399 13.81042707565
43.427430618774 13.310120717788
50.967037942478 0.77608343710475
42.848405545993 11.967511398724
42.197820927595 12.621469953408
43.827348490652 13.748271253329
42.629628665128 12.801206357706
37.502240308712 -121.17705295259
42.99583204791 12.129461962811
43.450952153418 13.665502814907
42.360686952437 12.542342150857
45.695798325325 9.9249198336759
44.141476120635 11.678957001224
43.461584567328 12.23438049959
51.493102548874 9.2755950602123
43.085153344614 12.602085471455
42.138325168837 13.314916020893
47.517980790938 7.1025032108196
50.251129614772 8.463957995858
43.227706743997 13.051122238904
43.221054340837 11.854632499581
43.513781831394 12.070202050784
43.292738767498 13.082578266099
42.115484018885 12.831624684332
42.017008067603 13.693756527611
41.336533413565 12.789696844008
42.703152730944 13.066633424774
50.855763636462 9.7051718769153
50.614855505347 8.9718352653886
50.868665518644 9.3234224018284
43.190028509235 13.304743488482
52.050822897139 -0.15435016959176
42.02879184162 13.194335583709
50.734672210521 9.3995934084056
43.178447627567 12.794681172743
42.090275636006 12.600987518507
42.157540930064 12.289052814401
43.32415200042 12.792405472527
42.09799632297 12.573752833818
59.619974830942 99.744135571525
50.00457254844 9.2408484589499
42.417141928087 13.820255970985
42.58368296904 13.808459744255
42.510686549617 13.561021482389
43.508655828682 13.703753458219
42.031541666052 12.813420806014
42.587494996205 12.180931860686
43.633331727021 9.7816930757052
43.041365856811 13.544297957602
43.726781727174 13.193794047106
42.089437346968 12.69631873292
43.54989736648 12.303994883946
43.53097500772 12.306423837483
41.039718758634 16.873362961262
39.876996624378 -75.124572417888
43.676341544707 12.574832639946
45.043127712814 7.2674408030056
43.523051477302 13.132282319561
50.711902106512 9.1993157003072
25.338895843971 -79.532496287079
42.969552037779 12.535028573396
42.989880510347 9.6990083993664
43.169930002287 13.55007183952
42.557556377539 12.418406445283
51.216077644013 9.2958785748556
42.925438020365 12.588433530942
43.444150865038 12.534131974026
43.620816944477 11.850409268819
43.348144093246 12.397500095629
42.972039993395 12.652874586497
42.520324544779 12.188791047891
52.665653749213 -8.4431633345984
25.815075385281 -80.26634859939
47.335364604345 -113.36593499899
51.587555368006 -0.50878779758642
42.871850312649 12.997792992295
42.290417123277 13.613602600833
43.005404695892 12.007135139337
42.368647588889 16.189669066758
43.564107953389 13.437983484698
42.15148016773 13.72689229379
42.393831654656 13.111913276444
43.518708944583 13.121273036192
42.860422440295 12.909085353349
43.423763497485 12.355743132253
25.042642373129 -79.589312605644
43.591175515501 13.785436165906
43.334172290184 14.895236391504
43.475590399243 12.376750986288
41.854572480963 12.190281503943
42.689190158497 13.195282226075
42.083538963519 13.303674124344
42.173211095491 12.169880674321
43.491649142716 12.81554023915
42.445527286497 13.635398689043
33.9117676015 -84.506884414846
43.30368093138 13.549825387353
43.622907753879 11.943940003397
42.352249819039 12.184864650122
42.355094630458 13.667940152675
43.439818837906 13.593911864627
42.332774849319 12.263877073912
46.673336353001 1.0253257318518
43.721251799616 12.136717165439
42.65847768807 12.740171247993
43.733042568331 12.808180523037
42.49729510096 13.3548062413
42.637946731729 12.735482379692
46.387758490999 12.228304917264
42.597852776592 12.774797562892
42.629148229805 12.952941226772
42.315099630673 12.475644394067
42.50383490629 12.450699903302
51.601021043072 0.16600257719681
42.074192349389 13.457485102351
46.124203252224 8.309762673783
44.442657689989 12.577679581539
42.213485399382 13.476837813166
43.524128855005 11.999242455719
42.992735660653 11.890990446292
42.23705241982 13.510309891568
43.237589545214 11.880895969889
42.38182086238 13.650734200466
42.410908141386 12.395671928972
42.619325300988 13.216412510379
51.871057519629 9.7505690160909
42.960254628679 12.485379827456
46.620328293005 2.0283767944334
43.026368835509 12.448874938066
42.516207797249 13.761481258462
43.144410306676 13.178087229479
51.185477907157 0.36175411345985
43.075630887933 13.742682716245
43.055518145254 13.746289742548
42.57552135625 12.253000151039
42.300426120565 12.054317140998
25.958891541195 -80.814281446117
42.114717393257 12.066399979457
44.600771333999 7.9531687113494
50.636750497241 5.0658518712087
42.606780553075 12.659676534452
43.592902275565 13.76451298539
42.754510977678 13.532224417467
46.929833286749 15.091846468244
42.054969042121 12.964710797653
42.872610765471 12.568501928641
50.791746802531 8.1899163770442
43.80134067817 12.22521415086
46.159262792677 9.1487512902607
42.326001131149 13.129520298529
42.964649353181 13.079062330129
42.205319319503 12.742620424734
42.950149546375 13.541157181648
43.15113825267 13.397999069394
41.943229282735 12.346280002217
43.90830494513 11.385095590788
43.351771328783 12.13594186035
34.034972573686 -84.703356878135
43.385737547386 13.588080369231
26.201871883667 -80.226660027084
42.573024752838 13.084017442599
42.363903925013 12.671799247953
61.950833967864 10.169966957145
33.298626773704 -83.503137018207
43.518600687647 13.216285512904
44.795672132024 9.7425682774966
39.964029568216 -75.03893221735
45.995219646043 9.8243736328671
45.407251502551 9.8695968090671
42.03974005677 13.39353154201
50.935056174842 -0.81246166486407
42.537095550253 12.136149725961
43.768199754326 13.726654270092
43.348316461497 13.0336834025
45.284429729513 11.832786470504
42.538062824674 12.218907439739
42.211174002037 12.649209410275
42.121681415088 13.799371027781
51.805647504425 9.4188057484193
43.144880041569 12.007798927861
43.359803264684 13.624093923564
43.346824244779 11.921937043298
53.516024644727 -8.0093672815754
45.335445887565 1.6160495908074
43.418758592784 12.057354264009
42.005772918952 12.560052433799
41.875099412594 12.313867450859
42.075691174772 13.384175328738
42.359376289604 12.732314115287
42.553110830764 13.180233657465
40.305374203377 -73.356060558677
50.882060127278 8.0857926966091
43.09289326758 13.731770249911
43.38961333988 13.037891358641
42.473264136593 12.668485342857
42.941341551946 12.54507772326
51.006482354368 9.6642939814666
46.944230529919 1.9476228654141
63.930241307211 26.115424888262
42.198021390589 13.211174506813
50.24387720518 8.2586296350968
46.157719348281 8.0053680386629
42.298148622431 13.464934389344
43.516397173312 12.710723619329
42.291764080448 -82.81553999533
42.760807441457 12.308256176465
42.548656401035 13.327120379252
43.323510328479 12.233710992746
43.727722781139 12.019823004522
43.619814765018 12.923909381949
42.772227371026 12.909688542576
62.220417208141 15.75348844554
42.969417450956 13.685428924267
43.731240691513 13.255661707046
42.846546499474 12.596057293304
41.852499124081 13.47802594375
43.619460213308 12.841243904031
-38.883507886382 144.85089646196
43.195029495396 12.550732604505
42.490323124237 12.450929916229
42.729506414279 11.862070892429
42.712627188655 12.40120995438
45.090882982891 12.027870929254
42.739885772944 12.785501360814
43.62282403869 12.412879017395
42.162068432759 12.926331673735
43.485082792365 13.400540515057
42.646810851848 13.393415607716
42.360577285479 12.340932130062
51.012703111867 8.3123461642826
40.440536187905 -73.091006321207
41.918429048249 13.731951983542
45.284999609126 1.552838321567
43.031359880733 12.960147688633
43.7563479146 12.31785956042
44.404666516674 10.650949803156
43.003346332837 12.623602165221
43.447315372756 12.524236778994
44.661848396443 11.427237719846
43.634273063708 12.220144975123
42.875239033681 11.851562431034
51.480316158608 9.5014474887873
42.277970312314 12.027013138436
42.965973347431 13.684427116406
42.765826028218 11.853158530732
43.787653883376 13.673933498896
41.914852318801 13.273470422867
43.823103957748 12.407209936274
30.384047149402 -99.317741072446
43.090140574209 12.680298889859
43.036412972064 13.192075875233
51.278162235756 -0.82229153948477
41.435241588806 -79.078101565875
43.601123662035 12.711847488655
50.23977930529 9.0330675766026
43.245012261109 13.306289991062
42.501866506667 12.27721319642
43.472961890752 13.699410834231
42.590883373579 13.7433112123
42.056104748557 12.66030724007
42.201354087445 12.829840777384
42.668577356596 12.121909286439
42.157559832187 12.995650878195
51.159799859002 9.9617942054578
50.341455994333 9.9782750909116
46.863437327958 1.7890615462275
47.462061666167 7.7960173151437
43.748848386944 13.406924687071
25.127509585158 -79.439303389299
42.25928763035 12.87938295115
26.760616767557 -79.868063654964
42.269186908991 11.986432285994
42.290528434485 12.714337353483
42.354017999675 13.216403195756
42.18719291791 13.727446474029
43.621157480248 13.742970887939
41.870874218604 12.589327846949
42.127878579392 13.269585235191
43.236276429278 12.63199194366
42.820605577838 12.772310703908
43.433273594118 12.441422004014
42.284833646533 12.069600875077
40.040035931944 -105.02214092942
42.864771025213 12.14987286655
43.744287135447 13.754513499234
42.670073067362 11.523741644006
43.814244402041 13.055087430449
43.270948453488 11.959854388146
42.045413247817 13.339871355512
50.321742395555 8.2981277910518
51.610705935913 0.68293458203457
50.795076366884 8.709630822162
51.139028740646 8.8679027719739
43.00428730112 13.293027764809
51.796366422808 8.4220798418029
42.638418314831 13.376922637421
41.83625124855 12.502406656997
42.039325702975 12.581498482091
42.454882537248 12.850231019731
42.96221505199 13.243933775131
42.752709145289 10.298411871797
42.993697063084 12.499741217841
41.599253005313 -74.727170654111
43.262882456327 12.516341692098
43.280715275242 12.552938686497
44.803736525308 11.058284675052
42.758959673254 13.141660890629
42.887784070304 13.158977172898
43.731596084208 12.895572571522
42.802695114095 12.066574918624
45.216246929914 11.968574447913
52.878642999278 5.2469108717036
42.176116942531 12.036181160752
43.82970616169 12.204692607396
42.343012744276 12.191109741682
41.967619851703 13.277806962525
43.390429003833 12.91604763221
42.345220267489 13.806263001566
43.725842242022 12.77498064694
42.689699409872 12.380271233816
43.054864842491 12.885649770466
42.679704650177 13.519776030707
43.456298291917 13.469038530027
42.196106672865 13.576906281347
42.91883362828 11.887017344559
52.178333895597 -0.19385485644631
51.902112941678 9.8265405855265
53.346473202459 14.378196221859
42.404956278601 13.193138018361
42.882140067372 13.025415588203
51.512123436207 0.53131054407978
42.712310902661 13.230314858852
42.013255970114 13.366289683344
50.739555033734 9.6968241942566
43.084855170515 13.261859543764
42.332138726663 13.308207144194
43.065341397706 13.428523785655
42.348546043687 13.346455101106
45.663577162967 10.018476090312
47.813806676939 13.118900556892
41.861977721056 13.437383759991
51.013306623797 8.1297034002513
41.876483893451 11.888685305572
46.432234063014 2.576301752858
42.319681149146 13.619391063072
43.534951188872 13.120968420136
42.213828149372 13.087875035653
43.038854256311 12.098724574849
43.659836276297 12.378782809909
52.04255960255 5.5777911231051
42.118224464899 12.001727870687
51.978238350003 0.86848539242451
51.460730908653 9.1437829072325
42.34332428751 13.222937683234
43.233723748605 12.926053321907
43.450290585167 12.657476698376
42.529239722329 13.479325982055
42.005121438989 -87.133007806337
42.093661957485 13.062590206558
46.583247855577 8.7670952848937
43.784736608076 13.607236402879
42.063889234378 12.230812686158
43.271740369646 13.420782160231
42.341696553578 11.895998658585
42.36549330615 13.162444141324
45.42406351295 8.6291320422124
42.62153907291 13.44160616048
42.506449918985 12.853637882461
43.386849933039 12.664069590955
43.731592138194 13.244355846331
42.750218008084 12.479385105206
42.444209579141 13.349085754433
51.012942115317 8.7533549553497
41.94021450029 11.924434667905
40.687176388955 -73.714708982774
34.611765890241 -84.364333232476
41.847263115874 12.466547564376
-35.168556579734 150.02758371885
50.717055034692 9.528685195152
43.272865687179 11.895453276085
43.302487124385 13.621580726778
46.990531625687 2.6084209231699
40.090473108653 -75.073296586217
45.63535585878 8.1292147589262
41.913481652252 12.01833477759
47.913585015998 8.8767121382415
42.679017512931 13.784564697104
41.929960068304 12.695731671872
43.681802041701 13.339928638369
42.379908760742 12.629427813308
42.554299373459 12.379916044616
43.269485298691 13.691083181061
43.086268708637 13.794657532051
46.15642196087 1.6541783477432
42.708707631917 12.635455905777
43.461481724636 12.749505282284
54.26839981632 -112.52846737929
43.500937866767 12.176475643283
44.753938994281 9.767856301818
40.320707826297 -74.195077804737
42.225751759145 12.218236360356
42.814269233318 9.8594447880772
43.494612845844 13.629848094971
42.769979212813 12.960922536443
42.216586455825 11.880692381843
42.380860373576 12.964843092025
42.561669719222 13.031903727482
43.763257457785 13.280658987037
43.233180317692 13.143450153614
43.171047445953 13.727976690406
45.895456728011 2.7863345284883
25.097816838911 -79.549682082674
46.561527437792 7.8106101382573
41.958342441359 12.591829167976
52.27646609688 -7.5562732534279
42.764629847747 13.189792295562
42.03934462093 13.230920413638
42.092932658334 12.644807068487
46.57919865082 1.8892107894128
43.728973904054 12.90367525767
43.492131306574 13.206876932761
43.742483071884 13.450302609008
50.648707929835 8.0084311612921
50.538145667658 8.4700369073404
41.006705027229 -75.073223174715
-37.500935322373 145.12988241179
42.43285956256 12.557757415158
50.991392860884 -0.3950928545115
42.68357761471 12.767647565255
43.002784877106 11.970908779193
42.286736995602 13.59482707765
43.188979507067 12.510273444259
42.597194428389 12.702223059604
42.571950946291 12.810804602623
43.659310115364 12.847162887404
50.453666403635 8.3298016531997
43.433100146464 12.110598418003
42.07295004703 13.125600356688
42.7950351163 12.282200514026
45.119441432701 11.476477947748
42.542815008474 13.145235758829
43.033210071306 13.003038676478
42.603250886616 13.418807639491
43.097151185452 12.523766173315
42.906402352243 12.680851361121
41.857871939365 -112.4648132509
42.740879086678 13.336765747695
41.97179465602 12.277739881223
41.836087297127 12.283343846597
43.03439517416 12.43965263501
43.56233392265 13.663418887979
43.654680892685 12.64817019398
42.303444187319 12.212182249062
45.117795295577 9.5758634470035
42.646924805684 13.255127940932
41.887892493016 11.891417275153
46.393652125885 10.120381169145
42.40268114556 12.965363569563
45.395110615247 1.4245656181241
42.264641092769 12.417084679688
42.062895686416 13.143627641345
42.941101310303 11.863047604872
42.94859772315 12.889103257998
43.017246747884 13.244609709964
42.111864364313 13.6613425802
41.913356813117 12.052711476152
42.60011238728 13.800206850211
42.899395160351 13.711194257604
46.836786916869 2.7025491244637
42.222300764298 12.589507821777
43.479327582067 12.728034268028
41.157987364871 -75.043971882531
42.765680680429 12.966330172034
43.322007778272 12.477788123546
45.269339653789 1.7695532887101
42.916462175996 13.205106419162
43.771878275935 13.034047441128
42.225568617354 12.195386381932
51.10308517567 9.6656646969103
44.779000841372 10.554002019928
42.342072528036 12.374607662866
42.953660881146 13.704935523565
43.224305290854 13.727674251782
53.755040057355 -8.2063536123402
43.101792016601 12.589512470939
42.223657060074 13.089977264933
42.047468872297 25.478068753834
43.736717665932 12.968456431298
46.374652638275 2.2851101231226
42.998157103592 -71.312936804189
43.365093726856 13.243528089155
44.916788405653 9.3160268914938
42.088522068753 13.412077126772
42.812924246703 13.819351903565
43.585360599044 13.811341242332
42.10251802632 13.81324518931
50.880861688815 8.8827071641026
39.068288138629 -83.935367053987
45.695539847806 1.6983885656569
43.094674595697 12.835012838189
60.861236568941 99.740378235346
45.406893933381 1.1484919698669
42.434655493814 12.686036173129
42.330164634797 12.26698388686
43.772642537401 12.981921743148
51.921214937196 8.2331118361247
41.987450792469 12.319624351973
50.054828383985 9.581467464837
41.964466824666 12.291479336255
49.934726392936 16.341553109624
49.870695161224 14.780230234973
42.759258975649 13.622945234956
42.818043929927 12.640569696522
41.978655545983 13.788122345616
43.312951555177 12.351535141653
41.485788163641 -75.323135314325
43.610331295829 13.603389856242
42.817114199913 13.743081186334
43.565907358942 12.696900421168
46.850103982654 2.1762070465722
51.365994980962 -0.0099949809350005
41.912597081139 13.09369755729
42.923365313079 13.571673481081
41.174923005352 -88.393967240316
42.758917194234 12.253291325317
43.227576062676 13.812408893303
43.366647304693 13.529967736255
42.04236146998 12.622228700047
42.237397283447 13.071326732224
43.24595801313 12.822582484161
43.609079554516 13.664308939925
41.839589242304 13.54743793029
42.722322060153 12.641404079127
42.958218324465 12.025284723412
47.483693762262 -113.54937511205
42.22526581272 12.380966101506
42.951554414349 12.694722267678
43.552751891593 12.611939020295
43.090967053611 12.705475203111
47.309970115456 7.4540684150784
42.182600347897 13.085337018655
43.687047959181 12.480513183179
43.752179813011 13.814716128567
43.068379589875 13.518054653221
42.034856890831 12.758487170471
43.256801812584 11.871551572772
42.35378609756 13.824125221404
42.783054161271 13.63944513662
43.05865944694 11.944502001158
43.64587361258 13.377761912729
42.082891486645 13.495046637273
42.303929109289 12.666318592947
43.264481024961 13.223174983295
43.791527146863 13.742017082771
43.438867168726 13.605510404636
50.538424963615 0.70500832590974
42.254768482549 12.386996401675
42.588044109583 12.119163740037
42.586851203177 12.585001348346
51.228412925372 8.0306997578734
26.589635322128 -79.240105519458
43.042075487826 13.741942879645
41.951393721158 13.543881440344
42.807285940672 11.946986655235
43.471585004365 13.374379806416
42.040214919059 12.116367545054
43.462534346854 13.640276675432
42.107940642234 13.032611569426
42.903791063441 12.135421794458
43.445001282026 13.787243824374
42.075969266296 12.254890405713
50.686649882089 9.5811687570909
41.846028687382 11.970892022837
43.765267187641 12.444529871219
42.209786158174 13.558114414384
41.853036233642 12.345703181061
42.414119127886 13.059737554335
43.520013870469 12.280848852045
42.121731969606 12.267198735062
43.048657502091 12.806020314736
42.86938984269 13.133584155784
42.670328955034 12.326605662411
43.524068490401 12.505795030646
42.892303158966 12.812701274109
41.994648143202 12.906641758956
50.55920274442 9.528407490127
50.154441639387 9.4581170959669
43.539790591963 13.714220012892
50.800316329487 9.5494457741964
51.888411569357 9.2686304134636
50.930742146881 8.6949235534737
42.685368517288 12.419352165174
42.703990560839 12.858223748348
41.937876880627 12.227955973369
42.073361543528 13.549898427257
42.610806420751 13.032598543948
42.464270480214 12.34349102871
43.036066319831 13.516448457987
42.749222119709 13.003978429851
53.476234989695 4.9532906330206
51.218156854724 8.1408792297081
42.203379162237 12.335984600885
43.040882964659 13.463380129779
50.935499930259 9.2607172235198
42.949381365438 12.226879921403
46.874615032167 7.9906463632317
43.172258230493 12.27416073732
51.422617776051 8.4783031192973
51.397260157576 9.9291778048171
38.086683651473 -97.03399715481
43.034674704112 12.146959326319
42.395959457122 13.58047834161
42.510925992651 13.830358266307
42.879150325397 12.916589864512
43.701264131696 13.057233962744
43.326102321209 12.442005635932
43.365914976416 12.749146859997
42.073070680778 12.588858223815
42.474400962945 13.691316135105
43.73951797317 12.213836790183
42.677230680698 12.002136862393
41.863984352867 13.616877134732
42.319275204262 12.665017250325
42.559241682572 13.289168392464
42.695618199529 13.703983899089
45.377147989058 1.118877611644
43.368847042515 13.01891502741
42.049915121913 13.333901879088
40.095169147207 -74.413493994482
51.551796183946 5.7072594938601
42.175054306267 13.073734815753
43.216157717752 12.986846663538
42.317318929994 13.062603996651
42.677631043234 12.50932428872
42.919321517443 13.392505047581
43.318443976978 13.530905655853
42.359861039279 12.517468846199
40.115356691132 8.1036195822838
39.325567571029 8.5821566325824
38.44927075935 8.5393208609907
46.046808562263 7.2806552957188
41.966389019513 12.907124674391
42.270906700434 13.164090457004
43.157866634057 12.06085717683
46.865572810576 1.8048867661529
42.938702570733 12.42037124255
43.220745829523 13.001953525491
47.511785835732 8.3829779477711
46.151518606723 7.6959515907084
43.3747964657 13.814652892696
42.717866992468 12.287747601202
43.11833631674 12.288160140781
45.512743518952 8.7191652986776
43.613623394938 13.118821454776
42.569230697404 12.829186549817
42.487308567638 12.841688168648
41.880221776164 12.238697603011
43.67096019523 13.058381199419
43.593738556206 13.346701509502
41.898427167415 12.665629438921
42.095724282852 12.475516129528
50.957777244252 -1.073368636511
42.072283501791 12.008740455869
42.53288552611 13.148465538022
51.360201778989 9.210267855418
41.862784770274 12.658291865002
40.041564715266 -74.67352863306
46.388315713239 9.1203685386667
43.37967227652 11.976729541096
42.230673522817 12.637001258639
43.537394703637 12.103826824179
41.377189158426 -82.988028597288
42.299452055142 -87.046865913123
43.107225935977 11.860609463838
42.421781584372 11.910758246181
42.32069959136 12.765203398098
43.003764664311 13.330354129605
36.164356456319 -78.970751059335
43.755152149033 13.172558848847
42.694659607829 12.533456104611
43.091213062469 13.374600831615
41.582292290362 -74.2572019736
41.914332106225 13.450418984748
43.55036978917 13.07943212107
43.894396899431 10.203489250018
42.433696630634 12.570345689364
43.186754325047 12.355502666161
26.205694070165 -80.309375551483
42.713874253798 13.228777662978
43.142378253484 13.446650292488
42.523888307889 13.606001359248
42.652943313913 13.644678943646
43.624672144498 12.264665546506
43.446731578322 12.002316196937
43.814140619179 12.701431613297
50.000583350659 8.1225673175056
43.091699614253 13.210995676581
42.49943031396 12.135589203881
34.571764839327 -118.84164257648
43.563031101883 13.540608861756
43.289155533693 12.445364956972
43.528646822355 12.047314751471
45.497276359029 8.569714357131
43.196893487704 11.859338841357
42.279826935998 13.402152675878
42.761061550028 12.690019173424
50.400887177512 8.2887401298102
42.628612861351 12.376319515715
43.628086888545 13.076931622867
42.470406645218 13.585880992762
43.422319802673 13.259360939872
43.348908772876 13.337907958954
50.995456490198 9.0626829332033
43.365697015734 12.247029667391
43.752067702728 13.434531720579
43.335226300815 13.635742941723
42.837390612756 11.976449440709
51.570981042493 0.52239378421214
43.469641051495 13.803232827619
43.190449450275 13.729864537611
43.759270387611 12.026371210381
42.90557696668 12.673410699572
51.910679371055 9.097811705944
43.802359159499 13.208554514336
42.512057401499 12.834187001865
43.072069182581 13.136360928035
35.279473363607 -78.366339416038
42.069725294185 12.678178250195
42.957208275796 12.89195209599
43.906004948244 -78.574566528331
43.08062511083 12.567628368089
43.420469209769 12.098779003669
46.714162086004 7.0702080959781
45.212245668055 10.075340282046
41.845781340213 12.517812864651
45.638752199355 10.69538200099
43.727018665882 12.152367370761
42.366399476962 13.336708785678
53.39901526547 4.7815854782386
42.723930100803 13.342130625335
43.10937493907 12.676755946931
39.000123912177 -77.745730912619
42.042839447077 13.34480732325
42.313674611672 11.878679736016
43.079482488392 13.541324091883
42.294054641546 11.931993411843
42.138519011523 13.553694512508
50.93620690747 8.3030730706188
42.471956649105 12.851965344463
51.602396730847 -0.087233075498242
42.7597508695 13.785044811587
51.125566832081 -0.47171815558416
54.214904889753 -113.40269551725
42.052417692774 13.006729230774
46.681710224916 1.4709808446797
42.849047346923 13.576361437152
42.785556801516 13.713142054974
43.426900787499 12.577979729335
42.566247869102 13.004698612285
39.586759507859 15.097576097559
41.412604603107 14.181999809121
42.882127710119 12.259468366999
51.293302296332 9.1885853392019
42.891648794495 13.08710178739
50.775430034741 9.8543178629383
42.430175030825 12.87903448051
53.371979065136 12.511353748996
43.669004845765 13.231407204772
43.146547712475 13.41332704083
51.231677528579 9.572955351124
41.981628247084 12.361946278907
43.514187438208 12.18444455612
42.950249799059 13.443104312051
41.932415400156 13.494613863313
43.530493141886 13.188543402233
42.833519614711 13.55340629192
42.373477468462 12.741292670735
42.582028209989 12.383403920768
42.909338240025 13.617837817251
46.594679361952 8.1574889766786
43.735335115241 13.617770430009
43.692624959041 13.610388057612
43.213006991082 13.686206389559
33.919405659784 -97.469683432863
46.109403953473 8.0011846767744
42.842974434555 13.143048097467
43.377461496472 13.045352928848
43.538301299598 12.184090893822
