42.323212253567 13.018817103032
42.910277706084 12.139636802573
44.348121382479 10.78963437401
43.215265187556 12.369060614339
43.224433265286 12.329374878842
42.135413259352 13.671680343205
51.54642036862 8.3152834793158
42.693114653573 13.471284919193
42.561841183159 13.713704803381
51.936584019771 0.56426740272635
40.740439405379 15.128752054336
41.929481296788 13.073898877073
51.007365375761 9.3519673758894
42.013977236142 13.565470216149
42.492951748212 13.003860444785
43.676341544707 12.574832639946
43.735421680277 12.568627119816
52.410609045024 -0.86489517240547
43.652469731726 13.776001574854
51.734916649635 8.4000012042932
43.79454918012 12.327838405675
44.629618379397 9.970038917109
51.90185809224 8.8318433472104
62.058994072983 15.455276476431
43.762054165735 13.059207638309
43.452481300336 11.84471246921
42.231982426381 13.169334310672
50.611683166405 8.7393716907778
43.777891267474 12.350279693676
43.331419982657 12.700366028
44.754261224717 10.578832238507
45.162308379245 9.9587557284923
44.625446183109 7.3681821267926
43.504859081726 13.661941983135
42.732721722116 12.922664622296
45.849612934375 11.791199222971
43.661989703172 12.585941932924
42.755571972952 13.628073857479
42.348675011841 12.631335665787
43.089191295269 13.181366189023
42.262739350697 12.351819514482
42.903257859847 11.953583974391
42.299625471395 13.185998244319
43.666326141782 13.656633920829
43.105854732986 12.766936204309
42.749918682871 12.515317830518
43.04837109991 13.333208959726
43.630690339336 12.17914796957
42.445827787505 13.53841635286
43.319457827771 13.286309025405
42.068177497998 13.101683811353
43.085983035216 13.123925250568
42.908673337639 13.150895198898
43.208530854552 12.905325374077
42.95782818366 12.146484619096
42.796459425167 12.284038253747
41.857865699987 12.054093586793
42.316607251 13.763441172339
51.55897496853 8.5797887791785
45.427071360723 10.986027104841
42.959962126336 13.508824771528
42.004753762414 13.603509038989
42.760470040052 12.90427198864
-37.288335837558 144.55983888354
42.837642440518 11.866772768978
43.429525076633 11.851439915084
42.976332207686 12.352176477386
45.354730489363 2.6892092170609
43.720111807699 12.637399484721
42.166238772781 12.576440241477
42.380923347746 13.320525762795
50.591281798012 8.1226696079237
44.624165676315 9.9740008725897
43.414110675668 12.602130140945
42.140666140796 11.988699516297
43.557088227292 13.560785653817
50.405889627247 9.4768678292059
41.864885259843 13.694298949437
42.878968769183 13.779908513569
41.934895806471 12.563518746574
50.240900405795 9.8889124374319
42.016892128187 13.709172836856
41.960957732986 12.745226479969
42.230568600947 12.860947583293
47.624724148598 7.5684936482313
50.912364039197 0.79175335134197
43.345857461165 13.302733945822
42.948936755766 12.454696711386
42.718378765398 13.192776143662
42.713743721488 12.291201197233
43.053799209231 12.865129304542
42.261738169616 13.190044055802
41.998877347002 13.510208454242
42.976502569868 12.252384300017
34.266466288199 -118.59244435477
42.686012795535 12.077657922694
50.85906082781 0.12825803878636
50.937556793884 9.1959280186314
52.120493554799 0.26477543970327
43.583980376659 13.149595956874
43.759092210701 12.593324006367
42.529366101871 13.386699503023
42.174748547943 13.232345288283
46.271103031154 8.6784778293588
43.167716623849 12.741903529403
