42.169380649558 12.001416854582
43.535618394884 13.305348982732
42.402644738763 12.682346033271
42.242652024742 11.950978971085
42.54782137768 11.909319083185
59.756158845174 18.632316292721
43.562870662943 12.155517984741
43.447199547893 12.18135720502
51.345425178458 8.704287472509
41.335445612499 12.299978134639
43.743972870889 11.871472984514
42.1720840755 11.917362659221
62.470811452936 14.599900306016
45.402434673813 1.6916666271592
42.778831596241 13.064371110063
42.565251237066 12.887309811978
42.746410692479 12.055933932821
42.298991793927 13.386556922659
42.735653944677 13.624505918785
42.266020877897 13.101753101287
43.230546631047 12.852807822124
43.745241076588 12.150816690268
41.978396805946 12.221873785493
41.866358957515 12.894313395067
48.959891321701 6.8062858803948
43.438733738141 11.898904138219
43.041579793713 12.242446580104
42.960568208716 11.886541914163
50.813395994629 9.8817122722425
43.23539005559 12.260202180736
43.174586151829 12.115195700508
43.590412491297 12.333135039722
25.256602089023 -80.686646178494
43.827929492515 13.394235176705
42.799675576782 13.154225145559
43.657988760016 13.66644350845
43.601826023146 13.584448942276
43.747294348102 12.898074778236
43.701197800574 12.509598090572
43.519065434842 13.795750554111
33.121120893027 -83.6599622506
41.994889594633 12.813101718602
43.287693961213 12.495623277286
45.040990206898 2.1000050651375
42.256671305421 12.751467847171
42.414518614048 12.559932586553
26.044555236589 -80.17157199409
42.79870856546 12.918132558448
43.69993705896 12.855551761994
42.332972649195 12.833222222923
42.932364612342 12.795015485883
59.919055483266 100.51954465011
59.593239150752 100.17479180553
42.371745086004 13.091638189339
42.792038431781 13.590108636131
43.110679641904 12.418878355745
42.381696919644 12.260484673691
42.537985132813 13.475341942404
34.218058153197 -85.363852964325
45.671548163177 10.050463739897
44.514091477315 8.5048096243757
51.395602327956 8.9057335461982
42.654852028796 12.932574122668
42.313374112527 12.307848552406
36.54499065638 -84.526276321437
42.542694727233 12.047611285044
42.290464934584 13.102742789382
42.318984371314 12.55559234256
50.132491995701 12.042287444292
49.153509935717 8.4407152903433
42.303331167599 13.72790240253
42.60956813798 12.400073453526
39.541363147297 -76.376032569926
51.288954982436 -1.0166637041264
51.813924953255 9.837973194587
43.035755960774 13.764491130975
43.444638290205 12.084431748432
51.90917868908 8.4166593944731
42.137504216834 12.730405551743
41.989753982534 13.159938894773
42.5627359774 12.178928426571
42.690478951547 13.057474334306
42.623619784447 12.734527220381
42.506399399858 13.256735746424
42.248228411792 12.271551015469
44.818721837443 7.1100654488266
43.396742612795 13.179749869381
42.911695701981 13.271007080244
25.353192126992 -79.63856443075
42.045703642578 13.007505090466
43.828163838886 13.443807165832
43.004233595472 11.88975436284
42.108348769207 13.264344643946
