13.323577607134 40.641128686115
12.958973692178 40.679398061584
12.323931729039 40.517312120913
13.238270376852 41.376715091724
13.480029601755 39.729425827311
12.8102967429 41.387829164363
13.40545018588 41.235609642898
13.047678177079 40.948897751164
13.308468445625 41.036369845893
12.899731956653 40.946501750614
13.129018931987 41.227362265125
13.073980580396 41.094004312248
13.315681475755 39.599660655693
13.38803007546 41.053362665397
12.691646529961 41.346881917048
12.390283792273 40.999170302553
13.326452740969 41.089559326011
13.931592079663 40.250324044049
13.328885916585 41.259237177465
13.192037485441 41.192539249311
13.344371378976 40.147521410136
13.092500008497 41.127859742114
13.19362276236 41.254089151653
12.68291166773 40.709030040332
13.4943443509 40.061564770651
13.336036163467 41.206668046329
13.420329494875 41.42191011632
13.596131188539 40.543739954288
13.212564468415 41.431220419466
12.502680448395 41.235428365197
12.816712785238 41.008925690925
13.322272015697 41.357955592991
12.789696844008 41.336533413565
12.989689211633 41.13214943159
13.429160637909 41.041688614474
12.855686228001 41.077052795969
13.370826387273 41.08726836708
13.068398095629 40.837932929414
13.443302756636 41.32221837832
13.838983164883 40.965831482765
13.661245746681 40.625298997003
12.905473552533 41.218820632563
13.76357350988 40.781159079553
13.651168508479 40.336257932494
12.219985252747 40.513747709137
12.88918029505 41.324360775007
13.846235160502 40.385800766936
13.237804969695 41.190936800787
13.306519856631 41.145247678945
13.650689396777 41.198651754881
12.806607559976 41.360159196733
12.387069781424 41.167408331867
13.185675192057 41.168207970666
12.690273246861 41.298511261399
12.612408443451 41.111200609902
13.735931951846 40.822383156264
13.725781790251 40.52047191168
13.455331140687 41.06760702113
13.30509770005 41.210643567848
13.238441526347 40.907117091681
13.669365206507 40.101835574932
12.733523323354 41.103953797558
12.442223100009 41.006482504451
12.822524284512 41.258965183126
13.010312836899 41.348967234906
12.572410109997 41.262271099054
13.655780556379 40.971548209766
12.974138902886 40.765236424664
12.765443331264 41.239732015664
13.234523115135 41.045710515858
14.186613189493 40.631047691999
13.527379383972 39.750808695611
13.145216375934 41.37037985384
12.084223947459 40.526781385104
13.252976225618 40.907541518196
12.231405808165 40.970651931607
13.252889764334 40.575460502776
13.361120390713 40.935660074996
13.059133638772 41.362792381676
13.132538519207 41.084208837889
13.159980249943 41.224912315852
13.27317268873 41.001473992158
11.934885474755 40.5005874967
13.198281008309 40.83047498571
13.768267782018 40.230770765075
13.098671343966 41.238230474078
13.541196427977 40.973835594148
13.269145743858 41.456424284147
13.114809782575 41.14928865314
13.244099757559 40.921222008868
13.931555706093 40.549179698831
12.745782964211 40.878124527602
12.945819874546 41.404822914724
13.162706791776 41.443498121921
13.204827904608 41.406504731954
13.197044646736 41.385388003981
12.656309937365 41.121831798077
12.158301016322 40.772635208828
13.5055751693 40.453594987587
13.202759038563 41.331009282093
13.073453369862 41.337839778344
12.645535363928 41.036765171372
13.349972916392 40.296886903768
13.816161000017 40.720158652763
12.513758808425 41.13614759242
12.562311748582 41.263288618328
13.823108760043 40.150842580689
13.024953786228 40.736525919657
13.017180986827 41.151350239246
13.283187506785 41.276952382797
13.80326127245 40.888350581724
12.23861037851 40.827614496873
13.208806677285 41.242022119135
13.126416114029 41.029764481974
12.894790988644 41.390365867731
13.663753585987 40.807790717582
12.275858129315 41.089551923512
11.953384335061 40.733434046122
13.833427486605 40.460575291708
13.157829046134 41.4368551647
13.521569718778 40.522923161449
13.990886295627 40.553945923622
13.321521700321 40.960365154902
12.497619530229 41.127086660558
13.701277350241 40.401537018179
13.081439914963 41.034879829425
14.064460167412 40.948586599507
12.883831147446 40.95918702621
13.010554378669 41.307211215425
13.102564238337 40.963055327657
14.213056391393 40.218136292169
13.975098532962 40.190923884155
13.716215978128 41.18526981642
13.840491338209 40.786056601226
12.047501986335 40.605851448914
13.424494811929 40.824260989148
14.302988030714 40.410227201465
13.175330631328 40.921894691057
13.372153816103 41.354397540961
12.484534739554 40.956258058202
12.941596928303 40.965916456779
13.236703209945 40.841105532831
13.85694383157 40.381633647893
12.584664971772 40.667007587721
13.312504795458 40.542795925679
12.049774313767 40.842423230827
13.658850716825 41.078234811024
14.031637273162 39.952879470772
14.272063702725 40.807165960927
12.176137760175 40.910396258445
12.857310134663 40.915807026073
12.646861484853 40.982685020791
14.00303591222 40.637050360365
13.874270359389 40.046435645733
12.547552651792 41.104491176272
12.585927506993 40.951695038589
13.348040488129 41.030407909805
13.2752785199 41.032407335978
13.02346808073 41.257745083216
12.863063582554 40.671305115673
13.07476368112 41.158805961469
13.374282654433 41.412097889212
12.375706276843 41.120537109403
12.165779037876 40.505719497595
13.020391198627 41.051709987387
13.512944424715 40.095207319313
13.258604868247 41.081827846534
12.832475763479 41.358070631352
12.42882410776 41.005085189855
12.834732777174 41.199192399857
12.376014572089 41.147378753148
13.282310248296 41.338014525658
13.895375949631 39.892421136115
12.868366922468 40.970671829428
12.574554598504 41.204905234047
12.62912795715 40.63448938254
13.042765722907 41.13707831988
12.210002542969 41.029666581696
14.166049593483 40.459997503974
13.479357102576 40.950594648721
12.94105817356 40.940430655722
13.117321342562 41.366803529983
13.966522164511 40.651588336889
13.220299782146 41.371926505897
12.624666123288 40.907001179274
14.056954464622 40.491037841745
12.975517718387 41.303155469058
13.423953288709 41.133028473441
12.714748678408 41.166182262109
12.951536359054 41.371755546737
13.849998957336 40.937455327782
12.163228216469 40.964554872487
13.383491910518 40.944622904642
13.354000565107 41.248462693556
12.666830493259 41.275369807414
14.205429532544 40.902194892963
11.991867061633 40.500365640295
12.524628745913 41.070996542634
12.912095274081 41.03482283388
12.703715785036 40.7972330075
12.903297792421 41.062049045862
13.573128938404 40.357789953802
13.224392109466 41.17801645467
12.608708486056 40.982261815705
13.21315552018 40.536237645238
12.254911228134 40.960422037176
