51.473108636901 8.9872550233208
51.572990287129 5.2814296807774
50.624458628299 0.85106177569417
42.875769204423 12.927585572457
43.197432962825 13.176354050739
43.137675186239 12.311126532199
43.316777918656 12.374859973053
43.21200208797 13.429402190947
42.39472073663 13.459927198712
45.494944716569 2.9460658705542
42.757431207133 12.676800658797
43.183084664507 12.630325260887
41.980115199473 13.80508896329
43.556136799791 12.84049624013
43.31951612903 12.717677662039
37.684929640351 -97.294287148534
43.83149677323 12.902494403044
50.589276459342 8.5826006562368
43.592304877302 13.541490752989
52.007977484962 -0.6810237331274
51.314673983173 9.7505662277111
43.61575817301 13.08632277424
45.788991911239 2.4139127984708
42.717210559529 12.230095730757
43.281659765321 13.1839829703
42.274068639297 11.970012728132
43.616061275667 12.581672533707
42.394844709169 13.286127631707
42.016970086872 12.35622915132
40.916086564661 16.366364608922
43.213013701727 13.277271320728
45.00234436612 10.895144069076
42.526803820195 13.541370173258
42.153746282309 13.44700971129
42.329017465177 13.423764871186
42.994932948165 12.553884364478
33.908596880052 -83.696755380923
43.088889755837 13.755116293579
41.889341135013 12.400374436027
51.542448388665 8.3421511092885
41.650668418024 -75.235065480935
42.415676143235 13.761345834381
37.59952702486 -122.30628758839
43.296659180588 11.920275290015
51.039180851094 9.668821797552
43.426958447542 12.042900689919
29.77066971241 -95.453998431984
43.475277611297 13.436788731945
42.736654027264 13.04688457823
42.717321845592 12.878204874659
42.620631379385 13.39590874428
42.928659049316 12.633303918726
42.56596734217 12.919796335495
25.263523105172 -79.372496640293
42.835303058326 13.232820414602
41.844890656364 13.290764425572
41.947349221908 13.476647758168
43.287913536342 13.710371022464
50.557780288885 9.0098484200471
44.928113287307 9.9760854613856
52.339391965344 0.28922065122949
33.305993257738 -83.915040174832
45.239440742854 8.7498183839022
46.560120264795 2.2678382789101
45.569556728736 2.2305907310129
50.282249467579 9.3655517936524
42.588253659025 12.649979317419
43.640514599013 11.980678172794
43.752371377683 12.573521959418
43.198968169859 13.165513661788
42.85411206861 13.096086287471
45.842894645335 1.8216685642589
43.630916037912 11.917839587183
46.548275749454 2.8477941522597
39.851225129259 -3.3426032119163
47.292872216943 13.247673228752
43.562436485946 12.410729215227
46.989150179545 1.7346316025288
50.859040823699 9.4243299869934
51.633225858506 9.0548301823693
40.034238009249 -75.176198379265
43.719216146862 12.655256449105
26.274399917683 -79.604182038547
43.35800177809 13.25000261762
42.958218324465 12.025284723412
42.022420708122 11.950979489366
42.941528179211 13.704716506763
41.864587720441 12.455651304918
43.478185434604 13.549462097974
51.54928476063 9.5309653498842
42.44771856421 -70.8419955803
42.194390239424 12.29876425578
53.133524991401 6.4437909539294
40.596533120574 -75.197097070738
43.706677093521 13.796443798505
43.613847291404 12.33771027689
42.338656266864 13.517103276943
51.825341067196 9.465992430442
42.547938274496 13.30017218522
42.595480282158 12.847848537794
42.963541862559 13.389841251278
42.594572499227 13.057406445082
42.094663709933 13.790460584609
42.898669968799 13.046820743518
43.805493262527 11.924904134576
43.416742818179 13.175806707805
44.83814325458 9.1563136047923
42.701152316642 12.072007237522
43.429114102141 11.973281336026
43.642167488899 13.167976555514
28.738068809154 -97.807420327732
42.127998328848 12.65461366144
42.279456553201 12.291598342982
43.059140369345 13.398171981072
43.03467606198 13.083830899153
43.708745267128 13.651031424616
