42.909091906601 13.522523446739
42.186222182229 12.136016544039
42.061298597188 13.320991385899
46.166860821502 -72.981247839647
53.406821401281 5.8753041080783
51.369868483334 -0.70303611774604
42.786992374729 13.812209132061
43.660610000466 13.215084349392
42.011569587773 -82.728612285188
42.596372621433 12.577565601386
42.998941990102 12.434458419904
42.072898143026 13.722080158427
42.509008098186 12.119719246479
51.289250377002 -0.36306614590485
43.323645281583 -84.33250678695
43.584828237831 12.945037813387
47.439042247105 7.9275114582514
42.216107420745 13.339326256134
45.262322032481 2.5568421350591
39.936659465499 -74.618879301808
50.290868333676 8.9814287642862
