46.316296269333 2.4376463989903
38.195264889218 -76.859414351923
42.886657766966 12.323484889869
50.922069629385 -0.47408681343499
34.83101426672 -117.74411510369
51.146741210784 -0.57517813690247
43.351287950946 12.410772721495
33.453301843181 -117.50777302828
61.749566499027 15.545227293645
44.234611116787 9.5756701227397
42.420239483223 13.161954824443
44.983846837277 8.9206337153076
42.691321994521 13.283526395135
44.629695976504 13.069926062351
43.615392631693 13.711857117599
52.073216517956 -7.1404299108034
33.754165971521 -96.705814848999
43.289886494789 12.027796349056
41.989201637937 13.145806370769
50.894931218305 0.64139211295704
42.611826337249 12.800633178486
42.484729049508 12.799013041819
51.48584476881 9.0449560443149
42.827526710868 12.548238346629
42.962400194727 12.181940595259
41.887972257535 12.393761682528
43.755644658953 12.631647014374
43.16392083988 12.90303087558
45.738170610291 9.0620773060792
42.704693532432 13.782487061726
51.133782778696 0.64591971809786
43.446361074919 13.623147692843
50.483726570608 9.5195984377151
26.730880336694 -80.718533751699
43.411723494742 13.53812351105
41.938412451643 12.882366926841
42.135138417678 13.641922626499
50.328662494351 9.0713720321988
46.474836016414 11.995609008773
43.616242999519 12.091387451224
42.153754303324 11.957991054749
43.378840097424 13.692519899801
42.153981988877 12.491041444026
43.717734206823 12.036830363368
26.988858012926 -81.048703964632
60.667739814458 100.35632032825
45.986612311092 1.2423167090129
43.248356850023 12.892738875438
42.041840988717 12.547976379559
42.179147249192 13.001792388059
45.247061201836 6.7900349268388
25.369553162871 -79.322628500831
42.993039343524 11.996301727854
43.472130007351 12.438044253962
42.658959755536 11.867666274269
51.998934132279 6.4997967960079
43.394846204407 13.748310096
42.117875064333 11.990074832474
42.992681970372 13.600174434784
43.053484607999 11.862678006714
50.228996111187 8.5274905569514
43.258955673456 13.181107853645
43.775821145075 12.976089301063
42.921714406911 13.440596242661
42.507600079082 12.572786330999
41.87920560172 12.109731399061
43.07343564188 13.067239854071
42.597203147431 12.615768252248
45.483936389202 2.9599413135834
33.881420221436 -117.88683121066
41.869983407629 13.129065606359
48.275980940471 13.720392933705
42.681138803708 12.56426982589
43.619218907628 12.959428115284
40.172323657937 -110.99071474545
50.001283827704 9.4496270788133
42.066173264343 13.502581499306
42.243185451854 13.759320540263
42.308263478034 13.109773849675
-37.578886788142 145.42668603071
43.46374686738 11.988986554571
45.348486028983 12.360130869905
51.520010351911 8.3613084160543
43.431549969817 12.645033467417
46.40115345734 12.864500822657
42.311467973216 12.131249951281
42.786764878701 13.80937974707
43.013819905491 13.086338792989
42.376521908409 12.993272944837
43.666047343384 13.009805785052
43.77468110892 12.687282891819
53.220987459936 -112.9297349462
43.19140651088 12.00382288082
38.159387942012 -96.392530417253
43.760043409097 12.589626359118
51.643938744275 8.870208535283
