45.461154152854 1.1548041124618
45.339298779769 1.3005152755885
45.098978336481 1.2430485008485
45.009925036696 1.2119663763847
45.180217223326 1.0330567942155
45.31230261983 1.2998075267765
45.219227933893 1.2140735705449
45.351459253277 1.0828813626817
45.337570248795 1.0832301476427
45.301816040325 1.1429681536476
45.24946611945 1.2087783069391
45.137362272543 1.1396780331338
45.032882357963 1.2532604757013
45.049357814737 1.0080137201622
45.252327644384 1.1768655386646
45.319254640638 1.1087604938581
45.235068191884 1.0343142729412
45.228569272546 1.1762826746219
45.076437455638 1.3141530469592
45.366314876995 1.0916223740632
45.148063588491 1.0267551103731
45.205680321998 1.1707326956888
45.259743799111 1.3300165624032
45.383347112864 1.1596759106776
45.158955534063 1.0643155081497
45.136901276716 1.2286342732742
45.172595214179 1.1014391091193
45.373117143928 1.1371352277403
45.436819355207 1.1301014079387
45.416533730187 1.1514068260563
45.294681124992 1.1577307121631
45.323254442459 1.1238563135843
45.124146934191 1.1481422908363
45.464199017484 1.049301283457
45.256970401507 1.1514110011754
45.154015469437 1.0789387952904
45.465734869459 1.218297472791
45.064431606822 1.1804910507894
45.357282326257 1.0728734019552
45.20378031172 1.2945016349175
45.099579724064 1.3503017557553
45.421410901203 1.2485035584534
45.258459915993 1.1266468521797
45.116493060773 1.3487575451605
45.325684888906 1.0891746194517
45.098050194838 1.2013929743326
45.159813999273 1.2382689608439
42.31211788779 1.304919090703
45.245190573505 1.3032067824636
45.389035561303 1.0489646080178
45.23345339216 1.0802540793457
45.313531346299 1.1152472552449
45.054786213233 1.2249005018849
45.292675558614 1.295683358468
45.165572656396 1.3429515796448
45.370604080786 1.0005201376046
45.151954648156 1.0744881616321
45.391664907519 1.2758836570549
45.079709925726 1.1172010466071
45.461088922555 1.2099032295914
45.466221039401 1.1937060403608
45.445034520908 1.1070291293352
45.428008958431 1.1070174724362
45.365011254961 1.1329510631659
45.02546469915 1.2330537495357
45.136826473352 1.1298847431922
45.443976194805 1.1774802059762
45.131123060422 1.1422362770616
45.062458000175 1.1514573270229
45.128513147183 1.2502920186381
45.127020498797 1.025741964125
45.17129617984 1.0530565846958
45.39316232707 1.2366110264494
45.183609244499 1.0586059415055
45.29094557338 1.285885859414
45.34572441147 1.2152977498319
45.254213062233 1.0534295570354
45.430173183526 1.1296276013039
45.221386911916 1.0688869022154
45.473893856385 1.0818502381825
45.000331551768 1.1682335106508
45.022239807072 1.0404337016123
45.239162777662 1.1715732697265
45.013428794692 1.124393840844
45.291106939451 1.207148898955
45.406893933381 1.1484919698669
45.279386206194 1.1619489887552
45.217766000059 1.0904916511339
45.253204811482 1.1714663972014
45.339126321179 1.0176008776844
45.118799096029 1.2316798531598
45.142305827766 1.1323146671673
45.022960419777 1.2937364039448
45.111732055951 1.32597994773
45.357753277923 1.2618276627091
45.3100964787 1.0347354789426
45.050511155301 1.1709309514477
45.330371530415 1.3164124820923
45.195842214486 1.3015190974351
45.055732869569 1.2090126006906
45.168301539108 1.1666995948957
45.222081383794 1.1853766116246
45.462695246778 1.0446814294181
45.095126387707 1.0541415941222
45.377147989058 1.118877611644
45.244759895021 1.2913978715853
45.389225202794 1.0762614887563
45.022965648222 1.2000216754153
45.031627108358 1.3084836887701
45.067637119474 1.1649819445633
45.062747607968 1.1849616301176
45.013027343439 1.0818577357949
45.287306829489 1.1994314539244
45.434385350642 1.084543900138
45.195849081593 1.0892808447076
45.336344435968 1.2997308309654
45.206809599514 1.1184476288587
45.011339128488 1.143194466896
45.278869484681 1.1237981361913
45.233770641607 1.1968625607886
