43.474912003391 12.414180629169
43.440120849053 12.398658850903
43.426832771614 12.381929284626
43.466724422533 12.355614325684
43.486122189337 12.347598581292
43.442202790867 12.366289195796
43.440065219293 12.428981586115
43.428519740456 12.43838708684
43.47199775163 12.406019311608
43.418980543718 12.412164857824
43.461882217558 12.411737175871
43.468675513525 12.441712900292
43.507221358154 12.382297141676
43.465648055314 12.453689279733
43.469867186395 12.351151299847
43.442196259036 12.446843479989
43.422037887605 12.436483238117
43.418227596424 12.386400645334
43.452008279738 12.456059450051
43.498005134772 12.376974575418
43.465150886453 12.351653788889
43.423939006622 12.368778608466
43.499425202396 12.421311243654
43.474025097452 12.390082713885
43.442016286071 12.355045144167
43.422696879817 12.44714773283
43.469037825015 12.413345804651
43.516462330502 12.417255474935
43.505812657788 12.369014110609
43.458443318262 12.346418695707
43.508544967768 12.427145361655
43.444647096791 12.441782384872
43.470159502009 12.425408944241
43.4630218891 12.409053099088
43.50236501058 12.372583687966
43.455820136005 12.407636093652
43.484981777859 12.363828017567
43.440485266729 12.424875983722
43.442080950126 12.360094643387
43.485578676001 12.412390250926
43.438689339666 12.369314648404
43.41982961654 12.355398252793
43.494392541954 12.432784648835
43.458451301094 12.394116557408
43.459280924175 12.407685116144
43.479210418893 12.424757817513
43.452025927369 12.436964400337
43.443140869256 12.439772482256
43.445836439957 12.434774864688
43.484549917062 12.350081023944
43.463748565181 12.402210984587
43.461363906742 12.388358961061
43.438699259182 12.351351622677
43.506639367226 12.414523081137
43.481222032349 12.412993636661
43.423763497485 12.355743132253
43.475590399243 12.376750986288
43.513703317176 12.393585293758
43.446018169397 12.366036324488
43.460102496904 12.446535093939
43.492065060203 12.420077678498
43.506092083897 12.409247557844
43.460652368379 12.364784117513
43.467899155576 12.346709797341
43.444207061776 12.44236845639
43.444709137776 12.399192494547
43.467320226837 12.38644090734
43.518728621101 12.416088974318
43.454045598162 12.42685197828
43.516167837456 12.413695187987
43.426138873431 12.443864001655
43.45909648319 12.420964014002
43.483846170143 12.436234968939
43.498114404522 12.377297840744
43.487129789094 12.355463245604
43.473087539206 12.388890071508
43.423977767336 12.426369147595
43.493313636882 12.411804983139
43.504547573416 12.391876481211
43.509196642579 12.422612738082
43.449992524691 12.364911376224
43.467719136045 12.408690275836
43.465457047574 12.412856572521
43.45236834674 12.439831204473
43.439878817408 12.347886354845
43.471245831119 12.339432243437
43.50252743184 12.38669271601
43.438744455801 12.425172235104
43.482070726122 12.427986580167
43.452717538689 12.357107254398
43.510157031266 12.389128297304
43.446428938066 12.383897262825
43.465928097959 12.337891225416
43.490869904187 12.413294589826
43.485439513591 12.348839048014
43.477119651866 12.361288361906
43.499543152538 12.425725732218
43.422851888215 12.411306211937
43.427919426222 12.351038671749
43.420533709911 12.405129929283
43.452066433847 12.359387190735
43.464982128008 12.435303601194
43.433273594118 12.441422004014
43.46279343381 12.374067289019
43.468149903004 12.404701617756
43.485508032856 12.35254050996
43.425669944133 12.364204356637
43.468736241345 12.335685573696
43.458728440341 12.416427575732
43.462555172158 12.393361985888
43.46771464381 12.35373249296
43.512355361859 12.407376774797
43.463365026986 12.449112798317
43.4618469507 12.426122198566
43.485699252938 12.412141823888
43.482049991622 12.411079230931
43.492603797716 12.406841205178
43.504909987352 12.425195994075
43.437602837329 12.387348538466
43.438990105635 12.42733085876
43.485389328343 12.439342813326
43.435281703007 12.383051388631
43.461125185018 12.366988343379
43.472130007351 12.438044253962
43.494916276326 12.435544360187
43.484635209446 12.362653569043
43.478163247044 12.387317428737
43.481994875487 12.35522164423
43.501742803746 12.402807035692
43.430014837754 12.456609187416
43.507097425196 12.375384716513
43.478801990172 12.429511459765
43.477126211637 12.388466789123
43.426851013895 12.389078776089
43.476240070314 12.37932074276
43.482957412735 12.406382710883
43.517478561291 12.372216905662
43.507417212498 12.377830854814
43.491751811717 12.364010433857
43.457431958757 12.374655499319
43.451725157675 12.431250495127
43.466958874609 12.446964428058
43.482715172008 12.416077091108
43.509557261856 12.402567754708
43.429002805834 12.42541206976
43.507338026796 12.378704600234
43.445650091158 12.358371785098
43.502897308463 12.395419446491
43.427972620108 12.394885713439
43.432851277514 12.429169228056
43.447379955786 12.416861415124
43.445278947004 12.395504380316
43.431023050321 12.360744655321
43.462726949951 12.418693853293
43.448276218257 12.45218216977
43.459696411856 12.421601011635
43.511693024336 12.364182300591
43.510751837192 12.436972657909
43.485571921585 12.368007267552
43.438676701153 12.436422642079
43.497043287634 12.386811480593
43.489555660218 12.411874695247
43.514009768869 12.375208276054
43.489335047796 12.354499729071
43.444701813389 12.357062198409
43.461124880475 12.392701789009
43.471782422865 12.452323533826
43.442621889286 12.436195829176
43.426302140798 12.453811973566
43.432669803257 12.415199865801
43.448614421531 12.398182822132
43.499068049036 12.405599077442
43.466179160639 12.344800472907
43.423568467828 12.406786617568
43.482187334694 12.392768709193
43.509042687367 12.440561184425
43.484923393712 12.440167619607
43.468510323909 12.419754383371
43.481753501821 12.441554501879
43.452676625223 12.398711301127
43.421180141841 12.384554009619
43.494860420255 12.393232132978
43.437190716379 12.355224367883
43.470533882042 12.332186542161
43.444624638413 12.377766741637
43.465450664754 12.401318650901
43.449815443482 12.423448671339
43.434984993879 12.367824875011
43.504148547328 12.385611936651
43.516979069711 12.380668672931
43.455766116968 12.448749641652
43.44673285144 12.37800341352
43.445597948269 12.433736904282
43.487585333424 12.357305277792
43.504487447697 12.419543738693
43.511527207939 12.392086624371
43.485278504682 12.380618581747
43.422980703166 12.376047744146
43.459570156645 12.393638056442
43.446064729007 12.428751041868
43.495389326727 12.405778938183
43.518531255221 12.392215573898
43.428521733486 12.456653834089
43.443812531647 12.438759389559
43.458370033886 12.36890330278
43.46688389476 12.3985356644
43.500799889465 12.349253616014
43.506504137792 12.382813221043
43.486048625098 12.424293862409
43.420765503527 12.445712540993
43.503000103192 12.428686842543
43.466481976449 12.373473277045
43.480681517872 12.374429664304
43.473905472792 12.395554388147
43.431426349318 12.376265198189
43.521922812596 12.378303417202
43.516341134236 12.362762132384
43.510137443689 12.394648751449
43.435485455431 12.366160405526
43.458866664909 12.397084098981
43.462025582561 12.346750386707
43.452443730318 12.444997648005
43.47093867488 12.374482721751
43.459212851014 12.390782613045
43.433343497793 12.383279316327
43.431192824373 12.393178902771
43.511210595982 12.43346313782
43.467292259686 12.414458997762
43.435587800332 12.464931147876
43.44483011099 12.460286357675
43.498963155106 12.344680630783
43.471656326911 12.43843703367
43.438991875613 12.452198126585
43.442261096783 12.388298001808
43.475214755871 12.331992620778
43.517478731257 12.360924233406
43.497402313884 12.357539734991
43.424398660878 12.418102489069
43.516513828915 12.390189145894
43.436011837554 12.445056734835
43.426494086847 12.446001572297
43.520607978835 12.372299851113
43.431967706176 12.462970419558
43.504624004732 12.43701960262
43.43602233775 12.399471894579
43.44511343515 12.397695258466
43.473905748929 12.39364601925
43.424286541282 12.429042659921
43.507524726238 12.407153208019
43.43076988099 12.430788967514
43.516023810749 12.39387892859
43.454158818582 12.460580636983
43.464265757478 12.379356319282
43.496630791361 12.374144553402
43.485927612768 12.412374203306
