42.103042546729 13.780218514998
42.010502063509 16.729687948681
43.304338021832 13.338834115949
43.509001578462 13.459147454009
41.854230396868 13.766244228841
42.39393819563 12.923675060723
41.997319050619 13.669055356045
51.556668488102 19.787163447955
51.557298216763 8.4527213277541
41.973754887012 12.015346980682
50.468532698913 9.209966458478
51.245707756488 8.3046943150948
41.851002847727 13.513483421671
43.293265418773 12.63407651646
53.181692786599 -8.1361598759592
41.94152594264 11.928720055136
50.25310840516 9.2283506706489
41.951096654402 12.116923779325
41.923598108799 12.600410953465
30.704694793254 -94.996392649806
43.290963924646 12.906111147698
43.703462894889 13.237590670252
43.215982259373 12.329098952643
42.191755693982 13.420316905466
43.124095906633 10.96785497792
43.542986576254 13.172489921198
42.359301301839 12.544600480511
42.328668543312 12.452028301776
41.628642823162 -83.520146882611
43.219306725666 13.781510901091
45.07137198682 9.5680759896631
51.806681461542 8.2871744363975
43.831387768908 12.787243090026
46.72079476281 8.2314728563475
43.215204235288 11.876301825941
43.158042960429 12.225074461787
51.946541255315 8.2160983794444
43.802762240101 13.501811332324
43.406090175477 12.390564704982
43.636869742853 13.034460254516
42.828351193514 12.489026475481
42.187428774886 12.96928974847
42.22603668518 12.770818672057
42.038424178066 12.108275430814
41.92794248507 13.297076504371
42.107446443361 12.982563301468
42.915380330738 13.696491748906
43.015476481552 11.845075537399
46.443375387901 2.0978487655976
43.410951151725 13.751935984379
45.815402853242 8.9033813966919
43.039262518792 12.052961299707
42.689899865414 13.556977836696
43.11698154647 12.357481097059
43.719096422086 13.725247425852
41.256125171009 -73.512097469435
41.85917917262 13.103464721771
43.085318909087 12.736124533127
42.634620033055 12.967283832381
43.047726205593 12.016190511203
51.364052793646 8.4656282530472
42.414404330989 13.242171297449
42.483918327619 11.931402331673
50.253742624658 9.917806593663
50.150052231806 8.5425057651207
42.475701774247 11.971865943641
41.395767182448 -73.559931361043
43.365321137202 12.628854314179
43.307074222412 13.278922801057
43.119890027756 12.381913084736
43.387044341039 12.215973276767
44.693163100115 9.0475068770803
50.780789064607 8.4413448075956
51.227544494312 -0.94062615653994
46.257603698321 10.423595238115
43.184751162878 12.087949836689
48.306440042263 14.083321822169
42.646210198147 13.197114748993
43.794384786784 12.37626216394
42.031192640809 12.845374988807
41.902956241252 11.925342145828
43.717734206823 12.036830363368
49.772854060693 3.259802772107
43.499685128939 12.606423185976
43.653299003233 12.215197031973
42.052189447031 13.779738756281
43.401741959363 12.846321724305
41.930208316993 12.805968675227
43.413387540476 13.270968785191
40.293715160462 -73.305496066998
43.050988303077 13.449226599417
45.526617884881 2.8403435767816
42.891405021742 13.318084416149
41.518827699364 13.859020430387
42.343012744276 12.191109741682
51.626284866885 9.71838938618
42.088762917618 12.097768493529
42.342952123558 13.327826311985
42.46487205965 12.644312998601
46.336314178482 13.150634112626
43.607203129983 12.489552669476
42.268165401795 12.486716266503
46.029718596993 9.5773137109248
42.039813960476 13.425788704525
43.275131547973 13.36293476839
43.172130088423 13.429284661764
51.063350933168 8.3790486512608
42.673518696669 13.277312276569
43.745115479357 12.25995908878
44.984990305752 10.028555787368
50.343819648188 9.2671368882373
43.69466224161 12.15541415764
43.06027239892 13.734214840354
49.428495381682 1.7120557330176
42.47986249557 12.763485973612
41.354397540961 13.372153816103
43.237391076648 12.338504892487
43.033069187812 12.763675097753
42.650672064952 12.406386407302
43.31557238631 13.241989921446
42.574834588738 12.429215270315
42.303968304465 12.333484391392
46.123913969902 1.4972744893736
41.851442972616 12.540495761477
42.452674658735 12.882790629718
42.168790605019 12.023144979062
43.19683057733 13.183620805027
42.993682159129 12.49818852802
42.155899902434 13.06598675489
42.747555566389 12.598787145058
42.174342504339 12.166051938763
52.293988793992 0.15622199096076
42.589684758165 12.930756239209
43.295484508081 12.837332640254
43.005484445044 11.845537740686
25.387511038831 -80.54726654422
42.505987680308 12.827561803568
41.968646090018 12.312436591535
43.37448321023 12.89765331519
43.738728554819 13.307422261384
42.003109060716 12.541502942139
42.793534481357 13.613553983932
43.257524022768 9.7299993144232
46.183641794551 12.267718135688
43.687143277252 12.484507005908
42.353417900111 12.176465553335
42.703810206498 13.495873901779
43.226032767105 12.654730764544
41.911049107069 13.454394689528
43.565473624324 13.675387084354
51.74872596783 8.8043459885774
42.548573295862 12.185043074298
41.412097889212 13.374282654433
43.172321856589 12.476940007658
42.769927296236 12.557677381953
43.716117972397 12.258815826058
50.947103181364 9.0156257408744
51.044301213717 9.3757762985191
43.649482240293 13.389305947085
42.154029506817 12.133094725282
42.7220226297 11.949796684084
43.021315452208 12.15499629043
50.495208168633 8.7414162190358
51.19371518688 8.3510363671701
50.155929102169 9.038375803753
43.657281595144 13.092924592615
42.535197879458 13.560833703543
43.825723535321 12.580010554579
43.723331344206 13.405719128647
42.905568281166 13.550364854092
42.700541520373 13.422855450058
42.842937413551 13.625815139465
43.054915760225 12.885094284979
42.018687419742 12.038586005398
41.899437989082 12.767720937176
43.220745829523 13.001953525491
42.172264469889 11.867262592964
43.35502615124 12.351988910417
43.631761747262 11.958516740242
41.852204707403 12.764331598677
45.50708132028 2.7907200021626
43.434629127141 11.91320406923
46.336851560921 12.388907089333
42.48193383288 13.380793755607
52.844497276165 4.8855198934374
34.772098625152 -117.63423151721
33.562129897972 -117.38324468909
42.410767930306 13.430475766526
43.627477797061 11.858088672582
50.163964131458 8.8605866152144
42.462610637074 12.927416253357
52.5286724819 6.2142618412451
41.839595849572 12.508838033096
42.670207833273 12.427145107869
41.927129025558 13.475343708191
50.247574082225 8.5225558334601
43.050703515343 12.703232633764
42.205203009886 13.511937458328
43.330747596163 12.242639683321
48.444964798773 1.3545376844237
46.711051097936 7.9413323835197
42.423633300918 12.002980979182
36.847925998939 -123.14054566766
50.928522834055 9.2480239119604
42.120858511033 11.839542648701
42.835063958019 13.31396927189
45.607299345828 1.930376693574
43.20521342766 12.918058880588
42.102454628398 13.156949728821
47.39617602825 7.7722877076698
42.433640053719 11.992161870951
50.766619234237 9.9206641185659
43.604864741513 12.35491958838
42.613327531916 12.13820902453
50.697760119661 -1.086589288058
42.829540417471 12.844239768986
43.279947059846 12.388172112141
42.950068250296 13.411027571399
