42.183303836374 12.663944506882
42.871594774964 12.740041816041
43.790378817281 13.057238060097
43.238001889215 11.906419619895
42.598275724167 11.996247720924
43.791338177322 12.142851507379
43.350392321775 13.182539907856
42.516636969318 13.274416990727
43.440120849053 12.398658850903
41.971271868337 12.969777112368
42.433816340044 13.150905194318
41.875636310745 12.752840758673
41.336680669121 -75.096985103371
39.740440607401 -74.164191034746
43.312005871142 12.981854402473
26.374713365146 -79.554152409614
43.621400896305 13.754042541515
43.075633070954 12.274766468592
43.523463616878 12.304930325295
42.329035922128 13.791994028649
42.797873550022 13.112150697576
43.68816977075 13.188444450606
41.947292624969 13.710956466736
42.645613052738 12.995118019655
43.765284576365 13.106154970895
42.487224314144 13.368310276146
39.354373183202 -77.311935146102
42.723674301416 13.337602370131
46.242029420704 9.0295885924388
42.025523101478 12.286899443405
43.677588066423 13.623780979621
60.090342194604 17.625870920241
52.688425835775 4.8713080231665
39.599660655693 13.315681475755
43.635881814026 12.0734905494
41.580461030305 12.51319840602
43.391550751141 11.900409497761
51.295126438511 0.16508571945834
52.662551330711 -7.1178761516315
43.708568121658 13.440279365743
43.199929418622 13.149292802994
42.367106390843 13.66205767901
53.406821401281 5.8753041080783
46.551207336994 13.223471164935
51.616497769075 -0.45733346071435
42.536509453124 13.462892059939
43.435656796433 12.89266244878
43.768490838266 13.734946987024
42.198798340859 12.990111091656
45.761153936947 13.414854279288
38.2295740366 -77.258670197414
43.525663754237 11.956560807303
45.405004628191 2.8055274676557
42.256380529283 12.689653092872
40.558358903598 -105.39775749722
43.128868672612 12.440595141838
36.675506027647 -122.03725792532
42.628357616567 12.04235344943
43.463437043833 12.472487516942
38.71067206193 -78.217851683092
41.964128395081 12.310114951038
42.216162780421 12.065679356042
42.223587951748 13.481577804092
42.255442361487 12.507881055844
46.296585362543 8.8659974634023
43.471115997302 13.487228831524
43.682469237469 12.036122138184
43.494971336117 13.259125687789
42.665086056437 13.426671983894
43.055996106519 12.693031077617
42.374079254185 13.353245211951
52.465423580709 0.2211461179476
43.170937021364 12.15201463932
43.367217970738 12.103413966088
46.446339920371 8.854562217302
41.008962103787 -73.469024313498
42.228475990833 13.424043598338
43.618903083105 12.31814864807
43.708098345787 13.384240166484
42.192427656258 11.957631751431
52.036653686099 0.47759947384131
50.275597839279 9.7258270619092
61.527795743909 15.818267243364
43.171428917542 13.010174724765
41.905933815032 12.846374099558
43.654119471414 12.261680485358
51.376903961588 9.3986901260906
41.901585303688 13.671045353038
42.636647518576 12.176589208293
41.903616450703 12.754455857351
46.22363582357 1.0517378882746
42.331705014863 12.509431980343
41.945796584706 13.056755356072
42.840855359047 13.761300753712
42.732012261533 12.68912091606
43.540609499247 13.753070703614
52.811177658062 6.1943131044713
43.216169054276 13.274299008921
42.428751415447 13.22072330714
44.658143471558 8.0059896232355
46.034716004801 8.4994630139784
45.301816040325 1.1429681536476
42.875049354471 12.533420151369
42.986072304207 13.504602111666
42.064082720833 12.36562626502
42.559182343355 13.149511476138
42.800087594821 13.256200495782
42.917761783098 13.04496835968
41.893495325902 12.506053546235
52.73318379779 -7.8435774873214
25.648220242752 -80.199305459759
42.4461118055 12.182079079667
34.444446568398 -111.67836781065
41.911771815716 13.149507554804
50.650003644475 9.6760779869166
25.527820011364 -79.759009766555
43.500435143498 12.057177124127
41.990435516013 11.845707256762
45.651133110119 1.4129033560925
42.876170787924 12.339746489834
42.499363374219 12.315468047448
43.722981643289 12.114407261908
41.969075319829 12.110186589023
47.931098682774 8.2601043094229
42.619194748189 12.515903671533
42.759456443975 13.70850524388
43.249718482278 13.302905909413
41.955247526057 13.045350994957
42.270177788714 11.982746553155
45.666992798409 12.588223432721
43.581071022258 13.540675176115
46.372450496244 7.6665626488005
42.992150998692 13.242630825046
43.747141728081 13.519548643643
42.91730287809 11.928006637363
43.531754012023 13.794423077181
42.672149607314 12.532981364791
42.768877436335 -87.903677052498
25.63644614052 -80.658866670099
25.182467388988 -79.760681190226
42.828418068063 11.893857291871
43.343979301112 12.09246407316
42.001773979071 13.645197532927
43.015897611185 12.147150290288
43.762177731752 12.26608184367
43.125674575647 12.890390294108
41.981028050196 13.069782693924
41.845423994069 12.076880739593
42.763065587174 12.581970264962
40.513747709137 12.219985252747
45.352634737502 10.231968834173
42.397398242002 12.203179404721
42.993690344989 12.1954107593
43.199015707357 12.334445954943
50.176580164198 9.1496801092986
42.007570164768 12.019507119928
41.908064573981 13.181522243762
47.941204367178 7.0214726305667
42.618149644073 13.196288714763
38.170869899125 -123.15438172951
34.729129873269 -118.98829656588
51.713536854467 6.6137181356846
42.749144002234 13.257166174847
51.695653918989 8.0158011554814
51.072135819854 -0.95484366876298
43.365754653891 11.894226670703
42.056456552866 12.670022673307
59.592535686955 26.714029440523
33.198123035153 -84.852403951182
42.678411693649 13.736947710524
51.021776147663 9.7332417628417
43.411560934715 13.35397167243
25.903059995205 -80.669828312593
42.967563657562 12.934671072746
43.295529108653 13.395143204574
42.928673175151 13.232099404222
43.627896388375 13.49395340613
42.887894205718 13.687402065719
42.618481114816 12.915630341024
34.208710506469 -111.46994853834
42.061415295166 13.030518191436
43.417216012004 13.719210877905
43.261972139267 12.554542674497
43.441366014297 12.03622209238
43.437310343833 13.106074035238
42.590942981949 12.812473418125
42.201166601035 13.107172576781
45.454761584269 11.36275311785
50.515486946104 8.4569361556587
51.612921075948 6.704237503444
42.753605854604 13.397936450989
43.007793992317 11.904617256927
43.955851272263 12.322897519063
42.359728512543 13.67209891077
42.546447404936 12.616228467161
42.049968828491 13.554644175153
25.381128194902 -80.921441492398
43.431721754129 12.828836300817
43.713104742001 13.401386720802
51.77394446627 9.8216630112481
41.904516866873 13.630394660251
42.847453175994 11.920284014179
43.35450138729 12.179278783605
43.74212306728 12.606462025387
45.16778521527 1.4618198165958
46.667291303665 12.366574125235
40.765236424664 12.974138902886
45.205680321998 1.1707326956888
43.217897724948 12.713679420184
43.386381162531 12.936575810882
26.188593740646 -80.470561839669
42.815066333795 13.234727888964
43.655743072601 13.554713402223
43.586478770073 12.215328827156
42.909100781174 12.296910120799
43.413350589512 9.8217082342444
42.046596256593 13.641395946819
43.803584815398 13.663819226766
42.871601005046 13.77062575138
43.717094617319 12.241147307347
43.143209417438 13.691622699488
51.628146348115 6.157739412695
43.46303090989 13.407578810329
40.614971634729 17.114792247638
40.373464434268 -74.90549943372
45.969004101731 12.250107458398
34.422958702225 -119.21099870365
42.545005641687 13.483122242861
42.902533691352 12.629436937941
42.686623575041 13.496039762879
47.618907814668 8.0563843203971
51.448370463424 8.700172228599
43.658187323112 11.84037657589
43.454221699154 12.255358724529
42.410732284401 13.516620337759
33.705471575163 -84.099602002604
43.210755170442 13.09026864969
43.510984408462 12.857150929469
41.857129994269 12.398001588156
42.705526292674 13.625976899951
43.654795705667 12.843936596945
43.403822337486 13.174798794659
43.315833944995 12.569774579077
43.442725599039 13.668890476094
42.481990424077 -71.046114437056
41.449908526044 -74.046327558499
42.697280460383 13.155480577704
42.148158339874 12.877794528344
44.468803479252 8.5829741340307
42.715787493512 12.302614545146
42.188030846991 12.165112076891
43.405362189492 13.253395133791
50.662777429988 -1.062548768787
42.685185892848 13.131615186192
45.632981465493 2.9225209955697
42.640213853533 13.134999284139
42.407389350912 13.48623237318
51.822543127612 0.15556946585215
42.168979864202 13.608682205739
43.246801428167 13.7166581814
52.579950914755 6.3033208980008
33.878374066905 -84.365997935114
43.364957339321 12.525841162806
42.41999949164 12.822467526825
43.123469553966 12.842160942446
43.108533130565 12.744027518569
51.81895581182 -0.49397537978551
53.242580961782 5.8319803467402
42.757247485128 12.908733346012
43.813459795834 12.445350846504
43.411248374943 12.954427580815
42.199380905947 11.894807628328
42.843410452776 13.498673646033
52.482007003847 -1.0613070843608
42.377570199977 12.095079281433
43.30994469363 13.350995839292
42.597437004858 12.550662691051
42.772587214046 13.16313639386
41.89277681752 12.99458453713
43.268703297392 11.98696822302
43.308204616119 12.143884086604
41.924028610796 12.759398158083
43.829782505927 13.819197888423
46.336019077283 12.365843084599
50.972059277572 -0.10484453812932
46.750340274885 2.9827343495482
44.551640728305 8.5782938860256
46.642802332362 7.8916243900972
42.822148172589 13.058120793711
42.167738774425 11.914202864729
25.692089187752 -79.262315418969
42.756172022224 13.560423726032
43.024990628506 12.8150731399
42.447493172014 13.634430167116
44.357655850427 10.99717355114
42.966861113911 11.924438310307
43.446428938066 12.383897262825
43.508123280738 13.090796983864
43.252446423423 13.157246299182
41.992032664845 13.806692116359
26.210208849131 -79.677132160528
43.352897713146 12.432504660672
43.601826023146 13.584448942276
42.790698305627 12.607531933884
42.311605533751 13.088892464123
42.60271237262 12.372694195908
46.903174686762 7.7248178511974
43.605414084625 11.239219928598
41.844595867158 12.721362602323
42.264167315471 12.056831966202
43.5660275247 11.844518924546
47.387218577502 7.9027161024989
43.774730310226 13.130474526983
45.338466139668 7.6025455452491
27.587082076528 -81.700308617334
41.877089357433 13.188864034244
42.38453298734 13.477368093339
51.046302254566 0.48217041714684
41.850713037837 13.6343877789
42.965839001821 13.374858872229
42.181897251041 12.121861284211
48.963118944882 7.1445383728013
43.084374525645 12.684292705138
41.951445196313 -70.673277444772
42.944123026444 13.823063181186
41.949296739415 12.682867456567
41.922601221114 12.503554063173
43.274647544287 13.301316642829
42.572963862502 13.09673283116
40.80102636707 -74.97666574629
43.091380468168 13.340976088022
42.049269508614 12.555553756934
51.973435236129 9.7108326906854
42.178071134362 13.806386168511
48.303234069982 7.8015983231558
42.69102759321 12.299578156017
42.140424636279 13.726351809581
41.971325847794 12.557224443463
42.982446894994 12.532351026115
41.965974101336 13.022493879808
43.800693155944 11.24367815861
42.332904974175 12.31493358843
42.941322977183 13.210691033982
43.204446251155 13.543630802347
38.311911781381 -122.78823988145
43.185217801589 12.20198935794
43.680320630653 12.281317945256
42.478484052943 11.839166971335
42.158513223382 12.086091135224
46.613481263916 7.781440890758
40.720050476047 -74.453902222093
43.089413884624 13.164863139489
42.735170035055 13.115490839426
42.035271543306 12.969783531721
33.72196836714 -85.261805397487
43.207428656636 12.391995669546
42.795208134148 13.124601528128
41.822597845163 -82.680897582847
43.055519152014 12.535612291927
43.559002193904 13.756065153424
42.372988857524 13.421801343312
42.564594718912 13.016376912622
43.739230012421 13.668415569101
45.891914312479 12.033891276228
42.421312967067 12.12073594712
51.14308284742 9.9525085156562
43.707375605941 13.266321226168
43.653771781222 13.531562326279
43.366693197476 13.105140397861
42.028143547044 12.300535923962
43.761041390619 12.510505120529
43.089787394337 12.252640498009
43.566919318685 12.116454701015
38.851127275729 -105.39704950119
43.703643147717 12.466596991528
43.532866142959 13.257703002683
41.995908921604 12.452893651788
46.11404425889 1.5730937880339
43.658362987313 13.615271399571
42.519378558064 13.310581701042
42.488322470586 12.312547472938
42.081396937429 12.00975210781
41.986080379706 13.033675909545
50.133919793243 9.0575187313638
43.890709231373 9.1936135390954
43.233110131825 13.373407851168
41.929125311772 13.029876259656
25.464724066401 -80.304496782783
43.10835767917 12.420306312603
42.462973509686 13.396014445201
42.345504362318 12.617967474583
43.377231382962 11.992324838898
43.757138867305 12.755506680254
43.484083033413 13.241681934002
42.48284375599 13.623561542327
43.821261917644 13.52240494572
43.623680987241 13.009098453007
46.138661134983 12.230886064507
51.042539088075 8.5036966300121
43.075399740124 9.8578358846287
42.468200716429 12.796878352688
42.136779796882 12.024146990883
43.485930605107 12.15054759532
43.83664132794 11.275161366921
40.564684987316 -73.965352692206
43.709184599926 12.373967023762
51.939346782369 9.2470984562519
42.189081373268 13.829890397785
42.603745598648 12.152386626321
42.763666967772 12.950443302279
43.614097121479 12.525144739342
51.386390735808 0.061339002079958
43.492065298882 9.1009047046052
41.875645946674 13.002309194788
46.486268418602 2.6253907222419
42.729165837529 12.359965379073
42.857912233054 13.493724945252
42.032309206704 12.050399212211
51.130233888109 8.0280807004441
42.30456845758 12.932538721234
42.887550892743 12.397346576882
43.697878683798 11.847497755612
43.484635209446 12.362653569043
42.337250891785 13.192475115525
42.341775056621 12.062474986123
43.37233997994 13.387759409115
42.687081377363 13.671147088854
43.039264249189 13.408059440299
42.246730051139 12.472953808735
43.10716343911 12.678693946322
42.741367519268 13.219244592481
38.361346052371 -77.224756341957
44.090722078106 11.444543500987
34.167109359313 -118.36534190876
25.642525836176 -79.184606551088
43.50010060265 13.100127274238
36.582535602013 -78.174641570248
42.10824348645 13.037479296831
33.603066632845 -85.263521038491
45.868425144753 1.0018758839005
46.351576478384 1.7258692647917
42.865042996085 13.556505514123
43.552999993599 11.936105282037
42.745404663864 13.794304207824
42.221703139258 13.359017236346
42.906999155391 13.103477624314
33.931157345891 -85.38188602877
43.76242203955 12.360145895931
43.113521352484 12.515214403887
42.700119240556 12.64748258921
42.196574930214 13.465594216953
41.912527551389 13.526996366015
42.410372055348 12.35860114284
43.441361421014 12.524964336571
46.327944226716 1.9003736455461
47.316101266684 7.9842053740212
42.088414579226 12.123810209878
41.997556546257 12.637177845315
43.348663070888 13.607834310575
46.955309421269 1.3550211476884
43.739754862983 12.961734036918
51.396654231193 8.2768964815312
42.000831846169 12.871235609016
42.268755213038 13.102043717702
43.168213524024 12.741242778854
43.146678320222 12.797530140189
42.081637685246 13.357302298957
59.919055483266 100.51954465011
42.011533333946 13.446714706948
42.454399478854 12.776460785336
42.913499296158 12.985127522159
42.636408847608 13.13102126642
44.948976809412 12.025558418394
42.994817756135 13.215449296059
43.32772064366 13.262021860716
42.897908059854 12.038747859226
43.137502878524 11.975797571717
50.881923136479 0.79418109482349
42.616283331374 12.32611920469
42.680138450454 13.678635408042
43.237391076648 12.338504892487
43.825915583349 12.901175450043
43.622175623508 12.652894638804
42.141844470141 11.863941874313
34.882371858361 -117.75804537886
50.255239310328 8.7393666621015
42.153444596193 13.307662871831
42.285426288997 11.897192801322
42.775517928331 12.915873486065
42.996788116657 12.372038126186
41.89878684466 13.08187099133
43.300045573779 12.660433641032
43.445278947004 12.395504380316
39.349041427436 15.548601438777
47.754619759859 7.433544222933
43.451528381788 12.917600482685
43.044263748028 12.579111981962
41.901819633761 12.441304051078
42.885888490328 13.73326250621
43.276623993796 13.368546980626
46.304512052473 1.1542110690634
45.523409842361 11.199906784156
43.459093404237 12.148819216617
43.243287633773 13.770282867279
42.085686586858 12.800313124361
42.395776325111 12.841034769028
43.297197386316 13.54340712381
42.218420010648 12.930498044926
42.728210500336 12.248406715362
43.207588887425 13.506739876956
42.343435493479 12.377462150726
59.44814288963 -95.664153463516
46.960308673426 10.598691303629
42.659959221121 13.508881674872
43.334912665831 13.515446027536
43.616243421408 13.748448606484
42.509261912459 12.369600136957
50.125754674955 9.8791279778253
41.936752914443 13.066347398847
45.183609244499 1.0586059415055
43.608984000354 12.978644174069
51.456650721588 9.2864710852906
42.440408782328 12.291559289366
42.844647007477 13.595869849269
42.95317572588 12.316232680046
43.09538145463 12.678395056037
43.20534677303 11.982141806757
43.551442371959 12.496697164393
41.920445045906 13.29191243478
41.927425883232 13.530015804141
42.65852555803 13.077260011238
43.773370478218 12.421203545512
42.323868095581 12.882618386265
41.383680078871 11.973793436693
41.853583978095 12.138066901701
43.404470936139 12.425897055525
41.777291066993 -74.273675160741
42.071644024046 13.293107333751
34.029148587545 -84.015237709887
44.250382279449 12.800516015131
42.070163057705 12.037433759348
43.3700231921 13.165771087264
43.800547388776 11.844187933434
51.215742325976 9.2500145622762
43.739405369286 13.642523370072
43.788851085973 11.890870700561
43.492817820766 12.192494936398
43.519850743266 12.988573350959
51.005646855107 9.8025139615883
44.349608769219 12.712654862445
42.4160048554 13.710544420758
43.58534236142 13.133868615226
51.842348075631 0.77860441695369
42.129222742363 13.499540392097
43.293616907829 12.675443656147
50.262089768081 9.5009633360901
43.411249938633 12.008279834433
42.844464619127 12.265438913512
41.861312591427 12.571833007791
41.924551516292 12.619375551895
42.487954910627 12.721770215671
45.261851524288 7.5924838576686
42.197954183092 12.001076154432
43.354072896484 12.226558997888
41.890764437586 12.149051998367
43.64182362784 12.929851268406
42.676499717739 12.058417101905
42.607186800638 12.541430514113
43.445754382522 13.037411910986
45.038068410541 11.49488892918
42.551067471782 13.517628922389
40.616643763877 18.021298100998
51.649730775109 5.7680185898291
42.233903833795 13.131738071412
42.15035064481 12.671578421591
42.340568759658 12.027676749543
42.456602103776 12.866905435879
42.686504559466 12.21651545412
34.839612744054 -117.4822890917
43.010054973911 12.565773376548
43.141654940875 12.129348063923
33.104949751265 -112.63250018826
43.626042998708 13.786457874734
42.153985717892 11.845648894501
43.563850636347 10.907481416574
50.922582211403 8.8888963404526
42.281958853978 13.339746131741
56.31264685854 10.215078997992
51.929487578072 8.9416069681484
43.391914456821 12.047904701481
52.622620277606 4.1174283248011
42.665791667398 11.871847898195
42.106196102757 13.255977483141
43.620521423717 13.515852586162
42.603740468923 13.534487558799
42.73094996753 13.740520775218
51.823951955104 0.052102597869054
42.223663815888 13.739746883877
42.725484691644 11.157097581267
42.205941102119 11.941918774036
42.735958009856 11.929306865192
42.843823235896 12.153315784968
42.960686763751 13.643230395246
42.893130790413 12.413389721168
51.207575045157 8.4330828210493
46.477889465856 2.862239404983
42.185878847833 12.999470353147
59.054072655297 100.23091183148
50.85896443895 8.7745919487321
42.77384060054 13.501049967737
42.407502541995 11.859758315098
42.753067798353 12.971388870858
41.920081284812 13.797414020096
42.651164503161 12.011961170033
43.020535639518 11.938843421631
42.51823951889 13.684949479406
47.918101899288 8.608669045199
38.976325269952 -76.840767602321
42.526559828581 13.133147971788
43.283442289256 13.076265510228
43.69001498061 13.303153459145
42.59599092912 11.946455987166
42.152380285877 13.629327223019
43.326895678589 13.048085215545
34.257825675676 -117.5260201949
42.798950879762 12.541132348397
50.935663009498 8.5880683947299
42.030938004179 12.275610259883
43.239311345054 13.624261548589
43.787826444876 12.63990092356
42.266352418722 -82.341942388
50.79912596466 8.8496395195134
47.421359007443 7.4541449041358
43.45974290441 13.240842778369
43.510203916372 12.506929102611
43.608979472264 12.76140773008
42.99578404475 11.833890489246
50.089944724501 8.4496803504646
42.526444971828 13.323206848171
42.132156352595 13.218773021951
51.469792802571 8.1152860671819
43.020344159131 12.408865679733
42.850018697742 12.525683443793
34.607197306124 -118.80267939744
42.804601464351 12.836808451396
43.329031071334 12.021133116012
42.502534040505 12.064196611805
42.929084085847 13.33326384955
42.47990922468 12.580526140344
43.513015976436 13.526212621281
43.235611697324 11.956104101614
42.473305621426 13.559644558749
43.157687721868 13.340622549125
42.445939257038 13.154228429869
47.34964831867 12.946230119789
38.287956406962 -96.242233719324
43.013343401746 13.572336501264
50.107671558441 9.7190358167137
42.513311672732 -111.27720676991
43.006080377871 13.094665205171
43.605097560049 11.880830496981
42.998214442303 12.986560061589
43.173080656779 13.462354951309
42.325097137303 12.650503915127
53.049205944198 4.9104423980044
43.355381807033 12.393227745052
43.199381603508 12.938414266791
42.176236780929 12.417497592728
42.548628630393 12.846191873258
51.404386377616 8.2907027510417
50.009327904326 8.097021173731
50.053767145636 8.8516565644423
51.838875146508 9.8896720767439
50.406599361173 9.2093717275231
42.449462929505 12.769846765238
42.894463483216 12.984457579455
41.967266732367 13.750236112063
44.246504332471 12.147510132029
42.355685391184 13.384550112965
41.941151286469 11.833589284159
42.189809025375 13.119844335208
33.153266583215 -85.282939576117
43.830444017833 12.107094963618
43.472130194547 13.106746579591
43.26013749759 13.247450226123
42.07656601077 12.867741914891
43.221390284256 12.153519010729
40.994212020803 -74.97250395932
46.489615268302 7.8278010416905
42.881828557666 13.243583759427
42.747734906055 13.051003065471
43.78239923661 13.02039878865
42.450599008471 13.708104682506
43.609034382111 13.578094535797
43.460814222929 13.206218684209
38.626079166134 -96.652607187933
43.243113162596 12.68555188539
43.509803315883 13.436673729905
42.98519911665 13.631938724628
42.503425304102 11.970720140271
43.832929949685 13.77843175308
43.784266533251 13.103937215707
42.70273118175 12.386494211122
42.847340103654 12.057538725949
42.605218831287 11.908860051517
42.499904974618 12.023026024954
42.701205421587 11.904442660487
42.385851596336 11.831294200582
45.637503719254 1.8347465665241
42.785913201902 12.241142351314
41.846379954317 12.18599993886
41.877743580343 12.257045308734
42.329393258493 13.113355454597
42.949550618881 12.318561312912
43.800388386867 13.71849942988
43.083842303198 13.31426473258
43.566675914736 12.959056137132
42.683773208283 12.110952491945
43.004119121492 13.71084861446
42.87553575771 12.657579724073
43.519770514949 12.192008047009
42.727025608426 12.611116055705
42.868625044317 13.522640124693
42.665373310778 13.185148956361
42.620999979631 12.94971277518
43.512095091658 12.297152482133
43.700731316463 12.941587094211
39.946510015262 -73.688937028978
42.377590958226 12.880000872503
42.93598811281 13.06854405306
43.629848689621 12.392033784388
42.532032362454 11.901899019232
42.227288655132 13.371646433331
45.77895638802 1.6662036723766
42.301945646574 13.083690013121
43.365378124365 12.165879141638
42.240259890577 13.40941985578
43.330986694608 11.849939693182
43.117464161554 12.54154721442
43.31307704158 13.118213678786
43.223776694047 12.453749827807
41.991967536992 13.813279607733
42.589505692308 12.063253399501
43.365753904176 12.6700655812
42.56452062149 11.962760382336
50.661362347035 8.6580410779724
43.537087009094 13.470039604006
43.277298444404 10.505197248752
39.756054667039 16.012065146029
42.383123087896 12.492710469075
42.754078577645 12.839236093631
43.264418391655 12.864518574863
42.178378738101 12.303078715386
41.85453917454 13.716615436022
59.970518821371 100.27403191676
42.938716616008 13.68899473163
43.277454974746 12.747431352638
43.410258742727 12.318752250804
43.758386984842 12.443493094057
42.274524860233 12.092576867965
50.762950349489 9.0535316667769
43.146608883139 12.054809108423
43.092229150765 12.49752377092
43.126839781726 11.898912798587
25.505385353448 -79.178043226604
45.691960770493 1.9433423084874
53.065034959263 6.5614413757862
51.163179661223 8.5642175239344
40.366450223463 -73.95606550306
42.711483644674 13.136320320974
42.397564357353 12.678343716414
42.749397010447 11.967403439811
43.340034665254 13.577725851733
42.81875433813 12.37478302951
43.170180480562 12.203361527644
51.099176449282 9.2057872820673
42.090319759741 12.464103024224
43.826568023242 12.644306007162
43.031424273772 12.266494509909
42.454646127997 12.054395516915
42.383363739787 12.695471704817
46.917998147159 2.2002440189013
42.967151945928 13.588511021172
41.941761367483 12.619809383836
42.635561812986 13.446889168812
42.072587791743 -70.459104271621
48.155433174083 13.393628548802
42.084971103878 13.099315392852
50.585997538914 9.2818887025499
42.55798987467 13.038153013253
42.979066623852 13.201708043109
42.21050101484 13.24341094973
42.189282571075 12.23729483191
41.042598687284 -74.634900402705
51.153799377919 9.5737375945662
42.097804582279 12.574107003687
42.055975724524 12.564581895997
41.888794694531 13.177553501549
50.323730916867 8.3509779522899
41.166182262109 12.714748678408
43.424227159689 13.407275535377
42.045052701184 12.840021388552
41.879933863378 12.002742141042
41.972097029918 12.41970612922
43.173437421778 11.922472526304
26.57636635636 -79.649474981353
46.759552266337 8.438006861805
26.28215001209 -80.542180093999
43.635448282436 12.017327413458
43.625393343005 13.12977463993
42.220552946565 13.326486619828
45.252921578289 8.0214822117595
42.85244749016 12.782588622453
42.804363712598 13.822225131498
51.019499494238 9.4901379242028
42.987615183011 13.578821381379
34.039666604914 -117.58330296735
25.296549470751 -81.086308457273
44.1180944681 12.29303690446
42.444413742278 12.350734370945
50.732654538347 9.8495191199936
43.665274239942 12.244189779409
52.071782002957 5.4091205432355
42.732432560426 12.723632115763
47.503409089289 7.1541331471662
43.748154046383 12.282508765966
42.201892814714 11.949245911555
42.001418007094 12.918116847502
46.296851930018 9.1602958947491
43.252264707953 13.034641403276
43.243059339602 12.349256625117
43.206524073729 12.673873456995
43.014446773128 13.678283665666
53.238076246222 6.1824276207166
54.47086609382 -112.37757993647
43.552760589215 12.917467917764
53.641868769679 -113.69869895126
42.626333042826 12.070869667975
52.872331561694 6.3500930027105
43.214551969552 12.802287603192
43.279057760408 12.468305252732
43.081566319394 12.444099756186
38.500294940022 -78.112670584594
41.284273600639 15.849501643355
46.793587702696 7.9223961205792
44.450274594526 13.28220576147
42.014399855891 12.946622910906
46.127608235033 9.823665659725
43.571202715214 13.051287129101
46.73216861474 8.2414377598285
43.204444774077 13.305766812223
41.923063264679 12.374621145157
42.492477071722 12.303017937275
42.171486157559 13.768431140954
42.433805432859 13.160516871701
46.001187242102 8.4914925817826
40.713786236029 -73.592356691079
46.085889265773 6.9310912532201
54.443682808358 -112.70691522849
42.691253282007 12.798592987398
43.551069448048 12.271256042792
42.029802559444 13.42517084138
43.120893666598 12.25020369482
42.960067573937 12.820263572906
41.723884495051 -73.297952517337
42.829307004285 13.292084319208
43.397879173254 13.37847136167
42.685785846659 13.029211624094
47.711249048687 8.1289208909166
47.118996155038 8.5244040663933
