45.322094136559 9.4823745386127
43.496633967637 12.154891628865
43.393301533739 13.516682051384
26.148966513626 -79.648107174895
42.190159345155 13.452597502385
42.641983647219 13.222769002089
43.176232784158 12.237938040068
43.710240870135 13.482847247519
51.970184481689 8.9590030405479
42.503839201084 12.623719947724
42.269841890929 13.494263697667
43.128930413245 13.426721396144
43.421604984657 12.8043061089
40.644715074902 -74.650972973524
43.374420978324 12.924570286167
43.18754832504 12.009864177115
44.97936885752 10.382458462116
43.801558542925 12.824115700959
33.088435702694 -96.741556395814
41.89873847875 13.254236481292
49.328680885294 5.3316173410446
43.566982023237 13.034083293322
51.77619838611 9.389949700511
43.584749754346 13.303148587862
41.984642092152 11.998224081026
43.543597074034 11.981569590991
42.429590926727 11.836856986341
50.872427815046 8.2897466655307
42.877677742356 13.655330899032
43.785854552794 13.319801295812
41.66005888032 -82.114754467066
48.733418112895 2.5805684622031
43.30826932348 11.915919288509
43.216644298873 13.110122161524
42.535422025984 11.951626797671
38.04449087104 35.124642023875
42.103417259244 13.769015378698
41.759265405631 -75.350069256794
43.701843509333 12.899392842755
42.577983645547 12.035347262901
42.730895941973 12.043436642777
42.763626153957 12.823639313629
42.045209041373 13.606105778204
38.74397306272 -96.858836623774
42.286022305643 13.819002387051
42.588509625585 13.799082994389
41.837445461602 12.131602578413
43.622291683996 13.228946587664
42.585305492687 12.629492380039
50.636750497241 5.0658518712087
42.608197772714 13.536372417389
42.666262407187 12.211108553808
43.285113527593 13.541786443715
50.709694410539 9.6690623581731
43.50437030408 13.074919813834
42.90943233853 13.11637684757
42.829945838021 12.093002468412
41.001473992158 13.27317268873
42.646471125861 12.090617816493
42.119235396927 12.278275158873
41.058365573354 -74.703552327112
42.728811326797 11.852625257754
42.82924839569 11.896962193745
43.089238008081 12.272016229256
43.733970675515 12.500321319115
43.627959687111 11.846490928853
42.745519065666 13.116664347314
43.39859154096 12.042902798899
42.643256190088 12.307446057607
42.208593785415 13.349971594007
43.001725828297 13.619495099254
42.637837863845 13.41368318743
42.959123494571 13.79234391257
42.198841372153 13.714646569807
43.677808634808 13.733277388745
42.256747307396 13.238115942238
42.450885159194 12.455460445723
50.82350626859 8.2731507268144
42.404716988304 11.887193276515
42.883503392306 12.091157477413
43.077772371528 12.854333297303
26.802635077278 -80.932078559195
45.087073828625 9.4859340497693
43.817269486777 13.618957644172
43.499550298576 13.819771112811
43.307185794857 13.732961903689
45.350383598518 9.3119777325154
45.909134501575 8.2015304512351
41.887359603277 12.936875696286
42.234672113918 12.653847906133
42.015899348567 13.379662728135
43.355217652116 12.094303974015
42.816673438 12.592445450666
42.037437623871 13.700124774475
42.842556882597 12.616650845698
42.026193223927 12.292447146651
43.255384179903 12.016120703919
42.726299572164 12.337194849915
42.032859642561 12.555949418154
43.327476330741 12.757429756598
42.176231302424 11.875420088377
42.518663345167 13.251693095219
44.798200189438 8.6132926683469
45.690076570977 8.4323702984896
51.21775082183 9.6162871246302
48.751909896548 2.3885594517615
42.437367666272 12.276256670859
47.102796111769 7.7317030549663
42.47895688914 13.305050152517
42.035274209492 11.951154253909
43.65209036013 12.510233270268
45.641388851517 1.53797434342
42.446474426189 13.115062497631
45.322880391182 2.1036876594199
43.163326870747 13.324280529455
43.648532681956 13.661698140067
42.242230056453 12.353497278131
42.611696702268 12.127329790579
43.584570571608 13.614573402637
45.601401754495 9.8416828924053
42.089598332594 13.515391140506
42.622645508809 13.685475225901
42.727840481686 12.138108062178
42.411502359182 13.450998856451
43.116426845622 13.048967093739
42.931764585421 13.117748213542
41.885393247442 11.875589757189
25.945556241045 -81.044647478329
42.509144811218 13.499197589487
43.369774418145 13.680909058417
42.986446859795 12.47902935628
43.1313837367 12.086104400517
41.465504952246 -82.837929761635
53.229430921715 5.5101374437847
42.540603341342 13.369239701617
41.944903620514 12.327318816619
42.068490724132 12.195035113134
42.654067836096 12.96085652849
46.696410796929 1.7310956515051
42.384677196122 12.600690811242
42.319161912596 12.573464323123
42.308456062038 12.771406307731
42.698101663842 12.162803446971
50.593019896929 9.9531122864937
43.564432718544 9.2061509989464
43.425668841382 10.847428277553
42.471933705973 11.947812841736
42.617706758279 12.195386201255
43.453436540672 13.573586260722
42.684166030367 13.03986348402
41.798956492031 12.556815967966
29.830349008771 -95.1802456936
43.796940565036 12.278340701164
43.337603767581 12.514309164863
-37.519251261614 144.46795461179
47.183662248861 8.4788791255461
43.507219647315 13.014469220331
43.393641737028 12.14111852608
42.503354091918 13.375207229713
42.929498493194 12.514920538086
42.569335524745 11.958364398686
42.845256858454 12.264177393778
43.585837732829 12.370629108239
42.478014034463 13.414659850513
43.365689773304 13.612351341945
49.932778279752 3.8431547669895
43.730418464996 13.615457131835
43.350986090673 13.20004135242
40.016344495277 -74.594740398171
42.629744913278 12.026176205869
50.190097760498 8.2309126333477
42.339686189957 13.734942146009
43.351994882057 11.86922345353
41.960851592946 12.811023855515
43.269641194639 12.228651097172
46.218452160348 2.3890007931688
50.298721444466 8.4073106569272
42.007386413427 12.852907537901
42.921294491257 13.661684684785
