43.084020978366 13.626650841754
43.322472077966 12.306137487922
42.134704260239 12.294053245028
43.586965662722 13.573326938608
50.150337386015 9.4513957330265
42.022660659192 13.477230430358
43.255858138344 12.487668402741
45.752812789638 2.7966287028029
43.694763364149 13.125721224198
42.350808028782 12.122922227796
43.263169970973 12.921404907464
45.245239241163 1.712058989197
42.122145632825 13.778371105354
44.686701428956 8.6247489634085
45.577413108029 9.957947563081
43.146612773739 12.056589172269
42.040810270766 -72.078207148527
42.549767908452 12.67366122255
43.243419721391 13.253116405242
41.917886628752 13.814479304878
43.29231625066 13.533582140495
51.031583524789 9.0292024291256
43.355377064273 12.1055999832
40.489181198559 -75.098750750712
50.508589919893 8.2607628965102
42.430582293531 13.244902348747
42.026422638598 12.800533893702
42.153990527242 13.298675162878
51.506362017247 0.27600644815993
42.44974700338 13.058323225055
42.406450769609 13.473560281339
42.43714040028 12.258753398575
