25.821012203481 -79.232202018529
42.458849470366 12.236688714606
42.228939425794 13.518065544573
51.293562002151 8.3454381829805
42.321534914601 11.90569949986
42.908858142332 -71.995568599802
43.176727791886 12.859751696654
43.552674548979 11.986247295063
42.075505101644 12.229198331607
43.366812638665 12.381876456284
43.827348490652 13.748271253329
43.052421798044 13.297011039379
45.726513077378 2.5660116507514
43.378179647226 12.808230281739
42.538870106257 13.381260651828
42.880061938858 13.155993037485
41.884397113197 13.059725917459
52.871789532887 6.6277699334909
43.536398124686 11.991130175552
41.54126557747 12.812443008836
43.012427517705 12.999878267313
42.078717776632 13.270191344579
42.957458498423 13.590873038227
41.985061029918 13.118819461746
40.965831482765 13.838983164883
43.547802573812 13.281896073989
42.245802536742 13.053901088936
42.408631316132 13.051475734495
43.48641684583 13.485204770011
51.235312834026 8.6156178925259
43.508474184458 13.706430148218
42.103473770501 13.737659688472
42.256084269519 12.638845164647
42.128641019656 13.766000361094
43.36204394624 13.704601490754
34.043196948305 -84.971582918787
41.858801516194 13.696564499169
42.179638507415 13.712972780111
43.127139763521 13.200035757965
42.60535161926 13.442073043197
45.64323235352 10.433736093244
42.493240945292 12.986685283963
43.768008961721 13.537945099446
43.220334335354 13.083940536775
42.413207706277 12.561027987677
45.459151374807 10.40223384607
43.192852407339 12.041664612054
29.599552285037 -94.548600788227
43.143098819623 12.120425819496
43.494680118533 13.499487773769
40.592970020365 18.393739173137
42.859812691763 12.625754012107
45.158955534063 1.0643155081497
46.947338115399 1.9653651150714
42.273265976607 13.039698588236
43.307011257555 13.26536123469
42.195336515662 12.741883736005
41.356413352609 11.908416258871
43.312727698757 12.249353629674
42.068795154856 13.327188410504
43.305175401899 12.184859553925
42.754203379526 13.396635843647
42.373653087029 13.026962591834
42.759437400757 12.720248641337
51.420326619372 -0.098412429079601
42.639783047924 12.609975641898
43.289118392549 13.767252744088
50.513168206677 9.0399222742021
43.101135117536 12.316490272694
50.328662494351 9.0713720321988
42.153760794177 13.203380017657
46.532084862484 25.019215289978
43.414174753921 13.584882875732
42.348594457094 13.757235220541
43.349850160254 12.694652782166
44.33732024578 12.487516314324
43.488559766921 13.654007349023
42.802110942475 12.042887104716
42.807686356759 12.581019718026
42.563564358097 12.222541101867
42.276073192861 12.73737087044
51.430540487138 0.061147514242286
42.527271257049 12.466959182877
41.599254692087 15.086726170635
44.440859765441 9.7912592030323
50.023375581961 8.3349065963807
43.272115836301 -83.157433194389
42.833043675813 12.594741017856
41.84245000821 12.985945371925
51.215546091188 -0.15412463755311
33.421012498902 -96.296120422431
52.23097936098 -0.13681004347596
42.66199093019 12.983870175681
43.615157478331 11.959301723635
42.296433543014 12.950133425647
43.837827293455 11.037300519944
39.484050587765 15.36761362332
43.646632614868 13.73785692583
51.903629252409 0.44802624096071
52.45935746653 6.5119981196532
42.033666216339 12.684943348975
42.430998379121 12.302301731588
43.513549427296 13.190940305235
42.26709005484 13.078664865868
43.747430094421 12.793290242943
42.739164576765 12.715350115095
-35.168556579734 150.02758371885
43.354260930977 13.530431000784
42.628784593974 13.074777801577
43.745230533551 13.368721960305
43.77564431672 12.324029032313
46.002491778695 2.8073946422932
41.877958954742 13.472547231017
42.822146577233 11.960017027801
42.872321988883 12.807054396184
43.03824928174 13.225040103435
43.503491003787 12.160888528547
42.602122346706 13.010666153885
42.265420138515 13.108405260906
45.804761969419 8.2109266182458
43.498075670816 12.976084410688
41.961708797378 -83.520184089414
42.807632134693 13.477169460395
51.51353027323 8.2004317418674
46.193833910019 1.0027225380776
59.861460202775 99.282377520242
42.646685188493 13.180923922558
45.097866358744 10.303343660714
42.641110607277 12.268646452256
42.304165489203 13.525188596719
47.961617353354 8.331505836142
46.374652638275 2.2851101231226
46.041127177696 10.489579274454
43.247467228813 12.74660587208
43.736301070443 13.053974334197
43.64182362784 12.929851268406
42.335680533843 12.223489498379
43.750213404556 13.096811521864
42.72475640465 12.957053068561
42.031896290405 13.250618765734
50.764774518444 9.473779907205
42.465883502043 12.086276091696
42.456048143795 12.816163690696
41.935324023934 12.398117320818
50.2508460955 9.7129663353381
43.374658205276 11.99970027108
42.929253827769 13.224722220222
43.816506075143 13.72754670343
51.700650625257 8.1684880723099
42.369426178939 12.942100350739
43.164818613888 12.827229566347
43.195103080124 12.686374645089
42.253533292235 12.971080542084
42.787840071522 12.216993509914
43.28298576564 12.212460922663
42.236933922526 12.603803528775
43.787826444876 12.63990092356
42.967686017981 13.72464808811
41.999061481582 13.048794154587
46.855749914821 2.270824908405
43.303679024497 12.764017058913
42.921041220876 12.618659654476
42.922602536607 13.097805567618
43.399713896888 12.272870825752
51.786986764887 8.62887524703
50.676366522758 8.9311910052463
51.723607416602 8.8171968799164
41.851623026606 13.330327437434
42.136903358708 13.484982584384
42.791984412278 11.903840027726
43.292318041128 13.29637755097
42.613203456466 11.894558277884
42.940679633983 13.68026386794
42.929679393757 12.583444892722
43.597425744237 13.703869813005
-38.737377400853 144.13696832931
42.902707746694 12.303446997119
44.119431306896 9.2293252254019
42.891131013602 11.866117090877
42.634858181551 12.754928345699
42.324927433566 12.545144172195
42.866427054122 13.695011734841
39.840973944562 -8.8926658322535
52.078912464706 -0.74695218347802
42.745991030145 11.833579124826
41.914332106225 13.450418984748
43.813648455711 12.69971137156
43.461899562975 12.905933368928
42.636234582253 11.886046340191
42.315707165916 12.144776715054
42.916569183563 13.194208354335
42.620227517404 12.2570259335
26.153850188068 -80.804938764962
43.826380469776 13.810439146057
39.939236097926 -74.732653635476
43.280241937528 12.925080607166
43.619551575121 13.292202016961
42.160280273857 13.557388534119
47.339784884518 8.8606335031151
42.838234375177 11.976618820346
46.1694426854 2.7495587210867
42.613908974414 12.172450486462
42.242271056998 13.673932292368
43.032903440799 13.474151011798
41.863081931559 13.300342361604
42.44736016099 12.956697592978
43.444408839331 13.389363011548
43.784320431682 13.076763634627
41.521923426921 12.604731874168
52.176002712304 -0.6126838767541
42.377343329798 11.884695930839
38.786460075723 -104.95663728831
43.612660733824 13.180930875347
42.877426973508 13.662584464861
46.882121022736 7.5454237547449
