43.332549798013 12.826505789473
45.14171118389 1.955309301594
42.366406188538 12.184031721777
43.809652241345 13.318912663667
42.874151073824 13.083726790794
51.189645489533 -0.7523635820776
41.835901748334 13.324933043853
44.772843587388 10.060525197119
43.472302626128 13.760469265192
43.6594197277 12.580809640994
42.966735536704 12.377455818664
42.23162901135 13.168258931121
43.106099936716 12.782295869117
51.339833680233 8.5576225507807
42.228426284284 13.293701152475
43.201640696845 12.891527226631
42.840772295318 13.313727352004
45.328228912935 1.9102477724246
42.651401345942 12.235615394675
43.020067181003 13.792120036128
42.026648725882 13.345933606565
50.387313835038 8.9933776161603
42.278941506671 13.271728558613
43.423752882271 13.77543835613
42.346823515553 12.756486724504
41.916156027914 11.949367270802
42.079437851964 13.811496159461
43.598029145339 13.580518998963
42.033190990835 12.242169510241
42.514732390463 -72.09909443913
42.412402052645 12.350703427752
42.345986375302 13.311058711892
51.792998264447 9.2063244074613
42.04205604833 13.101160944973
41.475547802178 -83.693228064635
34.172840595831 -84.19517846545
30.66462352833 35.593739983087
46.718979322221 2.0701307095914
42.561796277578 12.237833398526
25.029458011963 -80.413142488806
42.508765559901 13.609221757229
42.442735324841 13.699466365736
42.729628141399 12.905943966914
42.358767125478 11.943998869503
42.329686715442 13.78849436009
42.687260899568 13.091524347261
51.517600425527 0.45331448891355
42.363239024025 13.067130005971
41.996073026348 12.443482256512
42.631049233457 12.231379074429
46.82034722195 2.7868496988839
42.317428752949 13.796034947895
43.354620380048 12.996014380381
42.500932652411 11.861398288261
42.801270938873 12.816082375991
42.065676427964 12.184034725758
43.751165374553 12.60797587766
46.262977029526 11.831205042876
42.526936333893 11.965139515703
50.687748925149 8.8810376165812
43.042494476348 12.037481755522
42.510081201119 13.528700683067
42.650868648987 12.530566714506
41.002713443399 -74.437012505587
51.52524725605 8.5605775367285
42.744558702125 12.619491771639
42.495283488902 12.694642942278
51.467889990875 9.6771494027586
41.921283762886 13.504016345623
41.561729121265 -71.008934726242
42.936998540527 12.776933217804
43.380614527234 13.194968935214
41.973883902663 12.743392138178
43.353474983665 12.798837128488
43.411502531477 12.88458275652
42.383299919976 13.488068892403
43.609748029455 13.289162192649
42.912903577535 13.218907122158
41.846613344686 12.188492870067
42.704817200894 12.163736847792
42.882664581261 12.449686771489
43.333566324962 13.543166038854
41.959252461793 13.826140896823
42.510443126576 12.121440041888
43.570710071184 13.30601000709
43.745591113246 13.20805495151
43.007192723943 12.338196747183
42.295598707321 13.370565341513
42.261554050868 12.487426441411
43.237593563871 12.956815705636
51.800642962242 5.3693626861178
42.551979503407 12.509308003147
43.026707512826 13.177192739315
42.56571087875 12.178446027554
