43.830687751312 8.0846990480715
44.09872253586 8.2176983825269
44.269284968553 8.5727968663106
44.43554958819 8.5992492866909
44.343996795965 8.7537717571057
44.294883821159 8.4998013852862
43.887924489841 8.052804801009
44.118657659191 8.5175569635665
44.197426591489 8.2816875204126
44.151477812092 8.4281566384635
44.200097586166 8.4985336489713
44.189622001762 8.3114269432875
44.268393477319 8.0941764065992
44.296264429412 8.6487097195832
44.014994105375 8.3255472131868
43.588333246435 7.9733150748644
44.164517886876 8.7519116925084
44.154345822455 8.3217888241502
44.414557444032 8.5276325688826
43.810516105273 8.3473326927038
44.04588734272 8.4142702389785
44.408995390292 8.4041746453657
44.156150986841 8.5813308848214
43.992380234034 8.1698708230024
43.808726628778 8.295415210908
44.268298150794 8.164985160632
44.056788234488 8.6856574780031
43.825379655871 7.8882339381791
44.357943419697 8.5099527649418
43.646165403347 7.9472632521728
44.322289990414 8.4827229293006
44.190910824177 8.7545275612312
43.967942427691 7.9715109330702
44.421507189968 8.2583939904386
44.336782405473 8.5719730747523
43.734518334474 8.1173490336013
44.21699709395 8.8376016078925
44.255267639437 8.288292523794
44.244314742086 8.5116794556224
44.285202850234 8.2937055692303
44.422831351505 8.5071233488908
44.410616391693 8.6298519610822
44.145582512324 8.1771587917032
44.078490300841 8.0326440055564
44.106226545205 8.498873220826
44.161903936189 8.4277385281784
44.373884055516 8.2959289038279
44.092875842677 8.3304561957649
43.8985715613 8.1775963344274
44.117288943598 8.5689882771223
43.773756794528 7.8917454887353
43.789384982779 8.2590088690207
43.982171633601 8.453810418073
44.443874749725 8.6634041332259
44.061182666296 8.2203216369614
44.442624389263 8.6378604440428
44.089022991152 8.2839484489215
44.401392395492 8.2532890805547
44.321293596491 8.4458306971475
44.399359037962 8.2863029607996
44.285374951938 8.0929854009501
44.426484044537 8.4415347962158
44.022560855712 8.0267388418674
44.051700911672 8.2187052195303
44.133449329754 8.4655327922294
44.390181734827 8.6326692509827
44.168169055541 8.5296293339597
44.00042038956 8.3372630863391
44.371877603497 8.586904472989
44.35520103381 8.228993847656
44.076647776378 8.3991159847258
44.262646023935 8.1067986910053
44.106268875048 8.1766539619451
44.341961127097 8.5917195314758
44.207848914786 8.7413963972085
44.212590098643 8.0675786712777
44.396135143843 8.2468892391035
44.099960612808 8.4234727392804
44.203963602851 8.1938648060168
43.728457328972 8.0877290429513
44.002935523497 8.4224220491352
44.400859281936 8.1704246121554
