8.5815754498269 46.506545723652
8.7251087106415 46.440849474862
8.5563320555544 46.127557582819
8.5005431866741 46.230833110973
8.4883467757554 46.510248402371
8.5003160287162 46.400823756773
8.8042919974794 46.461466304241
8.3168879879252 46.31224022634
8.7884411544508 46.150184402776
8.4025271161471 46.284735543346
8.4532811058933 46.351075521859
8.8290586129455 46.245607655095
8.8659974634023 46.296585362543
8.4974584539875 46.411249257816
8.8291122283201 46.416198499203
8.8373294457967 46.249344274983
8.6455607091289 46.291048704782
8.854562217302 46.446339920371
8.3587383501039 46.255094164195
8.4687912463531 46.230411990679
8.6567081540411 46.292453557061
8.8732258292722 46.350904341115
8.734524111049 46.336708157478
8.4373235240497 46.418153710832
8.8206946382418 46.506208529929
8.8787793479295 46.296355363585
8.4428524732789 46.277967456418
8.8712808843103 46.510181280091
8.8169005731199 46.494254313174
8.7717747945207 46.366954267687
8.5049886460905 46.449899695117
8.4199874575343 46.406600850824
8.848965991891 46.445850295988
8.8485892923775 46.154608246968
8.4842616253925 46.391966399945
8.5250541253598 46.469445822048
8.7520611191877 46.402922906169
8.5872140503895 46.245718271216
8.4725493903121 46.438199589724
8.7722294944209 46.349853159091
8.7985827121411 46.289365817858
8.69856729065 46.219789353302
8.7243536361817 46.310034736178
8.6107926506599 46.220854225671
8.7914430363064 46.317545149623
8.7342350749458 46.531776725658
8.6835337719338 46.402650829152
8.7232751557223 46.385823843992
8.5110143928374 46.421522805664
8.5593455135633 46.210170206272
8.7638861046936 46.548390744975
8.6261853459413 46.247849602859
8.7810556474264 46.246251692295
8.5078161235469 46.157770798149
8.5283258392142 46.324485779891
8.7446764841418 46.228109282082
8.6579764693314 46.386064197582
8.8199599722982 46.159665741918
8.8113805059397 46.48619863041
8.6500827491517 46.464325723455
8.6416957586267 46.362145755143
8.7673567360115 46.14166249388
8.5070047060736 46.537603883418
8.5211927255249 46.146350409904
8.8852273204295 46.411061887916
8.53143589689 46.379721164415
8.4256531365335 46.404874391577
8.6993684028738 46.433425043937
8.5047525348629 46.138859321454
8.5139545296174 46.489262503471
8.6622866211283 46.330930385057
8.7800646087039 46.209441697297
8.646069935591 46.4237936468
8.8087241044984 46.145354843931
8.8281473890567 46.353100785615
8.7843313266473 46.201476896739
8.7363757468464 46.210485716474
8.6847486471221 46.414926230635
8.7710403482295 46.349361894815
8.684352658542 46.45348256801
8.5653304404418 46.31883085953
8.7376178610524 46.174978623688
8.4545682747171 46.340904262567
8.6936608391574 46.131929581252
8.6501363332617 46.306408234549
8.533507089379 46.535428346384
8.8212605899509 46.425191456345
8.607068204138 46.451335969591
8.7923682556197 46.264713452295
8.4839013523813 46.173736179328
8.5653373601685 46.512575122766
8.7255759185975 46.222520946603
8.518495753344 46.49263361303
8.5667175816217 46.269343458241
8.8069766963865 46.44975074681
8.6969066824284 46.50794307399
8.4942316648058 46.335918438312
8.917479733153 46.404504151763
8.5825298142538 46.429384223385
8.6910095707006 46.566701071601
8.4210667826333 46.323414235061
8.385933884832 46.11981782472
8.753615131303 46.525116898902
8.4612188350694 46.165461174755
8.8461377128242 46.311159138273
8.8349660952483 46.323563628024
8.6525217285624 46.249451378502
8.3447829973371 46.228610548064
8.8373691955755 46.145467949168
8.5419483098862 46.425298046053
8.5279043602421 46.197268246579
8.598554103914 46.477043177689
8.8512452653848 46.252547090059
8.5053793278082 46.194738437047
8.4124187689332 46.186981874605
8.6586908754677 46.162399249623
8.5406241640172 46.137353224769
8.7848217572481 46.211087913912
8.4618864634362 46.200738350489
8.4809197594788 46.431649675328
8.3563447249384 46.285572067597
8.5243172952553 46.15990919397
8.7963550473291 46.233416561586
8.9264170045156 46.45240925935
8.4356473313811 46.456089933615
8.8548327843891 46.494350127009
8.7519077344596 46.208794083076
8.8409310396951 46.370788069149
8.8552752364684 46.440527984612
8.3313201551029 46.282668064995
8.3540294024624 46.239965674554
8.4107366301169 46.266231557504
8.5859492429444 46.184652994284
8.5702938211943 46.444556589911
8.5606052167996 46.334309852467
8.414990235779 46.345681524065
8.6532384674313 46.419926735794
8.5454088163308 46.365838871973
8.5604399854133 46.38872216036
8.6571361790422 46.507715093183
8.7729671376189 46.245531099914
8.331325626155 46.392309807889
8.3680630963147 46.276527394229
8.6225960937434 46.543913107153
8.5156811175918 46.325897460049
8.6845368505849 46.211436072488
8.9255196513238 46.428970458929
8.7469464027519 46.191737988147
8.7939594766097 46.166101707248
8.7062342193472 46.537324444641
8.5288831687201 46.275224940048
8.4309481367613 46.14461326655
8.6792239480089 46.325432177319
8.7350365220267 46.414040761727
8.5304234319043 46.124212965893
8.8540375287896 46.174247992772
8.7518280934318 46.144220990662
8.5991129088211 46.380179465951
8.6543876780916 46.361486871059
8.860130363314 46.47553928165
8.4839919791482 46.480201430938
8.6867687169866 46.539999903897
8.4396460617589 46.228847776271
8.7583255947396 46.260064068835
8.2960687339288 46.392384498658
8.7162900072133 46.418725296119
8.6112872073479 46.32996066957
8.6598271800484 46.276412866673
8.4111338106036 46.373647347732
8.8584921457146 46.430820309292
8.6827828565998 46.241373842695
8.6839965179954 46.402959352081
8.5695828276545 46.418927579848
8.8600505282451 46.221785658608
8.4514187269152 46.177113831126
8.37899998174 46.212572389381
8.7356339496261 46.284922486304
8.5147629792405 46.181868962563
8.5974042492907 46.512201539479
8.4944757309251 46.342566702209
8.7904213689223 46.197516484744
8.3274818385614 46.29975245255
8.8407555384751 46.42909894438
8.5941376339617 46.230668037772
8.3442462833339 46.314429430437
8.6322807607391 46.464780450084
8.7706154774738 46.166330467521
8.7563871060295 46.278797269929
8.5197552417031 46.216316122197
8.4780498326188 46.34966196462
8.7822881521575 46.426479171694
8.3920604004743 46.14916788202
8.6784778293588 46.271103031154
8.8157787861586 46.443916803873
