43.36990704919 13.668341359456
52.355941795677 -0.99334496962993
43.761402856003 12.486299081022
42.786217154391 13.370389595356
43.643422373425 12.679472561797
38.235511572127 -122.65560925379
50.034668115915 8.6754816699193
43.353672857116 13.220078547143
51.702528159228 6.5424462118151
42.914679049961 12.43213618988
43.587442256805 12.060939869893
42.831612767594 13.227230286818
42.219863293816 12.50819316439
42.44125502067 12.677809466945
45.300679495142 10.298969352385
42.694405776793 12.548214840979
42.784323519948 13.231225399895
43.432128267119 11.970543079551
42.76076773126 12.160296691677
44.76859636876 9.137574002397
42.658531949717 13.354127581417
51.427136403707 9.994208171961
42.210924988732 12.553924275841
43.677326269319 13.421597950843
42.858270169191 13.593034647702
42.735219049165 12.824075745823
41.024390326383 -73.84852146857
43.283350292746 12.327297841838
43.41180592005 12.019210631523
43.519796046226 13.428440266509
41.875120567586 13.591017205099
41.936587413299 12.623430850296
43.276004967429 13.741416650725
43.706624383457 13.508052720946
42.942637095688 12.503955120011
51.704872136332 8.776314892702
43.399647902439 12.071282051558
43.510429779326 12.853818494314
43.841894851647 13.925735522886
51.703131614115 9.7768175046783
51.408869239692 9.2904524161902
43.622541164359 13.256633229694
43.443264829222 12.849106804884
42.042175604071 13.5632819159
41.913536122981 12.651102824461
59.365064959 17.347016713441
43.631336172426 12.316167602018
43.012432391316 13.674368973691
51.119506155662 8.9223413513612
43.333433971451 12.714344528857
42.11971643016 13.406257280824
42.365219783695 12.180467384972
46.318712162587 10.755599151319
43.140014468313 12.024744166559
43.626535271607 11.97048215336
46.398213893826 2.8138208323223
41.886174214041 13.056524092845
42.631116028724 13.463201224575
43.324021816891 12.417223293084
36.625891373236 -122.93644625148
50.930178022445 9.4954469089841
42.407319644677 13.772352888164
42.415053067478 13.241081857256
42.988568654765 13.750000743566
42.367276339052 12.167240839085
30.37452080567 -95.352319037915
51.435804993583 9.0777444453341
37.582928916628 -121.56436026092
42.450395066522 12.405724560121
42.982315805753 11.99816678513
50.315998377891 8.4784288171113
41.960844584278 12.03577451272
41.978212851576 13.001016502756
42.199862765728 12.356449142751
42.852054358668 12.332055978215
45.772978764879 8.8275249303447
51.825592098676 8.3539486226411
52.391687917938 6.1000841424568
0.55904665615365 -0.39962028497812
42.611940552786 11.86315778173
48.733418112895 2.5805684622031
52.853366315597 -1.4280621966222
43.781991155738 12.392227110657
43.80411888652 12.129719282582
45.017592309002 9.3408688395497
41.853282243432 12.022254792073
41.956752893516 12.668944401999
42.756108066906 13.354860672913
42.458574304592 12.716145883669
42.73404249818 13.37495369344
43.022741456082 13.310990290416
44.828524405055 9.7380325885224
43.392231457139 13.362587123368
42.904325428861 12.130478197325
42.736242351486 12.40196505722
41.973766781864 12.01660730972
43.381859001437 13.355328089278
42.070750448441 13.284748993036
46.070885072358 11.676932594772
42.468328251742 13.300304996942
43.153148456103 13.113340752739
42.000957064352 12.83274724096
51.163503846463 -0.88802354410198
37.082691426427 -96.270252212542
42.547035343289 12.649084571141
43.214671152765 13.171960911349
42.660725422532 13.574581968421
51.782929485097 8.7477749421949
43.313611199315 13.457303764067
43.550141644941 12.684939589226
43.031888267061 12.646708472488
43.259759301462 13.202053990796
43.282682595927 12.152507107331
42.972382211135 12.611603656624
42.454565072199 12.79776458854
45.097960738834 11.436095859777
42.001839372817 12.136066988195
41.940368640695 12.773839089935
42.491651969746 12.416971578012
46.694585411202 1.0190878291703
42.436373272669 12.695793075366
43.719536901342 13.21288338595
43.093956870557 12.41906558837
44.890323968579 8.2066364477419
51.056521529824 8.7891655479507
42.804179055546 12.869037727785
42.295012096567 13.389187449326
43.469686376171 12.902303954562
45.00330851816 11.117241234436
42.104054938606 12.533894602013
42.1169252266 12.339794139557
44.812930137179 12.439193228955
42.639316006882 13.591233792545
50.081257368941 8.5248196956351
43.55525256861 12.248950750238
42.475526903067 13.474928824008
42.763794128694 12.529191680986
45.238249430707 6.8536769344046
43.780988549267 13.761939812827
42.77044652906 11.979119690612
42.314638444856 11.897183071795
42.534418776436 12.785508295442
41.690357004288 12.068395715516
42.702869183732 13.13582504456
41.876540292949 12.350971841438
50.989215523 8.173951799131
33.88299108961 -117.3856862085
42.363766780779 12.820124263347
42.967381605419 13.710245349331
42.44993391982 13.790162558125
43.724460240812 13.755523360707
50.983454130582 8.4163016273716
43.314160380214 12.198085075823
42.077046399527 12.73262685527
41.998104357646 12.795754076373
51.84737776073 8.0406195186268
43.66477789111 13.16249063155
42.052189447031 13.779738756281
42.686440873766 13.084142157868
46.247902716721 7.6248012800351
43.787484722134 11.856503057248
41.867447244894 13.329199326399
42.725891025165 13.744756980701
43.265546782553 12.302315116556
43.210936573453 12.715582298469
43.490937034849 13.003919705306
43.464044068711 11.968771000865
42.689410391606 13.79299328003
37.781650643611 -122.86172646247
42.820503101622 12.777425189886
45.316333399302 2.2652782175063
51.319880582774 0.10064856800747
43.660194102072 12.45392889739
41.844480671868 13.763268254142
50.795076366884 8.709630822162
42.52245816382 12.758737679014
41.930554273993 12.095678394726
51.074178407469 8.8797944629936
43.543050076621 13.454507852206
42.609921427749 13.651266936537
39.532800989469 -82.545928892645
42.995058963094 12.455346001545
42.794200947433 13.442718780827
45.268311026885 6.8629421914755
43.056218325673 12.282075700968
42.525435537366 13.574227467933
43.6656104432 12.14499050667
43.221449162004 12.647123976933
41.986080379706 13.033675909545
42.236403468196 13.281857453905
42.280137038941 12.670621172393
42.573028940064 12.370373540751
42.167972335691 12.191064044478
45.855271957282 1.095848033715
41.291872340542 -73.897041047541
42.597263845449 12.303377137682
43.741248395194 12.845005987161
36.899761173595 14.151675843099
42.808997149977 12.221628433683
43.065046745869 12.088901684216
45.724441028 9.7783148041825
43.362816234309 12.69726998347
42.413170873867 12.316599227656
51.962163740984 -0.94329481946923
42.607553682128 12.481650446787
42.12726467623 13.717970413977
42.56357853562 13.644561091293
47.286583406984 7.7528849042733
45.604290495256 9.3490993997986
41.860887493429 13.757722795383
42.166179679898 12.299587085538
42.092934780353 13.604092363105
51.923045817727 9.2007804309022
43.47449379811 12.054796337197
43.244076143619 12.381200851605
42.404112326656 11.937751587007
43.130115264643 13.620224487346
43.757313909848 12.569405875921
42.343370652938 13.136910056314
42.78680816704 12.741543829807
40.388560991641 -111.55478095555
42.419602422726 12.984544362887
43.299529793367 11.860714656257
42.167782999674 12.452556185656
51.121107636309 0.64786652267812
43.572495373719 12.582325602708
46.335918438312 8.4942316648058
51.062399308226 8.8713602376503
42.001592993292 12.018511591509
42.936749192878 12.316350239032
42.031762375532 12.887732977482
43.205692097661 12.320748385678
43.410592573441 12.404583567497
51.773634228983 0.83683728367409
41.920089256468 13.002018797233
42.844121767156 12.461177294378
42.908673337639 13.150895198898
43.375021585925 13.70602840127
45.244667784122 6.8745231378495
40.456618142046 -73.591386458693
43.32146892248 13.76497721477
42.965837843721 13.240379760175
51.063127943344 9.5149565951503
46.216904845655 2.2858116716546
42.856070092833 13.476115376466
43.248360920834 11.870517177002
43.37828329784 12.075043070652
43.630686041748 13.525205257149
33.216747485242 -84.676090740821
46.193599595313 1.1077249334695
43.615090789115 12.012092859045
51.287758763781 -0.17911315815947
43.185403685193 12.684642792554
47.418860803088 8.6485218660201
47.959767695963 8.8993822722227
45.903661988209 6.8437269448716
42.032372866328 13.348259311818
42.264641092769 12.417084679688
45.617110663821 8.8650169909048
43.031292745413 12.89415551207
43.067352317792 13.580521421333
44.529953363945 9.663826880636
40.688755128878 -73.175037217819
43.357639769745 12.852735603181
42.90177818199 12.324583089151
50.196317727303 8.9031082205023
43.219958936919 12.349024534409
43.472006551697 13.061701017947
42.69061374978 12.773423985028
43.739278484501 11.835203244295
40.185970051918 -75.24578660984
42.258101313516 13.022305328896
42.499081625857 12.376752024713
42.223657060074 13.089977264933
43.634436138291 12.686737238305
42.186777107991 13.737679973609
42.4518983562 12.531809262269
45.261851524288 7.5924838576686
43.005484445044 11.845537740686
50.851478626882 9.8532118349584
30.543019624046 -94.675521438068
51.524631134246 0.64924567636999
43.190054341329 12.434597057514
43.814243134977 13.140765892894
43.615092059439 12.177006804488
43.010054973911 12.565773376548
43.28612485264 12.830373075267
43.26892566649 13.445754935728
43.448394073869 13.507832348604
42.676979988684 12.953474528156
42.418517776981 12.105183073855
42.109825792329 13.790275733376
41.935324023934 12.398117320818
42.821695940041 13.559529487325
43.738261465348 13.092882860051
42.990374842675 13.129601142916
43.255906176428 11.917905765568
42.662759675974 12.339503945031
50.603836135754 8.8023895834584
42.565406512288 12.186284314949
51.099470887379 9.6807679942254
42.321402828845 11.949017114469
38.787127140626 13.851478871054
42.29459536883 12.006198620913
42.925675677122 12.436725632046
43.748969784376 12.489844177633
45.227998122188 8.2781432835028
37.363528688142 -96.701514308202
42.186533069812 12.183363413545
41.914131300971 12.964648809754
43.732865275246 12.950188576707
42.138163430702 13.334871786823
42.384232306122 12.187125559073
51.015676836258 -0.40458809515209
43.356101006922 12.225574269086
43.01321926576 13.228773296007
42.086169439429 12.966081039985
45.252607476179 8.4746976569177
42.131625958335 13.469459334162
43.671554756685 12.713401936348
45.530592472074 1.6665998667789
47.894197662312 7.6832851486668
47.514471888782 8.8871237071637
46.431724263556 2.8473716484603
48.065299924747 13.322332715088
42.262392238391 12.716857411788
8.8379691475248 -79.601380545926
43.441412711277 12.295289307526
42.300421563138 12.69398458383
42.86263297168 13.312424014955
43.021315452208 12.15499629043
25.824914573738 -80.407945300159
51.900916179596 9.1594923684185
51.650660039694 9.7270130439322
51.039982853942 9.622887315053
43.778413935482 12.574574252879
53.066855164276 -8.1757715666554
26.396492335182 -80.728823288959
42.463979167169 12.61860654534
42.21948888072 13.590812195854
42.600575920495 13.139755498238
42.258835636687 12.76469367268
43.016780333622 13.759863116222
42.449588352113 12.552318610063
42.953354565426 12.571007356335
45.893485564689 1.3634061349385
42.043683333829 12.442212731339
42.236385371667 12.563219726369
42.178798633266 13.372272405036
43.35046121869 12.810615369983
42.677391787862 12.878210305666
45.045229348196 12.461736108231
39.164057632307 15.227906918024
41.935101289293 12.374830469685
43.109724323803 12.137387705586
43.488614168267 13.687644962563
44.645110375478 11.545758503208
46.432582724831 11.909830791345
43.658301011521 12.987971849289
42.717864002922 12.815147722075
42.264173087342 12.467716000747
41.889810910884 12.456413635286
42.649124968655 11.994419924933
44.797616958803 10.488709755258
42.092819780641 13.17625219944
43.501451227603 12.44654181995
43.053677659993 12.452620765426
43.604327527643 11.97651325726
43.174462299896 13.445891861567
40.779316405815 -73.619594539936
41.977863674528 12.874531232249
42.167199318862 13.596902925354
43.278756089659 11.988211404548
45.616098461985 8.4505357145567
42.186100294921 13.678167717868
43.602910687983 12.112229180596
46.308311942643 1.2323296276072
42.741548071982 13.546496690061
43.131204533938 13.235795524102
41.89819996522 12.99779685775
39.473143725602 -111.71802028987
33.476396673294 -119.1149697717
33.156995288814 -118.72690782153
44.563403800627 7.6281593538509
42.662993759712 12.201763421412
42.112642358131 12.002504063792
43.168617672852 12.700299960443
50.07371111171 8.6344259882506
43.288818104814 12.752022622524
42.628612861351 12.376319515715
42.056105666375 11.92128767025
42.275765431263 12.96340419399
43.706076894305 12.292974115041
42.731474604819 13.691509276972
43.152847257535 12.972751778093
42.414525594311 13.355223147385
43.595167130996 13.366216428769
43.759505112564 13.63002253914
38.0291374123 -77.621700589719
42.882304477937 12.940737507765
44.203963602851 8.1938648060168
41.891171679802 13.671078548169
42.752899999636 12.710942679903
42.407268539282 13.781526024373
39.903799807167 -74.791153065708
40.750107252135 -80.430998033356
42.656499800599 12.4842511241
43.12673420467 12.862670442046
26.393578075504 -80.500842208086
42.123999023889 13.676262209528
43.694048246247 13.018318611227
43.10937493907 12.676755946931
42.227350577839 11.926945268629
43.182174162114 13.646034075735
42.403987039555 13.233823908157
38.248180602967 -76.726229769475
42.018392366852 12.247923951267
50.400220828783 9.734572461217
50.537938193436 0.2326258100209
42.033733773082 12.792633795104
42.310704288239 13.6394426295
48.167406204954 12.396466632812
42.949714868793 12.783776302742
42.282199414599 12.74820862794
42.31690291565 13.817926491081
43.355986563376 -70.241342918334
43.133861624719 12.050930068873
43.18285527836 13.127222050993
53.739153713055 -112.3305199688
41.870546341834 13.149281637834
42.128164112183 13.323264972944
