42.944654419548 12.444294939511
42.986199296094 13.569419998962
43.28549046597 13.30361690435
41.946265881877 13.221562367988
43.822815061485 13.215626043389
42.025523101478 12.286899443405
43.562874004994 12.108812481237
43.707677613829 13.019585993637
42.942637095688 12.503955120011
25.899198283843 -79.7507363592
46.178989699427 -73.997254945474
42.63449503839 12.800071626364
37.250248174344 11.984584591137
38.648611237176 13.350383629047
42.802713829022 13.096319607525
52.656336873843 6.1165587684915
43.135359603996 11.981781351393
43.715127700362 12.598316566387
42.376993673584 13.007802797972
42.258287141241 12.377106659311
41.071115757046 11.562651574219
43.5353604637 13.129883118521
51.164786867874 8.4653307928077
42.399011816571 13.585281006354
43.733750391183 13.294833039092
26.366937038643 -79.319534011144
43.500442497686 12.985711020898
42.754928763863 12.39098196171
26.019158421542 -79.517273755329
42.560710169191 13.165831722417
26.541010056392 -79.286693063508
50.25052112958 9.5422621371887
42.607650307777 13.830834269932
42.705543544027 13.545539560071
42.206526449999 13.436540562418
43.605284587317 13.359923748022
51.518657381189 0.26715290693434
50.722649541089 8.0587612879736
50.553675430619 8.1292861449203
42.8546903254 12.339810893119
43.160701715949 12.597607442943
52.15322776728 6.5338839515037
43.816616755846 13.286721511898
43.587719624225 12.629734698066
42.481717709232 12.962102338209
25.464724066401 -80.304496782783
42.427923031372 12.985482867356
43.630163497606 13.738551462434
43.453075168886 12.678124362008
43.610803865667 12.780442085502
24.890177904705 -80.073367894178
43.302611767942 13.341333008086
43.111309165208 12.666927702591
43.12267940639 13.708643761814
43.626769327406 12.000489965568
42.801270938873 12.816082375991
43.462493517672 12.259587717384
43.126086162017 12.813714664829
43.262379811754 13.499443023253
43.28671547134 13.000591580777
44.775478128563 11.834873479809
43.448913163573 11.798864528539
44.641194394481 11.613304402595
43.860691692008 11.387080540225
44.008083347093 11.857829858578
43.926497733976 10.355714166798
42.864087932538 10.276528052744
43.037199993656 13.312421250789
44.401171657767 11.294553316897
42.057477697312 12.701801729271
43.600634938407 13.626113766651
42.687864643863 12.39507470021
43.509488145613 13.636289307699
43.469984501374 12.89349118431
42.119460943697 13.008335393413
43.757194726636 13.789545609539
43.194036193769 12.675083004274
25.531074561409 -79.593356652737
42.81056886439 13.024759319178
42.840130037575 13.397884347682
43.026373208534 13.489093514408
51.920828715628 6.5165178248503
42.347292415049 12.258408638324
43.214254640164 13.671205103731
43.648063851843 13.758906659579
43.473910162467 12.98811000168
43.507582674526 12.450183307983
25.212825133082 -80.082491684553
45.674407881065 9.2064103032515
51.638289788569 8.0396848106942
42.387979811725 12.765529835043
42.584648402701 13.694578560414
42.385311390008 12.989943459646
50.929664824591 9.187154882209
50.219653499415 8.9409686694578
-37.206294188838 144.40917039931
50.97790541266 9.0604367382175
43.510022819766 12.850786443751
42.750646024382 13.176940798397
43.758740606161 12.173328326185
43.292306118336 12.263750066659
43.746009725049 13.681159708521
43.114963954855 13.615230540121
42.811879848995 13.322119676679
41.947297320698 12.382699168952
41.883434244398 13.66347000874
41.902004401175 12.662572437296
42.04719388303 12.701742475734
42.408574996262 12.645799502121
43.659358860322 12.575312074097
43.441725032165 13.291969466646
42.262989828972 13.401613852683
43.831036362739 13.334450339144
41.997196245493 12.588979951867
43.265378209907 13.764212540262
42.225552463564 12.149515695495
43.510673801208 12.995552522149
43.428284821787 13.518699296081
43.658302709788 11.960314792583
43.671613942234 13.406071060082
42.016767981957 12.946567381263
42.107562252857 12.000410115833
42.231999921741 13.163095983774
42.802642434299 12.32814007037
43.740344131731 13.798050865924
43.662332910908 11.895333410679
42.891601493087 12.056480007293
43.701264131696 13.057233962744
43.718882985769 13.248514217461
42.367584870389 12.633379704169
42.23209314946 13.640220781176
42.247325078255 13.761041183866
42.681025733112 12.377937284495
43.280825155473 12.107221696131
43.512170507366 12.226211543787
43.66710684016 12.041245899669
43.045754450881 11.919440789597
42.823871097466 12.242332878656
43.585640617474 13.087174313204
43.670442505607 13.553168797213
42.093290019845 12.42648620227
43.131262159523 13.037078240925
42.732368799754 11.911990612725
42.640323204773 13.11620962441
43.416029050695 13.527989710017
41.833537778761 12.447908392406
43.542327201267 13.059092562229
43.70064904203 12.21603540483
43.435466196146 12.637540218738
43.143874401315 13.177678242895
42.411149905276 12.710671250595
42.31047174677 12.818052224286
42.842023101583 12.541670323157
42.251315226916 13.524293571976
52.998244199668 6.1140723141674
42.481227508526 13.528605073026
43.649023126203 12.64413592624
41.996024101992 12.061715287672
43.572800507591 12.850710969835
42.793704922702 12.514262177776
43.106372001651 12.171884283524
43.037240166255 13.077404361741
43.651053240847 13.16208897075
42.452185619388 13.394049735479
42.677281128113 13.518184647692
43.2263846706 12.627466456812
43.197843323109 13.799852910845
27.841668888705 -81.887725750054
43.49705490728 13.542216055834
44.87520518688 11.084885621737
42.63763984278 12.203122295555
42.499265133657 12.788303483666
43.744467391535 12.028909645543
43.054387012543 11.914573152996
43.183389821662 13.379600718815
42.397341814098 12.717087792122
42.338680170189 13.419362311933
42.496231873306 12.815486840373
42.801796570349 12.698271559898
42.593269693031 12.104727070848
42.683576913424 12.671738621647
43.732193367918 11.906301079295
41.884507686798 11.912357618081
42.654308660282 12.577486320223
46.540241849395 1.0720320195295
43.045103613795 12.287492543614
