41.948765423146 13.679239379114
41.980307789997 13.74897977188
41.992156906071 13.735588790747
41.997319050619 13.669055356045
41.944611933543 13.689009545713
42.03451493945 13.709768941512
41.984418472289 13.744998030267
41.947292624969 13.710956466736
41.955389277544 13.758800121864
41.961925407875 13.716118003131
41.947049814273 13.722903534196
41.973688240172 13.7341054337
41.962991887242 13.691436481074
41.954320656601 13.725769314343
42.021660191969 13.705064777169
41.957278986463 13.761518364216
41.977149049762 13.683416201607
41.986841821127 13.678646602539
41.999218611533 13.726789853429
42.010300329447 13.699814106685
41.963223210074 13.716722905525
42.039873805402 13.715407697372
42.008759479529 13.663890436622
41.96197393956 13.716299934202
42.017008067603 13.693756527611
41.975596113606 13.710783787424
42.017836940038 13.746239573132
42.002333716511 13.672329167238
42.038323230615 13.714651609193
41.986387543861 13.762483032796
42.038680136243 13.70846706757
41.977259431045 13.703039169194
41.982034592902 13.668426443224
41.941046353889 13.689728685066
41.974354670392 13.691679917619
41.937123804811 13.717309341655
42.028323119075 13.711898003126
42.006843325706 13.692160844681
41.947816147 13.694947571373
42.0107692485 13.673305090851
41.992374917975 13.768549287605
41.969591842505 13.684898095545
41.952048595528 13.743206485076
41.923302448806 13.696325846362
41.957511357499 13.6952436784
42.028730379452 13.735454812078
42.004590692953 13.690001106232
41.969603560406 13.66799726091
41.997196310685 13.66232970809
41.972744546839 13.743271577539
42.022488692807 13.724702760936
41.962819408163 13.762013557277
42.015056176139 13.721115771107
42.048897870394 13.709772058183
41.984958902015 13.72343944468
41.985130945235 13.77223207048
41.965490729087 13.718871283235
41.995051616356 13.727029536279
41.955307670403 13.756172211748
42.028731300064 13.685247653038
41.95960465586 13.719296787756
41.923553617657 13.712619397211
42.023740183128 13.684489653786
41.963172929365 13.772473240186
42.03195288129 13.726301303027
41.932646460355 13.70721280051
42.01320333409 13.74017244614
41.991863538994 13.673656773623
41.926461235141 13.739648390461
41.972881521572 13.771351477046
41.958876910621 13.736900478966
41.957053894178 13.760626584201
41.926746240804 13.694104306278
41.918429048249 13.731951983542
41.969764990273 13.726057245755
41.95388512453 13.755944041443
41.98149871548 13.776568141217
41.973121447031 13.767539744644
42.056777063339 13.720838478657
41.959422593938 13.706016062177
41.998703465352 13.772603417662
41.922535992212 13.713333455268
42.036226459351 13.699422471572
41.947824193627 13.72196845746
41.954499227926 13.746309961095
42.0379014132 13.693889943761
42.037437623871 13.700124774475
42.018673119631 13.707751076088
41.930194153439 13.713995487317
41.974066637931 13.732846932382
41.93080963752 13.694819562482
41.978892653726 13.719466667513
42.005427045771 13.71945541993
41.954667865764 13.73094727787
41.944424837357 13.730756435905
42.025062394361 13.737315667692
41.996421039124 13.689666867133
41.9283755198 13.704059589072
42.022065760133 13.736943698387
41.958003117239 13.740226240263
41.978338718425 13.73149476935
41.98488000642 13.776271176907
42.027490946964 13.736181740082
42.029047596769 13.694953712514
41.98435326667 13.718396141549
42.025286969762 13.745152286622
41.931645020366 13.717486578395
42.011060328715 13.717314679065
41.974248101478 13.772185421929
41.979054409556 13.701074952141
41.920523249528 13.704233883298
41.977579186215 13.781592689374
42.013280356796 13.732324625727
41.971149660189 13.746897404917
42.028266154729 13.729521556652
41.937520069528 13.742657575192
42.0505218958 13.729053172178
41.999115887584 13.699778659616
42.007311862452 13.658175894387
41.958240943497 13.708763457254
42.021726466746 13.720905089176
41.930862572964 13.74213902363
41.976201748951 13.715827090554
42.043733966578 13.726069097766
41.975965462635 13.751824484112
42.018158819556 13.749403584187
42.010951441273 13.7244673482
41.977760288875 13.762716989875
41.98728088617 13.671273233237
42.04487103973 13.70424285985
41.966980576521 13.694116909867
41.927178466214 13.713763183802
42.037662910802 13.718221110647
42.005759170303 13.759742493185
41.989517945812 13.691681843594
41.97363103182 13.677529974246
41.987681565356 13.718389869557
41.944360591001 13.736310972265
42.020753245366 13.67275517933
42.019405732427 13.725647924361
41.967810351873 13.694828745788
41.949738549066 13.692635858309
41.961908921603 13.679969423788
41.916584309638 13.730419391196
41.933257497837 13.742375854769
41.932532567055 13.745588008683
41.994888823498 13.680075446481
41.954674351495 13.672634019851
41.982100474661 13.702159948064
41.980678335776 13.737904940631
41.967806885956 13.730585895374
42.003274432406 13.715780410804
41.986424839139 13.769492858469
41.966087237937 13.733024404281
41.982260262141 13.693998713856
41.973409058069 13.768070999446
42.009293122708 13.67405624954
41.967805236118 13.768969286612
41.949769985394 13.708096101299
41.980367763445 13.734169237213
41.925922543728 13.730643837608
41.9380515851 13.748977414236
41.967266732367 13.750236112063
42.016892128187 13.709172836856
41.92408720775 13.71809305845
42.013804848799 13.723103028149
42.022325553031 13.673400837797
42.003027426567 13.751660860049
41.996793475022 13.766709962772
41.930338608555 13.719046655001
42.000608404188 13.700422649619
41.924132953384 13.708861450084
41.987378445003 13.71543051105
42.040053651242 13.717022196279
42.029982436018 13.745291322838
41.939189638935 13.708569346812
42.020102816664 13.682166731789
41.988523500987 13.741302134835
41.965385509194 13.734404536793
41.983399434494 13.699823526547
41.951880956067 13.741551389353
42.025572435498 13.740273516991
41.982133619039 13.747675788404
41.943730065128 13.689119497656
41.992197447939 13.661139682264
41.95104727242 13.737495439026
41.97745283927 13.666573998384
42.007068846399 13.678287532983
42.014211185304 13.717631513142
41.945146851237 13.680249210785
42.001084669049 13.665305675338
42.020637436801 13.726053020345
42.010424039352 13.713327052425
42.019516163536 13.67072756063
41.989898609014 13.759084025772
41.98297182891 13.693768480671
41.980355794088 13.781475669158
42.022843353948 13.730657069374
41.990660682803 13.775738420347
41.971327099025 13.667338815849
41.962146234236 13.734686962692
41.977862549491 13.669827386138
41.988148455989 13.670486005356
41.979886397265 13.76575531988
42.01797033244 13.694523658017
42.019680683997 13.712487639281
41.938408972222 13.732719932579
41.956690432505 13.687330393462
42.039809112942 13.734163274886
42.009042870744 13.659857844796
41.96132757841 13.743132056104
42.018338424649 13.756054553111
41.956507563126 13.760574308134
42.03130904449 13.686783900825
41.976390069826 13.729697383835
41.936274034894 13.686144797006
41.975127983848 13.78074190059
41.95042880764 13.730053268268
41.976153854291 13.771950979632
41.999835830203 13.7293530953
42.030883102713 13.696211819417
41.94757744297 13.67514100425
41.959765360227 13.713230699654
41.947807501998 13.693984449254
42.042308687739 13.721119539703
