-119.19612074309 34.216801443418
-118.58978638863 34.078371478935
-119.19956358914 34.084428383912
-118.77179602645 34.054658042937
-119.07617487931 33.998722988825
-119.16057788893 33.420071969782
-118.64802170659 33.772531990976
-119.05266410563 34.142365169026
-118.92623699808 33.220644298292
-119.00394833303 33.736925974079
-118.70869334145 33.668643778352
-119.00496049837 33.409655817853
-118.73692576604 34.017049654109
-118.84272006129 34.003890985804
-119.12668351538 34.123602718352
-118.85875685908 34.1524144842
-119.06273732087 33.8682385796
-118.9363475086 34.204282250064
-119.24897069012 34.137304255516
-118.95415704212 33.275095748557
-118.76465572536 33.674915222022
-118.71365108085 33.856147196265
-118.53912881958 34.133672304143
-119.2150412271 33.496559632421
-118.58012307677 34.011707537061
-118.68794223549 34.191124936843
-119.17631474919 34.078581251886
-119.00912650518 33.901391449052
-119.21561857395 34.152477352621
-119.22523283253 34.256054436621
-119.09538539393 34.084231551955
-118.92290637757 33.155485458125
-118.58981515106 33.981536412233
-118.66467965501 33.676170188496
-118.7814359434 33.517975942187
-118.94874009703 33.45561666919
-119.23133330466 33.431481818112
-119.26519856453 33.308643771325
-118.48753818918 34.05190842446
-118.81352907869 33.56928979434
-118.96105131115 33.616801860278
-119.17563553278 33.461377349184
-119.0094753246 33.067389274227
-119.28410457998 33.84549717536
-118.57371091534 34.142153881279
-119.14177704308 33.745071987814
-119.25004646409 33.967435255811
-118.71650818518 33.957727164655
-119.35198406637 33.778276967093
-118.80900906648 33.65665647263
-119.29809363132 33.460072656222
-118.69430237837 34.129326365196
-119.16257398845 33.743486413792
-119.13019868394 34.055412896183
-119.06701144887 33.071803143926
-118.70487006251 33.865169240415
-119.23503590974 33.674647511477
-118.8748843765 34.135143367948
-119.02558038205 33.745468563626
-118.74422795668 33.832910766927
-119.12774014038 34.054530713113
-119.23564249131 34.234649180723
-118.741560051 34.217523851721
-118.63439647361 33.748618044496
-119.04142185657 33.069632716689
-118.62289379543 34.100623709979
-119.09455654707 34.064580591737
-119.07421916383 34.10539636551
-118.95069658876 34.105282840082
-118.70596452579 33.723742142042
-118.84013886073 34.106417838247
-119.18446678799 33.856333525498
-118.56014279712 34.171430202003
-118.74837503175 33.789619952659
-118.94836709116 34.012157401721
-119.14364798697 34.09692605863
-119.33669830434 33.22979376181
-118.63729193237 33.989056101408
-118.64653604257 34.185358081279
-119.25455250442 33.060471178372
-118.72511872615 33.808593448474
-119.03638470576 33.659050581066
-119.24842096999 33.567343596813
-118.70751064455 33.93998873693
-118.64884653374 34.148544611658
-119.38614684247 33.548243945566
-119.08802431389 34.228334556154
-119.03825338538 33.129727654066
-118.87507553049 33.841766968941
-118.79011381856 33.833899444537
-118.8999292201 33.972294380123
-119.03013041366 34.036758381604
-118.98856562168 33.050185842775
-118.84614241191 34.116825737759
-119.142585575 33.684872223563
-119.1631752517 33.694372949693
-119.13491235615 33.168878349734
-118.98134292923 33.393795652678
-118.87192603969 33.639515992265
-118.86500578303 33.853363053984
-118.85960180148 34.186804414062
-118.63441230089 33.869496694885
-119.21100654864 33.542794030126
-118.65534004442 33.648444184118
-118.88713944727 34.016802453157
-118.96991354161 33.714916063519
-118.79075376289 33.652669877763
-118.63356972358 33.952004196279
-118.95265828845 33.64411292925
-119.05440180547 33.636508028964
-119.1149697717 33.476396673294
-119.14407959616 33.65528822273
-119.09553037012 34.156561535104
-119.02483402921 33.937250852735
-118.77160209249 33.609231774693
-119.15726438434 33.681582795487
-118.81319323994 33.898833537141
-118.95847636023 33.592180637632
-118.86056114476 34.009492340216
-119.22260486886 34.235764616458
-118.84627504343 33.830892433979
-118.82372004047 33.575575728417
-119.06783618065 34.093876457065
-119.24687652051 34.050000192334
-119.01467057906 33.420503104015
-119.05136407291 34.064709742297
-118.69371965682 33.738130643556
-119.24407270451 33.227383985004
-118.64474427852 33.841694397026
-118.99157906771 33.406902638167
-118.84009052043 33.345902756197
-119.07487143655 34.150395826686
-118.96544506707 33.869068139351
-119.14870291006 33.250656583642
-119.02279804072 33.476501026126
-118.58107450754 33.876632923848
-118.78678073753 34.21775314659
-118.97698262591 33.84037665348
-119.06649263121 33.507321255298
-118.89192291885 33.608108022713
-119.24277748208 33.214284246135
-118.85429330984 33.295567273479
-119.20976302392 34.156347962814
-119.02590035533 33.310520118899
