42.391913575324 12.617662343505
46.234821960251 10.134115855363
40.828921293595 16.298782936066
43.735422263285 11.883316364572
42.287923820472 12.944177835709
43.280227755348 13.810204918895
43.303683408698 12.335741691003
46.840701233056 1.8579645901257
41.934199896166 12.126801462924
42.769259810827 13.215976066543
41.833343360516 12.105980739068
42.125062449449 12.390204669645
43.772291377567 12.646094899946
43.024921240318 13.405715646898
43.709074133362 10.427500884271
43.186231907099 13.171184125923
42.147333521951 13.525790120275
43.777358110446 13.651936940708
42.504250084771 13.570907319251
42.633917615134 12.022009583221
26.513832503686 -79.254318525011
51.560838878649 5.1451853767015
41.887025592817 13.624630602854
45.897650950075 1.6375122068625
42.110377458462 13.761889253187
43.758444778064 13.377993354305
42.362533664174 13.441646903305
49.441630149455 1.9147756739159
42.174679745557 13.203619017382
44.432493981338 7.2862478498095
42.229142358654 13.007681693441
42.22852711532 12.644778851741
42.191699711251 12.510316946802
47.998072243295 7.5553375713319
43.14905548291 12.175157904262
34.650997778883 -117.33810718495
47.343815204848 7.4007113503296
43.521867727659 13.157185975091
42.866239159327 12.60064182088
42.754622522648 12.827685184718
52.476609056339 0.23500034870813
42.960010900165 12.758307325097
43.143464792608 12.81043055414
41.863802465102 13.408463643609
42.052120232534 13.161954992082
41.861307317347 12.77484449829
43.075512113106 11.872925596739
43.017301387648 12.041005147195
43.557150617988 12.27834556034
51.666676188198 8.7363332406321
53.25071679533 -8.1893999516915
41.836794252918 12.79639588615
42.844535801974 13.793607803452
41.941873465193 13.218126488041
42.202066165045 12.127024603622
40.803515912094 -74.623718718489
40.390284707315 -104.95229621823
51.512187968014 6.4504707877992
41.875120567586 13.591017205099
44.17070001021 11.264837004163
40.04798682847 -112.09941896415
45.597423074114 1.6186602458445
42.214266669126 13.111251581999
43.759323695118 11.974997945139
43.438340652028 11.996614039429
44.663779786303 9.5912600179418
51.701808500198 5.0936412030569
42.850471585475 11.950606832744
42.47171532573 11.93438291735
42.660691532635 12.034872548226
42.027908625115 12.670257789882
42.239723928405 13.45743899583
42.9092002576 12.998144174946
42.74100742386 12.407322085208
25.895383708579 -79.653168034854
41.843867382449 12.821751339765
42.61259817284 12.765217964128
51.000090350397 8.2491177340267
42.651223013036 12.603503570728
42.276419371051 12.507529957943
43.465150886453 12.351653788889
41.968815888285 13.54663267247
42.18294764181 12.515962459874
43.384069039686 12.206450892729
38.326580926043 15.952718182328
41.847493925548 13.179981393844
43.190397270133 12.535123633025
42.357046842297 12.524017333318
42.237404340544 12.05045257746
51.685831093083 8.2094212594486
43.337194477852 12.732433083829
43.464449453871 12.695000662347
43.332303466917 12.26413121927
42.709718293862 12.620086070926
46.130422657391 9.063317563575
43.368954856142 11.966671761596
43.535479357736 11.914034803845
42.809737280409 12.916816631314
42.108107398335 12.105149227264
46.745155297567 2.2238348909765
43.668230670371 12.822576665258
43.127319192128 13.340563082781
51.169442098201 8.1195921274459
42.94217972969 12.07794030389
42.867188374471 12.816383875376
50.157719845491 8.6274052512028
51.759951996971 8.4275979457552
42.047237437727 12.825680870503
43.607960474516 13.262616553953
45.811574914195 11.280507282857
43.408091461497 13.042734036729
43.122879753899 12.921227842088
42.117988466361 12.256083549606
52.773730035533 4.8040167768737
42.424932894981 13.506815148309
45.258105079298 1.5428550306442
43.680793397932 12.226527714297
39.929891276292 -75.154274907166
51.756189928509 5.9030197170344
43.495873772791 13.283337923385
42.54798665391 13.313210839107
43.828951402974 13.805675728177
43.207892586595 13.005251180404
42.735714760041 13.789374421274
42.280346049613 13.654384131869
43.760223888236 12.966751016682
42.23222239375 13.327121645386
43.461125020173 13.735234653941
42.540367645484 12.05127827036
42.956100659911 13.819066006627
43.791212676948 11.892133972113
52.363908270776 5.6506747398063
51.722558949246 6.1444641302314
50.930178022445 9.4954469089841
34.002223351219 -118.17250144519
34.576211978198 -118.00841965928
43.506284751255 13.017196677189
43.381045629003 13.77462726823
41.737091119884 12.008247198818
43.217292868189 12.889145658321
43.422619604723 12.918123273162
43.379770728492 12.731409160316
43.664599262508 13.003883336694
45.171395780598 1.8021003146666
41.921413484945 12.433453425057
42.870720110329 13.816030806797
42.88552879958 12.66703291969
50.115707548855 8.6739213297488
44.936563632163 13.478087110044
50.531512511443 -0.61348940372629
38.648708722439 16.891244894937
42.590465582738 13.315295472909
42.221113958986 12.46344568185
42.515023061801 12.464524897984
43.18777540011 13.743745956472
42.837326651384 12.480877633451
42.700442497267 -82.699272988431
51.415205858608 0.073350934294686
42.238892415205 13.355752510205
42.55565317981 12.166015544539
51.643346308564 9.704977474038
50.664224410739 8.8153491913412
50.315998377891 8.4784288171113
43.475518760514 13.121907704588
42.560851198438 12.894390259376
33.072923660957 -118.73970485309
43.7690322063 13.80514868109
43.034515694752 13.311123426704
43.389247247686 12.612377671365
42.750747854261 11.91009477291
42.722446123961 12.596610122193
42.366884260165 12.585766691543
43.319401462266 12.24031897601
30.660467103728 -96.126276552479
42.46963732667 12.632465470432
42.935016592024 12.17390373825
42.693215835718 12.64668734497
42.684831884098 12.825380310822
43.699703781281 13.685203561434
43.535085328193 12.50730348311
42.040284409228 12.368954361609
42.392646460066 13.248766229159
40.688764818563 -73.439222681384
42.269715289732 12.467722667154
43.148680033252 13.255920328806
43.051517460075 13.204009815235
43.821858179694 11.873375891204
50.544885015835 8.5242292208244
42.95792250056 13.709877050368
43.558801426833 12.638666043842
41.621071615334 -83.336767088986
42.529554994579 12.794434043504
43.164702411373 12.161496176481
43.776230233638 12.296711257818
52.672322701233 -114.03583391385
41.57884620972 -88.279375279075
43.456591340947 13.56679721112
43.569358198724 13.796344665737
42.887244281793 13.264952860451
41.980062572297 11.986846248634
33.142503307548 -84.60602114007
43.48165182887 12.53375546894
40.007776204652 -74.182649273176
43.654307886352 12.961682426281
42.781114535791 11.836673099027
42.639734757917 11.878269619273
42.667051239271 12.916225770005
43.032420803363 12.322196701713
42.551309175136 13.302542059379
42.22115943407 13.617377620965
42.249137116733 11.925929446226
43.414181297859 12.581180348353
51.369746006033 0.24899795704475
46.074670101551 2.5283948469574
41.06760702113 13.455331140687
35.843717175567 -79.502550834199
41.910283765269 13.569937483694
39.916734696013 -74.444627168461
42.790341209078 12.670854253562
42.996547891778 13.711952365356
33.689124270237 -84.712703089934
42.144289504825 12.645087129292
42.037894566116 11.841073199122
43.729808161862 12.580887912133
43.387335752338 12.929984504811
41.929196130472 13.499979870648
42.117380062659 13.397623658386
42.597206386105 13.20551521203
42.843685729377 13.325210055043
37.082691426427 -96.270252212542
41.33349383 12.052461316645
43.743734618551 12.260011918519
46.073426962587 11.98486605023
50.738371104811 9.3139689738462
43.549045278502 12.067939715978
42.228903629013 13.222453474192
43.351823208573 12.379427042056
43.514968513306 12.864946231204
41.943717552344 13.241024692676
43.105303538102 12.987518916387
42.501513607589 13.644442161401
42.289234745006 13.209912863679
42.265436714194 12.777301483239
42.093050208007 12.5178947768
43.627469748572 12.357218939067
43.328381010971 13.682445752773
43.204492077348 12.35770024052
42.264900612324 13.39865409976
41.929727478872 11.938234346911
43.048741431485 12.836901245118
43.580241885793 13.01123234446
40.54941182764 -73.653535293385
42.899800209303 12.651918443244
44.436464348967 9.1542545413618
46.225732538023 1.1145771793623
50.041762804166 9.4941852122984
47.577790120886 8.2669027020535
43.741170051408 12.002146795414
33.820201381531 -84.061711839802
42.915031303167 12.619992986631
50.787091309571 8.6568651989367
42.138745548289 13.524367472422
42.611824951441 13.322424335576
42.995959343408 12.302006206171
41.9843992456 11.857867326542
50.244929259757 9.3627521537071
42.528418634354 12.156961452776
41.857396607224 -111.72951407262
37.529794867908 -123.31750437649
42.789567193871 12.532469504782
43.473188885263 12.636216380951
50.746568032422 9.1460516676987
43.609026724777 13.570706309572
43.555662708171 11.974363469993
42.564639328797 13.82781058544
43.269842251351 12.684015674856
41.650457481365 12.395772196348
42.043375345454 12.349134841186
41.957332549618 12.170700591624
43.022781403767 13.543221728219
45.769363622609 11.818084156056
42.703635196085 13.605867324234
42.254656576225 13.046236799607
43.39859154096 12.042902798899
26.319204621614 -79.70496718739
46.937265402608 2.9808390899472
42.992378648854 11.887790684557
43.599089698235 13.523770822943
41.849113552316 11.961390691812
43.449992524691 12.364911376224
42.471779035645 12.408405512783
42.4116654482 12.826680312805
42.1238281709 12.249716910205
45.167112291799 12.263254236017
17.483018451458 -63.705537939822
43.175162076121 12.909326309783
43.126601868855 13.270195823775
42.446946348293 11.865242253482
42.341894296178 12.286195865987
43.583040979052 12.090074566256
50.396599992829 9.2723082449624
43.262335947392 12.76372448672
43.059034157127 13.075612194427
53.057381411971 10.315453443823
43.744288501232 12.11175387686
42.930461808562 12.900162382492
26.708932767004 -79.793706002359
42.651263194949 11.999242444543
53.298984321206 5.6701445043646
43.041406692977 13.750629172565
43.267752392363 12.121859340075
43.466243147157 12.929268279567
47.419460060736 7.8980678459155
43.117810236832 13.825360693443
42.096573046475 13.475408592504
41.888856144591 13.056416764903
42.8861163519 12.679003186395
50.508959409785 -0.62009688687049
42.726832791125 12.496104038573
42.033190990835 12.242169510241
43.611938872215 13.143280373043
43.730839449808 13.405130266422
51.298928232304 0.51672634873853
42.325576638044 12.74171069627
42.766828370193 13.014472058071
42.3056399917 13.065166905108
43.128057802177 12.268760269654
43.774031435987 12.21086428792
42.571733459652 13.448209875027
43.759620263616 12.714636477996
42.026785035651 13.209974974513
51.159739394281 9.1746171797508
50.893839549224 8.2330456544799
42.689225908245 13.776210898916
42.255673097587 12.744981571003
43.664598234328 13.568447116582
43.258867917724 13.358781121394
45.707940230709 11.979812694213
43.609027345969 13.042115692556
41.978471449587 13.463438017531
43.560376115891 13.711536861843
42.424413409768 12.444861369436
43.190446298213 13.350576596519
43.254366597766 12.882779535338
43.624440322942 13.550249776615
41.898854849368 13.434828351475
42.141671884892 12.802749101467
42.534418776436 12.785508295442
41.83691146778 13.572786080473
43.655575328833 12.574696046123
42.331826998562 11.885338387885
42.496827611021 13.691843445756
43.304750179569 11.968404791324
42.365629205206 12.623785348455
46.169314662539 2.4600778848213
41.588829477637 -74.797268614424
41.670673862702 -82.720082902538
42.958112623544 13.74724687114
43.739869923696 13.765344120008
42.383174000507 13.621360685987
52.878699385272 5.5992201919897
43.496748618568 12.104535111761
43.180827773281 13.125361908307
44.105617141421 10.153353763161
42.921099326092 13.333144849808
43.518847675325 12.544407775434
42.207407851821 13.237294329927
42.872318097077 11.395983511187
41.968167475897 12.66917843498
43.175164458444 12.809949549779
45.268738235032 8.3481896527801
41.901043936119 12.056890741038
43.405071481341 13.396097448394
43.699123559401 13.365034777862
42.158758965416 12.128414563915
44.735291900549 9.6048074168641
43.266132997494 13.575787069565
49.805966233395 6.8805516077371
46.826083068655 7.5129801246864
51.226333392889 8.4865535602377
43.280599490425 13.76879066779
43.32230226992 13.790638225077
42.35841771234 13.285774448575
42.587326749522 13.009288782279
42.325151424562 12.457383433591
43.116915926413 13.267089344241
43.474864937142 12.464579411554
42.848887855603 12.440366538002
42.9826268647 13.121686121061
43.726735395739 11.956575045363
44.517692382712 10.161911632289
42.727388834475 11.979699064523
42.758320218326 12.335042938767
42.440652180689 13.362405006498
42.265783807873 13.515847939793
55.753485335388 10.268431502519
50.815487291578 9.2551788209263
44.515742514243 10.947442308558
41.862139091784 13.200742839019
43.763489383184 13.465270419843
43.341531309945 12.007026249101
43.783240863508 13.787932984453
42.507652022668 12.349978124907
42.375620194441 12.870837982239
42.032859642561 12.555949418154
43.700791260109 13.537979187715
42.135663542515 12.872846942357
43.372000293535 13.385904825493
43.796976385565 11.865525576244
42.831443283649 13.246754026176
42.628127978031 11.839819587714
42.255127820792 13.120013796801
51.375551940117 8.2030674210764
41.959892836867 11.949024644678
43.281007282588 12.961387918334
42.142510440754 13.588029506911
42.353058554883 13.622791070336
42.916220822354 11.891701548331
41.919429347368 12.677340843586
43.130793111946 13.706139697577
42.121389843601 12.138872069392
30.227877565366 -81.196364615796
43.506341793831 13.133168638767
43.640616820047 13.598099438773
42.80114079865 12.424278852748
41.851186728057 12.794898551814
42.834489019532 13.421544760683
42.41954161714 12.609217690609
42.54553559124 12.851023607373
26.160577077476 -79.733590691967
43.736466110582 11.858214176681
28.291482833718 -81.417267286217
42.71221490845 13.21918942
43.209742887996 13.354135746322
43.733510235221 13.179816175823
42.886007128251 13.010161105103
42.034938170612 13.381805804291
45.461088922555 1.2099032295914
42.427967221349 12.168772463111
42.830127644295 11.865476052235
42.416739658202 12.560376368279
43.385666144281 12.688340139451
41.246019502902 -73.626697944435
42.652709743799 12.245841901885
43.489874511117 8.1980993039199
50.763487869298 8.988388812164
43.279229312355 12.289464369572
42.249534921858 13.639015609717
42.567497118661 12.924322050051
42.073769256994 13.587187372908
46.349361894815 8.7710403482295
41.902232471363 11.845835832828
43.081337791461 11.929008896451
46.744723109875 2.8980546080964
42.089441565394 12.297141521863
42.288380853056 13.551248962337
42.674884111956 12.412445632488
43.000610435403 11.932590769128
42.782230439981 12.150650348605
42.403694508806 12.930024385906
34.679814645585 -118.76869747899
42.382338960854 12.01125619144
42.842261255201 12.039142475503
43.708925396089 13.624392116754
43.622134294672 13.640394290763
42.333259542649 13.533640560498
43.573559241657 13.445040012472
42.348299794548 13.633429817706
42.072005771621 12.109598320515
39.718735385074 -74.500000854302
42.105778683513 12.805793194496
43.676262651906 13.828162356686
45.659789177472 12.399625945859
43.312002066689 12.348474727195
43.171722181405 10.609591965708
42.599209781571 12.093963818224
42.66045255014 12.395081805736
42.035591254048 13.475464047641
43.035876438991 12.878728471661
43.756124277041 13.273682378847
41.929145835328 12.033198362253
47.499076585518 8.7642008088362
41.172612454962 11.579268658149
42.773297788956 12.328205094381
42.797652653345 12.955787747633
46.442949989551 7.5930196100813
43.136424177411 13.325333300685
42.50050941787 12.281245075318
42.966983095748 12.074683055337
41.856778006955 12.693935414655
42.318033150101 13.560056923705
42.589319539319 -83.151296393292
42.704423364135 13.639487540202
42.066423937497 -83.240850528556
42.022188127538 12.692700139125
41.868435169996 12.940150827628
42.277990300359 13.511568604296
42.634553871434 12.678838998416
43.183389102681 12.381344174233
43.703472984838 12.268215843622
43.131550517015 12.774978620382
42.15117960153 12.427435029984
42.302131102116 13.524019707259
31.967067838326 -97.449295753515
42.40869570824 12.792006490676
42.35605642561 -83.381005686449
43.496389935977 12.058919207707
42.751105238123 12.005587737565
50.968662889427 -0.74208181577365
42.273326627593 13.637406305262
43.707621490933 11.975854385188
51.247833752422 -0.7041084816745
42.44772893353 12.825079989093
43.334441058514 12.545313938796
43.021193728813 13.665320874057
42.488541604268 12.154118612967
42.078947697358 13.355757868104
42.379309514854 11.92690878898
42.234303118325 13.134530196516
43.655137378117 12.854457611171
43.248112179941 12.016196247684
42.899262295079 13.560254520553
43.681623412169 12.918245767226
43.491510908835 12.465639478765
43.139057218649 12.361998734254
46.015881309293 2.7970300395028
42.149890978911 13.234142401386
42.31291779613 12.220037843224
42.895816969658 12.262503374977
44.043971300167 11.555013829772
43.501049003986 14.229541158338
42.582244881255 13.013448640266
43.66019857354 11.000172503712
45.440723344679 9.7284058258303
42.059510347016 13.733454722342
45.275464119518 1.7513919583295
42.080321418646 12.57352715061
42.386153067197 12.650271855619
46.8107134671 7.4867360002765
43.046232068954 12.635511471276
42.243714060769 11.842086031049
42.991186598798 12.523960680966
43.360754447713 12.379555437912
42.813243026314 13.469571583678
42.000228772427 12.389780269673
44.32963140392 10.958796392062
41.930751928329 15.545232394752
43.124533756715 13.778596232563
42.387338253871 13.1156175901
47.798325930723 -122.78350294257
43.759754429015 13.356407754776
43.448460018492 13.231700243092
44.696015054358 8.5124255730363
37.252402269316 -121.54988109874
43.608017458885 12.730235002365
43.591131283267 12.392583977169
41.845306516574 12.59215019347
42.31367542332 12.149044469555
43.456599607832 11.90944988325
43.20640067116 11.845420336765
42.665075484528 11.937523801803
45.671782621519 11.73734142321
45.639190147929 2.8055454817626
43.096683334625 12.802589188725
42.142786027485 13.157326194552
43.680011313746 12.651705407862
42.860997730357 12.554060087353
42.282135777793 11.925618770984
43.499202133875 12.757192193438
46.580765197908 11.914695415208
42.439456788583 13.045280506411
43.426302140798 12.453811973566
42.54882111428 12.912236166632
45.000821341295 1.5868693150519
46.65565318831 2.6256247133136
52.77421410022 5.9890515954416
42.528355429216 12.269901204535
42.756651636121 12.1610655739
51.956557493171 8.9337107995216
41.941150743042 13.337609478916
42.56595364288 13.629985719302
43.703869437216 13.382764544537
42.850188933264 13.462430358635
51.711463328317 9.8205884265809
50.708573120045 8.5193649402444
42.196418112722 13.525742674047
42.166192052053 12.127080261322
42.598207745535 12.951278782914
43.148643262775 12.160582608173
49.774971646268 16.497598637826
44.646452150236 -74.028773814148
42.479739198706 12.45101700234
43.660309168839 11.940327568439
51.373279633174 8.6724567314016
45.612765139419 8.6722769267262
43.88775799404 11.793278506025
25.581014688846 -80.772992080713
42.040586703031 11.886421048982
42.616995926789 11.89332344613
39.03756229552 -76.886344420164
38.155130550977 -77.853973625119
42.914511676393 13.344195935591
51.698419075552 -0.90279874206185
43.036464900282 12.038079339584
40.382335794954 -75.086729583037
43.359492882809 13.426784977537
42.503734760708 12.864155954173
43.195103080124 12.686374645089
42.854824242135 12.176545528798
42.955249893945 12.175698286957
50.726336187556 8.4374819809745
42.790577249525 12.254899507528
43.218601313542 13.316226556134
42.168439725513 13.419123201847
43.35675478885 12.012550297686
42.427628148567 12.587548743762
43.511111188939 12.462787000233
43.60726039142 13.11577971939
45.357753277923 1.2618276627091
41.841065929684 12.912114270943
42.774686253546 13.457799486119
42.139776436698 13.064371520704
50.911233881214 -0.12323927052004
52.40062393616 0.49210717500286
43.682338890958 12.699165808849
42.826137197144 13.353593759424
37.740608860069 -122.83631679051
42.792354895192 12.157313459647
43.606997251349 12.107984314278
41.843583016139 12.377590376149
42.290713783976 12.357840918658
43.657062799065 12.050350143619
42.408574996262 12.645799502121
44.443657316895 9.7475826557714
43.513714644387 12.736888711239
51.642658470731 4.7915865462467
43.277627737877 12.438803509103
43.616184376954 12.515074582566
45.152166664697 8.9914267460776
42.0445682798 12.775564521468
42.739757984776 12.875534251295
43.393051638938 13.420363961936
42.550126435978 12.825961866822
33.695144470951 -117.88581239545
51.287823282083 0.095490346190287
42.77777588918 12.803938709595
50.631044424433 9.0782785653501
43.386512810565 12.418862658303
41.983392379726 12.169286104485
42.243485957519 12.319639677352
44.162823564772 10.45623214434
43.272516059371 13.569053071837
42.749857823269 12.184096459406
43.484196476885 13.214553795876
43.545132209822 12.117691565846
50.698026776639 9.4602803031263
50.451767559374 9.1758078970834
51.864638372727 9.6310242235805
50.474671161955 8.6662460065755
51.516089391204 8.713493716304
50.907289678188 8.7612032744853
51.997609932906 8.7975572593499
46.256012973029 1.696354213495
50.96022710016 9.7857338412598
51.891752765464 9.4707548867309
51.189720852855 9.1505761901618
43.269995235053 12.574477000451
50.687683577504 9.2113858783671
42.261087464777 12.46523602284
48.280630363536 13.65837566564
43.529596568819 12.178440534614
38.116630239977 -123.31638111439
43.516738552862 13.229128652846
41.894139785757 12.464096679589
42.035279548764 12.163433103454
52.330077649714 -7.2921641773042
42.63419642983 13.393939695991
45.571301992783 2.3344264665313
42.657217518754 12.098662728511
42.090388750721 12.958419048695
25.261484409787 -79.386049629178
44.645716626523 10.047676781867
42.077102283073 13.215555871493
46.233304001732 -73.101242388318
46.068809409914 12.198995657335
43.285060665258 12.42606135666
43.534845220661 13.72420962051
42.567560734513 13.020932659538
46.246206548645 1.8660003388608
46.792390691951 1.9858309649796
50.989877840499 9.525367565232
41.79701444192 12.562825539274
37.487447408721 -121.70346139169
43.52817728304 12.282157574001
43.800673324077 13.427988657017
42.063295410996 12.843209971156
42.982217926545 12.452007749815
43.155593515933 12.669073432551
42.654557706648 12.011954412822
43.487957315768 12.552154024875
43.745347668785 12.493421778799
43.468016750418 12.714456639141
43.020592970339 13.265619400568
52.671627829863 6.7257633935547
41.983868910479 12.312480108513
42.089136119994 12.531924681541
42.641927174147 13.468026064575
47.802741059942 8.7895230743054
42.712511136549 12.553648914489
43.433091857693 13.183372633638
42.213593269819 13.748214448706
47.084229103329 8.9358401349447
42.430464321038 13.554301691055
43.371702616763 12.600992422386
40.840480319767 -73.44320615182
52.198081398242 0.66073110213072
42.150189092008 13.66293766336
43.46116827871 12.465460210345
42.795630803723 12.235389108435
43.090975567296 12.800094581603
42.003403267846 12.773740735286
42.209613963615 12.407497064887
34.824768392383 -118.14750817596
43.225550951562 12.620282405366
42.186705140971 12.026838076334
43.04475074219 12.781818400988
43.76479480919 12.665267002634
43.288221207137 13.094677398978
41.847909507758 12.174873703727
43.793841521646 12.331412753266
51.692055002876 -0.88899542996613
42.600876292049 13.610278265856
43.042197192594 13.326714189431
40.664518058761 -74.854328410298
42.632830172162 13.368956356037
46.06846253484 1.4240402758233
50.347692405967 8.9509087721589
41.913071663565 12.361990855731
41.949837500227 13.438806588056
43.539702448335 12.345684242617
42.25036426368 12.565191793074
42.877794910186 11.999167670051
42.74975669421 12.728032043564
42.959251604511 11.987208868392
50.077162249515 8.6452554867814
45.530964168967 1.8390869879346
42.779015010607 11.937423157963
41.848704893093 11.845431918693
43.178552766435 12.999876943904
43.086380430558 12.194273371361
43.720464654158 13.420485812922
43.28114772091 12.355223772302
42.642247190553 11.912719563561
43.225432235408 11.995529412311
47.010220366069 8.450273594563
50.623641020909 9.3321768647675
50.723083163948 8.7840046280921
42.266564671561 12.815387030533
43.685600612653 12.051343729764
51.484649610466 9.3940501922714
43.125261274246 13.474221521765
43.719113814069 12.136503215032
43.469499474165 11.95478527993
43.007425129438 13.128474261227
41.85368871591 13.229839555116
41.371926505897 13.220299782146
34.310148716762 -118.47766458155
33.869496694885 -118.63441230089
33.56724234156 -118.15857402737
42.242327774077 13.502874242863
43.30802301753 12.250504158575
42.799074443916 12.356291713846
41.94935742812 12.926879420863
51.690960079288 8.5541681351858
43.640283214713 12.318379783241
42.703285270253 12.992145387939
41.895400106879 11.986924133744
43.447371626036 13.301784279918
42.985374729163 11.846307783803
40.385484757233 -75.182768583514
34.66922427749 -84.119062578268
43.03706063334 13.472412492855
42.511682258247 12.148755829406
45.136583304862 9.0247663792315
43.222285550212 12.67970639175
42.258060225892 12.407557858831
34.717141764761 -118.13217498545
42.673581678289 12.138209662951
41.837861187236 12.33349642408
42.415243243082 12.326658023694
50.82591946252 -0.80081277755592
43.019225766912 12.529244978248
42.186293249592 13.759508198502
41.837446364985 13.351688423844
34.815650051087 -118.76100154518
38.803855790374 -78.322881606051
51.572897288284 9.1593773505461
43.08425649215 12.225142294201
52.135172202503 12.801710032672
53.078608665375 13.567007185597
47.754379198306 7.1179745589001
51.887159938173 0.8082363930057
43.759034688028 12.324755543549
47.595629183853 8.0205069193712
52.480937323524 5.4658698661792
42.817056056048 12.9459221065
42.707146452624 13.540437390369
41.944502952504 12.531342368376
42.281130750815 12.67976292629
41.90641574699 12.996375422944
42.664722220371 12.55684253974
42.981795792015 13.658120190121
42.79674562106 13.126431168137
42.950738583224 12.871655515356
62.834822337532 15.665076344118
41.103473921494 12.122412652111
42.369064387127 12.492304121394
44.794591096877 11.231492915087
41.924034673706 12.381399782107
42.164984450773 13.011662564267
43.070696280857 12.286416958706
38.336169564496 -76.543380254161
42.376379567395 11.859936392822
51.36381597182 8.7700820112462
42.940620630507 13.658666035488
42.133333810688 12.2158677202
42.140194437087 12.36621740433
42.849526862565 12.876777438876
45.580649455323 9.0509869162441
42.521213225818 13.079858465644
41.846446230026 13.233364796861
45.184478946582 2.6290749230557
50.723776116839 8.824229414493
42.742442496488 13.761467245783
42.826380787357 13.147389340304
42.513052535503 13.108640258738
42.660489386742 12.823350659045
43.579157521308 12.783416180326
43.579330034379 13.556019430329
50.063531092863 9.7241939416734
41.713406443136 12.920121915878
43.098901944768 12.350164031328
38.493754817969 -121.33828194463
42.255237709405 12.359983380141
51.699657379743 -0.072535000826477
43.729631112318 12.971744386487
41.877726322935 13.199983277007
46.212572389381 8.37899998174
29.532411893981 -81.128386333914
32.451325976018 -96.842651290762
51.719493138939 8.4244408749158
52.461798792221 6.4293354249929
43.808118324658 13.820963997331
51.503417340807 9.6954727497396
42.884748611567 12.470337294282
