49.537712300379 1.7016468752393
42.222521266093 11.889100526429
42.295408782708 12.293762586703
42.66741241641 13.313910591118
43.106497217506 12.874409625735
53.547285240313 -6.1594831672952
42.405652888795 12.611474844467
42.785934221386 12.725361345695
43.0101189581 12.615993564791
44.83964363385 7.2262737779978
43.750040938982 12.840830301813
51.82065361823 9.1522299275511
43.69978241238 13.024571628342
43.772946104788 13.255239002081
44.775180101546 7.8540734152096
42.294507141383 11.936092499635
42.625873850505 13.060920613402
45.256177144244 1.6085446004796
42.034273525271 13.239889367616
45.274947972768 8.5946884757139
44.877193129317 13.001333270018
42.926214203225 13.524955024277
42.95437738765 13.058022379458
42.78349681796 13.081111819076
43.206649295637 13.082411698125
43.800611174594 11.929505870666
43.079791336379 13.45315889432
42.843829410565 13.704354993417
43.712671253252 12.107573634085
41.996264729202 12.292973751825
41.979889397521 12.39881368654
42.700052250989 12.913781898543
42.637172968445 12.759041016365
33.674915222022 -118.76465572536
43.412994714667 11.96371754399
43.620812611964 12.677990152837
42.029271616169 13.758909374384
42.574060086915 13.832758088074
42.283756253463 12.193778641633
43.308628934135 12.859876576767
43.651204640836 12.754989829753
42.690361672424 13.50710713144
42.2893514821 12.79633453481
42.027315576129 12.010176814653
42.707439076506 13.536679283987
43.767468254926 12.415197431324
42.620145022248 12.417091854598
42.086876747726 12.878923376055
43.182975662978 11.864236025097
42.217641445465 12.341989259416
61.950833967864 10.169966957145
43.76645870498 13.379010489408
42.554829231743 12.230608204042
44.833379371433 8.0070650814832
49.187035295201 2.0580491179615
41.075663963985 -73.900789663746
44.995665143498 7.3697637479379
48.76256618305 3.2055958186978
44.693163100115 9.0475068770803
51.432299101461 9.3276339207439
43.258346473474 12.402217079162
53.378000814558 -7.0214364480971
42.466106311656 12.28714683388
44.76629481698 9.4912055758929
47.041869383444 10.727919386641
43.510157031266 12.389128297304
45.618195594669 8.4983551200216
52.48677736427 6.0702137338557
43.037418320348 12.467594461289
41.900685697303 12.45801874553
43.12781398053 11.849245395928
42.805145176989 13.473843456488
42.961459633897 12.336405900019
44.425248986818 6.7300288986299
43.016066296986 12.583395428317
42.720877520165 11.848822671405
50.470273605301 8.7555763622539
46.992738209196 7.8343917070117
42.072828500587 12.679076302203
43.163252766807 11.871311209591
51.105907173411 9.1801431841125
43.621117607069 13.556785553043
42.734982568203 12.861317091578
41.687567352311 12.431757228927
43.774374605538 12.306354393415
41.920218696802 12.35508914683
42.632064545377 12.68097450618
52.26425505046 -0.8081947718366
50.485067605733 8.7111234477307
29.793520553239 -95.327033225808
37.473440178563 -122.79216917969
42.426009578384 12.57201795495
45.365011254961 1.1329510631659
41.962517576761 13.662456618486
43.198901644556 12.252576047228
43.347293608073 13.258221861116
41.957826429048 13.780870342546
51.151462054882 8.3331700527729
50.612496273179 -0.35223562385059
42.725655995668 11.906335824147
42.606843020605 12.190880363917
43.383115434753 11.997437663862
42.202903460827 12.461591279836
42.30011412564 13.456489932957
41.430012883822 -112.41607190232
50.262075673445 8.1132651465541
42.561721017401 13.566086300002
42.276437282246 13.689586903311
42.605170884007 13.677633897738
42.184695159658 13.61157866272
42.793425660971 11.987334839549
52.401565139602 5.0487201173318
42.175883294186 13.504846401769
42.400425188917 12.879935597035
46.285805998969 8.2755940641629
41.86905179355 13.048007316465
43.821571949807 12.731765003771
42.969125586568 13.219803279389
41.968059568206 13.249067980933
43.72928700865 -82.279002754316
42.455933539896 12.051123776052
43.029746565071 12.449581692691
42.430410374643 13.075520288721
42.463979167169 12.61860654534
42.902066503161 12.729987425625
25.044263002466 -81.034257436462
43.477725283952 12.287096182039
42.350043789202 13.309276031495
42.818648246985 12.252048160088
42.622407822249 13.255601565959
43.830731534807 12.988340576661
51.250355564174 8.671298651803
43.011895057306 13.116025963873
42.877145887782 12.764459030148
43.494149554772 12.297553422555
43.483500851099 13.147425067701
42.182672366606 13.582560584707
42.00929445869 13.292142066796
43.46116827871 12.465460210345
50.323946833296 8.3979708111836
43.658884836223 13.016007496538
43.184442121642 12.58796671854
41.846301552789 12.694761426533
53.262928774447 4.0356088053624
42.59277586948 13.492367417802
42.961380476601 13.353125431295
49.071784419439 1.8862140208629
42.706609891146 12.789010129326
46.195318823331 9.7465500948702
42.693873615348 12.111622525452
42.790456664672 12.018508682057
44.155346090258 11.89813460135
43.510634664239 11.895989758401
46.830449122109 10.925360900522
