40.848855365043 -75.088586544074
42.638531882169 13.414999129465
42.744144266839 13.757791129315
43.40161028758 13.826732998189
42.023265287778 12.866971699014
42.974763586195 12.098399877615
37.878435799795 -97.722278584597
42.512411017696 13.010937903568
50.712252937589 9.1035774862876
43.340388614398 12.216106527607
43.512408336884 12.273984243776
43.49561636501 12.710254067907
43.632595576196 11.922782789901
42.411332210273 13.306484064251
43.400537199083 12.780375639827
42.991802771593 13.706203907612
41.876057573092 13.727564373413
42.306297402527 11.888440065986
25.815300329485 -81.096257008932
42.748612742775 12.761537142939
42.679613606876 12.667712946289
44.098812565766 13.030998806088
42.935967096584 13.505089575681
43.571183860589 12.580354787701
43.752832397259 13.712548995743
42.145527343354 13.274634756762
43.193742890022 12.942588200321
42.58671173669 12.75437689377
42.129826317157 13.559296228739
50.062889450259 9.8786188088724
25.470920507533 -79.24630402347
43.369315369248 11.937242474864
42.568587621028 12.669911989809
43.757775488683 11.973051360817
42.896626780015 -82.580112955079
41.848015287972 -74.463001904425
43.829409949889 12.959491643125
42.682565539017 12.434292597454
43.008257179546 11.976742495327
42.020047269326 13.430300965661
41.908303036798 13.337903069045
44.384176782858 12.972894972203
42.3655635614 11.873328594453
43.692852781032 13.684010372837
42.165716210478 13.006787290821
43.016965394869 12.685124179223
41.7748927713 -84.003753614821
42.797181984802 13.169766817342
43.106139891851 12.445459821024
43.506707520947 12.675388235469
43.319556804078 13.643178855389
42.033130947071 12.365152965956
42.070035509353 12.784959040969
42.23622190686 12.801145525578
43.75075613139 12.99427901769
42.71154811641 13.466476323321
47.102796111769 7.7317030549663
43.029452987981 12.711192128135
43.362896569263 13.605464899284
43.602065087597 13.374890397964
43.355731586181 12.441352946445
42.886007128251 13.010161105103
43.031249297818 13.02390839023
43.417220243934 12.531970477
43.396271050648 12.121844647064
42.655808431888 13.73101839925
42.587024939541 12.858993588902
50.440513185896 9.1261824262916
42.998984609751 12.438398616614
41.905387480255 12.898624128636
41.963237305641 13.067875811883
51.570178589583 8.932943973659
42.602679427083 12.074183066897
51.704757151988 8.0077277203126
42.403953949664 13.30904936155
42.291358182363 13.713703982885
52.434589721232 6.5321513567037
45.04990571975 9.1046067925657
44.576410881538 8.7803496113887
43.053492975467 13.40643713784
42.051294498656 13.544779861621
43.346943550302 10.61880059737
45.182494390396 11.206726690988
41.840133870433 13.581181445916
43.585360599044 13.811341242332
42.431086184213 13.598965992985
43.452676625223 12.398711301127
45.650921613791 7.0398952042148
43.580401864194 12.716713282634
42.390368383316 -87.680588518136
42.13334783175 12.847931289064
47.483693762262 -113.54937511205
43.063482163525 11.876350730621
43.148814578165 12.802938101742
42.868918185082 13.53334306999
30.160458333696 -94.424656441842
47.603071257753 7.301516220114
43.611248445071 12.102581524825
42.520917734395 12.573284042356
43.258580993537 12.289050112634
43.214506274676 12.473900303952
40.745519590597 -73.825658700945
42.349146232193 12.949006314852
43.136551715984 11.851085531943
43.420132494283 13.77705476611
43.127510575192 12.347412381038
44.932585463337 9.0552354526708
42.406091381074 12.839231202325
45.490886500567 -73.561611372445
33.599528531208 -118.35537767218
42.444690810279 12.203141766716
44.563403800627 7.6281593538509
43.779805675067 13.077885177509
42.660610700355 13.750220071429
42.706256439794 12.53013803371
45.662874273333 2.5845175285752
43.390501321962 12.997621842214
50.298308136081 8.0180750624361
42.839465210626 12.426536591478
42.949075330977 12.38739876283
42.912168224322 13.136920747898
52.418383352842 13.786844070343
43.327843515842 12.05457195458
41.882858371794 12.245902464861
42.94888208294 12.174864812391
41.853822286659 11.867449218832
43.077120808476 13.41886982809
42.234244276434 13.512515543288
