-85.347728138393 33.395666847229
-85.165348547029 33.621527025805
-84.683669783866 34.170999256082
-84.688232097537 34.126971221628
-84.726390114156 33.345357008266
-84.994000374244 32.944298611968
-84.918740771625 37.426490477818
-84.997442583459 33.427921985981
-85.150299444306 33.627760977351
-85.148369097449 43.683990581106
-85.201551975793 34.218960632953
-84.930524638263 34.189257893839
-84.864106961835 33.448558668855
-84.823090295815 34.374844602886
-85.132757855658 34.005975002241
-85.110845725011 33.601415791403
-84.895884529546 33.526729538856
-84.923193414101 33.59493421888
-85.268477748646 32.918537546882
-84.846987221692 34.267442747183
-84.891250389485 33.101929120341
-85.00775345671 33.506006951506
-85.047206671838 34.326163712149
-84.772893173887 33.7539108162
-85.103533851869 33.355842399616
-85.196588396093 32.801808392576
-84.70375464135 34.739924645436
-85.330418352564 34.329144037987
-85.221769396226 34.700899178528
-84.971582918787 34.043196948305
-85.340394054605 33.364493177947
-85.158803695794 34.024140252783
-84.956996975354 34.732368426778
-84.884294082264 32.829821042677
-85.109779776498 34.420246468627
-84.852403951182 33.198123035153
-84.60602114007 33.142503307548
-85.062022679887 33.607882779414
-85.111808662584 33.227430207587
-85.305300734986 33.349075841454
-85.054740165759 34.544175382997
-84.712703089934 33.689124270237
-85.063808643196 34.191709960474
-84.945322464568 32.878722328676
-84.990850126274 34.481813749097
-84.785509824094 32.884333284558
-84.657717947596 33.962751180422
-85.070398733005 38.212538012735
-84.822707786515 33.49579598642
-84.999653586559 32.885040428941
-85.382599497299 33.482244393587
-84.703356878135 34.034972573686
-84.714529481956 33.447972239243
-84.985717277409 33.450213029299
-85.249204739486 34.147718584739
-84.915532501282 33.19758635074
-85.115265525373 33.467821817637
-85.379033801229 34.276602277235
-84.76313248303 34.232697971779
-84.709609710383 34.248641899477
-85.181728430084 34.401434916298
-85.322425239311 33.497354885835
-84.923031988891 34.526367988722
-84.873446238075 34.66494415456
-84.718457650635 34.392628904189
-85.248410736233 33.151168700418
-85.262273553322 33.082341937426
-85.290551825003 34.048968067455
-85.313034039975 34.24340637742
-84.910392833739 34.178536349099
-84.918371469117 33.67413034698
-85.359513605088 34.676486622431
-84.887564622652 34.241504244658
-85.366640096142 33.419826478933
-84.763440267911 34.161043230093
-84.639697472161 33.116000545558
-84.95741552662 34.458374913104
-85.272449312766 34.595399960261
-84.927298059095 33.341328558711
-85.103331164734 42.99469383835
-84.933029063853 33.106332093566
-84.64372311041 33.561655810404
-85.107709466437 32.808951960362
-85.158162764254 34.119541765286
-84.726860068518 33.474443354904
-85.581449890078 43.322172602615
-85.776775916421 37.867421121607
-85.615365800498 43.511262401538
-85.670458671901 38.346149363583
-85.310057235467 33.780965811511
-85.413136350412 42.60828823421
-85.274905751494 33.511459201387
-85.300461323279 43.942924576079
-85.185887793073 33.519768669552
-85.352537216269 38.12422400007
-85.124854118172 34.308320918545
-84.839409009386 34.229353625939
-85.940937021206 38.714705000366
-85.088014170941 34.032174046672
-85.111521997448 33.374477271205
-85.326309371333 33.016346239998
-84.829119449309 33.894192062774
-85.339231963191 34.032235893728
-84.996564286666 34.030761172118
-85.079385419786 33.363424359564
-84.969494906147 34.243805646584
-85.628669102921 37.33906429962
-85.261805397487 33.72196836714
-84.845548681284 34.091192090966
-84.747631352138 38.664438322956
-84.989851430892 33.223416266641
-84.806177462734 33.901758180459
-85.348920996227 34.676607702069
-84.975210637215 34.494603715641
-84.730365232346 33.893783208904
-85.375692864031 32.913600349333
-84.752448469192 32.851661455788
-84.875590892358 33.161305388085
-85.114078221803 34.02378021046
-84.673834940639 33.705295807584
-84.662285123702 33.968448745112
-85.239625816718 33.373525396203
-84.861391398433 33.366696601013
-84.844381029874 34.608766014798
-84.607935982803 33.686658876163
-85.330064863959 32.897312933105
-84.725126771035 33.640505167994
-85.798550476585 45.005532420565
-85.603139398387 39.059841107006
-85.061531220033 34.651446622208
-85.263521038491 33.603066632845
-85.421276708559 42.497445467918
-85.38188602877 33.931157345891
-85.078596212845 33.820833583319
-85.383414771493 34.395307481047
-85.368971861046 34.748026628435
-84.837302880515 34.609000704362
-85.373243087984 34.701731698023
-84.626427264939 34.310797167913
-84.791065309983 39.011012410152
-85.039449399263 34.467165290635
-85.276445678005 33.158086722364
-84.757543646059 33.966900376162
-84.782841034827 32.808339217881
-84.936120896012 32.886065680055
-84.869991847626 34.419035643108
-84.867104790019 34.227770591766
-85.109534395058 38.616993722229
-84.676090740821 33.216747485242
-85.081531932523 34.16718145751
-84.787741184365 42.411117789819
-85.277587236873 33.409162946741
-84.852685266013 33.807392539406
-84.929978272286 34.014996049041
-84.992048931999 42.61322009435
-84.676228755376 32.792703051529
-85.123342863249 33.591475695687
-84.959007921051 33.910270870195
-85.363852964325 34.218058153197
-85.183264306739 33.749873502569
-84.702332895949 33.089645414695
-84.698775402503 34.528702925245
-85.369800336646 41.96837069058
-85.162625634416 34.04716596225
-84.858453934388 33.715752011538
-84.905500246908 34.228714259669
-85.194348770513 34.227808058195
-84.809071042859 33.77426307735
-84.61236666069 33.276719260198
-84.655262015086 39.214781715036
-85.655082385313 39.110237196938
-85.141270526192 34.294111955622
-85.085505250788 32.892766542722
-85.377118889647 34.475739982959
-84.899209130881 33.175814227323
-84.90802904298 33.8961013914
-84.777603257717 34.584200276374
-85.373079592443 34.323561159619
-85.295469479214 34.458781059619
-85.282939576117 33.153266583215
-84.53683852592 41.739185510374
-85.175014515252 43.564623475164
-84.701977965978 34.43873112745
-84.69002441945 33.269646126942
-85.012813336129 33.088479750405
-84.924580398819 34.080841881766
-84.684253971318 33.47456762081
-84.606150962458 33.537380830927
-85.423537823798 34.357156570528
-85.341941920175 34.433926814943
-84.871023241278 34.459859170273
-85.300192572223 34.742258037826
-84.934027046015 37.724574779399
-84.652310043784 33.333738153064
-84.631005312983 33.10416360022
-84.61031328519 33.53381231295
-85.044988817463 33.517524887623
-84.722460136992 34.514363194629
-84.858272898318 33.044800147009
-84.680435256325 34.459091997959
-84.949922991335 33.359967168628
-84.844017583246 33.398233516367
-84.866627837842 32.869979853255
-84.981136317263 33.299515981872
-84.976522355702 34.191571909132
-84.661338861781 33.486148971865
-85.000002058596 33.65275203471
-84.692282629429 32.864383575949
-84.683956617249 33.894373830398
-85.165410927481 33.994514478408
-85.214328532114 33.798580469509
-85.362472374534 33.051102198258
-84.634044246019 34.235005929284
-85.211414493626 34.395655684397
-85.209271893841 33.150766622851
-85.113467196894 34.591656045838
-84.611963382649 33.705661015022
-85.256329057299 34.70179286403
-84.587285777856 42.855550590094
-84.676118739759 42.462994625266
-85.737683241086 37.374111068942
-84.686260435026 34.545013189609
-85.344820447334 33.479609670846
-84.964859866428 34.126366086403
-84.899988606433 33.576194672688
-85.250707203403 43.053894445152
-84.778442343035 33.851357053004
-84.752370112123 38.186565395567
-85.345221702543 32.959306874333
-84.901531288727 32.765795178176
-84.714421757593 42.693483467363
-84.663730822254 33.739808594261
-84.814553522326 33.47926426193
-84.990895338259 34.663575659855
-85.344335024169 34.207672818487
