42.541570510523 12.652577891805
43.03111668214 13.377223097916
43.241808009002 13.394591600839
43.397463644595 11.849538099437
42.081332991424 11.846070923792
42.674055764046 11.286217687205
43.188248402082 13.093581411586
43.381256881834 12.195928126686
43.453325074864 13.241700642876
42.390724188851 12.377640526007
43.518581910321 13.086516427869
43.099838894394 12.271245776823
43.757239617781 12.239664024806
42.598252084406 12.348894844946
51.285033316019 8.0843669353446
42.044854390942 12.091817657527
25.863851659385 -81.093519684246
43.209451594509 12.512761635034
43.402745660603 13.604094725404
43.011592889697 12.421300136701
42.135778369466 13.101206507136
42.521265620164 12.692512250849
42.718382617814 12.980654835247
41.916943670233 12.4095842412
43.470751669964 13.031776864117
43.734030764913 12.7326015368
43.531571496547 13.689898151315
42.510492698083 11.845139034507
51.882343237699 8.2274609618948
43.085983035216 13.123925250568
42.600034294485 12.584708176381
42.091303319967 -82.583694363026
43.82571483118 12.284346526642
43.162080104094 13.603390346583
43.106318560499 11.974602745855
43.372165389553 12.924850891796
42.625154050845 13.649245217766
43.177482233952 12.596312576272
43.722615179963 13.732906557982
26.217994672331 -80.969100832734
39.280869215118 -111.28316926117
42.544550783741 13.594580487646
43.32951188198 13.752471711858
42.548810082764 13.042437278241
