42.602137411315 12.034918065686
60.269113714466 99.496791563694
51.990051673255 9.9255596431557
43.052354234316 12.450346228897
51.72327191393 6.2677938912612
42.217048640485 13.058890728794
43.121486217792 12.204018244636
43.015419032919 12.661998759819
43.474200336483 25.12403233262
-37.655396843169 145.58213473527
41.867365090136 12.651589727354
43.817205971043 12.99619270444
47.215861361574 7.1398157645668
43.79929921536 11.940736096811
42.228939425794 13.518065544573
52.12806827837 0.19169612698336
43.819125466451 12.726969172141
51.400861627376 0.3623886035068
50.53125371343 8.9834521035587
42.827269971777 13.557089871076
50.172588360576 8.1282732179986
41.611275224917 -73.601887388567
43.803349079028 12.973949630288
41.997319050619 13.669055356045
42.070319686139 12.973359769684
42.546728338856 13.171246972501
42.262519433306 12.132150929504
50.573616273968 8.8196482806558
50.039025386814 8.8574856844998
42.07632672187 12.607202744415
43.094673231309 13.429293578712
40.666799124793 -75.159144127016
42.384607693381 12.796583714821
43.310159568375 12.518643378077
42.03628927799 12.67787361784
52.085224441525 0.7107069788504
45.829993970147 2.6141340437411
43.758444778064 13.377993354305
43.228370855224 12.631237197982
42.589515196921 13.785552810333
51.010870580567 8.0476973988338
42.445527022002 12.317737645639
43.256572483714 13.065143680717
42.393695073872 11.863735392182
43.162614467651 13.082182791143
42.433275179695 13.555253376533
42.552687205187 12.920703351947
42.824657104383 12.741837890254
42.711197735163 13.496711191042
26.9644677485 -79.267295624995
42.512298650368 12.666618633415
43.450097916878 12.986203490305
44.348805758172 9.7325866935018
42.141857572918 13.592375353276
41.946039658036 12.857495775867
42.020634073329 11.843103221566
43.623371330401 13.61612564589
45.495303155154 1.0825172383722
43.329985286749 12.882493910812
48.117196659146 31.474357072485
43.003874043491 12.425188922077
42.858270169191 13.593034647702
42.327360295864 13.738092635192
43.752413673698 13.670375084372
43.589331911707 13.344558463148
43.387283233196 13.57208656595
42.827335634209 13.545121591347
49.029343255276 2.3010487644217
43.785280993129 12.91076747652
50.565025314719 -0.16345775140144
42.746419437133 13.46254252666
42.400963259137 12.306250467129
43.204796982114 12.307855434414
34.864636725936 -117.76861534339
41.949713572392 12.681621506683
43.518479076477 12.595990380105
40.512050396299 -74.008438717421
43.310170256698 13.334807872018
34.19821972334 -117.31947687405
42.421005787079 13.289341726496
26.062347118289 -80.384943757661
42.431144508289 13.491001061413
43.49241250499 11.867134841584
46.117070654462 1.7303499512981
42.438336007057 13.086050767513
42.779904271394 13.566680117329
43.778259893797 13.128632411442
25.374726272346 -80.589740657332
41.835070427917 11.899997733042
43.489571342494 13.715777851064
42.007154739486 12.659486626603
43.244291029074 12.558870941682
43.418875303335 13.451239210319
43.404461929318 12.629795320646
42.622660868646 12.911533323562
41.974779991442 13.022123593868
42.77705209694 12.410618565723
42.438275007756 12.878608581575
41.97120686109 12.908077474662
43.108643145372 13.382710245171
43.36394863036 13.825612144485
43.425716400366 12.6283080418
51.966331823946 -0.21580760475518
42.713229138292 13.392026501911
50.934774418797 8.7084488080388
43.122879753899 12.921227842088
46.642629782037 2.6957657279893
42.573865676121 13.070081131121
53.471839003252 6.1814613414143
32.901707534207 -83.493263435687
51.665267688299 -0.53396758606842
42.370693731315 13.768960821356
53.343689019719 4.8263112795895
59.697431266167 99.570890596868
43.596537567043 13.629806097446
50.176630240482 8.1609812305127
42.524734612354 13.54138526534
38.665390849934 -123.25532357563
42.998805163449 13.08923810913
43.269760305674 13.357240255178
42.93591887177 13.188673893099
51.380792955114 8.186742813879
42.618956046954 12.324936967515
51.424942560925 0.66211012078082
42.799022005333 12.912168876248
42.374121634485 12.698991485752
42.341230724652 12.912348239197
41.85107757286 12.153517700359
43.689523181754 12.367638183019
33.506006951506 -85.00775345671
51.191463534344 9.5381674126434
44.609870171226 -73.557915320551
46.927288950387 8.844467325995
43.817769500363 13.081269919931
42.802817107107 12.07323708903
41.938536459107 12.843233249098
42.5278711154 13.062483824374
42.99495382702 12.794077389333
42.118713099586 12.206649080036
41.969899268362 12.177131717662
42.78598294213 12.129521400749
43.186585130744 12.55852218047
50.333907336152 9.0775044644612
43.603609104477 12.927463889575
43.344916649344 12.417199168104
43.021174291645 12.520094009845
45.29402574538 2.36144437844
42.262276965802 12.063553723557
42.859816814729 11.990177792513
42.698337026752 12.35936695263
42.585177671923 13.239188402092
50.82970676051 8.7719705904703
46.908308559055 2.3877941665183
43.425471613403 13.779972011142
50.579230985175 -0.86404659830687
50.365661447107 8.3211662388971
50.302849497321 8.1654035030703
43.335842578065 -78.162316938096
42.100723047343 12.946747194506
42.113237530532 13.191701028141
43.607131219307 12.475562254209
43.531319484849 12.043804836967
41.999689230716 13.455816326896
42.175765686771 11.977980160165
42.06865325296 13.100444853839
43.579644189507 13.604025700432
34.720715606495 -84.137104559195
43.127139763521 13.200035757965
42.284931247276 13.802755469851
42.949537730308 13.645138460533
43.01898408265 12.351282527389
50.57968786153 8.0279543530326
33.226483070243 -118.76139709507
42.223883316977 12.55173910111
42.899640795749 12.035235798489
42.503364084544 11.960788534491
42.271723687331 13.5870780687
42.186593182493 13.138627396982
43.131844739978 12.070456030367
43.162422680393 12.737841853305
43.589990828482 12.641827710758
42.261903111966 12.608031923255
42.00856238513 12.953486548736
42.55263836244 13.787763900511
25.478663085234 -80.488710050974
43.761412388555 12.776238002266
43.992984246552 10.818719623901
42.110085694192 12.719709552715
39.812446221607 -73.966484608626
43.170658904228 13.307541278355
50.354467987714 9.9080657064487
45.174975078099 9.1619103046678
42.414895789446 13.39210278794
43.036477149502 11.936562233596
42.707440751024 13.526793121161
41.910526398549 13.67388769878
51.577117474553 8.6734567371539
41.980321224325 12.883791841533
42.323670074515 12.93241290328
43.117763497943 13.246026975704
42.413207706277 12.561027987677
46.808709004339 2.3692465458853
43.824650975349 13.4414703499
42.855651477306 12.715891685691
52.319050633264 0.44493050236951
42.692258282442 12.546794907931
42.39072542006 12.163552376539
43.775153094819 12.352901165093
41.887424674319 12.688701641622
42.597206386105 13.20551521203
42.88035906941 12.48413520657
45.390595041889 9.9759718175377
41.999052804915 12.674199373796
42.836258520317 12.070093699319
25.660137252241 -80.976403204989
43.192852407339 12.041664612054
43.770737496119 12.971427583609
43.573726809851 25.470570976599
42.369373674697 13.090789069019
42.215521482872 13.285844497071
42.339564761792 12.480332701246
42.228903629013 13.222453474192
42.311772931999 13.227121818006
40.904013665799 -74.564925891657
43.108056157899 12.950017529537
43.052067441445 13.328678793448
43.657888874739 13.547811223004
52.53663862638 5.8597620297734
43.424478791873 13.271081186978
50.297361408033 9.2228564104172
43.67187143104 13.620638188285
43.144927988849 13.578695021395
45.296174589217 1.8364855935036
40.907541518196 13.252976225618
41.859887015496 12.655673730513
42.131143215194 12.208315043828
45.63374118796 12.985823484818
43.328971786133 13.043507224921
53.047027812128 5.309095422532
43.144885245799 13.725121360165
42.057124896023 12.069681881515
52.660034760907 4.8140525506176
41.943229282735 12.346280002217
43.137074186551 13.819197736152
40.726075070974 -110.95417000105
47.577790120886 8.2669027020535
43.05463462281 13.523956306078
43.351771328783 12.13594186035
42.84168022726 12.051222534895
43.502813732041 12.666097593825
42.306784702163 11.974522668877
43.077612569869 10.774246414136
43.407930914524 12.170159658983
43.507395827934 11.987675753437
42.225076315585 13.536216454851
37.154722984719 14.234643288858
42.370561598528 13.010959809206
42.825486708838 12.466757805791
43.214132589874 13.485394991716
42.989836583862 12.32938911923
41.975363922315 12.663127750022
43.518600687647 13.216285512904
42.712250902204 12.792282894178
40.935660074996 13.361120390713
42.59629156936 12.373236978156
42.365566862938 13.190353470498
43.556202201453 13.191303159686
43.295102448361 13.422908181077
42.656207763916 13.31695613375
42.72708650435 12.202284901984
43.768199754326 13.726654270092
47.209745400523 -121.61596444371
42.237986909823 12.452611390733
43.527452277286 12.462953618964
42.633965019453 13.097757442455
41.955259619281 13.00899291693
52.011663878109 -0.5031876762459
43.426063680775 13.158395580577
43.771393065255 13.026482448481
42.6110040325 13.604519804776
43.004871592415 13.121927131511
40.959877844647 -73.342168409789
43.025712065897 13.05825236398
42.931216495566 13.299574672871
43.418038021523 12.6037938216
42.291889457189 13.725060291947
43.312727698757 12.249353629674
43.177010718371 12.0775282784
43.236337146387 12.551333744357
43.632964703104 12.95925156912
47.278035420588 8.6614811735514
44.750689623247 8.7233568017502
34.417444972795 -111.11967655464
43.021369922937 12.522228243559
43.417790380522 13.609382701877
47.456217553679 8.0736467610456
51.006482354368 9.6642939814666
43.139049329415 13.791394544224
42.556185478159 12.274717574157
42.006199917314 13.637878350766
-37.027393079841 146.00097256729
43.570595974855 12.749440831502
43.76165380739 11.930739694729
43.079845749366 11.891358788561
42.576239471147 13.728992746572
34.558577771838 -111.56796181183
43.822757119717 13.100185177357
50.064123702731 8.8957528145498
50.327059264447 9.8375480206858
43.525982027674 13.078243800962
43.63408366017 13.634967885297
42.37122940664 11.918380822504
33.37205675759 -118.24875945586
42.605569830933 12.621277573363
42.13262084647 13.195864730627
43.531915868901 13.356514819619
42.104945585202 12.152848840783
43.55525256861 12.248950750238
42.44113838509 12.013399883666
43.34978846153 13.609631612736
42.077351144572 12.66501032827
43.576423636461 13.080515570531
25.418154592338 -79.212916572487
43.337246925748 13.166783269128
59.773126224882 100.11815063475
42.726238575192 13.464274023431
43.557256148012 12.658645403433
42.348796235115 12.206034035539
26.466568689528 -79.927400834634
43.767492636951 13.56998974486
50.074170889833 8.5741537537305
43.570247537277 12.740947989647
40.859150200703 -73.709206185765
45.362685249356 2.8795535526609
42.979838599463 12.462019275179
51.109918686845 -0.1936203014588
26.89616947242 -80.489947635718
26.168266731376 -80.465559398316
51.002898479348 9.6754164852553
43.217234596267 13.513412998784
42.153754303324 11.957991054749
42.048031516882 12.532743343887
43.107470443543 12.52496240268
43.412332543851 12.836605085471
41.992032664845 13.806692116359
34.167988421635 -111.33375523265
26.210208849131 -79.677132160528
42.14333819793 11.993084844685
42.622191105349 12.250547757044
26.413270641294 -79.373575524411
41.949600443242 12.496756641447
43.358827005329 13.519713987394
51.146065805175 8.3127012184415
42.634543940741 12.503969057253
43.358536848055 13.271619675363
43.610626791444 13.800687441531
45.10946327409 8.8798683057423
42.256073168619 11.909513619707
43.417518803134 13.719035302179
42.898542572718 11.859397252046
42.60315406213 12.939558459904
43.753138202149 13.024938282589
43.488559766921 13.654007349023
42.756582057011 12.881838778
43.077702409645 13.35396709172
43.400918679054 12.130497418891
43.0099272677 13.257041724539
42.181166824524 12.95692653535
43.33367667132 12.008391039471
43.016489449917 12.353780699148
42.554055903852 12.241998754575
43.192415308318 12.696496440909
33.333194205732 -83.472679737151
43.519236943482 11.925022860044
43.606595027564 13.29488905116
41.778868327798 -88.522199043003
43.217220452736 13.316173726395
43.418051094498 12.811929490351
42.438931290751 13.176124493229
43.026952405494 13.294590594871
45.524344673624 1.2438825388643
43.776751798495 13.532574071818
45.052355106572 11.082006166636
43.215162316924 12.776452685623
42.409414945848 12.614220806239
34.420298244813 -111.39580858425
43.807984687785 13.711909307054
43.116489094757 12.777651715941
46.489262503471 8.5139545296174
43.264238192378 12.637648126894
42.710956994331 11.843410037872
42.268713077676 13.2988038521
43.066233424987 12.609580131087
43.510792919228 12.887910696647
43.457254413284 12.576367573171
42.948940735773 12.201221451744
41.9052146659 11.990191332081
42.656882735296 12.058179504286
42.848887855603 12.440366538002
42.633198208957 13.083484040167
49.786997566483 6.9712429688899
42.820503101622 12.777425189886
43.733205459909 11.969123526483
42.21073639917 12.670490810515
42.914251644145 11.996370030586
42.389305981544 11.915440826193
42.200523917678 12.418046056043
42.615802800591 12.273325050864
41.92729094437 12.247873857288
43.442556922085 12.062246411157
25.521562036818 -79.841008146029
44.784943242948 9.9055749374933
43.529666760273 12.82994477445
43.159571622128 12.131064991083
43.198377860823 13.473778120949
42.247981821789 12.967684621929
43.814244940346 12.553829476051
41.085055682068 -73.996819138657
42.865879583131 13.690558636438
34.411389206108 -117.99130966399
43.509430345872 12.026726174667
43.700791260109 13.537979187715
42.394064210094 12.956674485934
50.505062271145 9.1978852530932
42.692383880139 12.787475094587
46.029983977335 1.5361449232028
42.019637173072 13.471873948591
43.213058466678 13.267921099585
42.619193263196 12.041897282976
50.365959865211 9.9503777893029
40.092535262334 -104.40592043621
42.829878879653 12.011369786252
42.044084802777 12.483184785828
42.630991151406 13.214923153752
42.116446067189 12.665786067355
46.498407688478 12.747874958577
50.457245162552 6.5625852674793
43.577070751517 12.59957330378
42.265619654353 11.844289195672
43.049450418956 12.417277046695
42.023670571888 13.136901387564
43.775751434183 12.292009095353
42.836975401678 12.837512611823
42.692981397145 12.552633303496
42.892078103003 12.551862018927
43.615089365123 12.254649000848
42.763625687365 12.022775594177
42.12358671714 12.538884491932
43.784371544993 13.322079169269
43.378649893414 11.899025057882
41.92409373865 12.765985649457
43.764270602171 13.493237743405
43.226083443626 12.791860508191
42.066095317766 13.48140099576
42.678716666868 13.351048047373
43.434291588831 12.131241948426
43.76414053692 12.387581888788
26.470685509236 -81.04382863391
42.806757958537 13.604557075375
43.355731586181 12.441352946445
42.285429245946 12.162147510428
45.391075222469 2.1552157719411
43.661090264891 13.028263685328
33.968448745112 -84.662285123702
33.47525264112 -112.06596654734
52.617065614959 -0.818122316321
41.884636117745 -71.737386988094
47.016870411586 8.7136069641978
61.697736256615 14.823688421316
33.449622811673 -118.16650184048
42.510847165043 11.987927070369
42.811386404492 12.485745383208
51.306598066961 9.307653686175
42.289157507165 12.988218806234
43.03283425657 13.641891005303
43.143267910084 13.416266938886
43.539602891349 12.73017588713
42.372404135958 11.874983045701
43.119838373812 12.342600653594
42.755814000406 12.862686446825
42.574120806353 12.572189051945
42.829114119929 13.348537828957
45.830048229492 8.6006003892983
46.688759153098 8.7275507677009
41.408078595974 -82.55095432326
43.104012992302 13.741476453741
45.206770751023 -73.702134897
42.584278169847 13.312259759455
50.269996279045 8.1523116622829
42.409056214362 13.818231044739
43.059032823008 13.219849164255
45.962845683106 9.3589714912018
45.486133726566 9.7339295241186
44.734558217595 9.2714338546463
45.130157155537 8.1943349169053
42.580047662661 12.882962076891
42.225016129329 12.002803829055
46.31883085953 8.5653304404418
42.933591389087 12.938305287149
42.492292656813 12.655855175434
42.270373125707 13.817869787041
45.352175584786 11.320767434372
41.896161824437 13.322738190353
42.143271736423 12.262272111283
50.837161041488 -0.98270526998336
51.962163740984 -0.94329481946923
50.301296941145 8.4728710420769
43.538116638355 13.251856416602
43.28630816626 12.270079272015
43.597347734846 10.981991766362
42.703644194058 12.901187033833
41.89058173538 13.368725972908
42.710669313444 12.113273071199
42.767480363051 13.169630132716
51.983888769748 5.4727675899504
42.724930262086 12.131976911415
43.019929541771 13.115776255336
42.557798764949 11.862504090605
50.530409740997 8.6600790306274
42.027490946964 13.736181740082
40.593430964704 -74.356454928237
41.943238246715 13.217898241832
42.3890776436 12.09794924834
51.677626135143 9.2535049055021
49.940377179971 32.066265705072
42.7337998188 12.373355495473
52.885710403037 5.8898015735391
43.464738155487 12.634032085854
50.246835063792 9.8933610156613
42.243584786676 13.556031545904
42.55525729321 12.000047750326
43.437912012675 13.662151328617
42.375789306323 12.716593030729
42.317188883835 12.782825685026
43.523659792994 12.407852431505
43.781410262839 12.258348608531
41.94021450029 11.924434667905
52.0649934884 -0.44910492168697
42.622645508809 13.685475225901
41.834405269418 12.087271635948
42.208715171671 11.929552625853
43.378586683154 12.233000975697
51.811198195355 9.2211524766037
52.310891240747 0.011964264280151
43.418103383138 12.565236682357
42.755176378321 12.346751514073
42.55661669029 13.637768302896
42.660013801747 11.833404373787
42.138162421614 12.289341306935
43.11662291417 12.105784073542
45.000294837731 8.1030550317853
51.889416410303 0.33513989496285
45.983516399741 1.9124077078478
42.308910624755 12.487906869749
42.268755213038 13.102043717702
42.482290989965 13.344203616674
43.168213524024 12.741242778854
43.835299754762 11.59111310113
43.503959923307 13.663758275429
43.279754596914 12.402927352324
42.420786218469 12.987206992243
43.626117622792 12.423441030303
42.348378255215 13.436892211196
50.209713403699 8.92847153122
42.804080779128 13.524611978591
38.285620529255 -122.79739191855
42.541807703016 13.005488988036
50.729576615956 9.7431343625035
42.705547221355 13.791626593488
43.681802041701 13.339928638369
44.159394253932 9.7936588811682
43.227531367574 12.114172664079
42.556443468016 13.642655255593
43.186460666001 12.767763814802
41.092085082279 -73.422072633498
42.837395538056 12.70126425044
43.067230060749 12.674666626248
42.801857572443 12.280056102818
42.38328675806 13.403650758997
42.066423937497 -83.240850528556
42.708707631917 12.635455905777
43.612197721683 13.711264455578
41.962286581754 13.034567341246
43.695472810762 12.432197958453
43.635100460928 11.984340858194
50.055271432761 9.2683165307475
42.611897250012 11.901162772414
42.36888708892 12.137157551563
42.130906904664 12.332352666826
42.073839913643 13.832441257722
50.237510881497 -0.32445843893549
42.418990109332 12.303679179097
42.834061390664 12.8507103994
43.594998032618 12.406618728047
52.657300547304 6.0176007711643
43.262379811754 13.499443023253
42.451961072859 13.230870251672
43.669433678367 11.839176083861
50.567960982941 9.9214356825321
53.17505578961 5.4910430399426
42.392569066229 13.092231199675
41.907232689649 12.915452908241
43.213795329099 13.663878845847
42.861387200377 -83.453555988101
43.583514979868 13.074916455951
43.390442038158 13.790275547577
43.226214906793 12.701200870213
42.385450334954 13.481641725417
29.981250849841 -95.684558617479
43.373778988337 13.642955464166
27.01671064225 -80.452405184528
59.015047105502 99.873376633913
43.083706520092 12.719055509551
51.511864616774 9.0775137967791
51.489840573859 9.0712162312452
42.459921262462 13.690604837954
42.435356770866 13.57083819323
51.209120848779 9.8299837758904
51.760607926064 9.3061671537842
50.999200448859 9.4076109437307
43.37828329784 12.075043070652
45.972974847058 1.1935268813714
42.704005921143 12.713855942133
43.219914100256 12.596493687314
42.974108421253 11.978654634219
42.327488470065 13.698830652397
50.872058060892 9.1070883223354
42.730840312213 13.653486092435
43.524786361293 12.919611084724
43.48587201933 13.483850536649
41.709808892223 -82.114840523135
26.385373583226 -80.501556516203
51.650967663923 8.0424593938712
51.953526778125 8.9209774522674
46.809049858157 1.863663995575
34.424332621053 -110.96301871072
42.266321370057 12.162611260176
43.413574453191 13.486827146975
42.899081890911 12.818538964197
43.097286642595 13.4331023686
42.412273398814 12.827519657497
26.138092648285 -80.831232662044
43.755348333996 12.097745282642
43.772124087819 13.807039091295
42.045884418344 12.33844333253
43.196100867 12.590048850344
34.496622328691 -111.98349197488
43.594266596548 11.992731241993
32.488139425528 -96.250957916185
43.168432554795 13.697077181536
42.363423076183 12.887904207657
41.845593702463 13.168981636043
40.12765898856 -73.417971479101
42.908732317832 12.070996375809
43.21574496816 13.442956840847
42.901060042412 13.685907036872
42.723632925548 12.670369956976
42.78479274401 12.619134849712
25.483886971812 -80.826846713861
42.934122283468 13.46057606512
43.20646107907 12.105853464525
42.315212828741 12.128101904492
33.743982635507 -117.77975496304
43.411249938633 12.008279834433
51.185896386342 7.0549668844602
43.316939978098 13.072769611663
51.583572433369 -1.0554540996279
42.982148156048 11.890343028556
43.138146134644 13.623663211553
40.853900684593 -74.339021236925
43.764016062398 13.307482925874
43.478317898942 13.446366243759
50.357276679183 8.9141165897782
43.408098872031 13.335094547076
42.201096497591 12.071573622113
50.948627258627 9.911140539642
42.244843337354 13.139874612067
42.903182289539 12.695070576267
41.007125457904 -75.332928418934
53.29014084199 5.8361507170303
40.494423478372 -73.611404645328
42.945033982392 13.331109496009
42.513127081356 13.750287571827
43.391147314308 12.820074245271
43.505927490793 11.887382429527
41.939740240567 13.375566561902
43.826566010188 13.38443584993
43.023788013062 11.912118316608
41.890805836737 13.282030921582
42.513430228717 13.12405521803
43.422263201078 11.956925650128
42.087599734491 13.195852262336
42.431086184213 13.598965992985
41.968646090018 12.312436591535
42.359561614415 13.262285091126
42.914613506272 13.764631506898
43.059392286979 12.894641764434
42.107935953491 12.179999617033
43.637652543226 13.764756112271
43.343781154318 12.657461388829
42.359077821674 11.929314812168
60.39435862256 100.1027955241
43.265787290088 13.790331794804
43.211282615204 12.485995136914
42.982569449128 13.643945856806
45.31788750287 1.5273242432286
42.353417900111 12.176465553335
46.334364229529 8.9154528213271
43.688879522371 12.212223498271
-37.636483350599 145.10507744292
50.157410588654 9.7746075409346
43.483613068018 12.016837039526
42.774014250291 11.922126500386
52.766009629828 5.3279580537127
42.465706104651 12.713580647371
50.30217482769 9.3066454181944
48.285981872972 13.618759824039
25.147188634663 -79.848247013259
43.230272215454 12.426958310172
42.827510418777 12.435644581672
43.198126605825 13.155580865313
42.624795720759 13.029523689335
50.941458434538 0.6508038842775
43.464752463861 13.794184189215
51.162525286508 20.224845801585
40.341512702251 -73.442195360886
51.129859034964 9.2363041440194
43.715471654088 13.48242856121
33.719094726166 -84.071397673745
42.518843779603 12.989543381163
43.338726782884 12.486769180993
43.786212172746 13.104952849052
43.47961943947 13.431124554703
34.227808058195 -85.194348770513
51.538578958036 9.2772995132382
43.107084949572 12.030574417708
43.569820771746 12.4407231335
46.893727636847 1.2435787926631
52.997522749704 5.144173469578
42.764855509535 12.346630823515
51.549702953803 8.2484014338108
42.880404117017 13.01655197519
41.003083940283 -74.636619581803
43.234253933318 12.681865030307
43.247925304944 12.577493769872
42.140666140796 11.988699516297
43.772761899427 13.800080904665
43.606997251349 12.107984314278
41.90544943742 12.133763895919
42.648534536685 13.089891685701
41.852388573763 12.459979927868
42.799780780843 12.055623311131
43.163160428502 12.157011058741
42.911297413035 13.501590255437
43.142086203763 12.037615033371
43.237035937739 13.376278781063
43.687940408351 12.678781042213
42.32499149878 13.284100879137
52.299707692489 0.4330151580847
26.020586141378 -80.033409643743
43.332848439635 11.959911508954
43.315346390642 13.059572703719
43.765265302644 11.909496274756
53.236823270906 4.8317918749907
43.352590123842 12.797698112131
41.853036233642 12.345703181061
42.071169042548 13.810080185465
42.654050300202 25.591814778089
43.054666245403 12.542988679646
42.32867896388 12.00465136955
44.236530475384 10.421965844218
43.39818209151 12.378488050971
42.283154632118 12.054555738857
50.92626927743 8.7831641504463
50.405181925001 9.8449942622543
42.199437230474 12.179510273144
43.129390566626 10.282435192881
42.747776307535 13.157797044703
43.537978487826 13.147021254614
42.618862827152 12.038204163352
52.190386919859 -7.5935269545734
42.102651456905 12.975430646455
43.687221754218 12.982453185612
43.078228999918 13.072462062406
42.133035993752 13.363903758772
51.134702827844 8.1637154375965
26.86678094083 -80.711169107027
50.384163879968 8.6508522954075
43.719884867205 12.709988844933
62.718308859839 15.041997661834
42.264897278189 12.457382795169
42.883454780527 12.715475106966
42.72340186628 13.520555529541
42.843865730282 12.540920992189
41.965837894944 12.709536455923
42.599384920972 12.639924556336
41.861241153398 12.096678388371
43.105599612533 11.980312836368
41.88279045463 12.327963995921
43.604267210536 12.066211441584
42.043683333829 12.442212731339
43.419047721878 13.421903827911
42.873219451829 12.737957317747
42.736009484521 12.247945998932
52.212966109027 0.04587068824837
51.874664323113 5.7871720004069
50.106145022021 8.525419797993
42.100900938802 12.654141469719
42.381569185959 12.655970274332
42.42000191075 13.505323069426
42.544954935829 12.033726847767
43.103951470064 13.231982554904
42.567794105323 12.123573169656
42.710014042796 12.373940406097
43.501687012402 12.076742256583
43.787996548616 12.543581165647
43.707025925979 13.331995302056
42.210030815683 12.799300428873
43.15326019572 13.789445798767
42.246144651571 13.082481338702
42.137314104094 13.07973292988
43.063005461408 13.241149228665
43.254949700693 13.027243560679
43.246755259713 12.39548506096
43.754451497365 12.248517308521
42.446852823948 12.552796003687
43.740649894246 12.526098568258
43.757655396966 11.910924542675
46.334739803586 11.48474451289
43.433091857693 13.183372633638
43.261870016953 12.580709199713
43.62332574123 13.803590853628
43.030054357869 12.602374822668
42.795630803723 12.235389108435
51.190382240894 8.098168307961
43.598095664123 12.176120326026
42.876850191002 12.880518906715
42.401430641043 13.54007917763
42.330404188659 13.362959318984
42.848568343508 12.96751239291
42.727025608426 12.611116055705
39.01139822044 -3.156972046549
45.244759895021 1.2913978715853
45.138372888387 2.8979328278908
42.557018791606 12.968479949987
42.865769508253 13.262046202229
46.025028004323 1.2469779710504
42.337703571367 12.251810195528
43.071152262909 13.023861863683
42.373954645088 13.339201170664
43.298034630876 13.408817104275
42.499375738457 11.906818824798
43.492345333815 12.061536705171
43.709166776274 12.114345991593
42.288870541069 11.858749026854
43.636043996867 12.434947106745
45.663268828608 2.4850860356749
41.917233929021 13.333683631559
41.913071663565 12.361990855731
51.684170359133 8.4455172593917
42.041363944805 13.216460158239
42.305406386662 11.960019829685
45.54251103175 2.2212011498498
42.152017260062 13.436661330276
42.685133695477 13.596901518126
45.030574754826 2.5173945103387
42.972466474873 13.475449790024
42.527224209426 12.988528073781
42.472839268166 13.812940905736
42.054981081793 12.61140164391
53.468512460109 5.4210836308408
43.756475393102 12.796053063516
42.378109479986 13.316761058458
43.731709531404 12.920746738541
43.076869759765 12.294687280124
42.04980850457 12.572262649712
50.636557011696 9.6185222280298
41.952885210979 13.585348286028
43.663236842821 13.163316552624
42.081939213503 12.578640681051
46.983024324283 2.7747699086437
46.14461326655 8.4309481367613
46.063885693934 2.3014770794201
42.910287497079 13.24049669564
43.826273529265 13.7627787035
43.302724338764 13.812389889666
46.037525563518 1.1013040799188
42.429111912136 12.071101026664
44.793546080726 -72.829347414023
43.558031123878 12.157803715301
43.303806873667 13.128468799951
42.135472467719 11.893144272239
44.83814325458 9.1563136047923
43.444447041251 12.18017329938
51.113884756162 0.51589757269523
43.685600612653 12.051343729764
40.218730768969 -79.035853136591
25.786818363587 -79.793944163427
43.746176711186 12.534612152064
42.614328296231 12.28715220668
43.742189130181 12.471995942535
40.655382888308 -2.8685713048661
42.911952359116 12.107515415248
41.983567404574 13.309649040622
52.203159064382 5.9521092438149
42.909275443738 12.445644441289
43.553171573485 11.864997110288
41.86819991605 13.356871907786
34.662941691625 -118.50567882415
43.556144312304 12.726967646169
42.992982606887 12.974653120628
40.740199116089 -75.340959079854
42.175715089413 12.476533888151
43.698159068703 13.615174583933
42.069551629533 12.71239256149
51.506991583857 6.3590286013712
42.012839827714 12.372096082856
43.818447396352 11.38053911947
42.864105548667 12.863691734573
43.168617672852 12.700299960443
38.994662567951 -105.58286962055
43.648969366538 12.418701478496
41.901759408855 12.396087919102
41.921710641108 12.972096471124
50.542074569288 9.063876586996
42.179346285865 13.068081930798
42.470406645218 13.585880992762
51.323189391905 8.0474583460239
41.943530269893 12.897886840134
43.087350901278 13.43046215711
42.856196807651 13.275949318577
42.348555398357 12.782770906961
42.722205198727 12.181167246414
41.882909522358 13.652358949044
43.247395081116 12.981250378316
42.417612179864 13.33259728941
43.393059325143 13.583095053038
43.139097982638 13.122575318519
51.628173484294 8.6089042637539
43.312265298961 12.74682864118
43.447371626036 13.301784279918
40.237339796761 -74.780312771472
42.661157279604 13.640631267189
43.557976580506 12.310466712506
42.763024608515 12.125075878189
42.275765431263 12.96340419399
42.026609115802 12.453331359429
42.404168551531 12.073367569185
42.295520813363 12.18098522221
43.115848912467 12.429572966171
25.384418363379 -80.76167953543
51.17848800131 8.3863059381891
43.256268533553 13.667764568102
42.177005203079 12.655508953939
42.733335405485 13.560115447084
50.061396474047 9.7057717161746
51.455078846521 9.4857219287593
43.531853405096 12.877613295299
52.616247208843 6.0135161146817
50.514331620659 0.7558030358729
43.710545831712 13.580302207091
47.421535930793 8.0130822104463
59.285940249584 99.200265398808
42.512717722709 13.436004135982
51.41962378026 9.8151764691878
50.887235350389 9.4773560797225
51.481264272929 9.3303742638465
26.526960568731 -79.811960998645
41.853339454578 12.911693938522
43.146547712475 13.41332704083
43.602908386685 13.494621815877
41.868028673769 13.06308367574
43.50628402622 12.453739461721
41.884451150514 12.613409649678
43.650445697687 12.409785748671
34.052196175666 -117.80959654335
44.955682826906 -73.578679564816
41.879166774882 12.488956021859
43.190508121734 12.965019423985
42.340395776269 13.16492488571
43.169751034684 13.631954776438
41.993811117969 13.81775352399
43.573510082261 12.534316473445
42.722679970678 13.160464566297
42.196822683905 12.486573990216
42.447021896714 12.42445281263
42.806215371867 12.909150340107
42.139657528226 11.901874969223
41.964008236308 13.235799723436
42.302480243774 12.019223123353
25.586231732997 -80.927387719284
42.159385867512 12.454155759187
42.002751262415 13.289221469934
42.089177249062 12.475524638556
42.523407435775 13.075994222016
42.678109331393 13.590469254942
42.347536976166 12.720901335946
39.936659465499 -74.618879301808
43.629098073893 12.910035660935
42.097216136354 12.165061823656
43.087398060194 13.656880779984
42.682083993092 13.037479708475
43.825616452317 13.788365831055
42.394525566809 12.56275508488
42.337131852462 12.854947093828
42.614202022394 12.053603636147
42.854464146728 12.21657885111
42.737074215795 13.186829168458
41.944503355766 13.223533099642
33.919405659784 -97.469683432863
41.931284388051 13.420589629778
43.239834819122 13.091878265206
43.68341680231 12.421785372061
41.839127002696 13.795913820547
42.183559966846 12.182783621469
42.829307004285 13.292084319208
43.141921130096 12.262747268801
43.646230899119 12.981857155462
42.353371667861 12.710245335361
42.86790224766 13.357111030911
43.218886139926 11.946877794802
42.965683713095 13.153268889151
42.198187356462 12.706959810924
42.465296947169 13.814411438936
42.15738722412 12.164404729944
42.83156216977 12.806385653024
34.592056137499 -118.16458989344
50.730734779141 0.67911422651686
42.417455384723 12.587668084368
43.056571712765 12.175418369109
42.03016376592 13.535975009474
43.76159609333 12.942397841247
43.013819905491 13.086338792989
42.615702094818 13.281489942841
43.228134478104 13.349496720542
41.975127983848 13.78074190059
50.438783273305 9.6160849750117
42.041520508512 12.844406239171
43.508661577736 11.997314126251
60.981255571815 99.018966085286
60.912654502742 99.08689840142
43.254469284927 13.464283078215
60.817855512639 99.421414510078
42.499661667992 13.743265414978
52.322809489827 5.2684585561596
59.747367160743 99.825247642037
42.823716078358 12.181122230471
43.31647544371 12.060526248117
33.255312033305 -117.97884050374
42.098425269659 13.270072359738
42.633188261966 12.804423433658
40.960422037176 12.254911228134
43.514187438208 12.18444455612
43.072062546442 12.075257900227
43.226109421007 12.841788846481
52.978599022365 5.7638382241194
45.426471851499 1.4436822372692
43.570710071184 13.30601000709
42.280310639797 13.050870114516
42.862442961385 12.559401075172
43.040187095685 10.481269385841
