47.37399564794 7.2232741546926
40.427901677673 -75.01979793762
42.284711386696 12.691786098637
46.172773178747 8.3128394881789
51.561067420319 9.2604592671899
44.285134748044 11.479231332957
43.656382188993 12.549962407255
43.394611721597 12.508433819075
-34.32969768527 148.15188818905
33.055371368509 -117.59025207637
51.723674155177 9.1785997986694
42.12429927018 13.530449987657
42.479497189412 12.81560332927
32.458843140772 -97.438977871452
42.268581852463 12.49294625108
43.509195838847 12.456835073187
42.933434352269 12.742741385376
43.698307461242 11.767867950198
42.460394454424 13.673351820427
42.981377585803 11.912171094193
42.804309074231 13.808596909909
42.35772071099 12.751070648337
42.792040808051 13.352775741554
46.444871423508 2.128269773502
42.62414091391 11.909380636157
42.475759311822 13.754093298595
42.651858415314 13.646570468644
45.865573084851 2.329129549828
42.292391165317 12.069863036794
40.58231099877 -74.595025533753
41.841982217919 12.501744071276
53.523647709993 -7.7313115246274
42.19652233936 13.080311529862
33.392257553338 -118.60720780691
42.355144020822 13.112440747748
43.761178932062 13.209503150198
43.501232415226 12.527039141195
43.183207600484 12.259642100569
42.015479092049 13.44423520681
42.468489403144 13.0179622914
43.577550685789 13.619914238651
41.494692548662 -83.663164426623
41.937771249089 11.933018001252
42.56196682975 13.661556861692
46.600155479554 2.525775564148
43.234117894098 12.394368751179
51.804542219641 8.1759128962531
33.224713505064 -118.729969592
42.104780526902 12.268463614077
51.747700184001 8.3471083149068
42.516558307019 12.239783136772
46.595685267167 8.8313646939729
43.731314364251 12.98066162552
42.801883292779 12.638246402463
42.300588456609 13.697807117246
38.644218097455 -122.24840113477
41.896188171553 12.914685050007
39.952535965183 -112.47356544536
50.905698709844 0.78770422221986
44.779938929542 8.3271527797809
25.39804028038 -79.93417755632
42.733624762287 13.425478953156
46.250784534612 24.140096650058
42.931404881168 13.56945693149
42.301830609491 12.413278143135
43.436661900711 12.692808874761
42.644721938153 13.809549342308
43.556260199566 13.222816391041
50.842487600559 8.7472212834969
43.719406179508 13.530382471893
43.654737721058 12.039580778258
42.035709664263 13.520543850756
41.817319076677 -82.238399268446
26.420775267009 -80.943144819482
41.875474913474 13.64805408646
43.27995150924 12.544606404188
42.471586484703 12.533008313541
34.612346506537 -83.631657891642
43.592304877302 13.541490752989
42.543299693423 13.643833579816
43.176403939361 12.129292654886
42.645737941233 12.580110824958
43.389884563365 12.707080230467
46.172472981816 7.4843538331261
42.861015373797 12.718805130927
52.281565713129 -0.55592150598108
42.061041072992 12.134169587018
42.712553972266 13.083357583791
39.289466230973 -77.19752381328
43.440485266729 12.424875983722
42.690775018528 13.463310697353
43.440877588441 8.1350331386016
43.016964217891 7.6645284698412
43.042352746282 12.273294374029
43.498173587277 12.952948426827
42.993681089505 13.026112107128
33.754165971521 -96.705814848999
43.009652296572 13.719294337446
42.750635965632 12.141897521069
42.568879485416 12.135537634688
42.820665444651 12.664967753789
50.560062075295 9.8257058792867
43.783318301583 12.53911217143
42.961312401577 12.843876781822
42.912005009575 13.010638779987
42.72321606696 13.229562441015
42.25174975735 13.431901140826
43.258876020696 12.418767399371
43.778653801337 13.259000597198
42.640456610678 13.249897853143
43.132747504477 13.222959058018
29.214820875429 -99.357555993561
42.196880058032 12.257451109729
43.498965208206 13.272027292437
41.700399970171 -87.927155556423
44.713167424602 10.481992925488
42.021542686069 13.213600400024
43.024997599456 12.972215363298
41.995708717518 12.91265168039
43.510100017095 12.481295182149
26.994934868979 -80.475545088792
41.759265405631 -75.350069256794
50.469602820216 8.571756131282
43.282150902938 12.262084550833
43.442861740239 12.478430199681
46.573798029485 8.745497043126
41.912771274782 11.965615462051
43.743863678439 12.035876887423
43.11698154647 12.357481097059
42.901348341697 13.09822665767
42.263053642729 12.071935498676
42.169042843959 13.385911418791
42.709956006499 12.556328547002
33.901671104267 -118.17703181403
43.76813211749 12.994464263338
42.214135321444 13.580539760471
41.935612156047 13.078229001781
42.82715330267 13.692220200662
41.978222078189 11.95531776594
42.597852776592 12.774797562892
53.334555005603 -0.86303512976408
43.318572947925 12.035276848395
43.533236182564 13.28720212231
42.854535300238 12.111012787165
43.12833381918 12.297140713009
41.805556086873 13.360525605248
53.430603721612 6.7327933870176
45.105777846231 9.9057267763236
41.60103299186 -74.870045601927
40.061455807363 -74.480451713206
42.877363811211 12.789599274208
43.232829736209 13.551966384331
42.012906199814 13.81894650723
42.347071968202 12.480274934566
42.163683182191 12.488247400398
43.599033837041 13.119167380577
43.342787815439 13.361765159949
42.188844153301 13.599153018391
42.263399561545 12.575546590435
42.861080243674 12.584152270867
43.713286084942 13.293761102175
43.396274007131 13.678172273898
51.209717851695 8.6225761252561
43.653783608088 13.328305586415
50.433481503946 9.2360908329655
42.004755578958 12.192002507503
43.321965169798 12.3169410114
42.231741484384 12.346462440394
43.139591198501 13.396256280337
44.161947562132 7.1548814524942
41.914447830971 12.592676990497
43.357839525865 13.012328741633
51.37095733889 8.3287898461934
42.505456089764 13.010302248437
42.449029039356 12.541913030942
43.473188885263 12.636216380951
42.84162415326 13.098004841312
41.872088663241 13.525794775491
42.425124360933 13.114464322645
43.671815328168 12.718677300384
43.241613388661 12.965263893367
51.969136083251 0.80132235432571
42.910740150118 12.146071917466
42.099838303004 12.342363281356
46.157770798149 8.5078161235469
42.4116654482 12.826680312805
43.622073164055 11.912419779672
43.369608644124 13.622943455664
43.593339145015 12.095384740336
42.637837863845 13.41368318743
40.179181360409 -74.570161725791
43.049078385389 12.975015004641
43.056161016273 12.769200268581
43.69804147293 11.946754150554
42.828943923057 13.752415215502
42.457067202545 12.690189653419
42.139243721582 12.899393938456
42.110561830064 12.318859211339
42.415825608867 12.246803418403
43.757435294708 12.35109502049
43.374478799952 12.563338188738
42.767171857325 13.401190649926
53.242580961782 5.8319803467402
42.713582773115 13.307265877888
42.402087564788 12.825001395713
51.312420578353 8.33692677521
43.373882696228 12.111309383137
42.412402052645 12.350703427752
41.921109416506 13.041123875923
43.517703115737 13.367346008966
42.295886524646 12.566743551107
43.628359255695 12.611232286625
42.381275680115 13.146958575208
42.760532073586 12.700313291394
42.780515727972 13.217833842739
42.678467864508 12.859715152953
42.197099625479 -82.326471905118
43.830978304556 13.33456243732
43.091343784768 12.477960466185
45.256105524072 11.817615851139
45.841061557103 2.2328772895191
34.193559210223 -117.38711045258
43.101020557408 12.71697810188
44.686889360909 12.241826522207
42.268889603351 12.501752188218
43.797001844664 13.366565575084
42.032678067255 13.640381246659
43.177605483319 12.965902004396
42.623618721808 12.565294677676
42.990129512285 13.366682432784
42.207284563804 12.616054673521
51.621905864739 -0.62665720038891
42.457962990507 13.048737219113
42.171727351945 13.324146718424
42.465878370456 12.539850754004
42.287267289279 13.756303004362
43.652299571176 13.632071663475
50.216265288282 8.157602109554
42.018277054216 12.282370482724
42.582625420125 12.465159743331
42.558695156874 13.27191156024
42.140300555707 13.416918225802
43.355217652116 12.094303974015
42.399587173222 12.094677257417
42.278574289905 12.919155954367
43.238303091509 12.713528340104
43.382395023679 12.294878100203
51.287885413872 0.40303176794808
42.457255954622 13.18628881929
41.898196461584 13.688114846932
41.947824193627 13.72196845746
42.033849163018 13.073139904588
43.60183022248 13.79222241735
43.505268216389 12.588617549573
46.748615068266 8.1862812243338
42.857428414236 12.013991287471
42.253887003893 12.484015125562
41.954499227926 13.746309961095
42.733459408758 13.70482186263
41.927781339722 12.797172035949
42.622310403114 13.750107845196
43.190230711939 13.56387553113
42.699066219267 12.196416192801
42.810556811679 12.04927017125
43.490104977291 12.328668148431
43.700791260109 13.537979187715
41.85915614567 12.019511598658
43.135664728089 11.977638329856
44.767365758434 9.8372645486575
42.540790976764 13.006734141638
43.461892557567 12.615151456865
42.190399687381 11.944134618151
45.690076570977 8.4323702984896
51.21775082183 9.6162871246302
43.016128049261 12.094234186755
42.560529250468 13.227281105366
41.993805598486 12.935156384939
43.693577909255 12.207355300548
50.607634641513 9.3375731247187
42.069186104049 12.810211701717
43.537450262617 12.067247886729
52.943298717701 6.4141065695622
43.432906105406 13.759682324624
43.650678302485 12.311541414986
42.613506950745 12.51644279834
41.896820859957 13.100388387752
34.685321227352 -117.14988829505
33.125485808915 -96.636459657154
52.253704532866 6.1561833868763
46.985744441641 12.44449516525
51.907511757644 9.7108222081842
47.081738143986 12.416716084798
42.001262833386 12.016726840782
42.872372406496 12.079194347432
51.11637980962 9.7009921864145
42.428798424301 12.516745165718
42.547678005226 12.926872316269
50.593189159684 9.4140379151395
42.658835441202 12.145130210179
42.863866140558 12.668237370771
39.624756926761 -76.219562326633
41.946618649173 13.191701054683
45.630235739837 8.3691447245745
43.317256729287 12.222655220082
41.852924928953 13.14070773925
43.588138586205 12.240213257393
50.70362433498 8.2258296703109
53.147348396316 6.1890752885673
53.135463449701 -7.3151932625636
42.159087350687 13.826911298964
42.917419583985 12.401391044467
42.073781644515 13.4189471884
42.463929552822 12.79343104355
42.432627986408 12.026487089727
43.559113769142 12.667269015085
43.638844855448 12.209899166718
43.441536678228 12.699943198238
42.707860348631 12.078409134934
27.612079318284 -81.815362863744
45.391521364889 8.0358075806805
42.27334695138 11.995957203229
52.539240265283 5.043251227724
43.262402533697 12.88581546905
43.029628200026 12.645336439689
43.335106399553 13.49682511042
42.695598740476 13.40507482572
42.31295984581 12.213844959279
42.227941388857 13.250183572199
42.073769256994 13.587187372908
43.491115735628 12.115715837647
43.343318624603 11.853979292279
34.338033464275 -119.35442359322
43.652600814913 12.134773911992
42.317428752949 13.796034947895
43.788421945103 13.101696837296
43.279342218453 12.111200024912
34.972048555799 -117.58304495696
51.438897888381 9.3058618550682
42.163314024084 13.206818764215
41.905411571241 13.79115454193
26.574224779167 -81.098979020813
42.004652997502 12.469576873125
42.002195360161 12.916866688506
43.088113035137 12.284417566997
43.767611959396 12.459163085792
42.372229792838 12.258640032403
42.674901754465 13.681974987372
42.164875860424 13.097706398062
42.703585194772 11.927655227004
42.075698162951 12.270011335758
42.142685837665 13.301671925628
42.516925191768 13.565832413552
41.914675334915 12.840609996061
43.790736873558 13.093297103484
43.379319436114 13.008576407122
53.245690018286 6.3421108413451
52.844554810945 5.7341058645323
41.959433345126 11.905036587245
51.844411834303 6.0965773422954
52.562639120995 5.4496932358945
43.800379082954 13.593492329418
46.540240623774 2.7205095876569
42.65301745464 11.94239805871
42.132932924748 13.806393579045
42.792241314816 13.154268116317
42.255482834904 12.246275307281
42.588253659025 12.649979317419
42.49288674469 12.889858501933
41.916700344981 12.048381275541
42.969644535805 13.53473260886
43.45766165876 12.809133602704
43.761117803308 12.817159767664
41.929190115526 12.093010684074
41.931391436596 12.810437661994
42.094899329888 12.681561976078
42.419279718522 12.934803153379
42.308325887357 12.645806461894
39.56578116768 -76.648810865619
42.977869874557 7.2967611808548
51.102920879192 8.022899127576
51.236090152169 9.5202981557326
45.613703931502 2.1367137507241
43.37092658338 12.842449016351
42.511760042774 12.352425052038
43.027180672657 13.118338374963
44.84732965445 12.124091229366
33.556189553922 -116.82667382217
43.297541831314 11.936681257552
43.270351073386 12.052902882964
42.766834908543 13.092388739873
41.896543442244 13.73767467904
53.151214622264 5.1734333352295
51.623939155892 9.4213039159874
50.426784545848 9.1423528977401
51.119274110123 8.043702125104
43.162716893576 12.795612814296
43.18796593893 13.244360589091
43.090984096348 13.11263304863
43.299043505613 12.115183624048
42.941341955208 13.033246808722
40.204158655292 -105.06172072739
43.093998208707 12.414998755073
42.377095615222 12.648301927696
51.538676112675 9.0583421271566
42.795751153536 12.620425903804
46.996692138236 8.5204583678512
42.18129308998 12.575541848606
50.003142967356 9.5135235555999
43.11387407042 13.238241366243
43.616701938986 12.051216131587
50.531077948646 9.2177581108258
42.572967338198 13.298682130568
51.287758763781 -0.17911315815947
43.046232068954 12.635511471276
42.87850940969 13.092652288795
43.443865108066 11.901713509088
51.514548435348 5.6475831511885
43.804724883684 11.929901198472
42.243714060769 11.842086031049
43.534659272795 12.611951708634
43.779213490814 13.68347678414
46.794005349183 2.717666056807
43.31036286678 12.915504165441
42.641749114118 13.018994036626
41.157987364871 -75.043971882531
42.101139764835 12.097235396105
42.567979425012 12.348658293669
42.161665749832 12.780282582541
43.411016869571 13.416901053145
42.3334414523 13.559778008892
42.192316580209 12.943725190586
42.813292123311 13.782878708946
43.011479835052 12.560118899031
43.08603870642 12.805488869478
42.733038822551 12.898148346666
41.961612527727 13.613660337245
42.616525580018 12.571955983349
45.121532164571 24.448605487332
41.944360591001 13.736310972265
42.48392116303 11.864994335412
42.120720129537 13.174635432297
42.210917261083 12.982269960003
43.7593268374 12.358003555053
33.965187396223 -117.41124668714
33.226648408876 -116.8240519717
42.365255924598 12.091280752391
43.154400017205 12.51930234235
50.549509740225 9.3020711607775
42.011828202315 12.235782249496
42.477705638168 11.93175984592
42.452061684102 12.621773748969
42.808070813703 13.514622461777
42.422796797691 12.545729722637
43.536373450226 11.915448305644
43.741484052402 13.173451599301
41.939482334063 13.579529654526
52.637653400254 6.2625228355231
42.250716803733 13.261987507486
42.412920585581 12.070850157233
43.780021202203 13.159287148716
42.837682772373 13.550733886937
46.552363870923 1.0225218543888
42.25970971226 12.479919048736
42.633242596722 12.028157342725
43.427552546595 12.76510745185
44.745479435963 9.3063719187683
42.365678497316 12.424811455174
33.640014995367 -117.6631859654
42.976332207686 12.352176477386
37.805360072265 -122.80011048183
43.106620550692 13.446826072173
51.50510496693 0.67460291160485
50.198295256681 8.0064692623012
42.100983819992 13.127698080695
43.524549452388 12.649009056247
43.399529090358 13.123286584005
42.30540239967 12.933122252104
42.773497573947 12.64314109771
42.370978477605 12.676635267083
43.414360278966 11.848467429119
40.176768311068 -73.521484997032
41.884166053463 13.715589192119
47.603071257753 7.301516220114
42.259652349774 13.669113367197
43.157789812518 13.422219480605
41.908316623863 13.32832062774
44.800089230642 8.3894954723467
41.85316280038 13.350079506354
43.568750125642 12.465532960608
42.081501490495 12.663172740353
42.802938552503 13.275139596928
42.672997176982 11.985767843682
41.941807194141 13.149983870888
42.550012450011 13.055033181841
43.732851658844 13.653725482383
43.471585004365 13.374379806416
42.78710618002 12.032124117053
51.028318569077 8.1485583042486
42.040214919059 12.116367545054
42.106260425947 13.546687903158
42.255080384342 13.742954153003
43.247172375811 13.244844180201
43.358430689854 12.459156686675
43.426486136611 13.475941459425
42.564421005831 13.662092568216
42.757003319358 11.970956089914
46.725212849549 1.7457451861099
52.048616796987 5.0846034783565
43.166196317045 12.784918135419
42.670328955034 12.326605662411
43.004512441833 12.694534048317
52.957035545705 -7.0749748563743
42.660616128568 13.41422368654
42.827863464073 11.993565416447
50.341402255158 9.9651779648686
50.044436723946 9.3386473112454
43.813706079432 12.42457980731
42.136551582339 13.602430729031
42.237474296374 11.840827537182
42.773072563958 11.840827253594
33.85345958477 -118.08239691221
33.507315110963 -117.65378433941
43.316769230814 13.191226639895
43.486048625098 12.424293862409
42.274662526939 12.529650149203
43.045923417476 13.628200322703
41.952998787629 12.992669015209
42.579229496245 12.021408168164
42.121985190626 11.937937531147
42.963460108735 12.958065896296
42.430890743495 13.443952573482
43.4961531528 13.220863449977
42.795080580209 12.711070295775
43.547092214968 13.490688284177
25.965124648031 -80.408780035097
53.52660554672 -7.0655782181144
47.309763440919 -123.1712880234
43.243338901684 13.686144065452
41.992197447939 13.661139682264
46.596395512389 2.8646227889064
45.081213553008 1.6081821525508
42.235319471117 13.626591133732
41.924732391708 13.218789362472
42.763669187114 13.041345011949
33.360749516908 -117.22991964039
52.476133266918 5.3799650686001
42.422554479664 12.965837489353
43.615764756995 12.767490669532
43.296256234097 12.330649122771
43.245183881042 13.689647943124
42.706600813545 12.591368066443
42.788484058265 12.532643889812
42.595278890636 12.698446364954
51.594691299179 8.186289926612
42.295823620791 12.881967768505
43.151296516041 12.882979711019
42.630048985442 13.780144188006
52.087312543107 0.72493819175984
43.181220907823 12.763598223593
43.479493513482 13.456303727115
43.013374143773 13.434034136813
53.153364254699 -8.0337408571661
41.995486164484 12.030398844311
41.837567519342 12.422017300719
41.944502952504 12.531342368376
46.563689412346 1.8889098287974
46.915795964615 7.1379089761236
42.921294491257 13.661684684785
