42.795993459337 13.196418358126
42.058265714489 13.616661845083
43.485084601459 12.241752548743
43.648040954397 10.797330932947
45.12927573099 11.940555376972
45.449970475726 12.068183327193
45.581898056384 10.994578058733
46.134341742047 12.11075106296
8.0238344725332 -80.436389839014
42.433816340044 13.150905194318
43.181949084265 11.942002711812
42.512937606572 11.979543702688
43.572499330443 13.760860249775
41.842864138953 12.365624083397
42.628132222999 11.938296300817
51.738464155811 0.66031562841978
43.236641139389 12.05247812257
51.789216630761 5.9608039870909
41.968236246152 12.5643447822
42.400950607586 12.556084405445
51.557298216763 8.4527213277541
43.14065474327 13.46979692416
46.086834106693 12.567470051332
46.631091774388 11.137162178421
46.393168927472 11.711749149885
46.63883601776 11.212016292083
30.471079285773 -94.642210891047
46.865610547557 11.108272351375
47.06446197937 10.176469315857
43.057415118954 12.801995678268
44.661689604694 11.882690137459
42.822347313104 11.875116419476
50.187418548478 9.8515875147896
41.960740410726 12.585651216857
42.150308027955 12.46474534716
43.479375268577 13.197298321055
42.457847452491 13.678580148948
42.28439797942 13.773132413541
42.800013857822 12.533184821987
43.471278916354 12.579584671475
42.307503948618 12.29595495916
42.989470442307 13.410536307588
42.489199387158 13.126781689549
42.670731412115 13.175835843301
44.785214883646 12.442881243234
43.461477212378 13.315927610435
43.512639338876 13.737793301131
43.012725123697 12.340168282569
42.162193439997 13.475566852615
42.778130558703 13.500935412266
46.672869929426 8.1408280884572
43.470879965702 13.402401552278
42.039338361046 12.173193577779
38.98142851655 -83.310276782462
43.662748503828 12.181709185814
43.395247413516 13.391196366603
42.905590967718 12.726734598992
43.592313457577 12.40982492103
47.047651121091 10.246190562398
46.279743398789 11.253940008766
44.763134183005 11.364548765554
45.04824543815 11.574700814735
43.225317410319 12.241018694959
44.143409025273 10.397696274073
42.546428866494 13.70125530043
50.145754494772 8.203640278058
46.416991552071 11.716984866245
45.135531237878 2.8332221092811
43.02213413318 13.623089362713
43.682088253427 12.598255986647
43.09092560184 12.86183765666
43.504071809607 13.774266586555
45.178069965554 11.309410127303
43.536751165326 12.918012777792
42.833057956713 13.070972207522
26.716661601178 -79.435799334211
51.164201620577 9.6586907825706
42.012664394946 11.957328814549
45.922801895287 11.70105893896
44.871122045473 8.6460594608175
42.843807172444 12.68085557163
39.904077981549 -82.331809922919
46.05474527495 12.797976882287
51.06286467475 8.3466369660323
43.540729239856 13.511451625524
52.247938393032 5.9415836782155
43.705613098457 13.525862020241
42.676971298979 12.086460932219
43.572729858858 12.334492746917
43.124716540412 13.648887128892
43.099359249763 12.007629094204
42.123960273652 -83.359071437178
41.999283303527 12.827027935941
47.299799246176 10.844925659755
41.850829136044 11.902014287164
41.961621793456 12.391848135477
43.1161400765 12.869819311385
42.256380529283 12.689653092872
41.974173573786 12.666035628743
41.913669467419 13.51217343917
42.075864972137 12.736479980769
50.216194960389 9.7314655765572
41.960378150924 12.157978605108
42.311410053799 12.32962291612
43.127566649193 12.836560242754
42.814192854734 13.450046653624
45.444186539668 11.746386864731
42.610745582104 12.221980551382
43.129642711568 13.072816802244
43.519549863676 12.715230745617
43.592195945157 12.90671042211
45.606929499126 11.850549152585
43.5137232377 12.338546317249
45.782644894804 1.5383879973266
42.700362409346 12.811988738765
42.579870943271 11.929962015234
41.839359714596 13.443978213933
50.46043805101 9.8919448470194
42.077238362339 13.190802370308
45.995879638126 10.778545108588
45.78119715072 10.692815358675
45.477757814239 12.002718559372
45.572829423392 11.032200135839
46.369488206517 11.103109688614
46.792943525616 11.866319372324
42.114253652822 13.794967096224
46.527810865446 10.599743888129
46.62294901343 10.558762738343
43.390668685285 12.994058377593
42.620468103637 11.912959041054
42.968118177267 12.639976705744
42.155709776655 12.774016695479
42.627052040152 12.019585301664
42.022660091551 13.821794176878
42.084667228688 12.347489385583
43.593208010606 13.346234050762
43.38280522983 12.210387115486
42.991777403763 12.922119232345
42.082874703746 13.248469105127
42.038505828978 13.196400393844
43.649963540349 11.924073886578
46.295443009257 2.6051965433197
47.003415352923 10.18276794403
42.120832208156 11.927579381956
43.811318827726 11.944669953077
43.576902129511 13.523948809863
43.701421933596 13.18826655449
41.979644618009 13.421501650227
43.606605667459 13.801810334365
43.692213495605 12.292730913655
26.922240549645 -79.778469829527
43.519121777995 12.324635275346
43.685677769934 13.637524864023
50.978987856293 9.5257643039924
45.578311253608 1.3625206348312
42.42487332107 12.004396543861
43.00308721282 12.615041158935
42.357046842297 12.524017333318
43.115662650746 12.910996496191
45.171465895985 12.495146153518
42.804084424791 11.951331394257
43.068724393898 13.12020093024
42.042175604071 13.5632819159
42.374079254185 13.353245211951
43.832268099243 12.256447374961
45.533753618381 1.2567876322459
42.904320000182 12.598012370357
43.163612483166 13.763562564183
46.796341783363 12.013800838691
41.968642220373 12.233417121823
42.449467962372 13.236338983421
42.893253071671 11.984836690142
46.786262042374 11.22383288125
42.659540906411 13.060877596543
42.419121924073 12.705368865165
51.332672175408 0.78633186112919
42.350861112306 11.904619396175
42.47062520148 12.815432849741
42.163994086072 12.139416854915
42.648375478896 12.978338899567
46.336704818342 10.841029368335
38.324046262142 -122.26280960515
41.98678741233 11.849711173631
43.475586555209 13.445407891874
42.796332352255 12.331645229541
42.110958395598 12.266922118288
42.668481394515 12.209142107169
45.960072324127 1.8157809212877
42.62086878748 13.485379713834
42.30005460528 13.485032604323
52.036653686099 0.47759947384131
42.102513052592 13.768360346469
42.634486584309 12.731527887181
43.634783578888 13.348965505322
42.521565073434 12.829471264907
43.474025097452 12.390082713885
43.003976659872 13.829170823039
43.298156616904 12.224187547466
51.215379922285 9.1771654142892
42.317774955818 13.054373088805
43.182726171439 13.617770417436
42.444054583781 11.964730792683
43.068124935084 12.824133835672
42.141792214097 12.82489423634
42.650458551802 12.22591815529
43.655913077621 11.901577926216
42.042377094779 13.425427944153
43.297737733155 13.151239419913
43.161720200072 13.625387951113
25.617404838829 -79.203754543697
43.310935008971 12.743089123065
41.908504117724 12.953302663285
41.886888082573 12.865007067989
41.908138671868 13.362521750577
42.062953933658 13.739397753395
43.341998288588 12.098480425842
43.488673375237 12.475343786422
42.315354008861 12.017786725919
42.992086203321 12.512575932107
43.758383652104 13.807157165302
42.574159820387 12.071155262699
43.276306918041 13.315533476584
43.207488254762 13.269957621729
43.258823523439 12.594389295503
50.758517753453 -0.35237682585715
51.255828560449 8.6858280346197
42.982913783764 12.010598314486
52.031798891971 5.1773741731548
42.855239198497 12.275077695642
43.254250624356 12.401495308358
42.042235840153 13.361158868487
42.520544343891 11.997861444504
51.56490704234 0.81680734209102
43.159515540211 11.884580013309
41.841911495145 13.59796796024
51.471083715777 9.9140712404223
43.075341918562 13.047485957431
45.180217223326 1.0330567942155
43.492109900591 12.120306220448
43.20682197495 13.71423767589
42.40406736054 13.543822669698
43.101518509046 12.703991724061
42.093415564456 12.671858540604
42.399719292971 13.012981822741
33.914574359226 -117.4146062607
51.756189928509 5.9030197170344
45.278861863322 11.963251420813
46.318712162587 10.755599151319
43.111915102767 13.362653499193
50.50633016392 9.8706225910553
43.266306385077 12.390011186914
43.688652764416 12.944600093639
41.913491973634 12.553408970869
42.004403665219 12.270906860622
42.915091335755 13.766716642218
42.265174759231 11.983808273929
42.90277898542 13.540134297025
45.751070030593 10.075138540529
42.911599688677 12.889083205226
42.047078063754 12.623075507427
43.039935899472 12.677509958727
43.216466463293 12.960368074479
42.269418882818 13.815626314311
41.893611552631 12.986314860187
53.158821268314 4.936522069474
43.680422114081 12.724996752464
52.315167490307 0.67113367307984
42.37239639108 13.52810935144
43.021370973469 12.893621807424
42.035236475095 13.748570139424
45.935379366479 11.785978600351
38.151038532681 -97.127749220528
43.733619208345 12.2766781367
43.729208227142 12.290242160361
50.526558367315 9.0796595192885
43.724868390602 12.697458094797
45.336549031493 11.086680398482
42.749873749351 13.758611256165
42.745522199567 12.799249856195
42.256606135192 12.891658365231
43.565126793278 13.489249020132
43.727910491532 12.479733553494
42.818411342736 13.001194099452
51.548207968729 8.5295723907322
43.510433766318 12.586239423897
43.007309895033 13.261269200736
43.375503597046 12.749148937778
42.578450354572 12.883086248733
44.126147786426 11.043540977057
43.410957010675 13.760386401697
43.492106085893 12.677866689266
43.584632137152 12.30951840121
43.372986551103 13.738133983586
45.645228030728 11.89645400195
42.817205584544 12.819828545612
42.29191774425 13.33058174717
45.695998833515 11.740693216927
43.208832184902 12.395491606761
42.586892858442 12.166301907139
42.167376606824 13.135587694673
43.655744722439 13.593096793461
42.411072698634 12.745397113632
43.548001161121 12.384959026906
26.324247772474 -80.88899750704
44.544425630008 11.948511076555
43.246266093706 12.685022541662
51.050724538998 9.7838940996602
50.299505805271 8.920734582432
43.358368935251 12.606006868952
52.288640844537 0.80222818706754
43.617012149031 13.275248989612
43.822828105124 11.945990278381
45.030703992366 12.556864458154
42.10627031799 13.289454377878
45.818505445529 11.707818347892
47.023266187104 13.022093604017
42.194152006525 12.22865493003
44.177343794299 11.295028673972
42.051287612923 13.59405313462
42.784493467226 13.331602458086
43.758509117553 11.975494480701
43.54989736648 12.303994883946
46.483218057094 13.825994230514
43.420599767224 11.849117304149
43.44718876504 12.070379448177
44.877265455938 9.7968911232645
46.171459370373 7.3393735691623
43.485918345177 12.277433828601
42.31797369959 12.857931373596
42.443631218043 12.622346882088
42.323739714161 12.210403907232
42.728913757845 12.088345321889
46.193182535094 2.7030804025489
43.610328671828 12.2786463305
42.43249652231 12.672751875463
42.378191998426 12.899937572398
43.68911696865 13.151004159914
42.153150213043 12.405415416905
42.986331161592 13.308728592635
42.91960603649 12.685539477845
50.711902106512 9.1993157003072
42.9071771628 13.790675536187
43.804305097484 12.141307652549
42.181005915267 12.826980593555
41.92413538041 12.532690352098
37.990376652281 13.418000353925
41.917822505796 12.962519983299
41.875167494603 12.870417077521
43.54809433622 12.940746115514
42.599398508502 12.781044785784
32.167500498585 -97.710282467969
51.745281934154 9.925320425036
43.030524342822 12.485868747128
47.998786745381 13.440872576547
50.654359104416 8.9554679388904
18.366291820105 -64.449163452049
42.932411272534 13.221032035661
51.318615442756 8.4722766217181
25.338895843971 -79.532496287079
51.966074802431 9.3694108782194
43.641624486859 13.531676267077
43.771465846718 12.988155860935
32.874878952727 -84.523549655603
50.653102619878 8.1724769962823
42.304925415362 12.472478092423
42.712323441523 12.354306472186
47.936543552429 12.653203248604
47.138720406538 13.446856004182
50.943179872559 -0.27710775303985
50.830236866525 9.3992339579385
48.011231396141 12.40354235887
50.812146610027 9.1080473959949
51.587463473476 0.31860004887386
50.992946215203 -0.013208483868837
42.233063431586 12.954889450688
50.641159352214 8.6652391365102
43.103043518098 12.392392448353
43.27066929234 12.074619487449
50.305820556034 8.7150933466456
48.181331394579 12.989912176754
46.458280207591 12.59259498638
50.842123992202 9.6138857908612
50.36893231858 8.5549875430553
47.916851329832 13.531964345405
51.435804993583 9.0777444453341
43.387408209235 12.456780418522
50.468532650484 8.1101035746327
51.339833680233 8.5576225507807
50.87979596382 8.9492424339751
42.731781846274 13.585043568458
42.149106811822 13.027846459333
51.106204577771 9.5508343682395
42.440235053415 12.173558836905
50.679094558432 8.4877023880778
46.510181280091 8.8712808843103
43.577783224929 12.49526955585
51.8808160894 9.1763410326915
51.118436942398 8.205377061947
50.712355611246 8.6633302004371
43.570648165241 12.257221321716
42.429465031007 13.254607611941
42.244660053537 12.384850025843
43.722981643289 12.114407261908
42.208425426974 13.442661391333
42.605632421398 11.878457472624
50.916653188605 -0.93211186679178
45.327089180449 11.350237288395
42.255958367745 13.162610679496
43.205089231138 12.192016783281
42.085738940225 12.330758484255
41.703856647494 -74.206688784756
42.55565317981 12.166015544539
42.123097958587 12.344911636501
42.546252640705 13.124875776549
45.666992798409 12.588223432721
42.079659921641 12.042429223232
43.427734257408 11.957880437376
45.068174078161 1.7038677109889
45.414951543575 11.25200086676
43.803906715405 13.448317894011
43.522466797646 13.600867641459
42.307540941216 12.78938284043
51.95395410408 -0.7145257218855
45.944370524621 12.4259948883
41.849997012361 13.108939482902
60.774968141585 100.76132062532
40.55250184885 -74.582209709509
43.46517794929 12.896579727503
42.769852778788 12.223129771775
44.61378347505 11.782301181156
42.731293981791 13.226463189009
42.12024312055 12.259462140642
46.193596365605 11.604705487727
42.281002710725 13.143216071272
43.235077477191 13.745342201921
45.586245420429 -72.972497650081
43.716425154247 11.98918699987
43.624023287403 12.334042115779
51.538698103064 8.2011505999608
42.002026310678 13.21163409029
42.433515741247 12.870823040565
37.6920733948 -91.236370307403
51.709569601207 8.2162672184483
42.215033962978 12.07729910832
43.482835718676 11.965784893376
42.368647588889 16.189669066758
42.736292648959 12.193075765035
46.254217225364 10.206815460861
46.83260973547 10.89487720795
43.384970447249 13.785849546469
33.164966680366 -117.59618916419
43.197244202365 13.018552336871
43.320811575449 12.167952780711
42.107446443361 12.982563301468
43.506672039256 11.008131818014
42.093170462241 12.362456020623
43.147901494146 12.438676230835
43.568506502366 13.655679662107
43.659488582846 12.172904515275
41.992374917975 13.768549287605
42.259349626631 12.202179277431
42.540182266191 11.989356264022
46.251188520552 10.027772124127
42.497833937659 13.324020893485
43.22097464477 13.645677950089
43.764395519071 13.425671664752
42.332077167638 13.209186306342
25.042642373129 -79.589312605644
51.26769483358 -0.85840181259829
42.004349446413 12.800082199203
42.923721275743 13.213837032793
45.410597658095 11.532478204313
42.174742985154 12.083837553453
51.716759153044 8.7708091511255
43.236872638707 13.441657159238
51.036820871307 9.7908320444593
42.43727384437 11.911163797582
42.812938636103 13.170160491585
43.702498218858 12.530909204658
42.275255486053 12.802938012801
43.727436054858 13.569105722296
42.925159731866 13.465216350048
42.307090016246 13.020516747174
43.605104838335 11.945201819292
42.075326972231 13.587500073776
43.468973773771 12.304567109025
51.552262040578 8.5744952138395
51.742637356158 8.9026487869689
48.04341828152 12.941478312242
46.080101633295 11.543742928788
46.10980906324 12.652162246125
41.862326457122 12.536445597923
46.656595443961 11.258323743941
46.333944528307 12.6273979904
46.401997093087 13.858074681555
46.805708464864 13.075490606772
43.3799020948 12.000609456117
41.900567176726 13.337957241285
31.891423238375 -97.074287523566
45.815402853242 8.9033813966919
42.005828651623 13.00637365135
47.760337771271 7.7362374685408
51.923380290821 -0.058672142293613
43.472784026767 13.525851670453
43.389831003004 13.483127542552
39.663146816953 -75.121534709922
51.018614169219 8.9149734144634
52.93359375416 -7.1711989120446
43.524968548012 13.158457581514
43.176716225325 12.073967991452
42.593972406648 13.358070873843
41.964352288753 12.730956490513
42.07621522626 11.856898685406
42.944356172806 12.899755125374
42.348478074834 12.801511946063
50.184025129855 9.6220388797214
34.666714565985 -118.3840720262
46.660960122785 1.7372233447326
42.50801864199 12.234423332978
43.204920643591 12.001298347044
43.785680999901 12.743515238533
43.182789450617 13.41933898044
42.498658090152 12.023075441862
46.931432251575 13.031799516444
43.709476585386 12.70851646166
47.743799448977 -121.40979308506
42.545776341851 13.762251285281
43.451844310154 12.805095998035
43.311187044418 13.699041060519
42.193801606185 12.805370748439
42.544248762815 12.635696676877
43.735762721291 13.743253172277
41.916097561811 12.722376955565
42.236634912566 12.975781172989
43.651277764559 12.113042132071
51.587372722843 9.1409888738492
42.58653118258 12.97958437308
43.543757327641 13.362517574526
42.140839221974 12.137636661615
43.149044222289 12.021950782308
42.539772508007 12.444217473031
41.880184361676 12.572033664033
42.525801413958 12.174045651788
42.667639704287 13.114131276104
43.477833303401 13.200219388234
43.096323696962 12.540976766304
42.606579218829 12.718519378809
25.470920507533 -79.24630402347
41.942167869763 12.452733477809
42.716443098039 12.354541308898
42.35343651818 13.346288906593
42.957279928495 12.660572950591
50.709208526513 9.8802690058389
43.444627669402 12.198303717768
43.770987822123 12.794862506371
46.368926335764 2.5574854796554
45.41137355178 10.495943914
45.972306342901 11.926278042175
41.918501285819 12.260184877694
45.187718217002 11.114358603609
50.838178389398 0.11851294525365
43.721060490592 13.465766613144
44.136308096631 11.913014571869
41.864805262494 12.965537428395
43.649309003583 12.35985243805
43.536212072047 12.256693836908
51.800268087577 -0.36234434223642
43.448376145444 12.495148951439
50.222918326139 9.317237912825
42.415830863389 13.147395174109
42.863700610543 12.866198013495
26.79924162699 -80.082142399472
43.757775488683 11.973051360817
40.547378623879 -73.524222046633
43.045335112647 12.591495049948
42.336822621702 12.775756250052
51.591960659293 4.8821184998993
42.030954569614 12.600885664879
43.017678520206 12.42791703086
42.685179119804 12.317856271455
43.399656376543 13.319986577781
42.480403747654 13.58582157997
50.787191663537 -0.46171874952116
42.464339091214 13.413866169033
42.532447732323 12.60892272352
42.00095782338 13.427258085679
50.852139783023 9.607774828378
42.731962507953 13.132453240537
45.760933290779 11.739930743396
42.658133882425 12.155042749923
46.731684568001 14.289368934387
51.490668836744 9.8357685063201
40.894024257029 -83.994401241827
50.546781557401 9.4245235968495
42.890521788474 11.885882583415
42.176419910147 13.777772708713
51.86742011824 8.1124421726505
43.772772503466 12.488007499153
42.492307932832 12.913604787997
43.368419603637 13.115498228539
46.448273590299 10.189954979434
42.60174395244 -83.34120875587
42.349502142237 12.495987176681
50.24219779309 8.9103134246125
43.563102224659 12.701919091748
43.204610134126 12.239961244299
42.673536142203 13.345617280989
43.992915414023 11.188560390263
44.88943906903 11.863786934837
51.224328022788 0.27542321158826
51.643772212623 9.0598445530328
-38.019238850111 146.02551833791
45.742557905213 10.763508806102
46.540228251154 1.2385213762701
46.971184319591 12.343042985018
46.947621558887 11.829428730986
38.273683187879 -76.299828867452
40.932526761786 -75.072043021374
33.083972866381 -96.540132466182
51.384417261176 9.5705902127412
42.930035905435 11.858229120217
41.934957550364 12.684999801558
45.631515263431 9.8648921458353
41.971798555933 11.90671558024
42.142018715938 11.988887165689
43.747845875469 13.728200391761
43.289871025521 12.953481534961
42.820003299911 12.164806519267
42.540844286599 13.297671935681
43.829178462212 12.246198935104
42.035095167849 12.118528876064
42.014527284102 12.035702466537
43.700135179677 13.054432941647
43.587146983776 12.383174722748
50.823986845475 8.3481859068145
42.504016585904 13.221704887816
43.180951595877 12.722606306787
43.765087023755 12.283224674095
39.275116503828 -83.975595043672
42.759729649315 12.962050495673
51.914242527408 9.5758813482597
43.002845934615 12.736127447235
42.313966523092 12.629621983354
43.301115708587 13.60248480488
51.505546445728 8.8618988789906
45.321511241876 11.13643970633
42.796936151032 12.541565489763
42.412146132187 12.155406765733
42.68835626763 13.725541999457
46.692191538116 9.6265065457773
26.062876977039 -79.932026294769
42.252621646643 12.380008903064
43.309680846219 12.987931616154
42.556912752149 13.490520335518
41.910089147722 13.210038462307
41.885280472194 13.007156119241
43.405952894805 12.883788384464
43.806390750618 12.913833503592
42.353233186714 13.453019408275
42.67056556545 11.912903603612
43.081576741825 12.365325535839
42.543692486169 12.2516697912
42.848821894216 13.767005194357
42.424412168781 11.896655967898
42.640816752653 12.610514283486
50.253931959278 9.573912099271
43.759636020197 13.796100922321
43.103240381064 12.477077043393
51.367141249761 9.9442925760263
42.291417305514 12.88689459764
43.14678684305 12.882134412847
43.762054165735 13.059207638309
43.215509354724 12.187536685836
51.963578815555 8.1449752138671
51.364052793646 8.4656282530472
42.554237577878 13.008859494261
50.144453047376 8.526439595747
51.10790331527 8.151103691734
42.885931482506 12.959552824034
41.927419427304 12.496689379002
51.982491532798 8.6324497645872
46.731759162495 8.36624974076
43.447902581884 12.479556907213
42.53828018279 13.159707610125
41.887717965959 13.348952054695
43.380967306172 12.153325047902
43.740937290614 13.50104984294
42.679174220527 11.899265758202
51.02651505872 9.8141231196067
41.90574238773 12.345511490661
42.198428370172 12.114582433905
51.962130791024 8.2348252969025
43.279006245697 12.099194166783
42.863517092498 12.105784784607
42.213893446261 13.33307044831
42.141243646474 13.61764993922
47.263672632078 10.449143793643
50.946126161584 9.9212137148349
43.313494288064 12.922523600034
42.196951521208 13.83095371112
50.535480555862 9.6482382657231
44.711838883607 10.296887101371
43.318033314945 13.670920078976
42.457129546209 12.232341836801
42.045212653042 12.267579060193
42.496935705441 11.973056015567
46.096534894638 12.733238631617
46.667291303665 12.366574125235
50.061443374055 9.6143633009001
50.601769849473 9.929542698399
43.42880533192 11.918305518554
41.853284973604 12.228306675457
45.205680321998 1.1707326956888
43.72107554775 11.926453777576
43.587844963946 13.405610857276
41.918958534004 13.111490338648
42.65430820533 13.60153269565
43.82709295157 12.384176919437
42.819528234594 11.971031801783
44.097670625694 11.689177035005
42.398179729676 12.12845048689
44.398269647671 12.271312743813
42.428927127958 12.114472267292
42.357838377544 12.640143180585
25.722667813621 -81.080646257229
42.638496429978 11.88517616686
43.087402542183 13.708091657959
42.301593315483 12.729507207766
43.664138111616 12.375843874841
43.065643155533 12.120603679757
50.754782697072 8.296216011651
43.661572417108 12.570963846341
43.159883306457 12.02256260862
42.329622568271 11.890099978044
44.991276788113 12.208038372735
46.742547557569 1.7812521032902
43.745816757805 13.21097990929
41.995353286173 12.196401039251
42.963403016333 13.767550603399
42.663777505378 11.953769209794
51.778362117605 9.9825043976225
46.878723266667 10.971264513361
50.448309573088 9.71288761716
50.833698723853 9.3885214037208
40.601824728273 -74.994704072958
50.557195849976 8.4637733718677
46.214606623919 11.996303731739
51.895076822906 8.5754132492353
42.688948055605 12.396808684078
42.984703861191 12.443854304258
51.876636218688 8.8437408087047
41.863634850787 12.362832011845
46.371024154954 11.969460685423
45.814480516696 11.765631704647
47.120952277223 11.834228240973
43.717094617319 12.241147307347
41.162964178011 -74.206099244528
42.002562108006 11.938608047079
42.595535976645 13.533773250682
45.61253189762 10.509061449144
42.628257215802 13.3552103105
50.085771839174 9.3720415552948
51.970242049066 9.4000561583787
43.785319835334 12.794310137555
42.730596181366 13.575062545771
42.017803852941 13.032238297666
42.444266129979 13.137018072038
46.982381532426 1.0149160958896
42.273226366527 12.759566377757
41.945428483184 13.625980223842
43.174628408262 12.947989351113
46.315154397194 11.845904539801
42.195804701765 12.727914214494
42.83511734888 12.755993385241
42.579888792534 11.904919330939
42.173430656185 13.034996458367
43.132811652114 12.324097491973
43.079734358995 13.752477272785
45.969004101731 12.250107458398
43.023275722316 13.298385013055
46.464472451717 13.372488741725
42.872610765471 12.568501928641
29.630675480072 -98.434107169273
-34.438690917106 148.45388105307
43.815801900281 11.908434545134
43.48807798118 13.106874149363
41.871888947634 12.424999654512
42.074781996719 11.985653487048
42.34508528532 12.738612362549
42.32181747042 13.735659837155
42.528410795412 11.849835850715
41.858515233222 13.550261460056
50.155441928262 9.6092556079893
24.333208282866 120.82852282041
43.279531034326 12.300401522008
45.270558478241 -122.93922731501
43.368885385065 12.826209264282
42.316607780923 12.593161734584
43.15113825267 13.397999069394
42.596126476601 12.755055428855
45.282972572503 2.1220069490941
43.158393954487 13.575489602341
42.10691111961 13.692274897237
47.37213345011 -113.50294546164
43.388722403177 12.195704893321
45.781431637137 2.7232674033024
43.674721259959 13.754100628104
43.011425595757 12.847993761251
39.095675619538 -77.416646359176
41.99897766907 12.657469109494
50.42230523537 9.4847978970431
41.877617048995 12.28309989503
42.611824951441 13.322424335576
47.657520181431 12.447188293492
44.825532414844 9.5844763568275
42.17557513305 12.268156306964
43.244423957676 13.14780798284
51.73476441262 5.8386965911317
36.942647686246 -122.65695726034
51.030404526522 -0.43007259654815
43.261317740803 11.923598147448
43.802572110131 12.175225310596
42.644502623793 11.978817718115
42.812694791638 13.195997236874
43.404700685968 12.880768172408
42.012664333013 13.203797008492
51.727665650531 9.8226307205961
47.635439242067 8.1271212208677
42.686030238742 13.314936022442
42.564639328797 13.82781058544
41.911452305949 11.916060316824
50.940482904176 9.4627764823208
42.770029229026 12.0479641329
42.805142678251 12.360985367282
47.845765009239 13.42181378974
42.832701493929 12.984720224994
42.436551400219 12.319740328176
42.939418405287 11.876312677246
43.153217709716 12.121868807435
42.055988025433 12.266793485876
46.81630102909 1.548852095636
43.454347779741 12.60999223341
37.942437779597 -97.541270817416
41.907174370229 13.708039958381
43.403649152466 13.692934893415
46.126962317702 9.8435451180877
52.162315749406 6.5199099931726
43.04849077067 13.360921660162
42.407924552659 13.23942127092
51.081956477175 0.072702947520983
43.40732226635 12.214605642138
43.029218034388 13.380560144049
42.830548169965 11.95889007766
42.711491132042 12.526375232996
42.904795381683 12.090079503663
43.232589101083 12.582034478256
59.50918881386 99.983160644762
43.479501121922 13.652224198308
43.48313122407 12.006193757081
41.915322303288 13.288502135469
42.51733368382 11.994660416171
43.813351223645 13.265179057284
42.870405929589 12.13315381118
42.810012131862 13.184280797015
43.256138435705 13.245899765888
42.242935915146 11.963520452384
51.339294849122 9.9900455591222
43.667701323383 12.244777443488
41.935134176156 13.567019707343
42.861126567193 12.336525576833
41.952237512449 13.388707955104
43.197048256287 13.101141785805
45.928764062553 11.409551972782
37.177760254674 -96.201477006172
42.261616147266 12.183013120772
42.702042211195 13.409166374921
42.869114582506 12.480500686018
41.919095330855 12.279594691156
43.278509899193 12.701424815108
45.566844519957 1.9192412960898
60.995941882485 99.755380564721
45.379815497147 2.869389430559
41.931520897884 13.2464539275
43.079314373026 12.55524029471
42.572378274341 12.40822782342
41.991863538994 13.673656773623
40.06783360858 -105.65146337427
43.705894254032 12.649626263275
43.592922115064 12.734623175012
44.090934106005 11.296984954198
42.757489005477 13.387997223266
42.068530200568 13.355575049948
43.613922634935 13.011473499265
51.351865619119 9.3752335307073
42.548656401035 13.327120379252
42.589326855091 11.975717016505
41.966037497395 12.461659507131
42.966739767237 12.356650537998
42.007364678221 12.155893091672
42.113057456984 12.154535068758
41.868152726867 12.533353240033
43.541752236703 13.800551915004
42.417796708859 13.458676432494
42.803769641485 12.458848919023
43.170652446903 13.273033097069
42.745237926389 12.662646521212
43.74653926808 12.185830704975
43.165235322532 11.949064950456
43.627772050292 12.603609853261
42.440227223786 12.497188997707
-35.340223602444 149.04234346757
45.078831856176 2.7976332333859
42.621936824483 12.199803147113
43.093166826823 13.446943986924
40.855881420514 -74.593608567433
43.647166865735 12.282095360256
43.561084538515 13.568621552369
43.433920617904 12.236317354385
42.364656806649 13.567393092724
42.67696650453 12.89320578982
46.437231382813 12.572183068896
43.46493068594 13.120302435088
42.518297547271 13.103480018745
34.336142365225 -117.71015196495
43.67561787447 12.505252290308
42.354090165998 12.650452079575
50.648900753422 0.47079668164291
43.375388581967 12.662055782837
41.950484523082 12.169822485286
43.007970324277 12.490381084166
43.478917303739 12.200882414936
43.646209528992 13.449683689277
43.753090463485 13.033973421473
43.411916205872 13.66251983154
46.538946195945 10.627812974147
43.123983370219 13.216051569796
51.256333158122 -0.41594483049636
41.839467727991 13.333253889521
49.955667685718 4.5073384500608
42.825087532341 11.986316780109
46.354320420911 11.018931712682
41.977217463787 13.414657783909
44.722614006068 11.952734134323
43.80889332148 12.425593848094
43.531670123607 12.273173126075
51.84557602268 9.5548835781193
43.801700037833 12.014886094751
43.022245484436 12.06992090266
50.621387205842 8.6955387781819
41.998277558034 12.618364986341
51.169842896131 9.375427212741
50.599621568154 9.2298245933977
42.586958952542 13.552800204418
43.176901316374 12.433936845734
38.526922559656 -122.30615163952
42.750583078617 13.797453050894
45.874610798841 1.1806143537073
43.296843281175 12.061119524812
43.150231459269 13.706240966335
50.773426234151 9.9250725777471
51.584260858867 8.410466335905
42.340877236512 12.103894401877
43.687144379007 13.400499740823
48.888408335738 2.8761434142577
43.44374640821 12.993462068978
50.688938014064 8.0684128105959
43.662890674876 12.379611195729
42.470749750508 12.833585862014
42.567800959858 13.306785362937
42.201750660896 12.014046082766
43.098106613449 12.904261178313
41.981031458837 13.213173485947
50.608656932418 8.5402403397207
42.779557168402 13.57088645716
51.665850714159 9.2789276737156
42.747495493755 12.566427735897
46.320512644749 11.158083129815
43.229306627193 13.455214842456
50.853268850061 8.8848598640807
43.396991000251 13.488247739399
45.297844894953 10.890345858426
43.371809968919 12.27392726127
42.176767945859 13.303376718121
42.833595973849 13.11990600832
43.69262455997 12.882503618918
51.505612509095 9.4041049920042
51.23851818975 8.959361602999
41.462779378408 13.435435620151
43.217160508159 13.456706056605
43.283981020716 12.287089262312
42.698511981752 12.850236413952
42.085139411562 12.322355496868
42.915915498026 13.209506528571
41.999894385713 13.247107456574
43.167185776966 11.847319916772
46.474836016414 11.995609008773
43.826431001011 12.033080498259
45.989699163122 11.703513632924
41.889997259683 12.380010555696
51.371212131517 8.7180160669228
51.709977540518 9.542271085336
50.144213348694 8.581530689067
43.637960778867 13.704399506445
50.372689385606 8.9987957626576
41.942769571667 13.318606270647
41.998825590147 12.12585279726
42.447493172014 13.634430167116
46.562494598125 7.666609756959
50.082810255272 8.4776439501334
46.26398101387 10.832678944425
43.477960651053 11.906692583091
51.81648652247 8.2601719942224
42.982498694224 12.531873556588
46.42894778728 11.753133557503
50.294278006206 9.9216247335643
51.399764481652 8.503877187848
43.714514209777 13.162378549672
43.09257581883 12.349611556807
50.743893248375 8.5642756375318
48.116876303527 12.884134863703
43.694003533916 12.775161107453
42.684419414368 12.335701162173
41.949973910113 12.644376494777
43.013078739894 12.516919184272
43.53483724854 13.797276609504
43.633072814754 11.84215080826
43.239736272155 13.012849103221
43.045171588701 13.607731655078
43.158968929762 12.859399376858
41.913727650865 12.537979473166
46.374875137281 8.9694218038116
41.978056061558 12.366164540598
43.635991648622 12.518476797065
42.193136659096 12.955799531658
38.366490289207 -89.447711830136
42.113814120721 13.734741973123
42.235015230849 12.69458774046
42.780460817192 13.153811684902
40.552672784552 -73.932133901879
42.784549540295 13.07730541058
42.82155692478 12.930037231173
43.302985246455 11.889202435005
46.40474119361 13.379410147632
43.003346332837 12.623602165221
45.889447671964 11.914500145367
50.870451935041 8.0932312268267
42.007908512397 13.816379208053
43.607731478593 12.084369670194
29.620153536128 -95.701652578232
43.702075484091 13.027009818737
33.768674275545 -83.50446041978
46.367959096326 13.014185716124
43.595199912922 12.66562569368
61.258277836376 15.858508371682
42.892797896144 12.861533551433
42.361990754682 12.40613747316
42.929448954284 13.635625639316
43.254304838972 13.552089259772
45.576017050143 11.870851533648
42.794375605806 11.891306805395
51.928337907851 9.6763219450025
42.014567940058 13.329690329905
46.794424818922 11.74503622395
41.774313889504 13.300213390335
46.379721164415 8.53143589689
43.134834083347 12.557976957226
50.32651891202 9.023833774507
51.427482756519 8.9089621868492
41.89511026253 13.534376546079
41.881247980951 12.691620410763
42.353845132701 12.808642204783
39.97833197479 -74.436961545575
43.360732695277 11.904252969636
38.34843110094 -77.103444840766
45.265772218474 1.5907483988398
42.744941406904 12.788981791299
42.945215623821 12.127393922849
42.763262421735 12.473480593189
41.976202186207 12.464755975879
43.814417635025 12.581256489561
43.203360858489 12.68645394255
43.476117919908 13.820844694444
50.989215523 8.173951799131
42.606820459316 12.185044827513
43.09723523033 13.740526846045
43.069211328921 12.454404582968
42.472967222109 12.675547285341
43.187019124735 13.668938309752
42.212051631537 12.260833894976
42.531757707511 12.988290218652
43.439571783172 11.92003633965
46.68731318679 2.5796227420585
50.343756244678 8.8107051145335
42.025281845159 13.318510802166
42.992730929068 13.220144230996
43.308082241729 11.879994746263
43.755747080688 13.639917286898
41.86920959871 12.670389792284
42.344013202651 11.919726113772
41.974295492759 12.758189484385
42.920996859188 12.969015098649
42.383174000507 13.621360685987
42.759160410522 11.834651865475
43.47485811986 12.177797827508
42.789737572351 12.236084267162
43.610177932147 12.507583942987
43.734165068147 13.273627986349
42.806973577874 13.478673051821
42.929780060414 12.744404103043
42.993464405666 13.204844388296
43.118643187528 11.885773794228
52.40955946078 -0.29424306070629
42.847979304331 12.687274881514
42.128702439449 12.471780146247
42.202170151867 12.830494854076
42.539836625841 13.521257518123
46.557596574797 2.3073599735775
42.902233348204 12.13510909359
51.316456718983 8.5074576272198
42.439169736339 12.467196520191
50.930901939949 8.2815382453993
51.027818800894 8.2904562285591
51.308894458836 8.8254786626554
46.738915874224 11.769896968326
41.84190989001 12.657876310266
51.338182498393 9.4409296300453
43.275606637039 13.265136681176
50.957503769061 8.5840283863172
42.681321163069 13.638193258403
51.585678829619 9.2305369871811
50.142316977094 9.4584238210034
51.278162235756 -0.82229153948477
50.003446049524 8.6974184581532
45.841205711125 10.918782264587
42.863739981739 13.254647730058
42.442503880471 13.005542646651
43.200162704683 13.687321190132
41.435241588806 -79.078101565875
43.180827773281 13.125361908307
41.923906781696 12.054037414072
43.829786152055 11.906520950585
42.081935245603 12.921452086869
45.870887549653 11.802476562535
46.411635135746 13.308592239327
42.325048695956 13.497583254028
43.034460103176 12.599700680768
42.046039838852 12.881372639875
42.995349176713 12.291179324191
43.272814237195 12.242589638237
42.217107968527 13.355454560556
42.932832417999 12.27535792036
43.381088072167 12.748734634739
42.224499286278 13.033309728875
41.866907440085 13.827046223857
43.468425235019 13.741431580291
51.973435236129 9.7108326906854
51.561325939866 0.0039204502915638
44.89877009147 9.3901174243494
46.113050803057 9.7514727334266
42.185930004451 13.52114052119
43.328803165524 12.895042702993
43.235306278933 13.574470770368
43.029512537212 13.139293408107
42.734685437651 12.887788847523
42.136835862036 12.042301639955
46.15284024198 11.435432241103
46.008337558905 10.236209557201
43.134114315817 13.596405820288
43.43263348028 12.909311602802
43.261742663713 12.947749313895
43.273684756979 11.949914523398
42.3671790205 12.084896798772
50.380668390254 9.676608898992
43.770762253933 13.441009791329
45.441409216121 10.259669517821
43.82078632613 11.975670373543
43.116633020417 12.341168002405
45.635808656896 10.29801452397
43.813724864469 10.683171258181
43.17904464585 13.760105934835
44.550941032267 12.617633443937
46.035698511773 11.027026748365
46.412562480854 7.5073287927114
42.867630836048 13.294216210181
42.594405706338 12.746547494918
42.866970700171 12.418526974723
41.453425522325 -75.159079028033
42.820430974413 12.62634411858
42.697160653184 11.942834795913
42.582903366363 13.268764422887
43.118930177839 13.44042335613
42.63688519396 12.589808632915
43.379892182269 12.045505659697
43.271200979741 13.123104498334
42.004991680873 12.139035796367
43.626404472474 12.488255899182
51.929443999394 0.53025854771038
43.50216661 13.040924458339
42.265531797107 13.319875351789
42.17945932002 11.949674153232
42.921820388626 12.014649101561
42.826502790149 12.288166381108
42.740170844731 13.157188638673
43.610220013491 13.097392766803
42.961459633897 12.336405900019
42.553233895729 13.373583181491
43.058787381325 13.019399087906
43.66559167617 10.300214596582
51.467799529884 -0.94395754721665
42.677343846635 13.08811300906
45.292675558614 1.295683358468
52.014896697605 0.73511307343148
51.243753619606 9.3927320150625
46.232324242234 2.1738930974034
46.392206600703 11.048609542751
50.194308776033 8.8928788541317
42.480996615498 13.093940192433
42.576485724012 13.389715724827
46.934770396603 11.746694477788
42.101514299468 11.861003461716
43.586963621262 12.754936281033
42.805495956843 12.847261938216
46.651676972819 11.189565115298
46.904269542177 11.714513529795
42.832276586386 12.817879322387
42.685260561169 12.487775782371
43.272029525282 11.935505823689
42.902552103134 12.756831545291
43.951689330126 11.874283839686
43.602381157525 12.360318487233
42.160306477084 11.872088069989
43.524010117896 12.293689929107
42.971809349962 12.952644738833
43.057901626035 13.073371504954
45.212012830556 12.217933509356
52.63309001696 6.430117528271
43.011952650294 11.956936489326
43.72546217999 11.892293971934
42.744876449364 13.316604221874
43.101851058261 12.781816010748
43.516641306487 13.535141774723
46.145724989821 11.518530623644
43.696917632475 12.059254724115
43.339271566544 12.586891456801
47.045761698601 11.415421166816
51.837024371064 9.6353191810825
43.704042056459 12.620384148166
43.096078654817 11.882004615817
43.352999495993 12.297385691825
46.355489821804 8.0688224104554
50.469842957086 8.2937236806814
50.890021725041 9.6036705447378
40.42092527903 -74.963497987597
51.71009222358 8.3312650156819
50.789723241604 8.313121806976
45.909568891541 11.329188186528
43.684187628668 13.612426172317
51.533566685642 8.6151956196945
50.231195831779 9.8504603131909
50.266776768615 9.8580908150683
51.651021071547 8.7104616778486
43.478065592015 12.98430557271
43.584866659078 12.67020028211
50.577072578285 9.757762772384
43.645397671354 13.761407697949
42.910222031621 12.797587199529
42.627773060777 13.16660958259
33.266040949901 -96.312845334249
43.632640793304 13.457659275971
43.778604468714 12.652413077977
46.994082712819 13.994739068923
42.140822242101 12.743729809201
43.78228786114 12.459755929422
42.484314930872 13.132573921782
50.425475917489 8.7362154641823
47.387471038402 11.25534124675
46.888364125645 11.80274509739
50.539470963431 9.2764804462327
42.527091461035 12.543117013103
43.312735508363 13.437491319367
50.618166428347 9.2291852367246
46.683916662672 2.583662250351
46.016899952396 12.263929159203
42.989227796455 12.703633757191
42.608967313382 12.322006063707
41.866675933316 11.907413884044
51.150332944538 8.0588190425461
42.52245816382 12.758737679014
42.479451721778 12.334431242374
43.346809364572 13.454642841825
42.830605195777 12.339501666084
42.356156887673 12.370216275293
43.352238926756 12.28213780668
42.03576171076 11.993099122792
43.163079881206 12.774377334779
42.303221913682 12.411305659663
42.470049376839 12.606597502088
42.417578360747 12.270601024998
43.305859643861 12.670452385783
27.552319848088 -83.50045319589
41.928068923286 13.6306887193
42.310514083298 13.827463163469
41.007303813162 -75.278854073752
50.888609016262 9.8676678500453
42.931287674222 13.508181296547
42.789448043254 13.234133839737
46.208633995992 12.165737324818
43.604090396152 12.913003869335
42.496571543413 13.453081161016
51.205851672779 9.5252491010005
51.696188261125 9.4122530344931
43.402736226305 12.018093055144
43.539526106596 12.522213966384
42.027257521205 11.931053429831
47.901215089227 13.573616079576
42.373949536318 12.226325110659
43.088249496712 12.267140000273
46.73117734724 11.016800568049
42.748246901572 12.676735922099
42.795628753417 12.074507914074
43.244594122884 13.60711577565
40.630970159118 -74.862203939189
42.825840379051 12.548390328695
43.177736350439 11.978407180879
43.412815745202 12.407985759644
41.885590054994 12.137908373113
41.875952980444 12.104903001874
42.379189023946 12.798704608271
42.774914726065 12.040712865109
42.550900465155 13.756119740103
51.093155707276 8.3914314379876
51.08803325849 8.3876768203395
43.502223228825 12.209090790364
42.217696396756 12.944845329965
51.349843762978 9.0582813527706
43.104660423077 12.755992059503
43.189505510141 12.660929322106
41.933968584975 12.440532590954
42.765822327608 12.52235615699
43.312657386697 13.000463481082
51.177647160583 -0.20914978801498
52.265930514208 0.58760531641432
42.395442864597 13.182661878517
42.591669062915 12.952577714342
42.356760948152 12.504373471974
43.377231382962 11.992324838898
43.344249844732 13.450593648709
42.753251682873 13.145766804084
42.490615615405 13.700181598191
43.26267567105 13.427753148355
42.772948453118 13.066295391932
44.575401444475 12.679298368395
41.239587065386 -86.952200814384
42.124459699341 13.263216692167
43.502302675763 13.251082103372
47.416404758774 7.0805484578389
42.805267467094 13.546072450742
43.022601653853 12.024979415382
41.983278541839 12.783907685349
45.646670674741 1.868362876991
45.947507774899 2.3560952457395
40.624621530584 -73.195638353405
42.514493955094 11.915822801628
43.360162821787 12.060155847625
46.328144910989 12.118705715297
51.32783200188 9.3611460632464
43.271078928521 11.992381189967
42.580519212701 13.667950052169
42.300951270082 12.794895596728
43.722781133264 13.432920595854
42.915323781297 12.87903743094
42.830415987352 12.64234775849
51.967550733112 9.2558288049213
46.355636986136 10.28733330364
46.216637734888 9.2531163939545
45.133279691044 8.9894150438692
45.606298902818 9.8165372049536
46.012026485525 10.568174601706
45.817447455513 8.8180577492448
46.227286955445 10.408849954705
43.656399121835 12.441372157301
43.375442618234 12.75404407354
45.964575379165 8.4994974466504
43.209083544209 12.612829807055
43.315641971007 12.469852268936
42.671082875094 13.583319119005
42.889622467074 11.922292141229
43.554824178386 13.782531274402
43.295701861075 13.678401920816
51.512792528846 8.728960231286
46.843607443778 8.2606515638813
42.745942550148 12.434455539789
43.539292003766 12.777522756636
43.266808840591 13.523062111609
43.626219271995 13.626932741456
43.694054879592 11.89248928937
42.087811855196 13.163495015916
42.658827454645 12.140525766735
52.45762597069 6.2303803551385
42.400841306171 12.611838077035
41.999810055851 13.345926819551
46.522139093616 1.5181547964542
42.592368448916 13.717809730099
43.081441878866 12.853223592927
43.706300372142 13.331222612586
43.065991972625 11.925799184931
45.429685490059 10.821105211492
43.478493710758 12.932893060603
42.048728727314 13.443634876743
45.107025622906 1.4796704242377
41.546062944965 -82.890275024034
43.532573659242 12.819780872606
42.745108316555 13.574216306964
43.000610435403 11.932590769128
42.150362743156 13.511747830807
41.892669002497 13.070211112553
43.132514391177 13.485450071995
41.94545010896 12.879561067058
42.337250891785 13.192475115525
42.865823812741 12.73077611801
42.92680835676 13.192669475096
42.830357325205 12.03794863498
43.012027418268 11.855058858125
43.309564699584 13.4381995832
43.21783250536 13.033388824239
41.838765750119 11.959249321373
43.549767827892 12.748976126217
52.451321998588 -0.56044303051682
43.726001889804 13.438444144318
46.913725202982 11.011776167507
42.438081044463 11.958482780961
51.535426357545 8.331400248842
51.310315686655 0.5134161721931
43.585584556978 12.282202454436
51.406410373471 8.5576140552562
43.728910920105 13.497064377434
46.738086732637 11.793538467096
52.775825140195 5.9070103211128
45.448086186055 14.97938434313
50.760148658305 8.5318551932144
43.698112589188 13.302388861937
51.552263435234 8.6188197250566
42.911836510504 13.193536963425
50.837802679668 9.4478893901444
51.005510430786 9.3082594463175
50.144875947453 8.3310353631764
43.192244264408 13.298989540126
50.196151535584 8.8557466533295
51.019843246331 8.0515792141909
32.520936388926 -97.705435298404
43.549590331314 12.139220445037
40.973672062764 -73.594367504528
43.383756545106 12.190704644302
38.107088303709 -96.744818776727
51.800805815636 0.54232105493188
50.986070971464 8.1959200916793
51.318791839443 9.225712102943
42.35217205407 13.160817470497
50.969393026535 9.4506293271904
43.23811117666 11.90830693578
51.498328731741 6.5591683568476
43.334914939655 11.852134469383
50.301452732785 8.7552722197749
51.866390527397 -0.58760853656456
44.339399541211 6.9140728418082
42.889381546497 13.644242864423
42.280604396167 13.147211243954
43.633021365701 11.926211594125
44.090722078106 11.444543500987
41.950627396347 13.335695004734
43.754398367274 13.482606708784
42.479441031127 13.176708948436
43.533887913255 13.076269323063
43.806388418587 12.494009517384
43.456409944921 13.679114981426
42.54031184762 13.130785984535
41.96417513397 11.889448668777
51.551122415136 8.5549382644496
42.041601836256 11.896892964813
42.657094643778 11.959429814948
45.675005605505 8.9669346891422
42.36549330615 13.162444141324
42.199855738434 12.319688274229
42.706905315515 11.86102612871
43.089782272063 12.168310072838
43.090862539195 12.441259419772
46.320254598682 10.080955860361
40.447392799838 -73.2540844231
42.067283454403 13.288802554521
42.324919875418 12.555304820463
42.229726345406 13.20449577237
41.918534314709 12.103960084333
51.991167758587 9.4077364804259
41.835484876707 13.241323509853
45.173016230656 2.1643181625587
42.668768102636 12.156839642768
42.909924663582 13.758269091511
43.584874134804 13.704050568281
43.594939979557 11.959590960296
42.289416133582 13.426835244276
43.193187750056 13.642302172113
43.426851013895 12.389078776089
43.802942019351 11.976306871055
42.343370652938 13.136910056314
50.228397504067 8.8323703048901
41.967350873636 12.742379052931
42.670724976676 12.638532018142
43.00596499166 12.320458789992
46.494487831599 1.6415159025423
43.525208675102 12.548468420093
43.29066474146 12.605530743325
43.327259164011 13.683216220107
46.97058532351 10.307502632706
40.742919445387 -112.52424315537
43.338979839526 13.417730400554
42.277389071566 13.764436102384
50.282249467579 9.3655517936524
43.167920874065 13.555482978747
50.261946275487 9.6073040764813
50.77723356 8.3922099337877
50.706949003836 8.8887773663219
42.975958239297 12.165994160907
42.89027136375 12.994396420214
50.520316098475 11.999671629302
51.663514096599 8.3482309367267
46.894667309914 13.684974228605
51.292004384236 8.8537277601909
43.195149469301 13.774680177132
42.308681335931 13.59634809645
42.789722534751 12.486291759895
41.858988963954 13.343787560886
42.847741417071 11.950187911277
43.603930082009 13.135604245207
43.771810906854 12.936085616695
42.263691309983 12.288262987665
43.413521787831 11.84053626884
42.008582837905 12.115844275412
42.379650057957 13.17075300413
41.343698585718 -74.418869816559
42.972682892819 12.477959520893
50.684395593444 8.6726163442585
43.507417212498 12.377830854814
42.718639089616 13.044617011719
42.877670248469 13.817706311058
42.000105531442 11.861845875581
61.401650588681 15.951386717591
43.124670011005 10.406783522319
42.039918501901 13.060812775561
51.593312195313 8.8942680921845
43.576440494331 12.655078070564
41.890469209261 12.454444807255
51.301917340049 0.56236807603965
44.759649050577 12.823614611895
42.431961119863 12.733154083499
51.00342961494 9.334261521387
42.313965762667 12.828413945564
42.114234038237 12.236920737327
43.517941197643 12.053545517427
60.848608141229 99.002956305632
50.118104700054 9.4441503889133
42.845119676036 11.901951006123
51.795000965612 9.7163613162545
42.661267245983 12.860423470338
50.962627273967 9.0920227226298
43.321822221096 12.879454799427
51.460680638189 8.0181360882791
50.386249803652 9.5371516372716
42.544534188039 13.469812121948
43.472960912864 13.470055733582
26.801036940312 -80.794691492517
43.326168127065 11.916398608108
43.528356616187 13.559723181466
43.369312863059 11.873618261385
42.804022085317 12.593019304163
43.219784238499 13.337900099057
42.436314852667 12.491043786302
41.859883136537 13.720701502061
42.648115418709 12.122027845665
46.098986530723 1.0864935438551
42.071408866695 -87.80197067132
46.743181081157 13.873000052021
43.792528437375 13.528660866699
50.034324353577 8.3233674691633
42.801804534088 12.257524384327
43.238774152139 12.92186834615
42.200923813156 13.673768025226
50.103462003685 8.2530393676148
51.462064161646 9.1149893440842
42.132379152895 13.648658042631
44.616510023908 12.405461397232
43.058241790674 12.502065488392
42.077812445873 13.801756889954
43.48146586005 12.122517264526
43.021174324242 13.354151160177
50.837205775938 9.9777806145036
43.382565316943 13.003921431978
42.350640744621 13.178690323245
42.272567776645 12.418879828166
42.603926597465 11.838335569894
42.692873723683 13.202105676405
43.108348551278 12.842570505053
43.056403494487 12.991366064659
41.042310304696 -88.920611445706
50.504014781445 8.8884337031694
43.310523565559 12.323483204175
50.231306696884 8.7976785999712
45.498763577709 11.405573855273
33.159130013468 -117.54074405464
43.376211720249 12.470862023307
42.11988660794 13.395429208149
43.218944865402 13.213260516179
42.549129283332 11.884103523069
43.163800207064 12.548352128637
41.917951113062 12.07348497264
43.298571785606 13.325111678974
42.273463527355 12.823529904181
43.058659332853 13.495339903767
42.157864105051 12.224015417634
42.717630707083 13.151774216069
43.070455757024 12.316286455077
40.021155847864 -74.230429026537
43.432851277514 12.429169228056
43.647299114937 12.155649336614
47.256182901934 13.811541549096
43.496389935977 12.058919207707
40.735933477553 -74.156649929676
43.519498287497 12.709107694567
43.743432775973 12.317361895164
42.201094608869 12.554304913431
43.381618416136 12.96247055801
43.257882629662 12.798373122627
43.270001411119 13.677807142363
51.823212143883 8.6768985649929
43.622170958047 13.136605954814
42.435717195031 13.665126441843
45.785420922116 10.569412185212
45.222287951725 11.72833630949
45.37960350217 10.821860646348
48.254558318038 11.747893355392
45.435117658549 10.967924800288
43.043614802458 13.025931701563
43.753797338251 12.007149675885
42.981451977988 13.705311505473
42.283878307011 12.300353270651
50.923288871498 8.875452909095
42.422448876066 12.29809182712
44.429258373996 11.821570972547
43.085130182621 12.291667712544
43.772416970142 11.852330382866
43.694777594758 12.746073120642
43.72285730055 13.80585159727
43.592428473121 12.365380287827
43.120906584508 12.260422815245
43.698585371367 12.100211686522
46.089828822338 1.0427129073267
42.850414556402 12.251982938171
42.506094490435 13.621958433961
46.290900281114 11.075144787235
47.323056754436 11.557767588276
43.000820462613 13.222595443142
42.968774962245 12.139756999065
41.95187580725 13.154874888342
42.980550272402 12.471173345352
45.000568670447 12.342953780252
51.429459170638 9.1613962520665
50.509835324022 8.1020849724776
43.813543772725 12.052174896047
43.07254265394 13.076286831462
43.554119248222 13.458857657623
51.100779847755 8.4113574216195
43.733328559333 13.237923272086
43.366945957491 13.553468932211
42.385009164191 12.363706921883
50.416352619145 8.7648509399802
46.23548342038 11.015510032126
42.211772796352 12.22252049589
47.024401062368 11.376690703785
42.293987462455 12.501449149822
33.216747485242 -84.676090740821
38.240708648339 -96.623918640718
40.645004668725 -74.241597685276
42.024693056508 13.539368055567
42.322600405834 12.859405417882
42.416793059307 13.615754949702
45.075278856079 10.20702710685
42.598672254311 13.719161271008
42.725900180531 13.58030429791
42.889439384888 13.558294762673
51.109631419699 8.4224325029284
42.283690571007 12.525685471748
43.297197386316 13.54340712381
42.815781169972 13.707687102609
43.365094986935 12.481817195437
42.095245508542 12.583258851724
42.450060321714 13.383722248221
42.211876964782 12.225728122178
40.473189786763 -4.8400091099739
43.335449094596 12.302271112961
43.424096987801 12.595697581601
43.133624893696 12.961084860846
43.822698360713 12.530673879933
42.564721302413 12.356400773116
26.215662346771 -80.725735537855
42.626533606402 13.349612553322
40.798217349744 -73.462222365543
43.491468719922 12.789245249626
43.820007480152 12.97953068047
43.102741624298 11.918899120746
26.097923944267 -80.137480472088
43.713383300583 13.306253962848
42.41226465742 12.60016063398
42.3650848751 13.824886724292
43.682860226244 12.384610033794
41.905506922375 12.210634593505
42.090020222652 13.016257855604
43.651575237837 12.274758302756
42.839297928794 13.262739798197
43.759633920065 12.105923603359
42.075454593692 13.68359261692
52.187268173642 -0.60933188289372
43.80734466801 12.966676118789
43.198914901467 13.163314600572
43.303562957025 13.714274892471
42.946918132246 13.030276400538
43.62235884772 13.318743840961
43.684193812185 12.363885074579
41.89059742444 12.069032146649
42.655158019951 13.005069578555
42.360212462212 12.868864209817
42.856781607448 11.922486662384
43.168920401583 12.326539147353
42.868317658973 13.770997879941
42.710176402123 11.865305555011
43.71209005488 13.404115846124
42.566245626943 13.35914852163
42.749524775331 12.384949644762
43.068360173196 11.879697552381
41.914988017622 11.951510165351
42.941502783907 12.506697668951
50.506155413811 9.4509924414805
43.774915996855 12.65926329219
43.207110484248 13.450099749256
25.510961960291 -80.714748725438
42.372177543313 12.061121428435
42.894517734153 13.531389622752
55.988854713267 9.354951465202
40.810599539493 -73.594732634666
43.549485909098 12.836077390649
42.718161111122 12.527805647148
43.522809749734 13.077230473106
33.55306383617 -118.38970255603
49.627156616879 2.5398146422044
51.980562356524 0.1892655096386
44.862882573024 11.272672551741
42.970561066184 11.984959214474
42.668598383066 13.087404897033
43.508905293678 12.275906908475
42.526269776081 11.881360048394
42.324281894774 12.852554088876
43.078490885963 12.268237373472
42.824413924883 12.551962613406
45.140942899972 11.364290350682
45.975320362276 11.349367458757
41.981026504667 12.022898458907
43.192941899988 12.583388105793
42.289158968876 13.091101824835
44.32963140392 10.958796392062
41.853696156246 13.519060603606
43.091198568761 12.405655124435
42.375614837474 12.585047218776
43.334212631629 12.486523051994
52.023878247255 6.4108465466
42.697801569823 13.636752052084
42.515911899768 12.190709988696
43.28119378459 12.505682862155
50.463666567795 9.8091818926899
42.422319355638 13.683515677568
26.017006667787 -79.33970567674
42.461835851198 11.905759620923
43.370624907043 13.744089406817
42.356150063873 12.851131174665
43.336773072082 12.432266699838
43.153808302804 13.474517500736
42.649842061892 13.581480158785
51.147314306417 8.6135502022754
41.995048757661 13.237510947177
51.952218921367 8.0842941371185
50.371794421399 9.2385301395499
29.188942273067 -95.175488536537
45.943651026859 11.060440446625
42.151738609745 13.254472836526
43.028907676262 12.774921606677
43.41518255624 11.870643946303
48.149535677617 -121.19636882424
42.111320607903 12.277740339433
50.60043340181 -0.94574469144257
42.739026215758 13.511165287605
42.406313611405 13.27136891024
45.010756070731 1.7578958914419
42.360389456342 12.258706702527
42.055761440238 13.109063521099
42.805974394014 13.188363276065
43.150538449267 13.782301077539
43.030406313052 11.974416031046
43.783362278635 13.55620006919
42.786828747872 13.349433606674
46.579266053617 10.792268568253
43.549528842603 13.488606402433
43.031952098979 12.956814616454
41.919969338442 12.87629700169
52.166753065384 20.665955785041
42.043941952146 12.023883314768
26.798990414554 -79.733022743247
43.015881670202 12.080251795298
45.037666009525 11.029986578278
52.128347120075 -0.33153856007453
45.576543085268 10.778830622851
43.522997484807 12.077777304278
42.234123097863 13.459586251296
45.286466464187 11.440305679843
47.5249025016 11.481818269255
42.250441643547 13.204076880705
43.53393324445 12.64973051599
51.911283026874 8.0743689937863
42.54161921264 12.871373578867
46.670823357846 2.0425762469147
43.052057573151 11.886727536531
46.381625187414 10.402155424257
42.745407913714 11.874519243333
46.859131272535 11.724596157283
43.278230503818 11.979697350424
43.819296741795 12.681574446022
45.427071360723 10.986027104841
43.184461685004 13.24418875216
43.265619170065 13.044989526779
42.045587619343 13.699723265481
43.489335047796 12.354499729071
44.637194337576 9.6402026916343
42.640200705121 13.235985294581
43.688696431803 12.900683219054
42.69061374978 12.773423985028
50.910270397044 9.9376918519557
42.46684391541 12.091263304062
43.28542303775 12.166244014265
41.527216419044 -75.083512101958
38.54780444668 -97.479347631558
41.934068239284 12.316421957389
51.213051100826 8.2443441032639
43.333426227504 13.478838650288
41.854064312717 12.238223265057
42.038366039322 12.352350180222
42.000718630872 12.276008719262
43.183203244688 13.002487608254
42.085378788938 13.160409415236
42.012197591391 12.50699133312
42.144414273179 13.049633367031
41.862747724125 12.038018347269
43.713758160714 13.014935940532
42.054149896884 13.219371229533
46.101730250801 2.9257980771017
42.480268978758 12.203360753715
43.394193068351 12.688401720828
42.344558655 12.70786761155
42.673290803897 13.344678389556
50.5770427124 -0.76111201656568
51.181034528735 8.4180837275545
51.956206559649 9.0322375949622
41.2895123298 14.73207634854
43.137025039728 13.0579615301
42.231625640428 12.296292700498
47.961617353354 8.331505836142
42.43821531417 12.827391557802
44.391494329151 10.700628799058
42.532043466148 13.246142706969
42.35354097858 12.797711885461
43.400673707223 12.609319258786
42.187671304323 12.260433280517
51.69102011886 8.8609916841895
50.851478626882 9.8532118349584
46.65565318831 2.6256247133136
42.591481009329 13.436017026883
45.073277961715 12.858155143643
41.85618410674 13.083822286282
43.799246913215 12.002024760957
43.197596304232 13.080914393592
42.010066794257 12.056040849584
46.064090589089 9.2469443693067
41.911837106085 12.430367998535
43.277316893135 12.384673869437
53.111230758303 6.39821686719
42.180056019791 11.866014170885
42.399776715061 13.693712524482
52.595892278522 6.0027366090811
42.111754706668 13.231996838132
43.772363595114 11.976682928867
42.367243734846 13.380671580986
43.046356277583 12.772053315685
43.385378762814 13.826920669932
43.418690687261 12.686848029369
43.703701299033 12.159151461071
43.705182473525 12.025701254174
43.415415160572 13.762662599239
42.280532599113 12.628599478246
42.915985400305 12.873035851828
46.576836731206 10.961696964738
30.361065241973 -95.675997923187
42.57435954717 13.722732251868
42.801741138029 13.226629002612
52.961572702723 5.8833830464321
43.383827739595 13.156786776242
42.220926811111 12.845595692234
43.428211292938 13.438875913845
36.988927759528 -121.07750125905
51.929487578072 8.9416069681484
42.504917800217 12.182413471969
51.499180977931 8.9629154680124
43.240543222188 12.24222414628
41.875890165065 13.351628570536
46.559409301032 11.089877733444
59.534094940654 100.64910803719
43.266210685163 13.419596358419
46.898840648659 10.200218937521
42.372233349559 13.722334130093
42.322233712937 12.139778847427
43.093242303533 13.749335172025
46.690546191272 11.350579014279
42.172421743263 12.963694357783
43.737326695948 12.79271130815
50.168782122046 8.951726020757
43.569762660011 12.567456671788
44.665632329514 10.530121116214
43.464025668571 12.552931689936
25.076565435175 -79.987605302864
45.733785219951 10.74315604702
43.097105743895 13.027777875808
42.439572624622 12.435346835051
42.473976196032 13.830904568488
42.429712218919 11.879148001282
43.374658205276 11.99970027108
42.934325311323 13.804668697459
43.518719235232 12.691746787977
43.173545961836 13.624090188029
42.514601751026 13.068199936819
50.910417715744 0.42111483323906
45.253204811482 1.1714663972014
42.843823235896 12.153315784968
50.542680965524 9.136174064193
42.143039782154 13.744282186399
45.062398886337 2.0445962953589
43.178433361567 12.586358726784
42.193327957875 13.785514649391
41.931034521189 12.041959569364
43.118533557823 12.56416076357
41.866653739434 12.684893192598
42.92484135645 13.290236138429
43.250607440386 12.965840341063
45.871697504598 10.688997075816
51.365994980962 -0.0099949809350005
52.155834210777 0.36313591842887
50.463478107221 8.7433519576412
46.137353224769 8.5406241640172
42.379477669217 11.943600819441
51.186468002124 -0.75279731457025
45.26194081633 11.933986483484
41.948644462039 12.468436975737
43.462915966058 12.046646448826
42.727622122398 13.622721395766
46.998292686671 13.083795075598
42.869354594459 12.285889341184
42.840955423138 13.390443686133
43.756663920731 12.407145421231
43.642233024671 13.401666460301
45.418882759273 6.9724214002129
42.132977716242 13.318089876027
47.943519100521 7.1442055963651
51.12707709201 9.2077483675479
43.685728582428 12.90942925818
42.928672119963 12.499128528193
45.809249380703 10.525619145427
51.276368800214 9.6562052558438
43.873303927518 12.036609472587
38.670042949283 -77.045742271449
42.463068415182 12.724111437224
50.542014722033 9.4319465348646
41.842740702856 12.943243542681
52.094666310397 -0.028615053342006
42.781232665678 13.060755166274
42.126136620609 12.156070740522
41.937099526162 12.832092449943
42.83031387016 13.603503097151
43.481530885923 11.922705376506
42.823703621453 12.413751612631
42.643712850143 13.196455583554
41.943006369745 11.944020292251
46.94375696415 11.468809220294
46.611163790275 10.403780383779
46.309070185089 11.516624118044
45.374540387015 11.159095110048
45.932993690571 11.182193669643
43.340208748069 12.002154706999
45.471152836795 11.350878958356
46.505365973693 10.986680450445
43.602133744698 13.306374226395
46.963052349267 11.184110443727
42.089787037175 12.524475996182
46.726046341928 11.24669691892
42.093487556623 12.676981050392
43.658832030233 12.035767938514
43.487122250503 12.845884504677
42.741050745727 12.762366408393
43.785081995572 13.026231223285
43.170572993446 12.028668830671
46.502996171712 11.875364492657
42.662458157496 12.83245451603
47.818281076298 7.2206705637372
41.672368586063 -74.605104864057
43.098484107826 13.722210681889
43.038622632196 12.178387079026
43.453573685837 13.688336821615
42.335107742054 12.946331672832
41.905164560746 12.524187127393
42.174627991961 13.313393248878
42.813347704177 12.102576271234
43.066704242077 12.435046643708
43.358361393867 11.86048584753
42.885932385889 13.142861821776
52.187136504188 -0.012567902506589
42.350226876044 13.807885053965
43.623682618918 12.749091893339
41.936327240421 13.441547135118
59.054072655297 100.23091183148
-38.094080203722 144.07758149618
42.234372089747 12.251560628552
43.636093275939 13.349620931966
43.654204710247 12.40109866692
43.250478197027 12.915816781559
43.250722482473 13.507938898426
43.651279392045 12.388472571705
43.402883795299 12.429954909475
51.44163770482 9.6368754718624
43.329635425645 13.779968399007
42.77384060054 13.501049967737
43.239553001842 11.981030402717
41.174923005352 -88.393967240316
42.438441732658 12.446120409524
51.7570904122 6.5482909538775
42.824843782405 12.662651027882
43.644010114339 12.41863863052
45.679694889083 11.062705540195
47.063230222705 11.927886706811
51.417800859277 9.7566969333015
51.735816588968 9.1870532195024
42.524769169078 12.544472839027
43.169102129626 12.652413971581
41.915098159555 12.321464092176
43.788886476696 11.887434031783
43.690187371678 12.15351142371
50.476271552721 8.446527686178
42.642296946462 12.941217339126
50.759075972139 8.2399955108948
43.381164774963 12.107347268682
43.0859705676 13.331185505435
42.954543514643 13.82163139473
47.007902205648 11.716545477077
42.787840071522 12.216993509914
42.585895425468 13.6279048988
45.354730489363 2.6892092170609
43.708345612862 13.212819764045
42.834053312838 12.601900520104
43.535266125845 12.645679017385
42.528636487468 13.396984800902
42.472177160679 13.790079088805
42.485153746572 13.458666746274
42.463365299398 13.499506734565
43.409309770192 13.094777426282
42.27582922034 12.538642385781
43.465230886131 13.243873630785
50.732139933497 0.35265396779527
51.132859416368 9.720513362773
42.03080936292 13.362653230507
45.626764505625 7.3258803164497
43.758127509059 11.929802229151
42.913552179913 13.337113577119
41.885222996087 13.584808842107
43.133086074227 11.869402325672
51.635715274203 0.74371889216533
43.368720038987 12.000947563465
42.149476644208 12.133936936585
43.312915886453 11.883031331901
43.002079570222 12.957946996206
50.709615466515 8.5981759427107
42.359561719654 12.13185502923
42.055110781035 13.229680204426
43.777290485717 13.339729425677
39.178676594065 -75.161997987531
43.120136779344 13.50093503834
42.687682543291 13.175880990094
42.404524971475 11.885639077486
36.511172921552 -122.1407063261
43.803941957582 12.175399854882
41.923892896142 12.728732772998
44.6202429492 11.631083853592
45.603575823446 13.133504153047
42.859469948758 12.041649967472
45.379513230619 13.220235407676
43.449964384976 11.063736308192
43.453738779062 12.228543840942
43.447546622014 12.332493730065
43.765930938912 12.138999542773
43.403816316951 12.143864108338
43.751596973649 12.545959807742
42.801438294745 12.707914301079
42.291024434071 13.345684164851
42.240194412081 13.463961818958
43.178309271682 13.758919094132
44.577466949435 10.844017246454
43.439697385991 13.43415951658
44.93624410871 10.175648535404
47.124538976946 11.002071386369
42.23579364609 12.933067345982
42.355803238415 12.207784218831
51.697065764897 8.4913252794609
43.599634567576 12.039998434524
43.692332339351 11.876129955482
42.88658824653 12.12602793573
43.406332676043 13.683815459129
42.929084085847 13.33326384955
46.916630849203 8.6301913529775
43.086737679845 13.553398819919
51.961219059984 -0.94248002397477
44.439008881964 9.5623789479082
42.999219869284 12.443224078737
42.913600820097 12.985236283406
43.462534346854 13.640276675432
50.697578336204 -0.41371125286617
50.947103181364 9.0156257408744
42.340813314722 12.886421798697
51.997677785809 9.9681664458328
41.973241291949 12.121905721336
50.997250806539 9.1074534557329
51.664055992227 8.2457152764526
46.167653591103 11.91761446328
42.52389935058 12.347706667796
51.427021412843 9.921266310346
51.410289482405 9.7043240897843
43.466767823562 12.639146018161
43.473499459922 11.982263143653
42.459157766078 12.144706779248
46.925906662983 11.385356624024
42.410948729821 12.623899851772
47.885918084574 12.7254321074
43.688652370001 13.532093536378
43.613680125987 12.430586851423
43.753032003435 13.516974352096
41.990000351348 12.59884737462
43.566249846765 12.363712368258
43.037020265629 13.593096149917
49.79629591249 30.283279431839
51.1131056557 8.7426977389225
43.540360746247 13.187409141209
34.390039385192 -117.57476890702
51.424939533428 9.5149602664239
43.316485861485 12.297129909202
42.430643986666 12.205559798633
43.72470375326 12.671682840081
46.792591358529 12.20259898417
43.175701073474 13.32064856699
43.643605398801 13.125530380835
42.922825671252 13.112052433732
42.960981529209 13.58927617205
43.271317726148 12.573092340314
43.294832979022 12.662472294507
42.77426954071 12.146795804702
42.643845695392 11.964959263341
43.638008112872 12.27757352885
43.147334619515 12.491223466832
42.051185050093 13.054967243271
50.261886394705 9.4460947706579
42.414119127886 13.059737554335
50.336937396944 8.099169847136
42.096326988256 11.834709829595
42.867446783889 12.551609588134
42.453631630865 12.942057795351
43.809489912751 12.157558467799
50.824993516237 9.0775661031145
44.341961127097 8.5917195314758
43.094071064675 12.407279239712
45.912013433602 10.489807364852
42.302924984762 12.340696169709
43.804303555214 12.872138017284
41.849708739153 12.511457032318
33.386251888597 -117.8913810819
47.184904719112 12.41389935974
38.142958208519 -97.54813411578
46.038309892192 1.6639875362925
46.91531252543 10.707980937722
43.042966441292 12.622300495239
43.358483033908 12.559467089644
50.389453968215 8.6454425820361
42.559995284586 12.293797524338
46.148718778113 1.1214873614355
43.188245466088 11.918772831077
42.074424895514 12.933002074705
43.201166906974 12.686845766721
42.820786113323 12.57816044503
42.5135227314 12.261083845657
43.513053425848 12.608389329004
43.528766777634 12.65001349556
43.514241711497 13.342901318049
51.389424558773 6.8689221890521
50.855826599922 8.9137763250218
43.695836354858 12.223305647852
42.624316406748 13.374077425068
43.598932945004 12.050762870394
42.012444732738 12.820368132026
51.506985266929 8.4848936574929
38.525535926468 -97.687359234173
51.825341067196 9.465992430442
43.293808725355 13.694537217608
43.418288176629 13.688747839878
43.409418648321 13.471174332554
50.898167204297 0.69250734224101
47.298296376524 13.076074543233
40.209599794138 -74.928422532608
42.87625584934 12.595061953943
43.487957315768 12.552154024875
43.693827856676 12.247267150922
43.411502531477 12.88458275652
42.317671877967 12.996080883798
51.427851504845 9.3662504117779
42.360793676882 13.110131105015
42.842937413551 13.625815139465
43.176363561406 13.764159663026
43.038188687564 12.870357973927
42.420727947012 13.231401863637
43.51947510781 13.269474114904
43.76890413827 11.910097605062
43.463978531076 12.728612058225
42.413096305196 12.51289492173
43.098406440645 12.000535928665
42.424830747987 13.504484445113
51.924178963492 9.832901469354
51.551761225356 6.7291097780592
43.188916280509 13.218528052915
42.664430855638 12.231263572479
43.208362235806 12.383587995278
46.487874631531 8.9773624441481
42.059316280347 11.90224767241
43.087776816978 13.073773939684
52.561434058967 5.6462773167977
40.095169147207 -74.413493994482
43.637128227708 12.058243779048
46.289854039107 2.8705132942975
42.649124968655 11.994419924933
43.174854671219 12.033503036983
43.545381934657 12.032666148654
42.316531229001 13.096582273087
43.480925676192 12.974476289479
42.309861626176 11.851120132439
47.98539716682 12.763754999409
42.433524681478 13.476828479917
42.399534258267 11.929659396864
43.264774595066 12.154881403409
41.835008630473 13.014928958407
50.295447497766 8.4979364552991
45.169199733261 10.808653040302
42.095740979603 11.894447790896
43.134304594798 13.698934669022
25.710221245267 -80.575442895371
47.625596323596 14.122781775737
41.902535627572 13.695313838655
42.117692153977 13.325094438796
42.37596309484 12.995169634484
42.18836336035 11.95887810318
42.635873013493 12.660451332901
50.722003599499 9.4525237169361
42.377590958226 12.880000872503
43.258404231772 13.553935258463
42.905695470493 12.279395085911
50.470263445038 9.2674231334903
45.03371179108 9.328804220878
43.365378124365 12.165879141638
42.401810982007 13.631630754879
42.575429700604 12.801697719771
43.316641794686 12.027241135981
50.443675760386 8.8904015742663
47.399126401171 12.286462124917
43.006726437738 13.016548398445
51.524878732173 8.4345762503494
43.375499468493 11.96317861509
47.379480012126 12.124340263884
50.806895973537 9.9581506172932
42.633913094028 13.74497549878
51.524998346588 8.3229359152368
47.800816245538 14.203232239815
42.778534707997 12.338145194288
42.870346164757 13.447564742292
47.314056284963 11.263529295413
41.687388360867 -70.330365951579
40.92077857314 -74.558854190093
43.087120491607 12.26524886969
46.804329046979 11.734994993145
51.543973440558 8.9290753244092
46.117688300355 11.711224926059
42.099841400117 13.466407778445
45.753182209378 10.019643730048
43.209722736503 13.056353850803
43.560476425852 11.873968066144
42.869052289014 12.091800732136
51.9385180338 8.7113668521453
42.037499267646 12.807331829729
43.812284063481 12.734348730081
42.59063416749 13.295240638005
43.497184058904 13.679295351135
43.247753519236 12.788304300901
42.516634206083 13.819651832275
42.748788135962 11.995592419077
42.643468927913 13.189102948752
43.377047639537 13.704602901707
42.719117789885 13.066868048679
42.124235945833 12.575415999452
41.907125651814 13.454511072719
42.422802834524 12.864984789356
34.514363194629 -84.722460136992
42.727305428485 11.851851377588
46.996477791572 1.7026692729921
42.980196200789 13.728220752335
42.48224952469 12.408513386945
42.180164936104 12.028509704896
42.831033082156 12.650732870538
38.123775646193 -122.71644763326
43.0031521274 13.813839362869
43.513893682304 11.956565638539
42.893788245012 12.761830664616
42.524721503523 13.461659283613
42.73319735228 13.17355288715
43.995924546803 10.464966802166
43.70195756608 12.559068310822
43.345751917172 13.736900144621
52.129371570251 6.7299243556242
43.583577574058 12.282201339643
42.525424811789 13.284101769481
42.338441594682 13.095126217296
46.125242151497 10.312189737548
45.157356510478 2.5210201831167
42.792336430791 13.245661993181
41.582292290362 -74.2572019736
50.191440750003 8.5257313556623
42.431124946324 12.404656832316
42.180388078664 13.387701030556
42.985599860563 12.868574640208
45.055519461914 11.421569747488
42.302151624741 13.390620661637
42.164632827141 12.984716197955
42.786641695924 12.895090623265
50.389112248267 9.7819328227928
42.018858342461 12.824074114146
43.355914924015 13.625505840252
51.98456099489 8.8128023463361
42.235489754137 12.778377059299
42.249726237866 13.601832566153
50.723083163948 8.7840046280921
41.866072632331 13.355210851133
50.504665715389 8.6163453909645
42.857802123717 13.331416188449
42.973109764521 12.879031319602
41.941761367483 12.619809383836
42.701152316642 12.072007237522
42.140530513686 12.979461697873
42.834235527496 13.195813265276
42.700648452503 11.923724805922
42.401808946136 11.951759483198
38.406404203842 -122.35146972476
42.116129785386 11.884701347412
51.590996037513 8.1456290563315
42.782183636365 12.287564078966
42.799074443916 12.356291713846
44.017809788986 8.8535820170765
42.47205993045 12.238355869094
45.696554937259 1.3443083960304
45.351466839901 10.066256459368
45.857715804529 1.4556335236205
43.778855036862 13.314146666489
41.985945892069 12.204330462613
44.403542148512 10.025360113324
43.94075027888 10.634930097165
43.089016980088 12.209309535685
41.891960727953 13.098279173553
42.330173783179 12.458369747504
43.264643010828 12.44536595861
43.234603123404 12.125292232805
43.192599566764 12.246030495172
43.439706847763 13.150476797575
42.95691044489 12.633953027278
41.837993837373 12.713978038989
42.54686541231 13.313315785657
51.577356891975 9.8226281310537
51.153799377919 9.5737375945662
43.71904437233 12.709160064698
46.664813500952 12.913221953743
43.71750157362 13.507720226214
42.502943698106 12.197173163873
42.402819944289 13.759927312287
46.768484939248 25.566714435148
43.013734561884 12.036845357661
50.535525501489 9.6209266873174
43.444027865068 13.589522714091
50.5377388152 8.7206961297061
51.307938454816 8.2991499473803
50.874573362933 9.5367878398564
43.763864444945 13.129814663518
42.423982299617 12.497522849842
42.733983335448 13.382475070854
43.717503710074 13.00309222706
42.851683265947 13.459160126981
45.049643660637 11.075301805288
52.580279001305 -8.61689605872
42.048082791312 13.376466423935
42.939493456383 12.867140145
44.883201080201 12.311459238812
42.856615635521 13.782587774018
43.171599981942 12.197648577971
50.299041606625 8.2927839738749
42.610226467557 13.455463568913
42.880751344806 12.393714462611
42.702620309194 13.032849312331
42.144942749846 12.195041371621
51.977683801194 8.8145785880343
43.348243887254 12.060274286245
43.809729815393 12.599098354412
40.70611461626 -74.917334190663
50.323730916867 8.3509779522899
42.299885620058 13.62758524235
50.390165882832 9.0955994418336
42.697090678728 11.890948310465
42.980370638438 12.619865241304
51.60776926326 8.0260965116444
50.624770914495 9.3599682181887
42.898244463812 13.419838103217
40.269765425751 -73.647856700202
43.339455268525 12.324082342148
43.530133808765 13.475869270284
52.976738356741 5.7215970442498
43.541515577858 12.132275993087
42.045052701184 12.840021388552
50.745440770753 9.6666817291019
42.896291102721 12.407380520111
42.226039910815 11.93307713977
42.714693183433 12.876113141385
50.205191422815 9.7476521789784
42.785434659492 11.854703568807
43.41286053297 11.971984361772
42.449756422776 13.311944665088
40.114236236755 -74.259454372126
43.537944826103 13.543391961413
46.367386222057 1.445347795936
43.223848627074 12.153926412202
51.377273442865 9.7143812620614
41.951582042965 12.371923842662
50.573160844889 -0.0070928782769866
42.020719761991 12.897411613698
42.233119540512 12.094417283842
50.771505204389 9.2855226328995
42.432850291709 12.771933272861
42.304516089777 13.540655513567
42.935971860299 13.136662280272
42.38381650831 13.069725448785
43.281313738938 12.371457182531
42.138519011523 13.553694512508
38.008784004491 -96.144134654731
43.684302093335 13.047667432154
45.744490156297 2.7219930448206
51.699657379743 -0.072535000826477
42.890819040563 12.528048122103
43.711740455011 12.572310517364
42.73928847573 13.56042084452
42.037414139641 12.252743589365
38.651625968964 -76.508103833984
25.37995821207 -81.113369172301
41.574364254775 14.599118483367
52.042318306185 6.1732689027783
42.798249236701 12.923894765772
44.858728397968 9.7274217615986
42.435533255562 13.012207509511
45.974496294081 12.813330465256
52.138650437649 -0.52877861384245
42.707146452624 13.540437390369
42.246144974274 12.739805844512
42.441437291674 12.724995617648
43.559162688723 13.570126577101
41.923246759907 12.234652324244
42.075016273521 12.966520072413
47.586836565094 7.1529012863305
44.256188874553 7.2552829539684
42.462667127376 13.815261029573
42.496278502299 13.314697443675
45.885569440266 12.095576096904
43.227038346823 12.273520393911
43.452017465838 12.610112749811
42.904092647112 12.213082025413
51.805601161348 8.3534080476283
42.696918522353 13.690541582525
42.35650686659 12.914797812682
43.763489631381 12.09168849985
42.684646538333 12.234179050792
-35.885094869163 149.96595303813
42.698094931777 13.145599738784
42.636150990464 13.391978815867
42.210205434475 12.286014022925
45.218043597517 2.4986358343152
43.315887067635 12.927696793327
42.924977347706 13.454347680555
42.019680683997 13.712487639281
42.509740789679 12.331708594401
42.014645656599 12.336061823825
42.260377514318 12.032668434585
45.268933223804 11.883084660875
42.756659062487 13.740889118885
42.486657991322 13.548578562491
43.746605352402 13.665973632462
43.326485827273 13.19538879592
51.181734625568 -1.0208821427686
43.191217226552 13.52496374425
45.888185365073 2.8427158924019
42.631527820917 12.305596175767
42.981804448192 13.814063983438
42.02653492292 12.800622085038
42.020399114148 12.976797963968
42.936275470062 12.286681739768
43.000305933899 13.595888956748
33.55674025627 -96.832898114746
42.3615639044 12.900115112749
47.004691488552 11.294846779711
43.300283369303 12.310464875473
51.587873050518 0.69553925217388
46.555519218138 13.309353624403
42.168813091337 13.815203375584
43.421366295855 11.916786130505
42.491059602954 12.459750232522
42.309338053388 13.16910767053
42.484272856046 13.229421597568
45.387391927365 10.215519733736
43.13994108801 13.522586868875
43.404715554533 12.784256416294
50.461742571304 9.1968802079544
33.189797713084 -83.506042968159
51.373058510187 9.5565411809629
43.795884816137 7.613643388992
42.609855191621 13.717790208647
43.416150829038 12.770868453577
50.378749298108 9.7083224904297
43.587966540657 11.849109572309
52.677129735554 -8.3440335911438
42.439806156552 13.24127263822
42.899204640623 13.603628938854
43.318426029926 12.933012830083
44.998879883601 8.2754705668103
45.612952165591 2.3995810190214
46.622393213968 8.9084857594727
42.436366387401 12.77805759051
52.53991850514 5.0709806128037
41.914693813287 13.158100898938
41.996975332518 13.525079683201
42.568086382287 12.13167910938
42.720668204951 12.481514530036
