41.923193801645 11.836620166377
41.87095832262 11.892319960491
41.898426231555 11.849904253355
41.485569361963 11.810600291661
41.892416475312 11.91695442468
41.913063255888 11.617887705014
41.881119039341 11.878083568031
41.87736301819 11.86814751798
41.869754054078 11.836126875543
41.800154880667 11.538326233222
41.878691828309 11.837317280882
41.917299780977 11.880764422438
41.871054681445 11.875282637738
41.850829136044 11.902014287164
41.911275487424 11.323921616408
41.911582036508 11.836760743722
41.807227974807 11.566809787956
41.835070427917 11.899997733042
41.885418067188 11.83969778795
41.653243220389 11.720376915911
41.921934657715 11.841321138147
41.516167358875 11.607287583036
41.897762995955 11.883675979489
41.874398963954 11.909866923911
41.856487964818 11.510903756184
41.917308585235 11.865724845282
41.367637991285 11.513328906199
41.881594107452 11.861085014374
41.84732250678 11.927585131942
41.465710747412 11.720557416936
41.844711364661 11.907417963702
41.548771418561 11.485304388721
41.560732053528 11.825888836021
41.849422669455 11.902067041
41.901771624082 11.895346490639
41.866717189975 11.892367792287
41.858045916959 11.88809623799
41.796383822382 11.910135464047
41.868143734135 11.850817601404
41.884110766896 11.864037934183
41.912240987158 11.837082634625
41.843581386443 11.570560857265
41.653182433431 11.909050495133
41.863859611987 11.838572862038
41.85049350648 11.857370006806
41.850731198162 11.87441201644
41.91015142014 11.873432135172
41.864884597673 11.925566310981
41.867672002834 11.892377006792
41.633616909354 11.623629446243
41.835795206428 11.89035316414
41.897062064587 11.904327373928
41.580838816651 11.74554426332
41.835537014008 11.922188151613
41.845289454279 11.916054839716
41.628192526721 11.788627611186
41.858802174758 11.539696917466
41.906535545807 11.870829016862
41.55316614865 11.961600004023
41.891109160584 11.863623138475
41.881432245451 11.852077602361
41.889763520535 11.855714305258
41.873259763195 11.891886659869
41.889562264054 11.881367769524
41.883261357866 11.836988289786
41.863105719401 11.842627143901
41.86940227119 11.877149696891
41.853402133052 11.872727919797
41.861492583485 11.873083985838
41.858327120498 11.92760013322
41.873267809822 11.864865773781
41.901899150082 11.834007378146
41.898006557926 11.895413547727
41.866675933316 11.907413884044
41.86869193982 11.846671407526
41.879999989143 11.894809623221
41.884619508837 11.87065116545
41.84707480338 11.848098044234
41.851852439762 11.87451696299
41.861250969538 11.913252446315
41.883012199741 11.833451042827
41.892320941173 11.88741454898
41.853284929832 11.86375459
41.876483893451 11.888685305572
41.696437305257 11.734660255995
41.961339926003 11.61191266971
41.859237323936 11.870580808686
41.902232471363 11.845835832828
41.893203237997 11.902289592636
41.524841028184 11.505016922066
41.515275901563 11.981044187013
41.852910217316 11.852551453699
41.876722519715 11.90206811854
41.84732375289 11.922706203055
41.850109207395 11.877722367143
41.921572063103 11.837978851461
41.885393247442 11.875589757189
41.879275476059 11.880993433728
41.88701959184 11.914493596162
41.867080878425 11.877974427269
41.910705387225 11.561341187058
41.82861801143 10.829484113015
41.886344945026 11.887796293913
41.863323306622 11.847203860475
41.857861429873 11.852576313958
41.738669228292 11.573828439773
41.614392364823 11.620500654548
41.8702395693 11.869405313821
41.885455518463 11.897846990238
41.863757844041 11.912663113772
41.887892493016 11.891417275153
41.39306339421 11.535516830222
41.59957339284 11.819526603639
41.838871019373 11.917788118107
41.843094398216 11.908029539954
41.862494586458 11.912543628811
41.847038683431 11.856485143258
41.901187299379 11.795644640173
41.881549055654 11.843157739326
41.8879021187 11.909035982543
41.854234358249 11.892319505074
41.935555967959 11.844240279351
41.88023064282 11.84972163704
41.835914913628 11.75324232194
41.874755558174 11.492500179954
41.882561296657 11.872427497952
41.921036327708 11.848862537133
41.874573152475 11.855664273678
41.914155395683 11.861723082097
41.907013499156 11.861965798264
41.853052877774 11.900864782252
41.915676474087 11.862852641338
41.895289562149 11.83678346308
41.81982518957 11.660225073509
41.840351506549 11.90146302569
41.941151286469 11.833589284159
41.450934885885 11.556471872214
41.790492933751 11.677442771044
41.558091797334 11.800131380742
41.843223496288 11.918263198791
41.913852604553 11.861898657823
41.851426703342 11.873253615535
41.905390748265 11.900173060105
41.881535649265 11.87023709757
41.907963023033 11.855777282687
41.841785168223 11.839775620906
41.884862825708 11.864173944532
41.914074188545 11.855311007193
41.582494834383 11.766921949276
41.852549948682 11.880460942129
41.91431876922 11.842390806827
41.532454541341 11.529689935094
41.872266943528 11.909146988277
41.85696229986 11.878197682986
41.848704893093 11.845431918693
41.907050840534 11.877196998765
41.846560110753 11.920090131445
41.497175887133 11.897880208908
41.939714112778 11.837278513183
41.87065943606 11.836849116665
41.820557784345 11.835115824095
41.770267704069 11.886794781537
41.784792986272 11.594013666357
41.877848175784 11.880404662306
41.929434235196 11.857680221974
41.816261400057 11.61352489293
41.899017145366 11.833997609969
41.853822286659 11.867449218832
41.805070703432 11.79799000099
41.859094001774 11.907070528694
41.921822290387 11.85227767513
41.436255348258 11.510014894002
41.848216100081 11.917662740668
41.545671763292 11.591578716499
41.716476009235 11.494485097513
41.884507686798 11.912357618081
41.720848130538 11.548090785808
41.863392881075 11.908130330943
41.611248995136 11.485375254452
41.866371520754 11.893011145265
41.892592479911 11.860125532795
41.602122058581 11.809271967692
41.859275571492 11.858347735788
41.963699778131 11.752663000905
41.899328804549 11.839459432701
