43.61830376492 11.871471394746
43.217166236724 12.032024206164
42.15838328805 13.095685605025
43.047416399276 13.033806687723
42.084245825712 13.229717501567
41.944787015668 13.32219674921
40.985573528053 -112.55108314765
44.686446966155 8.4268540092193
44.889562057324 8.3314332766349
45.203352408697 10.306439039508
43.802990046725 12.431913361175
52.662551330711 -7.1178761516315
43.627959377911 13.479017744085
43.062462281486 13.357413869539
43.58631421655 12.51275170667
42.328959070786 13.393935812376
45.761153936947 13.414854279288
45.274947972768 8.5946884757139
42.799373601025 13.83138253115
34.364369026595 -84.024704268586
43.633854339215 13.14120553722
42.134065941525 12.05636014375
42.338787279736 13.623484773407
41.970479841351 12.676792761181
43.558092116193 12.338312723387
42.481341586693 12.396872027983
43.468372435548 13.197785179244
43.402688607316 12.203846363467
42.050265722021 12.185693415921
43.23199473474 12.362518110502
42.686021414926 13.824483547299
41.919131376298 13.441438510775
43.323070966344 12.162193197388
42.106862657309 12.573637467166
47.095639415384 14.150279644735
42.236389922109 11.950485461389
50.361851598305 9.6678524323124
41.930737703562 12.408881445627
43.502237639645 13.157438876202
42.332419413318 13.275648087878
43.158223682644 12.672571675255
50.639539226722 8.3134959495224
42.240552944264 12.670316706745
43.382586873336 12.515389844571
42.406016347674 12.917648075131
42.265715367305 13.282260281652
43.405620566314 13.310524251012
43.4876586178 13.331779329282
42.278878720628 11.891820521996
43.806982915314 13.783654794949
46.731684568001 14.289368934387
33.711141543174 -117.84543703794
42.119955084363 12.165992820734
41.945028575598 13.620748634295
43.241216880403 13.196348928028
43.635617124699 13.409724264617
44.810378556845 8.5791424001703
42.53828018279 13.159707610125
42.849898673079 12.522115133036
43.807943124256 13.043553012465
42.61088321016 12.741417416738
43.658187323112 11.84037657589
43.326359744357 12.774266635915
42.3846579848 13.788896823225
42.700075233702 12.866248092573
47.500247147633 8.5891369388388
42.920640043433 13.349623668657
42.001839372817 12.136066988195
43.052370301959 12.738966348946
42.126603782257 12.758967304045
26.366937038643 -79.319534011144
42.882366753615 12.388227377754
43.115621181745 12.721788805335
43.192364046461 11.902366393221
46.466113629502 7.5559551494922
42.853442366653 12.869161277504
42.103046011714 12.659063058302
42.750173303203 13.209490003183
43.526196144787 12.863223274661
42.638715063075 12.323625052985
41.853332445909 11.979656718683
61.797436073328 9.374938935216
51.012703111867 8.3123461642826
41.918429048249 13.731951983542
47.708571676495 8.7522216964291
42.47723592097 13.2171180473
42.989945581199 13.387281551693
43.391215372568 12.046185968952
42.457540421515 12.336634383249
42.01405121156 12.325691995384
45.589098010487 1.1975795846421
43.393943005446 13.396738670041
42.668365449511 12.615272340207
41.817668845013 -74.431771856599
42.287980965028 13.021430270777
40.402498896107 -73.737424345231
37.71910452415 -121.75430544844
41.957690870391 11.920223300329
43.153573009278 12.877084428408
43.107467772976 13.772422596262
43.742621458968 13.376334147724
43.024273811406 11.903864687285
42.699473274287 12.164694812712
43.670129291581 12.323567635551
42.268272803777 11.888324758938
43.82007195608 13.833214771412
43.46380554303 12.569991574909
42.34443918494 12.372941600819
43.805370230158 13.142690559471
29.712133031213 -98.475596154358
43.73767480896 13.183557514208
43.211686642029 11.907952812013
43.036231012587 12.522930007692
42.651026533775 12.075325595737
42.120363403189 13.538771538801
45.901334301057 2.8766937893241
51.388153139217 9.6504245538499
38.804987274659 -78.017588662417
52.885710403037 5.8898015735391
41.919372573013 12.327134852471
42.200521731864 13.686931487979
41.986088903635 12.432136051113
43.146967006937 13.720829215723
29.176472234097 -98.293277192966
46.955309421269 1.3550211476884
42.65301745464 11.94239805871
42.855830235361 11.989779287034
45.497284660813 2.6129487653323
42.728983614489 13.805428592884
41.895093250526 13.004390780371
43.754400090221 13.172422838499
42.172484072958 12.298924181305
42.388536099081 12.174925848013
43.061713607566 13.505459871865
27.01671064225 -80.452405184528
42.106034873589 12.161469191409
41.832824067854 -82.481932654012
25.14855430001 -79.507197155197
43.060269026135 13.006015319401
42.979119852197 12.891657324013
43.643780771964 13.703460766817
52.2882564153 -7.6877687613888
42.577095011539 11.922713378895
42.266016648762 11.938654982477
42.064262211374 13.665920587122
42.468500760157 12.723752732281
44.32963140392 10.958796392062
42.166312879516 13.771941290617
43.203189520281 12.489450067996
42.13964524315 12.994651823789
42.312718644439 12.870106285398
41.860727389299 13.211579966944
47.016658581335 7.0892949384122
43.544010540745 13.797113972177
43.192660135328 13.540673286461
43.711013341209 12.22467348644
42.388160521366 12.90008765829
42.541499244788 13.820195114643
42.265915319003 12.78980387693
45.831649789508 1.3721458932255
51.556843687108 9.1699610683927
42.638490322364 13.031053118909
50.339770049946 9.5386833737319
43.189213959144 13.064976453367
43.327672609302 13.744561528689
52.48886019736 -0.60548242727084
43.639967384136 13.027252207544
34.185358081279 -118.64653604257
34.17747544406 -84.538924399673
42.92790144541 11.985421137898
43.148814578165 12.802938101742
42.536397908154 12.510398337876
43.524605733608 12.597320708745
42.837153172531 13.703514146967
43.695553983441 12.159582206143
42.931445232116 11.953187098726
42.061568120079 11.89123472615
45.694897407033 10.994026603498
43.782818477986 13.332593115223
43.638252663279 13.826150041479
50.274739369878 8.9163793921081
42.295953623178 13.42534953564
50.516913723907 8.8721266304479
42.240392100665 12.334451963836
43.830444017833 12.107094963618
43.627783046417 12.470280640533
29.835820129073 -97.555612838182
43.433693798948 13.68905599077
42.598275985403 12.78894686924
43.269104603359 11.984222018639
41.97923690594 12.989599340146
52.208612788333 0.69892349214709
42.230918418745 12.991436368803
43.172083121826 12.138627457984
42.287788381024 12.430589571817
42.040053651242 13.717022196279
41.907963023033 11.855777282687
41.867503240664 12.756424889342
42.307188052848 12.559696609902
41.884862825708 11.864173944532
42.269045406902 -76.128413757263
42.505561250984 12.098069699082
43.234601641204 12.810071892503
43.285531995506 13.369714664488
43.67859611368 13.023730720891
42.06492549838 12.163034962587
43.091699614253 13.210995676581
42.554761578608 13.772004387722
45.343758813661 8.8349516321602
42.587784552776 12.745279468033
42.094367784979 13.265598837897
43.616781538195 12.244786515036
42.444413742278 12.350734370945
43.640972909371 12.648058634574
43.257441264718 12.470882131027
42.943948613009 13.34451415827
43.223587724505 12.994581582043
60.217636378118 100.10024633124
42.574707337478 13.568750612724
42.75457107313 13.054513389291
39.738514359161 -77.374593783769
50.314688975604 9.2588067149086
43.33122365753 12.689536127604
40.062644113502 -74.408098387853
43.799059101308 12.217352027196
43.352483712322 13.248168775948
43.257386911801 12.824589777677
44.770391781705 9.439728597293
42.221802536988 12.960449136796
47.484553688431 8.793532793314
43.254032134152 9.8404151675712
43.376932189065 11.862735857213
