42.665609840169 12.180173847929
42.702456022961 13.827581797667
25.997804986761 -80.588763073636
42.28540732401 12.90890490541
42.691268707503 12.119363017922
51.717344827586 6.4589101051488
41.92210458171 12.164054672797
42.632724175545 11.877079767604
42.407210910903 13.372035470054
26.115537597835 -79.960218200251
41.965660072402 13.423759563113
43.091637977928 13.474743682668
43.785519758161 12.544188843849
42.711445234137 13.162313098184
43.472365133705 13.603922874969
42.540739087661 13.394004722796
42.710790037995 12.85559966038
42.783020777548 13.715014908351
42.549822815971 12.688874547712
45.645380539187 9.8519327666875
43.306767165825 12.27364101462
45.749718460138 2.2926713816322
43.674601031802 13.275655520298
42.828334884193 13.157065450774
42.450395066522 12.405724560121
43.448561284455 12.306725626975
41.255196116256 -74.202281917802
43.814140481343 13.029983096325
42.443100316212 11.995471493826
42.799783199953 12.394432714879
42.914441965502 11.923902460825
39.607109633624 -104.61105408122
41.911409025992 12.399416926524
42.526261034688 12.654001024877
43.457304096549 13.383000573808
43.475094016884 12.107391321637
43.776638527318 12.437916177084
42.004590692953 13.690001106232
43.134755733507 13.218079014338
43.604157459759 11.944423328149
43.340574467269 12.380253979669
42.968592048163 13.82597142452
43.494074607053 12.173017277018
51.842935455657 -0.3576525372768
43.586062605787 12.325819103686
42.284156749644 12.452311265048
43.135077242823 12.024226570534
46.288212962115 9.1199763533309
43.447924557372 13.718341145089
46.750857558081 9.4241097955611
42.275773872771 12.220219265327
42.063367201532 13.79394972736
42.851427074939 12.826191446218
42.735885076123 11.954776729923
42.065399427018 13.393531177397
42.5194862129 13.483954246868
42.436371457056 12.829957105161
42.665504597458 12.719288975356
42.128057913935 11.966908884706
42.583402626816 10.902195269846
42.471379301127 11.084345136061
42.475812585336 13.304978567804
50.657627018475 8.7927967457999
43.553290518745 12.893441663095
42.575252072243 13.480340643565
42.402691388711 13.528637784335
43.238345841078 13.648174355129
51.71738757436 -0.32696586122595
42.180156062462 13.22218115128
43.821686774896 12.486275721123
42.24851673762 12.181524560427
43.418865734462 13.481230656396
33.561655810404 -84.64372311041
42.259825571582 11.870835797356
43.128634057554 12.387470889572
53.47950740763 4.8824749054073
43.053664435679 13.672333756796
42.068793743902 12.779913515702
43.651754269235 13.33063573594
42.224723283327 13.411079221618
39.959666576896 -79.985746822556
26.8098441664 -80.176975961201
43.442305383965 13.311181142161
43.334867072934 13.650608930129
42.325576638044 12.74171069627
42.456469912316 11.983934270232
42.404785081954 12.657953451715
51.116411310209 8.1622532928187
43.161135892945 13.324203787543
43.349850160254 12.694652782166
41.949482971334 12.590479553042
50.369783690371 9.9861857891018
43.170104764036 13.418886393525
40.231638583909 -104.46823924451
33.960395241449 -118.32986028859
50.457765606911 9.2042321223785
42.210625729177 12.13668512934
42.218072250608 12.132076545235
43.463674118979 12.611477008861
42.750152328422 12.60051866418
43.63157221753 12.41674446662
42.847023265386 13.640319723024
42.624251570864 12.906471750676
42.451586475361 13.752239716611
42.329676846682 12.197761521788
43.821335181532 11.909373125506
43.090203904144 13.12548858075
42.935512362505 12.283917023022
40.827614496873 12.23861037851
41.868448825047 11.940548682579
45.316333399302 2.2652782175063
43.231339909265 13.314874689262
42.695295642941 12.709836151802
43.54880722407 12.552918689138
51.600615078863 9.9549926826521
42.007976036078 12.618728279911
43.271622868868 12.30743779305
43.74171369932 13.743665647595
43.282928045526 12.950685367452
41.889563747186 12.837376994492
43.599215416538 13.832738138678
43.168982287037 13.449029503155
42.868812939112 12.514906319585
51.590325274314 8.1471732445747
42.430998379121 12.302301731588
42.075193765164 12.379423692089
42.740888204326 13.8268739045
42.906880535163 13.825014974861
42.323187228464 12.991089704929
42.643841934711 12.66578221913
46.825488048059 1.0780958487085
45.309788051206 1.9015233697842
45.35912367532 1.6077809155024
45.443976194805 1.1774802059762
43.457612294007 12.130054659757
43.65501784333 12.43082095146
42.412400311538 12.530913560454
51.392598514395 -0.5192102741586
42.93961140699 12.67233655542
42.813475396418 12.000227525851
42.095688454872 13.708503605683
43.339636449881 12.075320446454
56.124763112108 10.158622548989
50.779848294372 -0.89001928998386
43.464104146468 12.489495922129
42.599751546348 12.234361010268
44.991831884276 9.4314300994535
43.26340387124 12.708824144562
50.289112193295 15.540031286906
41.892476415233 13.205555786961
42.230849352328 12.121964024923
29.284142559824 -95.852004913288
42.256158002793 13.202842458267
43.748268948772 13.464853348448
43.192909829895 13.075742474348
43.451715480302 12.049563686407
42.885404585828 13.689193255144
42.635674403832 12.346892602924
39.681021679971 -83.002421015586
44.072824658276 13.054724996495
42.893561068428 12.524078613412
50.2508460955 9.7129663353381
51.398116329637 -0.28470645351088
42.151363459507 12.755403172598
42.137199082962 13.702631020801
42.269108655078 12.19267261505
43.32253274944 13.550417473351
41.986124230563 12.414895744277
42.515331762172 12.678880859038
42.539651233044 12.268824619387
43.526258766917 13.064972767658
51.891203963846 -0.22707216922988
42.252819669572 13.710645427348
42.882430267487 12.291613590595
42.273328477665 13.037774012463
51.548361659073 5.4385597909282
50.29420912978 8.1925932225737
42.921033542587 12.545248347144
43.198715295756 12.176172967638
43.545552488226 11.870843044443
46.433557710812 1.6824478393805
29.812674632683 -99.385691044594
42.986684046235 13.486112518018
51.824221243069 8.13308540831
41.959375075532 12.186992868424
51.577453857324 6.1164401352249
42.929265062313 11.961201037749
52.014533232671 -0.1123552528314
32.883666865979 -84.539490636596
39.63024876248 -73.332442084529
42.104589080973 13.134362321431
42.650679378629 13.327713016129
43.673052075653 13.501763194123
43.040460177271 13.490929092996
51.793642923605 9.4625408660912
42.511521674486 12.210976870384
42.111738768014 13.507409402427
43.510250697171 12.089194451987
43.790567988453 12.435231083762
43.828233853855 12.939481219735
43.498300922356 12.705483824364
42.959251604511 11.987208868392
41.979472468153 13.494862509212
42.733865651199 12.396616447457
27.765505936205 -83.176156993694
42.117755258997 11.947941358664
42.782353517053 12.377283316302
43.129060636821 13.363788997014
43.016011582716 12.010426674064
39.960896773241 -83.613827612714
41.867151463829 13.159161043449
43.220813509666 12.967157829559
43.102748307468 13.578036309976
42.176067509326 13.287394753346
44.537832060104 9.7103397500517
43.759270387611 12.026371210381
50.350904445327 8.5690382805509
41.859094001774 11.907070528694
43.242520635616 11.89177235213
39.934473655688 -105.75170165096
43.433499371856 12.847910362712
42.905100985873 13.196123093479
25.886775019043 -80.36619044233
43.464265757478 12.379356319282
