44.160180356591 7.3296776701624
44.510575144487 7.2888112299813
44.432493981338 7.2862478498095
44.83964363385 7.2262737779978
44.508064379384 7.291180626371
44.79373697431 6.6754259435135
43.96520758258 7.2258483293354
44.194220160853 7.5145334354459
44.545776560856 6.7679595487742
44.209091068578 6.8147679147868
43.70662914601 6.9698254903405
44.064499951973 7.2857660669511
44.619678781819 7.4111461098613
44.248427882231 6.8917556632505
44.227655592178 7.3033761599838
44.076986027615 7.5366755416577
44.575957814197 7.1955035783585
44.790368582956 6.9554978953444
43.947234581389 6.5641543600519
44.19328455801 6.6601615134441
44.235802688909 7.4810464777685
44.487884245619 7.0559208033145
44.292753267867 7.4529691277574
44.09981354973 6.6386745080322
44.38188367287 7.4086494035593
44.406682261294 6.8814443452453
44.7312578262 6.9360047020209
43.46253893689 6.4604979993529
43.046163926158 7.2946038853375
44.349670986971 7.3293336670772
44.131862366331 6.9797066363667
44.18243180005 7.2446223919488
44.161947562132 7.1548814524942
43.859063154277 7.4111084138793
44.923378898983 7.2885440128104
44.491849018746 7.0406778813296
43.948977782321 6.9065037210735
44.046003624143 7.1847191071765
44.078310969019 6.6899014111351
44.184367807107 7.5450768546667
44.24733773833 7.4386109359998
44.625446183109 7.3681821267926
44.570545020011 7.1098974741366
43.669021512018 7.1936582779249
44.277759978933 7.2113757571957
44.399488731636 7.1583940873916
44.417261563089 7.3400436703791
44.435427665611 7.4815235347191
44.87624674301 7.1337589899025
44.425248986818 6.7300288986299
44.578064516712 7.2962897276721
44.790676570097 7.2334006469177
44.421312080176 6.1716096684171
44.340527410475 7.2819088724147
44.248586866818 7.3191625810107
44.30172541591 6.9886744548281
44.522762895503 7.2917311674667
44.339399541211 6.9140728418082
44.14107302506 7.0978157592717
44.293403214215 7.4820926327198
44.861995154345 7.1438119425852
42.977869874557 7.2967611808548
43.840269245855 7.4498498120344
44.060827675001 6.8587408779718
44.741374245887 6.9259110071607
42.563794503649 5.11446307262
43.546537094885 7.0904658096821
44.276073298243 6.8801168624009
44.10661968191 7.4125192686298
44.414611837345 6.9922433369524
44.396685940168 6.7513372315356
44.636981168593 6.8898637378053
44.748982968321 6.6898196032945
44.30137228251 6.760504103366
44.511391260131 6.7586220024216
42.997235508566 4.9053996403432
44.316411758618 7.5187597996433
44.233601772033 6.9384196081168
43.569235141843 6.7565638843699
44.85548135371 7.2376090375859
43.78555226102 6.8592130571857
44.426368742146 6.820143074391
44.527828372492 7.1657483860015
44.687635158672 6.8836790092003
44.504315840478 6.8304244607153
44.739047774621 7.3756182481677
44.654804002962 6.9994516034864
44.366232118903 7.1955762201224
44.025897531086 6.9329915363518
44.482793428578 7.2363925074141
44.204175944188 7.0827660851589
44.113102869346 7.3979162382208
44.119073412274 6.8312588851113
44.701151551703 7.3706271899052
44.269646567188 7.2667082144747
43.640324952102 6.6108987849234
44.659657111743 7.1857926318566
43.926471428215 7.098522649707
44.879085472452 6.91857532622
44.818721837443 7.1100654488266
44.559104393194 6.9011725938674
44.608706853496 6.8760568914148
43.787818019679 6.8898582011352
44.256188874553 7.2552829539684
44.502483564619 6.3257714472598
44.318334126225 6.7872751901123
44.305491849713 7.3150911742193
44.682753807415 6.9718581155998
