42.190152044052 12.833577799089
42.787424705379 12.562272110771
42.337420764092 12.196163935234
43.081446851663 13.545263173799
43.683120980267 12.839527554291
41.884384408095 12.729862384393
43.4080588531 12.977581523369
43.607850546321 13.268507384841
43.232941972221 12.219246409025
43.641750886891 13.411965424408
33.927035006356 -96.628371110171
42.170530048765 12.838104757892
43.015113741187 12.019745512896
43.171372556694 13.465524604782
42.426259712536 12.278759149985
42.21674703912 12.979666447278
43.587146970738 12.066232790757
43.02731107691 12.57453222462
43.617057426675 13.089003514095
50.932921322963 8.00129759498
45.625512852625 1.797880288585
41.992320926412 12.617666664842
42.791827074642 11.915982214716
42.928538956667 13.83234732313
41.923293330226 12.197306734157
43.665088725141 13.082991864592
42.209434496357 12.349333324188
43.588859347922 11.894818349248
43.21010023088 12.792296645621
42.652519967732 13.462475752229
42.36425214047 13.746818538193
42.415544498926 12.64639493995
43.119659115171 12.471835306155
43.485342166168 13.080074046797
41.838811960483 13.423406503381
42.772833070633 11.90408291805
41.915161418244 13.33123002312
43.804007822112 12.076031521019
42.993274946249 12.057777328465
42.451782962073 12.547142868672
42.631712346187 12.127214727538
43.593966015912 12.582675350657
42.167301064456 12.68179299204
43.632046135923 13.466058054246
42.825917941458 13.658065392963
42.380310991511 13.800378729983
43.375614501732 13.746301967554
43.523051477302 13.132282319561
42.52104424665 13.51241985781
42.85167384236 13.528941473725
42.684831884098 12.825380310822
42.070797280462 13.397857646664
41.867900850676 12.743746601412
41.851431854952 12.075803843383
42.119537630661 12.839232824223
43.157663395257 13.675032161977
42.111606963983 12.883729961202
42.10572636507 13.52591805466
43.311484918164 12.006777307043
42.044620777988 12.214261993887
41.861713452687 13.710608464552
45.089810579183 13.109515152642
42.858455720778 12.342661732988
42.610053071592 13.523945499011
43.424276362392 12.953046318608
43.629979214014 13.185044956966
42.138995399784 12.005536319712
43.238066376784 12.902309174625
42.353914499003 12.072177375256
42.08717632719 12.571376224801
41.9070637482 13.69345346081
43.715665564295 12.349970649646
43.09145268292 13.221161330243
43.671095698008 13.239352979364
42.655504100351 12.857846001118
43.360494403823 13.324633892332
43.640451109356 13.429273023491
43.042315976269 11.891659522865
43.011592889697 12.421300136701
41.961619842801 13.286546396246
39.202877742399 -105.73837031778
43.734936847715 12.899091859788
45.325684888906 1.0891746194517
41.914505211152 12.073545355871
41.897904658664 13.790752456913
42.696136108013 12.290588930406
43.161111174713 13.035333571993
43.529482663411 13.029801765492
43.772074966606 12.386218766883
41.998104357646 12.795754076373
42.195763195046 12.107168073371
43.516322925017 12.016429682757
42.576067098706 11.98918366201
43.666743118647 12.366035492817
42.848810891571 11.874453052375
42.260373362482 12.241749350115
43.065685558184 13.245446848818
42.331702255354 13.65010055606
43.289771570514 12.290834506199
42.151488542183 13.151310327089
42.515324192383 12.400596803727
41.974545406187 12.11601909956
42.229787906294 13.77736545765
43.055158263585 13.082101177949
42.909693774746 12.289825934607
43.799658340795 11.893915476715
43.2224749924 13.716017163713
42.467553788569 12.978041939448
41.8827959648 12.814611094007
43.263521035811 12.617487230647
43.163265543621 12.737480137396
42.554841412976 13.538991758872
42.833935329169 13.598393222151
51.411970029311 8.3897699948353
43.365733442554 12.572014380068
43.674481319133 13.409541886977
43.415669162041 12.775865676729
42.084296791875 12.116256979835
42.282270901058 13.763306785751
42.780812913005 13.801440874043
43.295722826077 11.893900297554
42.73819651398 13.727482925063
43.242095696408 12.966257601516
51.317463723159 9.2478466733582
43.603968020831 12.75278236661
40.758815221102 -110.89449277874
50.42916000701 8.8409414630574
43.122876031402 12.258450574383
42.580660363951 12.933608095617
41.867801074364 12.404956741468
43.189930216053 12.752791135478
43.385920582074 13.357239074727
42.132855115541 12.981565573265
42.107097697981 12.746051577754
42.639199561758 12.209911974731
50.688870595623 9.9725545570127
42.720227144084 12.963418820877
43.292254958925 13.135293372525
42.281383406989 12.871435295286
42.365141557255 12.147437214475
42.634977828562 13.592386149167
43.365034446311 12.709653688481
50.808148201931 8.5694566967755
42.950019042471 13.418341118593
46.367393673103 1.7091997171329
43.560232377893 12.381818229997
42.880217546097 13.349430110489
43.533289362014 12.500916351818
43.816973890579 12.657102180041
42.500264899128 12.877908901276
42.049143361903 12.231821349485
43.065694646961 13.599995827137
41.951208102515 13.216226552269
43.034227774515 12.970563354444
42.608268278955 13.268331872445
43.713283525667 12.304522532667
43.033069187812 12.763675097753
42.10554738862 12.943253092462
43.818537331588 12.268771872536
43.42500381147 13.312616750765
42.14338353611 11.90675182778
43.683877040972 13.27541486701
43.66187734702 13.248521519496
43.398810489776 13.244766448294
42.711845250687 13.387702262231
43.787364598751 12.927654167159
42.164860185799 11.875406914819
50.991392860884 -0.3950928545115
42.602679427083 12.074183066897
42.229247781576 12.024927190538
42.584762393325 13.16480563032
42.999042438364 13.379959730629
42.99982471673 13.656395079895
53.266676857493 5.9729296575407
38.820913670796 -104.63820258779
42.44992620847 13.055934208958
42.268984628056 12.628951835294
42.997512011809 13.757733197325
52.03927684973 0.27730534606023
43.029746322927 11.849231527138
43.535552844676 12.993987645506
41.93776453891 12.473490858226
53.274721449602 6.13190938457
43.000782947543 12.52283073476
43.558450811824 12.965729440567
43.176889532815 13.668934191444
42.357052176912 13.245681698569
43.543994519668 12.427087093458
43.034225720949 12.88891764308
47.018978639515 8.9225795128954
42.100067936883 13.437080738359
42.276492707115 12.130709048908
42.869036862121 12.859415872909
42.214850064488 12.305543397251
43.606250382797 11.987933680896
42.34823987465 13.521394715908
43.045056968969 12.296193056433
42.698690973569 13.092154367425
50.106848410846 8.4590146608925
43.203026580274 12.008437031439
42.398234251627 12.230375229509
42.088522068753 13.412077126772
42.832942593786 12.423993204473
42.29435576654 13.376988140131
42.034144578538 13.500341879924
42.566495294502 13.453271046047
42.724767726273 12.87880994376
42.905093302461 11.843981268764
43.631416575833 12.343977862219
42.916104494576 12.609633168976
43.285237667305 12.937651954118
43.510633430237 12.471128337791
42.405128516466 12.407464799682
42.069205053204 12.477424611581
43.499304276679 11.943362989923
42.317540702113 12.738674762558
51.028179080704 8.1614588015533
42.662759675974 12.339503945031
42.536687099646 11.94912004098
41.979845466104 13.805795316049
42.814603378465 12.009815844733
42.663128016381 13.278985869756
42.415007829415 12.79247561043
43.024799638926 12.644266695105
42.134284292897 11.91444720326
43.716540526488 13.479803350999
42.189629979075 12.398752405515
42.508791120515 13.36849279069
51.573090835741 8.4743588238369
41.880160041584 12.74797231089
43.50384211007 13.340282478084
43.644905444556 12.873988752216
43.246922481475 13.280063878896
42.395561635699 13.285955870678
43.827525555563 12.463614036566
43.466717394307 12.655450770492
42.801977833662 12.097684168789
51.902337475169 9.9803030337115
45.456880220425 2.9723314959427
43.826335824966 13.756538708136
42.475401216895 13.707788757865
41.970728530556 13.444822652028
43.075623904877 13.202011721324
43.204190939315 13.268223243446
43.151082418485 13.622587339332
42.178630188212 12.930990796991
41.936682472928 13.050635391891
43.453620033105 12.022209289049
42.295944517172 12.019803324745
42.015587210683 12.060629237958
42.182709676785 12.286238810202
52.287563335983 0.30503449411832
43.188320400768 12.726367044622
41.855173988687 13.432315900213
43.758620893957 11.907904171363
42.323969962713 12.727440236496
41.795304394951 -82.536256744983
42.520850247967 13.338800394155
42.023380174799 12.539643406675
51.013303750201 8.8493940317302
42.445401670174 12.529009598575
43.670005951875 12.929086884006
42.601175868719 13.615805393858
41.89675810325 12.350041345877
42.178549581311 13.385193955354
42.054133484186 13.400252123571
43.020579700854 12.701791527098
42.964483473454 13.162018818877
43.656584714866 13.66299460675
43.306824181858 12.655322977202
42.896581054172 12.29898856736
43.788709750322 12.714176761806
42.546146788444 13.768725328526
43.535007540872 12.500199434601
42.273293619658 13.561981045458
34.21414501653 -83.673415954445
43.301667350972 12.744155910234
42.425530070658 13.158855648341
42.080513294379 12.94746845774
43.077396337 12.259250377447
46.237317990622 2.493175895183
42.040694509673 13.072232562172
41.985715982053 13.35133388657
42.026651705649 13.635627278444
43.591194726357 12.289713987771
43.155284619518 12.260838201878
29.07531536264 -95.374332150828
42.4899686312 13.72457425565
43.154519201349 13.718021748477
42.254832367087 13.478910449205
41.864652553066 12.067281113524
43.203383642365 12.805555673712
42.356827329566 12.610686644751
42.972088139978 12.434807311967
43.55600922443 12.958829809448
42.458971012618 13.751828037573
43.748378906769 12.877380958722
42.237233794891 12.124771871683
42.022089206645 11.988827098177
42.065079305372 12.831383074111
42.951223149428 11.835678282138
43.140965473459 13.057371401276
43.200445768072 12.577849070832
42.451122132361 13.156904649549
42.43808484519 13.096690394516
43.108416849819 12.176642536755
43.271252706794 13.73522480567
42.894212771645 12.495740913107
42.955748355948 13.669303895773
43.456641686848 13.037837885824
42.057482197929 12.014524132972
43.602726230699 12.729330663464
43.059605677661 12.185928265206
53.481479235916 6.3037458996073
42.077000308839 12.253894232818
42.476638260075 12.039147207553
42.537693143628 12.473505190349
43.828351344854 12.42779237799
42.649189202438 12.448454181428
43.474674222767 12.554940174148
42.559835887796 13.020759457753
17.706985026324 -63.708575744095
42.523599440962 13.362884726565
42.065283725555 13.193137745484
43.014446773128 13.678283665666
42.161418266225 12.786631498407
42.290296944014 12.386020046394
45.583430858135 1.9259560387237
46.346204187882 2.1768751117293
42.473254795428 12.020455190942
43.670198611317 13.452788720605
33.551855780292 -117.04145951175
50.030502359397 8.5657584478919
43.405294539617 12.828452940971
42.173309844089 13.461827897703
41.931405073952 13.640498777239
43.74040332706 13.013217413359
42.464689004007 13.710646173337
42.956381285564 12.046425183812
43.070791332105 12.66156338747
43.220213730477 12.475175178852
42.80645530338 13.195347361844
42.100140295059 13.043256748043
43.494809333021 13.394168468397
41.845717621451 13.122027705501
43.113160518537 13.49242027874
42.469624480472 11.899503964905
