13.399345389774 41.977279217924
13.415171730546 42.048684043853
13.40148734534 41.984174818864
13.46302360739 42.024798779315
13.451491700251 42.006380613452
13.431260213478 41.972145263579
13.423759563113 41.965660072402
13.44423520681 42.015479092049
13.438439524492 41.993684460427
13.422454117084 41.972166302622
13.383538423306 42.022625658227
13.441117055475 42.030467863696
13.39268087523 42.008268733068
13.421501650227 41.979644618009
13.427975927234 42.038915442808
13.437785279696 42.049753440123
13.405772730918 41.987138248064
13.411608934149 42.011708000701
13.425427944153 42.042377094779
13.447266461091 42.01363857326
13.419657631062 41.978535858925
13.466596688382 42.027658792712
13.423390459022 42.029225245153
13.428321512171 42.035347477105
13.414115811446 42.045353946784
13.420598918789 41.988943241552
13.421008465097 42.053742504725
13.382696758224 42.010284237124
13.411856837318 42.036960082167
13.40472098228 42.014708125526
13.411927686751 42.024160766075
13.385553908735 41.978627173241
13.427086058293 42.042130892671
13.455816326896 41.999689230716
13.376821663893 42.015113315107
13.404652612493 42.04074352518
13.461894055599 42.032181224356
13.409285504583 41.983765032156
13.410613178022 42.026047154363
13.427258085679 42.00095782338
13.421921458778 41.992743751517
13.411968215116 42.032797253727
13.407558231825 42.014474441325
13.418205497071 41.96072308766
13.413097601597 41.957865736449
13.404104727995 41.957885582467
13.430300965661 42.020047269326
13.437032211331 41.986388030011
13.416330253455 42.020359427699
13.39353154201 42.03974005677
13.419578978077 41.977286294579
13.431609861775 42.040220127015
13.40085467717 41.957635454369
13.425955461558 41.977456667005
13.431601163688 42.009940914835
13.384605156924 42.033729427531
13.379133384407 42.019052279677
13.420732509096 42.021846032267
13.414657783909 41.977217463787
13.417033830407 42.023864286984
13.439208375516 42.035756082777
13.37845975646 42.01390962026
13.427273631782 42.043565644924
13.380196410429 41.988393476714
13.406558349939 42.033081820271
13.400433426465 41.997495541369
13.423157755038 41.96116110124
13.467432225827 42.031892491075
13.379662728135 42.015899348567
13.454740445828 42.042292573996
13.416901164438 42.030637294555
13.453931133495 42.044336763718
13.434535623286 42.047289408321
13.465035572886 42.024170894208
13.403827148233 41.961077518764
13.44795537763 42.046305569863
13.411210474771 41.981488627394
13.441308072995 41.991319343465
13.429821896122 42.011370583464
13.429932037124 42.034220893439
13.425788704525 42.039813960476
13.430845999846 42.048066138333
13.422622533733 41.965428427332
13.411071140997 42.05520483111
13.459644038465 42.007749062522
13.446714706948 42.011533333946
13.41749962208 41.961852956566
13.425299883108 41.984341018847
13.435547367428 41.985710384804
13.379017956752 42.024696006006
13.399423070925 42.02648677168
13.404529125173 41.955853892956
13.436301650238 42.004478556593
13.392042042425 42.001440934859
13.412510610399 42.047293327326
13.40285606936 42.01399564187
13.458968938563 42.032120157069
13.397629992777 42.038140709551
13.437847575398 41.995238890425
13.395732195788 42.042553906835
13.445226351959 41.998686661499
13.412791012068 42.014094004435
13.447066669582 42.025295208707
13.451541245215 42.045869736975
13.441721533652 42.010534103054
13.428824093414 41.978165589284
13.413116590333 42.021291279265
13.408759057268 42.015524243033
13.418445815548 42.019103933621
13.395362070501 41.990245515031
13.391042601055 41.991601616161
13.443077154219 42.038802477105
13.41565545111 41.966318852273
13.390785111317 41.987102351166
13.460402711996 42.043193860021
13.453138179843 42.040744073729
13.423505605417 42.052314928313
13.433808096908 42.015287832851
13.382236519562 42.003345388476
13.418351100042 42.006480572769
13.435281450618 42.039139119016
13.441297340433 42.048020704227
13.395435847547 41.968096951495
13.395239620675 41.971551186879
13.423400645362 41.980312442885
13.424599680337 42.010302574865
13.437511075513 42.021010797967
13.411201882389 41.971867554363
13.384358573905 41.984538246891
13.403751149051 41.985073483097
13.387635046352 42.0206598081
13.427430437632 42.027620538172
13.393409275188 41.977515546616
13.430838894321 42.02065404461
13.42517084138 42.029802559444
13.41750661445 41.962745544504
13.412502617788 42.009512268498
13.458982589889 42.021609175981
