13.649370399627 43.435961742644
13.713516614753 43.402622651983
13.659903835834 43.413939891131
13.716064023208 43.48314220576
13.689181475311 43.465091572846
13.720189470223 43.371812218063
13.734511260772 43.491533454292
13.690010292798 43.434944244791
13.755807198026 43.429836873652
13.729942702118 43.385985736005
13.667571378738 43.425708387732
13.706556775957 43.453018515137
13.692738402978 43.482540761832
13.736010824694 43.473127013314
13.71739457816 43.423976537059
13.721061221215 43.378405985154
13.665502814907 43.450952153418
13.731956343528 43.380672463414
13.709228278955 43.470947055852
13.661277635352 43.396803260521
13.739391471159 43.483377146781
13.722204538885 43.431180899253
13.724333509695 43.446308125505
13.743633680879 43.389907251315
13.715777851064 43.489571342494
13.644189039566 43.483359467019
13.7060732533 43.402460772287
13.670445425303 43.4152512627
13.749155470074 43.402143204793
13.687213852877 43.454807482427
13.688986863351 43.441186119097
13.674072800539 43.44914723071
13.735234653941 43.461125020173
13.738133983586 43.372986551103
13.661799358533 43.457535254072
13.64745533452 43.453864730661
13.693983806641 43.474335370362
13.668221345969 43.471934487353
13.709837585574 43.379848900915
13.691036407247 43.441412369016
13.644730069996 43.480092494062
13.746301967554 43.375614501732
13.757735634596 43.455112450989
13.67330711089 43.441667722299
13.724753022087 43.416198315779
13.730279340304 43.490456025366
13.741882617952 43.387407846485
13.692972730723 43.449565026674
13.671736143863 43.445347655327
13.751935984379 43.410951151725
13.705599364709 43.460289633603
13.707197610639 43.433814768902
13.670685511416 43.477171788701
13.719210877905 43.417216012004
13.7618337133 43.436913794597
13.747363895081 43.457958548098
13.729933329753 43.446718628747
13.744211828238 43.43677703919
13.721058522708 43.43881971365
13.655986262346 43.428809055814
13.671387336551 43.476820759718
13.675861473065 43.489200527563
13.661140350954 43.398344896475
13.663236811156 43.489545439153
13.661026472555 43.486403245261
13.678172273898 43.396274007131
13.765265270979 43.457846697654
13.68816622893 43.471221203691
13.718341145089 43.447924557372
13.723758504153 43.490273294288
13.681515523571 43.389054964033
13.668890476094 43.442725599039
13.674468104597 43.401216627772
13.722986063346 43.418924628973
13.692934893415 43.403649152466
13.652224198308 43.479501121922
13.668163684995 43.458783554614
13.685303936121 43.42250612493
13.652891265553 43.448158120966
13.66251983154 43.411916205872
13.704357040464 43.483418927308
13.723333795913 43.482953661833
13.734819810735 43.380489626166
13.698333360601 43.43322566593
13.748664600679 43.443759300508
13.692519899801 43.378840097424
13.719035302179 43.417518803134
13.654007349023 43.488559766921
13.763064298689 43.461233971411
13.75080703236 43.431728692482
13.722617468223 43.392454847897
13.741431580291 43.468425235019
13.699410834231 43.472961890752
13.728877879574 43.39364896316
13.742419159407 43.415614271751
13.72334294802 43.407997420269
13.725404680134 43.44476052443
13.713387111555 43.407699507406
13.722430561561 43.369297286223
13.713871984165 43.458750882886
13.692461891909 43.451109048676
13.733740397626 43.429040403792
13.741772880213 43.468011687283
13.65264474214 43.450458368517
13.705125564127 43.38638110153
13.759682324624 43.432906105406
13.699827783622 43.45916220383
13.681862756017 43.471528232338
13.676743035541 43.402107105799
13.654312274744 43.416204471822
13.725053900746 43.465164110302
13.657577410202 43.4238849182
13.723078421209 43.448557473018
13.718560206594 43.424889059491
13.681017828512 43.425415569204
13.662644367995 43.439172884209
13.679349688685 43.437370846738
13.717249263899 43.492606065021
13.715609653276 43.43565582227
13.748310096 43.394846204407
13.739111289747 43.464401172711
13.679114981426 43.456409944921
13.710599167159 43.49413943828
13.677450398785 43.482428989153
13.716666292754 43.428104838577
13.662151328617 43.437912012675
13.723331087161 43.426426769454
13.698340413972 43.446843138659
13.726970571918 43.3712702768
13.69560247601 43.44325554999
13.741308847808 43.396985159927
13.681208194106 43.47743367009
13.70602840127 43.375021585925
13.750644971056 43.425245076637
13.69959626009 43.411066071343
13.750879770515 43.458671566334
13.700055133898 43.415356323337
13.760741611852 43.467371953424
13.734632177641 43.428815311507
13.694478466986 43.387882663139
13.644725094405 43.456886400702
13.677449623459 43.404877454718
13.683056678496 43.401034618936
13.670199090948 43.393819331862
13.654373440752 43.484448737711
13.744089406817 43.370624907043
13.763621156481 43.444092586399
13.725884477501 43.426001585308
13.710902469119 43.386695734426
13.729155188321 43.485048110844
13.76306819674 43.457140214509
13.689893546391 43.466762413043
13.748618998469 43.443986467314
13.697391572754 43.462077284002
13.747192513567 43.471178258544
13.747306939583 43.452309462008
13.749638468863 43.427328289241
13.734563989462 43.384909100099
13.661929620759 43.4803316726
13.71346422553 43.42968848882
13.745104859951 43.451842352048
13.658779851954 43.463784891883
13.688336821615 43.453573685837
13.752677557896 43.453075454802
13.666393684089 43.417279132392
13.665502768806 43.424719359479
13.711135562861 43.449508848365
13.688056367791 43.461403929399
13.732127574634 43.423279091934
13.71397881804 43.41261468849
13.715654685516 43.383823203123
13.737369919094 43.461996445203
13.661692097647 43.402101023797
13.713638290651 43.36777778315
13.683815459129 43.406332676043
13.672462009228 43.407564504283
13.645103328251 43.463079431797
13.684360987381 43.427131931983
13.658644311923 43.468034064171
13.742841972871 43.476052706838
13.750230380704 43.458189552419
13.676499956158 43.444990625833
13.74004161115 43.456192807528
13.717138447222 43.484509061803
13.752668191585 43.446545987153
13.756539290679 43.43055022111
13.726533836113 43.388528072011
13.693949996838 43.447484493951
13.718744276447 43.429761967843
13.68905599077 43.433693798948
13.737324543196 43.409184600438
13.704951537657 43.480385967775
13.687644962563 43.488614168267
13.688747839878 43.418288176629
13.748561443199 43.410177395425
13.650142194561 43.452917628222
13.721175337567 43.415650239429
13.712616781126 43.426118742428
13.701304996734 43.399123000188
13.704160045716 43.396551790853
13.738250746291 43.390846643334
13.659190498155 43.408701379063
13.685239168224 43.375366292158
13.667882501945 43.415295057679
13.722390238553 43.403879855969
13.652122655742 43.425467998474
13.73254366069 43.463665263964
13.723497713343 43.40422431447
13.680489295966 43.409106345593
13.709240526778 43.460592977007
13.704602901707 43.377047639537
13.710716141274 43.470683252213
13.759560595176 43.447379546935
13.694592705341 43.454147038748
13.725241207876 43.423273215288
13.750869539471 43.444926963882
13.722194513198 43.443382378895
13.730465941958 43.441063283703
13.71451513784 43.365196771179
13.717604448908 43.443803120166
13.75219852561 43.432445307485
13.673167278393 43.447796747784
13.689292390241 43.458391803551
13.723699930948 43.382273439051
13.721116054229 43.428811891691
13.677650144195 43.46785283066
13.748452463091 43.45725351642
13.682742984839 43.433619438428
