42.798064869755 13.022665348867
43.386254440728 13.163675046623
47.52917256324 7.4346777081651
51.396082981208 8.2585011107188
42.573874594466 12.808237386799
42.51145719623 12.699603838727
42.381219027297 12.500798139044
43.552581062353 12.644132705261
42.905996430642 12.486153640566
43.829046925006 13.415233112155
38.048992063325 -121.15155550022
41.971432458151 13.322006907485
42.858398178547 12.598680372184
42.113938543088 13.495439059818
41.987138248064 13.405772730918
50.755199597569 9.6320506574735
42.07806749182 13.634426360801
42.387749904037 13.132445573424
42.419038453821 12.425306414473
43.251754763209 12.400678601789
41.930103551585 13.4952833506
42.625822404246 13.355754670408
44.088194492943 7.5711304005357
43.685314957393 13.074497726336
43.142096519557 12.080994297809
43.228711741638 12.656502569421
43.132496725385 12.330218715302
43.604992326652 12.71095960669
42.328193675435 12.030275756994
50.623124276112 9.9472171244897
35.843717175567 -79.502550834199
51.454307494897 9.7434853588899
43.069743743685 13.205344482442
44.930755705773 -72.829769812117
37.311492289944 -121.840253322
43.442257422249 13.313615760467
43.306662879117 12.687446829273
42.670332113614 13.119177362492
44.820971605052 -72.642225933698
42.125735587986 13.300593823821
42.493180845183 11.88682580643
43.169023392356 11.982397735132
45.630084532655 11.527855256606
41.063942590735 16.52715553722
42.285590788969 12.067770044372
43.248121294795 12.295531133348
50.848217838373 9.899306475138
42.025281845159 13.318510802166
41.900089901381 13.810074486237
51.308894458836 8.8254786626554
42.920623101744 11.924784556017
42.634152679555 11.902850889111
51.466064205843 0.77449610767165
45.092221335083 9.7677368552297
43.285171276578 13.200583018477
43.506218951452 13.201580895226
46.130947529658 11.874000817034
42.34443918494 12.372941600819
42.642677303728 10.83904273896
42.0201799488 11.903661302267
42.49533682202 11.980594555394
43.506561536599 13.026166670058
42.71035340417 13.104181134212
42.747918411993 12.500997240909
43.801208014994 12.288753833777
42.049143361903 12.231821349485
53.887002966314 -8.7733111664529
41.997327902374 12.399359457402
42.080554317742 12.803653590776
42.820146942448 13.040284958242
42.942409307224 12.106856688928
41.971022611491 12.807274554322
51.941439454416 8.6952797056619
43.39471334286 13.649672664094
51.349020736455 8.5638432523999
43.97074487427 9.5667239989232
46.130292743158 10.175108303465
43.264529544073 11.995127227642
42.439475296757 12.722247031875
43.240543222188 12.24222414628
51.137842707866 9.2272256176114
42.102461142534 12.591768605931
40.180766409073 -112.00653159465
53.322559093508 4.9940573634785
43.167555651727 13.284402200174
42.242625698116 12.330588509038
50.698560684779 9.6254446625828
42.447270300934 12.468311055802
42.554174839798 12.963518234905
45.767547684476 11.916728145588
42.334394007632 13.254965712456
42.819368224528 12.087807835142
53.48700322769 5.2445283487879
43.715069756266 12.371446373135
9.1190515943426 -80.75577145105
43.756118634157 12.367834340042
41.887178402828 13.57868690585
42.048082791312 13.376466423935
43.752852839324 13.089910692598
42.118164697272 12.1266196953
43.541202104458 12.608960421595
41.897903771579 12.296361130356
43.355577615742 12.279464696219
