321
492
226
310
188
292
504
711
650
529
726
528
551
644
556
558
152
689
426
179
343
203
339
334
312
470
439
109
236
177
328
232
397
644
584
284
135
584
416
115
176
214
267
241
708
381
133
165
297
201
295
405
644
330
384
259
242
139
195
291
148
435
196
1435
1413
1916
980
1475
1396
1087
1063
1243
986
1577
973
703
1101
1913
642
1052
997
1402
1203
970
1236
822
749
1219
845
487
234
734
1169
523
842
736
505
459
377
502
607
844
451
400
275
437
490
276
777
1114
386
33
36
27
27
30
25
34
70
296
552
335
481
390
443
56
311
169
138
230
231
265
162
332
166
440
280
281
362
343
261
484
568
432
401
419
304
424
306
224
766
605
119
355
373
689
318
639
612
504
264
347
401
177
151
208
60
394
425
172
295
395
373
530
371
474
577
343
359
547
385
231
446
718
188
266
291
119
160
151
129
374
160
372
301
792
736
482
368
560
113
384
633
205
228
356
494
376
95
369
465
202
367
443
447
177
268
233
402
146
386
281
383
98
104
229
61
163
842
104
175
101
149
222
217
332
302
63
118
152
181
163
139
167
378
380
347
241
169
117
214
86
242
172
210
168