313471
298518
280786
282346
271353
279512
223739
289994
233102
245169
252270
253728
338168
290399
331394
151091
245565
216806
277024
346663
251591
345879
291759
220663
237908
330279
176461
289087
297991
282101
240455
181461
260060
262575
239878
218370
239729
253773
269461
231477
245328
305492
281435
296480
262754
235410
267202
272651
291952
272487
202829
244758
234166
251169
265797
233313
208319
226927
251938
159285
248003
253429
274981
230059
257536
270267
226290
279169
234865
250260
215980
240174
367571
253073
241478
257554
295348
219870
204451
239385
210857
234610
277854
315538
299158
265539
206875
248618
284531
207474
232883
295890
329128
264323
288559
291570
274000
267336
279263
370361
273180
253505
192266
281563
268210
217325
251346
270577
277205
269487
305342
216799
292911
276377
257295
252702
198860
222787
197175
249372
247272
303060
231200
213502
286558
255227
306806
208379